010105,0.0,753337.0
010106,4160.0,20199.0
010201,0.0,467463.0
010202,0.0,19096295.0
010203,0.0,6256583.0
010204,0.0,49801834.0
010206,0.0,5645649.0
010207,0.0,4151180.0
010208,0.0,716933.0
010210,0.0,572966.0
010301,176444.0,0.0
010302,2884897.0,0.0
010303,53778358.73,5186957.0
010304,974750.92,2487007.0
010305,1527775.93,69404.0
010306,7869835.0,53539.0
010307,768883.58,217861.0
010401,0.0,5811120.0
010402,0.0,4720763.0
010403,0.0,4654293.0
010404,38852.05,50074.0
010405,0.0,2866589.0
010406,0.0,2090904.0
010407,0.0,712175.0
010409,0.0,96808.0
010504,0.0,1340492.0
010506,0.0,36070.0
010507,7056.0,0.0
010508,846696.97,0.0
010511,272814.66,176075.0
020602,38467.16,0.0
020603,0.0,9013.0
020604,0.0,16590.0
020701,0.0,167010.0
020702,0.0,150555.0
020703,0.0,2136366.0
020704,0.0,210368.0
020705,0.0,52715.0
020706,0.0,226184.0
020707,0.0,17631.0
020708,0.0,16358.0
020709,0.0,309563.0
020710,0.0,902718.0
020711,0.0,7303.0
020712,0.0,152068.0
020713,50413.65,19670.0
020801,0.0,39757.0
020802,0.0,19797.0
020804,0.0,1181.0
020805,0.0,1037816.0
020806,0.0,235685.0
020807,0.0,163534.0
020808,0.0,2156898.0
020809,0.0,49438.0
020810,0.0,73766.0
020811,0.0,20166.0
020812,0.0,1224.0
020813,0.0,16951.0
020901,206452015.89,492085.0
020902,6919569.11,181030.0
020903,4289.46,0.0
020904,23486.0,24490.0
020905,3070321.0,0.0
020908,164798.79,0.0
020909,0.0,3314.0
020910,9760.15,124641.0
021001,0.0,39203081.0
021005,0.0,370474.0
021006,0.0,13086656.0
021007,0.0,1555444.0
021008,0.0,22726.0
021101,0.0,325109.0
021102,0.0,4000.0
021103,0.0,712188.0
021104,0.0,317074.0
021105,0.0,87434.0
021106,0.0,1865.0
021107,0.0,7959393.0
021108,0.0,38111.0
021109,0.0,151258.0
021201,0.0,495196.0
021203,16802457.43,0.0
021206,0.0,12488.0
021207,11825034.74,34661.0
021208,38738.31,710529.0
021209,2754967.3,594592.0
021211,190238.81,93195.0
021212,0.0,3244.0
021213,28959.25,0.0
021214,0.0,3343669.0
021301,0.0,14076.0
021302,362923.0,394041.0
021404,0.0,6093.0
031502,0.0,2305222.0
031504,0.0,1769.0
031505,0.0,116573.0
031507,0.0,1997857.0
031509,0.0,6778.0
031510,0.0,113043.0
031511,367623790.79,2275833.0
031512,0.0,1203366.0
031513,70264065.97,0.0
031514,0.0,51673.0
031515,47247.98,7280.0
031516,0.0,650243.0
031517,0.0,6270634.0
031518,0.0,85961.0
031519,1854382.11,35603.0
031520,26595.17,64822.0
031521,0.0,4772.0
031522,357985.41,0.0
041601,0.0,456405.0
041602,752134.0,8100430.0
041603,498971.0,5316.0
041604,74730701.93,11864038.0
041605,0.0,41836.0
041701,6474.95,1149248.0
041702,0.0,781318.0
041704,0.0,7033503.0
041801,193998552.09,0.0
041802,51473.49,0.0
041803,465212.26,0.0
041804,0.0,8849.0
041805,13002.56,36743.0
041806,0.0,2094128.0
041901,0.0,5621542.0
041902,0.0,7522557.0
041904,0.0,1287751.0
041905,36188.28,3468012.0
042001,0.0,28803.0
042002,0.0,176277.0
042003,0.0,28877.0
042004,0.0,2856528.0
042005,0.0,1329350.0
042006,0.0,11847.0
042007,0.0,452196.0
042008,33143.17,3774937.0
042009,0.0,1391174.0
042101,0.0,3042646.0
042102,0.0,2413207.0
042103,0.0,7722914.0
042104,0.0,418506.0
042105,0.0,722090.0
042106,0.0,12433786.0
042201,8265.8,941622.0
042202,29561.18,5845705.0
042203,23337.51,988163.0
042204,0.0,2146482.0
042205,0.0,1872.0
042206,0.0,6369.0
042207,1104551.25,547767.0
042208,0.0,1741059.0
042209,0.0,11079.0
042301,1782926.06,4543252.0
042302,219773.86,0.0
042304,0.0,656789.0
042306,4161463.52,0.0
042308,70106.7,0.0
042309,412680.14,13636687.0
042401,0.0,2216625.0
042402,89856.0,143092.0
042403,0.0,4936633.0
052501,0.0,294464.0
052505,1257.46,18683.0
052506,0.0,15708.0
052507,0.0,7594.0
052508,0.0,1272261.0
052509,0.0,6361.0
052510,0.0,2873.0
052511,0.0,37319.0
052512,0.0,5338.0
052513,0.0,247103.0
052516,0.0,49750.0
052517,2609.37,274333.0
052518,0.0,5054.0
052520,0.0,37821.0
052521,0.0,227829.0
052522,0.0,7745693.0
052523,0.0,13306717.0
052526,0.0,78655.0
052530,35077.34,184378.0
052603,1349681635.96,5853.0
052616,33588381.15,0.0
052617,21828.71,2856.0
052618,0.0,56607.0
052620,14821.63,2464.0
052621,0.0,1970.0
052701,0.0,2027.0
052707,0.0,374251.0
052709,655235842.35,371496843.0
052710,196363483.55,371494301.0
052711,1868177.97,24534283.0
052712,0.0,140996.0
052713,26492.83,122370.0
052714,5595.87,56767.0
052715,22117.99,409457.0
062801,0.0,283525.0
062804,0.0,886759.0
062805,0.0,71789.0
062806,0.0,365462.0
062807,0.0,885613.0
062808,0.0,27101.0
062809,0.0,106540.0
062811,0.0,929112.0
062812,0.0,33073.0
062814,0.0,140200.0
062815,0.0,4449065.0
062817,0.0,8004.0
062819,0.0,81511.0
062820,0.0,4731.0
062821,0.0,74438.0
062823,0.0,17038.0
062824,0.0,57200.0
062825,0.0,47440.0
062827,0.0,2191374.0
062828,0.0,315619.0
062829,0.0,11812.0
062830,53497.05,501229.0
062831,0.0,1249.0
062832,0.0,1157628.0
062833,0.0,2518938.0
062834,0.0,22241.0
062835,0.0,3174270.0
062836,0.0,352188.0
062837,0.0,6069493.0
062839,0.0,590834.0
062840,0.0,552074.0
062841,0.0,2449.0
062842,0.0,73897.0
062843,0.0,8760.0
062844,0.0,324588.0
062847,0.0,310603.0
062848,0.0,186708.0
062849,0.0,158811.0
062851,1019.48,457250.0
062901,0.0,64031.0
062902,0.0,106902.0
062903,0.0,208880.0
062905,0.0,441254.0
062906,2844.81,12498.0
062907,0.0,2965.0
062909,0.0,172152.0
062910,0.0,42691.0
062911,0.0,3182.0
062912,0.0,57748.0
062914,0.0,41966.0
062915,0.0,139197.0
062916,0.0,114122.0
062917,0.0,5162.0
062918,0.0,105400.0
062919,0.0,2316.0
062920,0.0,3569.0
062921,0.0,143659.0
062922,0.0,286861.0
062923,0.0,40690.0
062924,0.0,29921.0
062926,0.0,5500.0
062928,0.0,4976.0
062929,0.0,562939.0
062930,2371.48,3659429.0
062931,0.0,651038.0
062932,0.0,8626.0
062933,0.0,16870.0
062934,0.0,22512.0
062935,0.0,45600.0
062936,0.0,19654.0
062937,0.0,1958.0
062941,0.0,4589.0
063001,0.0,115621.0
063002,0.0,3585319.0
063003,0.0,509214.0
063004,0.0,16904180.0
063005,6267.0,1159092.0
063006,8897.0,521084.0
063101,0.0,41166.0
063102,49165.98,17086138.0
063103,0.0,50722.0
063104,0.0,11420077.0
063105,0.0,5162082.0
063201,0.0,48121.0
063202,0.0,12479.0
063203,0.0,3407.0
063204,0.0,563989.0
063205,0.0,4578.0
063206,0.0,987320.0
063207,0.0,58215.0
063208,5968.0,1714037.0
063209,0.0,2345644.0
063210,0.0,295286.0
063211,0.0,106140.0
063212,0.0,281396.0
063213,0.0,93443.0
063214,0.0,2913976.0
063215,0.0,1832410.0
063301,32674.0,63731.0
063302,43484.0,9508467.0
063303,0.0,878827.0
063304,0.0,1460078.0
063305,0.0,701639.0
063306,1245.0,289557.0
063307,0.0,743733.0
063401,127254.31,9120941.0
063402,5708.23,8431172.0
063403,2701.92,4462241.0
063405,0.0,38548.0
063406,0.0,809400.0
063407,50373.71,1927.0
063501,0.0,10144.0
063502,0.0,1158.0
063503,0.0,11203.0
063505,0.0,319152.0
063506,0.0,2640660.0
063507,0.0,59146.0
063602,0.0,2854338.0
063603,0.0,5163385.0
063604,0.0,146500.0
063605,0.0,87575.0
063606,0.0,57482.0
063701,0.0,561188.0
063702,0.0,116442.0
063703,0.0,15532.0
063704,0.0,12832.0
063705,1245.0,31479.0
063706,0.0,5746.0
063707,0.0,866556.0
063802,2385.6,1107966.0
063803,0.0,12520.0
063805,0.0,6453.0
063806,0.0,41118.0
063807,0.0,350625.0
063808,22201.0,4827432.0
063809,0.0,24320.0
063810,0.0,343914.0
063811,0.0,1957942.0
063812,0.0,10546.0
063813,0.0,16210.0
063814,0.0,468236.0
063815,0.0,50885.0
063816,0.0,490642.0
063817,0.0,143097.0
063818,0.0,18664.0
063819,1739.97,1366147.0
063820,0.0,219693.0
063821,0.0,31218.0
063822,0.0,1637038.0
063823,10971.0,13655339.0
073901,79254.42,3619260.0
073902,0.0,1038455.0
073903,0.0,216124.0
073904,0.0,456211.0
073905,2763.0,448096.0
073906,22390.77,4150185.0
073907,0.0,3301830.0
073908,0.0,100319.0
073909,0.0,1618580.0
073910,0.0,130927.0
073911,0.0,293147.0
073912,0.0,1981236.0
073913,0.0,314758.0
073915,6896.03,7515.0
073916,10182.06,69385.0
073917,0.0,17244374.0
073918,0.0,2036117.0
073919,0.0,1758363.0
073920,9359.02,3377223.0
073921,0.0,3639646.0
073922,0.0,948974.0
073923,4201.0,14046448.0
073924,0.0,2935744.0
073925,2674.39,2241815.0
073926,11568.98,8617912.0
074001,19047794.74,298550.0
074002,0.0,1229842.0
074003,0.0,9954.0
074005,0.0,53399.0
074006,0.0,49217.0
074007,0.0,227117.0
074008,0.0,3170902.0
074009,1113.0,3459811.0
074010,0.0,3030461.0
074011,21195.0,50927623.0
074012,18062.18,842312.0
074013,0.0,1774813.0
074014,0.0,57226.0
074015,0.0,869059.0
074016,11963.0,5851155.0
074017,0.0,272006.0
084101,42469.21,0.0
084103,4432094.0,0.0
084104,1123.0,0.0
084107,1847066.0,39136.0
084201,0.0,36348.0
084202,160995.0,6730291.0
084203,3738.0,358185.0
084205,0.0,57962.0
084303,0.0,1217.0
094401,3755755.69,0.0
094403,501079494.44,0.0
094407,13495291.76,163292.0
094408,247384.06,25948.0
094409,866196.94,112055.0
094410,0.0,439708.0
094411,18615.62,534038.0
094412,4318896.48,2156732.0
094413,0.0,36924.0
094414,0.0,8626.0
094415,0.0,31239.0
094417,0.0,22791.0
094418,4158.0,842481.0
094419,2075.0,37492.0
094420,183337.22,99832.0
094421,10448754.82,138517.0
094503,0.0,3367.0
094504,13925.57,52811.0
094601,0.0,74360.0
094602,2604.24,4341.0
104706,0.0,3771.0
104707,13187.12,291503.0
104801,0.0,769076.0
104802,0.0,2328150.0
104803,0.0,1168710.0
104804,0.0,149886.0
104805,0.0,6424100.0
104806,0.0,41018.0
104807,0.0,27612.0
104808,0.0,220149.0
104809,0.0,507162.0
104810,0.0,317696.0
104811,0.0,940890.0
104812,0.0,1119301.0
104813,0.0,494885.0
104814,0.0,1679.0
104816,0.0,99236.0
104817,0.0,408377.0
104818,0.0,5860462.0
104819,3129.22,3606684.0
104820,1819.0,4096226.0
104821,0.0,1316081.0
104822,0.0,3183.0
104823,1715.82,1033762.0
104901,1150.0,6962580.0
104902,3161.0,455858.0
104903,0.0,15770.0
104905,0.0,138385.0
104907,0.0,433425.0
104908,0.0,129857.0
104909,0.0,118521.0
104910,1261.0,91327.0
104911,3832.0,1520176.0
115003,0.0,2442.0
115007,0.0,166876.0
115101,0.0,4107.0
115106,0.0,23241.0
115111,0.0,14424.0
115203,0.0,2789.0
115204,0.0,48557.0
115205,0.0,6416.0
115207,0.0,29106.0
115208,7686.0,103542.0
115209,0.0,38250.0
115210,0.0,84701.0
115211,0.0,3429.0
115212,0.0,10315.0
115309,0.0,11397.0
115310,0.0,4104.0
115311,1095.0,0.0
115401,0.0,55733.0
115402,0.0,89535.0
115404,5903.0,43826.0
115407,0.0,4103693.0
115408,0.0,8893.0
115501,0.0,9870.0
115503,0.0,7409.0
115508,0.0,19646.0
115509,0.0,28915.0
115512,2830.0,1866462.0
115513,0.0,1901522.0
115514,0.0,34046.0
115515,0.0,16272.0
115516,0.0,160527.0
115601,0.0,221400.0
115602,0.0,51587.0
115603,0.0,1756005.0
115604,0.0,71176.0
115607,0.0,1045853.0
115608,0.0,1280000.0
115609,0.0,168911.0
115701,0.0,68235.0
115702,0.0,368496.0
115703,0.0,243301.0
115704,0.0,84505.0
115705,0.0,181958.0
115801,44967.0,0.0
115802,0.0,23340.0
115804,0.0,96819.0
115806,0.0,122760.0
115807,0.0,24098.0
115808,0.0,6090.0
115810,0.0,223707.0
115811,0.0,17631.0
115901,0.0,14178.0
115903,0.0,278274.0
115906,0.0,81447.0
115907,0.0,12703.0
115908,0.0,7098.0
115909,0.0,32602.0
115910,0.0,29119.0
115911,0.0,119118.0
116001,0.0,18204.0
116002,0.0,61669.0
116101,0.0,43048.0
116102,0.0,11589.0
116103,3671.0,2393191.0
116104,0.0,647613.0
116105,0.0,1285030.0
116106,23688.0,71880.0
116107,0.0,67398.0
116108,6810.0,137967.0
116109,26311.0,2084473.0
116110,10276.0,219100.0
116111,0.0,409888.0
116112,6196.0,34468.0
116113,0.0,7502.0
116114,0.0,553109.0
116115,1671.0,658993.0
116116,1325.0,149034.0
116117,0.0,146242.0
116201,1063.0,270346.0
116202,1132.0,23413.0
116203,43404.0,3289399.0
116204,24084.0,335809.0
116205,92075.0,1789942.0
116206,3682.0,123648.0
116207,1477.0,59582.0
116208,0.0,44300.0
116209,0.0,566638.0
116210,3033.0,699808.0
116211,0.0,1785946.0
116212,0.0,25685.0
116213,0.0,18520.0
116214,0.0,167071.0
116215,0.0,40499.0
116216,7114.0,225768.0
116217,0.0,266370.0
116301,0.0,1328127.0
116302,0.0,2032630.0
116303,0.0,172427.0
116304,0.0,203092.0
116305,3509.4,3565725.0
116306,0.0,4591307.0
116307,20764.0,2029445.0
116308,0.0,21321.0
116309,1026.74,13057887.0
116310,0.0,15665.0
126401,1988.0,1673438.0
126402,10108.0,4627882.0
126403,0.0,6664117.0
126404,0.0,215113.0
126405,0.0,808131.0
126406,0.0,121074.0
126504,0.0,111027.0
126505,1641.0,1001444.0
126506,2955.0,437414.0
126507,0.0,39853.0
126601,0.0,3090905.0
126602,0.0,13297.0
126603,0.0,10590.0
126702,0.0,213769.0
126704,0.0,122670.0
136801,0.0,1099.0
136802,0.0,493754.0
136804,0.0,515720.0
136805,0.0,280505.0
136806,0.0,471545.0
136807,0.0,12043.0
136808,0.0,146928.0
136809,0.0,607021.0
136810,0.0,4747149.0
136811,0.0,2631160.0
136812,0.0,11399.0
136813,0.0,168405.0
136815,0.0,7678.0
136901,0.0,134478.0
136902,0.0,1046566.0
136903,0.0,1166190.0
136904,0.0,286108.0
136905,0.0,3700.0
136906,0.0,981452.0
136907,0.0,882678.0
136908,60332.41,1995846.0
136909,0.0,13427.0
136910,0.0,1461486.0
136911,0.0,610651.0
136912,0.0,117319.0
136913,11492.48,76378.0
136914,0.0,78753.0
137001,0.0,3360.0
137002,0.0,4183.0
137003,0.0,69592.0
137004,0.0,38819.0
137005,0.0,225701.0
137006,0.0,238420.0
137007,0.0,1339362.0
137008,0.0,22974.0
137009,0.0,713632.0
137010,0.0,3506748.0
137011,0.0,474643.0
137013,0.0,791455.0
137014,0.0,4064.0
137015,0.0,3238.0
137016,0.0,193113.0
137017,0.0,236283.0
137018,0.0,328894.0
137019,0.0,954063.0
137020,0.0,132804.0
147101,224444.0,18835.0
147106,38250187.0,35148.0
147108,2076825343.0,2723.0
147113,8741.0,160392.0
147114,0.0,2357.0
147115,0.0,124775.0
147116,0.0,270377.0
147117,1550.0,296424.0
147118,0.0,170686.0
157201,0.0,30494.0
157202,0.0,3153.0
157204,11921754.83,172110.0
157205,0.0,8075.0
157207,0.0,242624.0
157208,0.0,5505342.0
157209,0.0,1954009.0
157210,0.0,24074904.0
157211,0.0,976294.0
157212,0.0,3924908.0
157213,0.0,114243.0
157214,0.0,8049949.0
157215,0.0,524177.0
157216,0.0,5059472.0
157217,0.0,4644791.0
157218,0.0,725083.0
157219,0.0,397517.0
157220,0.0,161952.0
157221,0.0,2780.0
157222,0.0,969893.0
157223,0.0,76033.0
157224,0.0,85353.0
157225,88507.98,351653.0
157226,0.0,3969.0
157227,1108.41,75846.0
157228,0.0,2526256.0
157229,0.0,29068.0
157301,0.0,4067517.0
157302,0.0,158081.0
157303,0.0,488073.0
157304,404658.87,48328262.0
157305,0.0,20639904.0
157306,0.0,13864582.0
157307,9849.0,7530223.0
157308,26351.9,41191475.0
157309,20816.0,6304925.0
157310,0.0,13165622.0
157311,0.0,1302680.0
157312,1337.89,2347466.0
157313,0.0,762767.0
157314,0.0,7249905.0
157315,0.0,1177923.0
157316,0.0,20887.0
157317,0.0,1672485.0
157318,5196.0,5858476.0
157319,0.0,161608.0
157320,0.0,784327.0
157321,0.0,983622.0
157322,0.0,320876.0
157323,0.0,2660498.0
157324,0.0,730569.0
157325,19197.0,1686877.0
157326,12332.0,35926986.0
157403,10775.0,11057.0
157404,3726964.2,17060.0
157407,0.0,127607.0
157408,0.0,241161.0
157409,0.0,91371.0
157410,0.0,13390.0
157411,0.0,1021364.0
157412,0.0,530425.0
157413,0.0,270135.0
157415,0.0,199929.0
157418,0.0,40589.0
157419,0.0,48631.0
157505,0.0,4607.0
157507,0.0,52519.0
157508,0.0,22373.0
157601,0.0,3994.0
157602,3229995.14,8772222.0
157603,0.0,14584.0
157604,0.0,699058.0
157605,0.0,163399.0
157606,0.0,1171809.0
157607,0.0,1331609.0
157608,17074.23,132847.0
157609,0.0,88664.0
157610,0.0,3771340.0
157611,0.0,35182.0
157612,15387.0,6370131.0
157613,0.0,6312.0
157614,0.0,263643.0
157615,0.0,1117479.0
157616,0.0,4248454.0
157801,0.0,3928.0
157804,0.0,4278.0
157806,0.0,124649.0
157901,6004.86,0.0
157902,1973.6,0.0
157903,0.0,52950.0
157904,0.0,10760.0
157905,0.0,87801.0
157907,0.0,14249.0
158002,8466.69,0.0
158003,0.0,3915.0
158004,0.0,3200.0
158007,0.0,389985.0
158104,0.0,2929.0
158108,0.0,1805385.0
158201,0.0,1800642.0
158202,0.0,601048.0
158203,0.0,576626.0
158204,0.0,1070282.0
158205,7115.0,5890995.0
158206,0.0,907463.0
158207,8900.0,14075794.0
158208,0.0,268009.0
158209,0.0,1474.0
158210,0.0,10566.0
158211,0.0,371741.0
158212,903665.0,3346166.0
158213,0.0,210215.0
158214,0.0,170462.0
158215,0.0,597511.0
158301,1576.0,2708971.0
158302,3059.0,2341765.0
158303,0.0,389588.0
158304,0.0,1110813.0
158305,0.0,173499.0
158306,0.0,121559.0
158307,0.0,60542.0
158308,0.0,96143.0
158309,0.0,4589488.0
158310,0.0,528329.0
158311,0.0,1874938.0
168402,12380.0,1451323.0
168403,0.0,69982.0
168404,0.0,57409.0
168405,0.0,1023742.0
168406,5265.0,491361.0
168407,207878.0,9376539.0
168408,944029.0,8965959.0
168409,91795.0,25432463.0
168410,0.0,1519255.0
168411,360743.0,13794977.0
168412,959621.0,27118532.0
168413,281030.0,41239208.0
168414,349618.0,21464575.0
168415,1603.0,8615880.0
168416,0.0,343166.0
168417,17500.0,1578612.0
168418,25184.0,8570586.0
168419,80791.0,33701171.0
168420,0.0,144435.0
168421,10515.0,16335185.0
168422,0.0,1846660.0
168423,1825.0,905690.0
168424,13855.0,3171098.0
168425,81441.0,1931525.0
168426,11015.0,30662083.0
168427,30341.39,19545780.0
168428,0.0,4542313.0
168429,606274.0,112583764.0
168430,27068.0,30915779.0
168431,5598573.0,136856872.0
168432,0.0,714094.0
168433,0.0,3524768.0
168434,0.0,46817.0
168435,0.0,31729.0
168436,4344.0,1745017.0
168437,1459.0,4545843.0
168438,10874.0,2335274.0
168439,0.0,80283.0
168440,0.0,46411.0
168441,0.0,366684.0
168442,0.0,593302.0
168443,18150.0,15798100.0
168444,0.0,21468.0
168447,0.0,125455.0
168448,0.0,34499.0
168450,0.0,881280.0
168451,0.0,159198.0
168452,0.0,1223032.0
168453,0.0,378739.0
168454,0.0,2805.0
168455,0.0,196324.0
168456,0.0,15917.0
168458,1500.0,254179.0
168459,0.0,1295245.0
168460,0.0,67505.0
168461,0.0,186221.0
168462,0.0,1371759.0
168463,0.0,326140.0
168464,0.0,384963.0
168465,0.0,4280841.0
168466,27773.0,1035879.0
168467,0.0,4428102.0
168468,0.0,702990.0
168469,0.0,27031.0
168470,0.0,557610.0
168471,166422.0,25953143.0
168472,2246.0,638020.0
168473,90113.0,35857249.0
168474,0.0,54168079.0
168475,0.0,35392.0
168476,0.0,58372.0
168477,0.0,885389.0
168478,0.0,557708.0
168479,148443.0,29311656.0
168480,3009.0,222887.0
168481,1139926.0,19276434.0
168482,7478.0,3573144.0
168483,559095.0,15703060.0
168484,0.0,988699.0
168485,73204.0,5776572.0
168501,1217328.0,11059251.0
168502,13476.0,25697864.0
168503,2904.0,983098.0
168504,303283.88,15603342.0
168505,2652.0,230384.0
168506,0.0,9608116.0
168507,10119.0,4518561.0
168508,0.0,2952911.0
168509,0.0,636299.0
168510,0.0,103294.0
168511,1326.0,8180582.0
168512,0.0,764211.0
168513,5618.0,4309636.0
168514,0.0,2188531.0
168515,1348.0,2814497.0
168516,18666.39,4123979.0
168517,344548.0,24597551.0
168518,79547.0,965565.0
168519,9839.0,426647.0
168521,3409.0,667385.0
168522,7150.0,431911.0
168523,36744.0,3547868.0
168524,30498.0,1557064.0
168525,294382.0,22979012.0
168526,1291223.0,2203850.0
168527,0.0,2569360.0
168528,51074.0,2877093.0
168529,94980.0,3380777.0
168530,0.0,197685.0
168531,44013.0,1886646.0
168532,22272.0,10026668.0
168533,0.0,281475.0
168534,1348.0,73515.0
168535,0.0,4220540.0
168536,1946291.0,9272584.0
168537,108827.0,10790370.0
168538,3305.0,5905904.0
168539,0.0,832532.0
168540,0.0,44079.0
168541,3261.0,287608.0
168542,1669280.0,2112633.0
168543,58901.0,2563978.0
168544,9276.0,20907780.0
168545,0.0,110130.0
168546,0.0,380941.0
168547,0.0,513424.0
168548,0.0,104036.0
178603,0.0,289289.0
178607,0.0,349644.0
178608,0.0,11549.0
178609,570414.63,6497697.0
178701,0.0,23069422.0
178702,0.0,79456034.0
178703,31792.0,25860106.0
178704,447001.1,168221461.0
178705,0.0,11404635.0
178706,0.0,9969203.0
178707,0.0,1077037.0
178708,841078.0,59030530.0
178709,0.0,5886664.0
178710,0.0,45785.0
178711,7909.0,468637.0
178712,0.0,794188.0
178713,0.0,64130.0
178714,1355.0,1325987.0
178715,0.0,24948.0
178716,0.0,12593113.0
178801,0.0,4000.0
178802,49899.0,34314854.0
178803,6473695.0,27222660.0
178804,0.0,12488.0
178805,0.0,7031.0
178901,0.0,3329248.0
178902,130905.0,175059.0
178903,41809.0,4752305.0
178904,0.0,924828.0
178905,0.0,1153442.0
178906,0.0,42829.0
178907,0.0,2282976.0
178908,0.0,3606.0
189001,0.0,96325.0
189002,6961.0,403955.0
189003,1360.0,42957.0
189004,0.0,1753144.0
189005,0.0,17614.0
189006,3603.0,438706.0
189007,0.0,244576.0
189008,0.0,36320.0
189010,0.0,136657.0
189011,0.0,117308.0
189012,0.0,295469.0
189013,3668.0,97461.0
189014,9240830.0,4790974.0
189015,1017586.0,5330341.0
189016,0.0,52636.0
189017,0.0,426598.0
189018,41371.0,5681525.0
189019,0.0,209799.0
189020,11932.0,1146074.0
189021,1842.0,104082.0
189022,1078.0,578621.0
189023,0.0,320213.0
189024,12834.0,589853.0
189025,1326.0,343321.0
189026,138830.0,2917335.0
189027,89509.0,2838675.0
189028,0.0,824811.0
189029,0.0,150787.0
189030,76187.0,1766197.0
189031,151636.0,3844055.0
189032,388277.0,2600390.0
189033,19027.0,343959.0
189101,0.0,113166.0
189102,22884.0,508254.0
189103,0.0,14523.0
189105,3594.0,334167.0
189106,0.0,46352.0
189107,0.0,5597.0
189111,0.0,6315.0
189113,1326.0,2378.0
189114,0.0,23863.0
189201,0.0,2881.0
189202,0.0,463074.0
189205,0.0,68851.0
189206,2904.0,72619.0
189207,0.0,208634.0
189208,0.0,6888.0
189209,0.0,69386.0
199303,0.0,11587.0
199304,0.0,6305.0
199305,0.0,48272.0
199306,0.0,191734.0
209401,91631.0,2754137.0
209402,0.0,302392.0
209403,60715.73,11903505.0
209404,0.0,1185182.0
209405,404873.0,7448375.0
209406,0.0,29690379.0
209503,0.0,699672.0
209504,0.0,1868594.0
209505,0.0,434923.0
209506,4591.0,2319664.0
209507,0.0,370519.0
209508,1325.0,1402.0
209601,359462.0,0.0
209602,0.0,11018.0
209603,0.0,945755.0
209604,0.0,10408.0
209605,0.0,2943.0
209606,0.0,7108.0
209607,0.0,7049.0
209608,0.0,2063188.0
209609,0.0,101713.0
209610,0.0,173991.0
209611,0.0,45407.0
209612,0.0,1064210.0
209613,0.0,541240.0
209615,4991.0,243185.0
209616,0.0,2941.0
209617,0.0,255742.0
209618,0.0,2185.0
219701,28190.32,21048.0
219702,0.0,10489.0
219703,456644.0,0.0
219704,84499.0,21201.0
219705,1440554.0,0.0
219706,3004865.0,0.0
