010101,335425.0,11620.0
010102,7166391.98,241269.45
010103,3603.0,0.0
010104,4003544.24,8093.05
010105,0.0,24012.0
010106,2083989.0,1321.0
010202,62765.08,5324.0
010301,0.0,4103.0
010302,5980.87,3597.14
010305,88304.18,146861.79
010306,553625.0,0.0
010307,3759.0,0.0
010401,1421.0,1117.9
010402,1105094.0,3127029.23
010403,1782.88,0.0
010406,0.0,6165.44
020601,533570.52,0.0
020602,0.0,2316.0
020603,18786.0,1047.82
020701,23512.37,0.0
020702,35596.6,1000.61
020703,15093750.26,3295.63
020704,2102.0,0.0
020705,11531.0,0.0
020708,1423017.25,0.0
020709,12461.86,0.0
020710,64763.0,0.0
020711,20404.0,0.0
020712,33343.0,13767.51
020713,1901304.11,27046.25
020714,260677.76,10801.28
020801,0.0,9180.29
020802,0.0,380482.84
020803,0.0,2089.75
020804,0.0,534914.15
020805,18194.74,13033.2
020807,9844.02,0.0
020810,0.0,1403.0
020811,0.0,11000.0
020813,4782.0,0.0
020901,7649.0,35261.95
020902,327156.08,1022970.55
020904,4715.26,0.0
020909,6294.15,0.0
020910,19764.83,52950.52
021001,0.0,268462.88
021005,1851.0,888560.26
021006,3450.0,2152546.26
021008,49059.0,330156.91
021101,183083.0,134208.14
021103,0.0,11839.63
021104,0.0,167849.0
021106,0.0,15459.47
021107,243988.22,0.0
021202,225141.78,40382.99
021207,590945.38,9143.05
021209,25486.49,4734.55
021210,0.0,161716.53
021211,5046.0,3851.9
021301,190410.53,381104.0
021302,12528.0,10000.0
021404,29851.0,0.0
031506,0.0,11373.13
031508,0.0,20752.95
031509,0.0,2172.48
031511,0.0,13042974.01
031512,0.0,93645.58
031513,0.0,126227.0
031514,0.0,155838.0
031515,42361.2,50264.82
031517,0.0,313652.18
031519,0.0,1574649.33
031520,0.0,2144.56
041604,0.0,1207305.45
041701,87808.0,15997344.95
041702,0.0,17426.94
041704,0.0,20869.09
041801,1399409.26,0.0
041804,527887.38,0.0
041805,0.0,3342.95
041806,0.0,6105.22
041901,0.0,202984.62
041902,9321.0,190732.51
041904,0.0,1583.15
041905,29821.98,81338.44
042001,5724.89,1014.55
042002,552267.0,64670.23
042005,0.0,9566.36
042008,0.0,28585.75
042009,0.0,59074.97
042101,1138637.0,2876960.68
042102,9396.31,64106.0
042103,0.0,88462.7
042104,70257.0,1406159.43
042106,0.0,462684.36
042201,0.0,82523.72
042202,0.0,3782.09
042204,5302.0,431061.3
042205,1442.0,9937.9
042207,0.0,24792.77
042208,224187.0,840686.47
042209,0.0,2088.02
042301,0.0,4413.36
042302,0.0,13658.83
042304,186811.67,0.0
042305,54054.0,0.0
042306,16013.85,0.0
042309,90143.8,12532.0
042401,40105.21,0.0
042402,34388622.0,17968192.41
042403,57980.99,0.0
052501,26211.0,3338932.91
052505,44241.39,0.0
052508,0.0,13119.53
052519,0.0,430934.81
052520,4504.0,9635.05
052522,0.0,32147.14
052523,0.0,577106.39
052609,8008.0,0.0
052612,151479840.0,0.0
052615,9688.0,0.0
052704,3203.0,0.0
052709,14351179.06,0.0
052710,1405439.89,34561934.16
052711,0.0,295165.19
052712,45170.07,1716664.22
052713,10210.0,0.0
052715,28973.0,0.0
062803,38627.2,0.0
062804,0.0,100585.69
062805,23987.0,0.0
062806,0.0,1343.0
062807,0.0,2500.45
062810,0.0,7718.56
062811,0.0,2496.0
062814,0.0,4294.0
062815,0.0,353364.16
062818,0.0,1182.0
062823,0.0,67139.36
062825,0.0,4823.09
062828,0.0,62056.27
062830,0.0,1449.0
062833,0.0,3326.0
062834,0.0,70557.26
062836,0.0,544135.42
062837,0.0,1285.82
062843,2565.0,0.0
062844,142555942.0,32135.8
062845,0.0,20915.0
062847,0.0,2650.0
062901,0.0,38360.3
062903,0.0,24566.47
062914,37598.33,1000.0
062915,24837.86,24822.15
062918,0.0,2000.0
062919,102095.0,0.0
062922,0.0,33178.59
062923,14656.17,4459.69
062925,0.0,3628.0
062928,66610.17,1000.0
062931,0.0,6509.23
062933,1510103.44,2080.0
062934,9416.0,0.0
062936,0.0,13155.0
062939,0.0,202024.0
063002,19434.0,204459.0
063003,4121.0,21289.0
063004,29115.0,2932746.28
063005,0.0,67173.0
063006,0.0,7607.45
063101,0.0,2664.88
063102,152834.69,1649628.28
063103,104934.0,0.0
063104,42972.0,0.0
063105,17959.55,307468.22
063204,103918.64,195224.83
063205,1943.0,7124.01
063206,0.0,40066.58
063207,84629.15,411363.0
063208,0.0,88921.88
063209,30160.29,200087.26
063210,0.0,10170.18
063211,21413.45,0.0
063212,0.0,22351.47
063213,0.0,2170.0
063215,5758.0,323767.66
063301,94607.0,0.0
063302,0.0,129607.0
063303,16977.0,255283.54
063304,44598.0,239957.31
063305,0.0,95523.78
063306,5717.0,72990.34
063307,0.0,38990.5
063401,2880.0,328440.89
063402,18059.22,117519.42
063403,9917.55,3047.05
063404,2330.0,32728.53
063405,4174.0,17793.48
063406,9023.0,2271.0
063503,1169.0,0.0
063506,14595.45,36960.4
063605,0.0,51845.57
063701,0.0,33058.0
063702,0.0,1327.0
063703,61235.0,41475.35
063704,4209.0,5588.0
063705,0.0,6171.0
063706,6069.0,22264.0
063707,0.0,32945.73
063804,16755.1,0.0
063808,1450626.34,2581816.25
063809,0.0,5000.0
063812,0.0,12580.64
063818,0.0,1568.0
063819,0.0,2383.01
063822,0.0,19460.43
063823,2815.32,270540.03
073901,21290.13,19182.38
073902,0.0,66193.8
073905,0.0,15456.4
073906,0.0,3834.0
073907,64664.87,3391.13
073908,43159.29,0.0
073911,0.0,1000.0
073913,0.0,39000.0
073915,39758.65,0.0
073916,0.0,1368.21
073917,34781.0,346464.6
073918,1077.0,37963.71
073919,10398.0,2790.65
073920,46665.57,169815.45
073921,0.0,35880.0
073922,0.0,16647.71
073923,38695.56,735916.61
073924,0.0,45463.8
073925,26902.93,100649.7
073926,34869.0,764313.12
074001,2477495.93,0.0
074002,8185.27,0.0
074004,7694.53,0.0
074005,0.0,5869.91
074008,6029.78,7202.93
074009,2363.0,24778.39
074010,0.0,760927.21
074011,63399.0,2108347.55
074012,138431.0,133680.1
074013,0.0,57891.29
074015,0.0,9660.68
074016,3504.2,58074.84
084101,270587.09,0.0
084102,2107551.84,28211.0
084103,851684.28,43874.0
084104,152115.0,2228.0
084105,655752.0,2984.0
084106,20476.0,0.0
084107,28368.0,0.0
084109,0.0,1182.0
084201,0.0,1000.0
084202,43855.0,104804.65
084203,0.0,2710.0
084205,5256.0,0.0
094402,22129.88,0.0
094403,0.0,3370.54
094407,140240.12,91074.98
094408,11382.0,725859.19
094412,0.0,308837.38
094413,0.0,3664.36
094418,7695.13,2220.0
094420,8326.85,0.0
094421,5102.0,10014.42
094601,6732.13,4690.86
094602,72977.26,1024.0
104707,104670.48,1442.35
104802,71983.53,871869.9
104803,0.0,9516.22
104804,0.0,64855.0
104805,0.0,19575.13
104808,0.0,257295.28
104809,0.0,69140.86
104810,0.0,18630.07
104811,0.0,198423.0
104812,0.0,5504.22
104813,2837.0,0.0
104814,0.0,263339.0
104816,0.0,9582.38
104817,1551.11,19015.0
104818,0.0,105810.65
104819,0.0,229035.76
104820,0.0,64076.68
104821,1044.07,17537.51
104823,0.0,165256.6
104901,22513.76,215874.56
104902,0.0,717692.15
104907,0.0,14668.0
104908,0.0,4578.0
104909,1917.0,0.0
104910,0.0,22624.98
104911,8760.0,73906.09
115102,0.0,1578.0
115109,0.0,1643.0
115201,1747902.06,0.0
115204,0.0,39572.0
115205,33881.85,0.0
115208,12036534.07,23278758.42
115209,1919218.0,374885.1
115210,40059.0,357947.52
115211,0.0,1050.0
115212,155805.0,98919.78
115304,0.0,6383.16
115401,0.0,2000.0
115402,48213.0,0.0
115403,0.0,8743.0
115407,25666.0,102982.0
115408,0.0,206573.0
115503,0.0,1158.0
115508,30697.0,7483.93
115509,0.0,51277.55
115511,0.0,6281.0
115512,30045.0,358279.68
115513,4042147.53,4112826.7
115514,3853.0,155052.76
115515,3960.0,208252.04
115516,18536.0,286769.0
115603,8381.98,20401.0
115607,154623.9,147495.71
115608,0.0,22248.0
115701,89888.39,41135.38
115702,6583.13,9660.2
115703,93356.12,13081.0
115704,39990.22,0.0
115705,0.0,2170.0
115801,3507.0,13883.0
115806,0.0,1000.0
115807,0.0,27659.0
115810,2610.0,14560.0
115902,0.0,70307.0
115903,384494.0,0.0
115907,2077.0,9385.0
115911,0.0,17581.0
116002,0.0,284287.0
116103,0.0,25198.0
116105,20332.0,9295.0
116108,0.0,1232.0
116109,6853.0,275784.15
116110,0.0,29050.0
116111,0.0,13910.0
116112,0.0,1601.0
116114,10623.0,122763.7
116115,0.0,2585.0
116117,4662.0,11742.0
116202,99164.0,0.0
116203,20589.0,25909.0
116204,21327.0,234054.0
116205,8453.0,25557.0
116206,37389.0,1029.0
116207,0.0,7581.0
116209,14013.0,62973.0
116210,0.0,32377.0
116211,18558.0,9966.0
116212,1403.0,91015.0
116213,0.0,2585.0
116214,152377.0,193053.55
116217,357340.0,343825.46
116301,2769.0,28009.29
116302,172707.0,559416.44
116303,0.0,2486.0
116304,3979.0,212160.31
116305,127865.0,886478.56
116306,0.0,24818.0
116307,0.0,3328.55
116309,4680422.5,3697727.68
116310,0.0,79739.24
126401,0.0,33502.0
126402,1846903.0,2754401.76
126403,0.0,73563.0
126404,0.0,157363.38
126405,59311.0,193348.56
126406,0.0,3034.0
126505,0.0,34779.0
126506,2267.0,21725.13
126507,0.0,18559.0
126601,0.0,8682.46
126602,0.0,1000.0
126702,0.0,26546.94
126704,3203.0,0.0
136802,78000.43,7386.0
136804,0.0,2601.0
136805,0.0,2294.0
136807,0.0,139626.19
136808,0.0,4767.86
136810,1114.77,0.0
136812,0.0,21292.75
136813,0.0,63999.61
136902,0.0,3898.95
136907,0.0,34345.82
136908,1275.33,40841.4
136909,0.0,9239.0
136910,0.0,66232.25
136911,3351.53,1344.37
136913,0.0,28180.0
137004,0.0,1395.67
137005,0.0,19000.0
137007,0.0,15083.68
137009,0.0,12024.5
137010,0.0,112121.37
137011,0.0,33363.0
137013,0.0,11527.14
137017,0.0,7849.0
137020,0.0,17589.43
147103,3000.0,0.0
147108,255451.0,0.0
147113,164343.79,18316.5
147116,3697.0,0.0
147117,25104.98,5972.0
157204,7043.0,4053.04
157206,0.0,18948.09
157208,0.0,132232.84
157209,130699.2,161508.23
157210,0.0,279350.39
157211,0.0,18923.35
157213,32043.71,293112.08
157214,2380.55,1262616.45
157215,0.0,137743.39
157216,0.0,688579.46
157217,15010.3,88763.39
157219,25021.56,0.0
157220,0.0,91000.0
157221,0.0,17074.0
157225,0.0,25720.44
157228,0.0,12747.28
157304,1837.0,274592.1
157306,31514.62,817258.31
157307,0.0,64799.54
157308,8260.0,64283.72
157309,0.0,41873.0
157310,12482.58,21402.13
157311,0.0,2984.0
157312,4484.0,155757.23
157314,0.0,14653.05
157315,0.0,95792.12
157317,0.0,61567.27
157318,3780.45,117523.92
157320,0.0,23895.52
157321,0.0,4619.39
157322,0.0,1183.0
157323,8731.0,76043.26
157324,2105.27,0.0
157326,19294.76,52182.82
157403,140747.97,0.0
157404,83241.95,0.0
157406,0.0,1921.4
157408,0.0,45212.0
157411,0.0,19270.0
157413,0.0,5035.94
157503,5533.74,0.0
157504,0.0,41361.0
157604,0.0,108128.0
157606,7920.03,225554.88
157607,0.0,20024.46
157608,0.0,2875.66
157612,0.0,14000.0
157615,3034.0,12869.27
157616,0.0,43334.74
157803,0.0,13968.32
157806,0.0,2553.68
158201,1401.0,584044.0
158202,0.0,2000.0
158204,7577.0,28215.24
158205,4166.0,31721.66
158206,0.0,14261.0
158207,90247.0,535172.77
158211,0.0,1000.0
158212,0.0,1141.0
158213,0.0,2068.0
158215,0.0,2208.0
158301,0.0,96701.63
158302,2314.46,4839.62
158303,0.0,9963.03
158304,0.0,2843.0
158305,0.0,32094.0
158306,1061.09,0.0
158310,0.0,8769.0
158311,0.0,108947.42
168402,0.0,2854.0
168407,14572.0,60337.87
168408,23469.0,117819.92
168409,2382.0,340144.69
168410,3006.0,39514.0
168411,0.0,4630.0
168412,0.0,57007.0
168413,19253.0,734157.0
168414,73656.14,394762.49
168415,7558.0,494749.5
168418,44568.0,198093.2
168419,10010.0,59219.32
168421,157650.0,288907.55
168422,35958.0,104874.21
168423,1801.0,23961.5
168424,6355.0,117982.29
168425,14728.0,229842.83
168426,17648.0,16278.0
168427,0.0,159519.38
168428,26034.0,10000.0
168429,332360.0,80198.0
168430,49326.0,1543403.18
168431,8069.42,5661230.06
168432,7031.89,29358.05
168434,12291.0,0.0
168435,0.0,6053.67
168436,4193.0,0.0
168437,0.0,3035.61
168438,150124.0,159225.0
168440,176405.0,4619.0
168441,0.0,61626.41
168442,0.0,3268.0
168443,13737.0,5018.59
168448,9236.0,3984.0
168450,2616141.37,11670.78
168451,9053.0,0.0
168452,1350.0,23340.0
168455,84886.0,0.0
168456,9424.0,0.0
168458,0.0,1000.0
168460,0.0,17000.0
168462,0.0,2000.0
168463,1536.0,0.0
168464,53207.0,8698.0
168465,0.0,3991.0
168466,0.0,59665.0
168467,0.0,3000.0
168469,0.0,151747.7
168470,0.0,148863.97
168471,36024.0,2923429.86
168472,0.0,54488.87
168473,21691.0,772865.02
168474,19575.0,11735.09
168476,0.0,1384.0
168477,19704.33,3000.0
168478,0.0,3292.0
168479,332298.0,820490.64
168480,3843.0,0.0
168481,4004.0,126575.56
168482,0.0,245822.22
168483,3320.0,197500.95
168484,0.0,81083.84
168485,0.0,34144.19
168501,0.0,31982.94
168502,24405.0,84244.16
168503,0.0,5675.9
168504,44427.15,470066.14
168506,1830475.0,3900815.26
168507,0.0,153032.94
168508,1564.0,14269.39
168509,0.0,7349.26
168511,0.0,140093.62
168512,2569.0,29167.67
168513,0.0,33948.0
168514,2083.0,26070.0
168515,1001.0,6113.0
168516,189185.0,19641.0
168517,0.0,289821.0
168518,0.0,32089.0
168519,1241.0,11143.0
168520,3055.0,48333.95
168521,19173.0,151589.95
168522,0.0,64838.94
168523,0.0,103132.51
168524,2332.0,79416.94
168525,72832.0,230514.55
168526,0.0,1261.0
168527,0.0,267272.06
168528,21704.23,231041.47
168529,13470.0,134249.2
168530,0.0,2170.0
168533,2024.0,7000.0
168534,0.0,7590.0
168536,30874.0,80781.65
168537,2538.0,17804.0
168538,0.0,27936.12
168539,49371.0,142516.35
168540,0.0,92000.0
168541,10796.0,66535.45
168542,4996.0,464171.54
168543,41993.0,184950.13
168544,5248.94,217740.11
168545,0.0,9426.72
168547,0.0,8000.0
168548,0.0,93183.0
178607,57136.0,9256.0
178609,2086.0,0.0
178701,164782.0,295822.16
178702,196724.0,417095.19
178703,12027203.0,14271722.11
178704,508370.0,3303937.62
178705,35334.0,626344.86
178706,0.0,1950.01
178707,1881.0,10335.13
178708,56954.98,3714799.29
178709,3748.0,0.0
178711,30654.0,992016.87
178712,0.0,16949.0
178714,5952.0,12654.33
178716,63983.0,139785.56
178802,14432.0,0.0
178803,10897.0,62963.0
178903,2402.0,6452.57
189001,0.0,1191.0
189002,0.0,3186.0
189004,2229.0,9167.02
189006,0.0,1000.0
189007,0.0,3035.0
189008,20551.0,34865.01
189009,7365.0,1009263.89
189010,1201.0,9958.0
189011,0.0,17556.0
189013,2246.0,2635.0
189014,36173.0,7229.0
189015,54387.0,248208.15
189016,0.0,17400.0
189017,10650.0,87895.82
189018,10199.0,330975.36
189020,0.0,47934.0
189021,0.0,5994.0
189022,0.0,6530.0
189023,48768.0,698152.62
189024,0.0,20738.0
189025,2162.0,9101.05
189026,18873.0,197745.44
189027,12257.0,221487.85
189028,0.0,54302.7
189029,0.0,3588.0
189030,15908.42,176160.91
189031,4154.0,35442.12
189032,130488.0,151039.82
189033,7358.0,3194.62
189101,11497.0,8869.0
189205,30052.0,3409.0
189206,3060.0,0.0
199302,0.0,3853.0
199303,1725.0,0.0
199306,0.0,18220.0
209401,21805.23,47891.01
209402,1321.0,49030.0
209403,45260.9,164039.91
209404,0.0,31227.0
209405,0.0,224394.9
209406,0.0,57152.9
209503,3727.0,12264.48
209504,0.0,1578.0
209505,0.0,3104.55
209506,0.0,6863.73
209508,17366.41,25528.0
209602,10071.0,1000.0
209603,0.0,1255.57
209604,0.0,3544.0
209606,0.0,1620.0
209607,0.0,2000.0
209608,0.0,85929.32
209609,0.0,49129.03
209610,0.0,18165.83
209612,0.0,13756.17
219701,406071.0,9276.0
219703,1180.0,0.0
219705,4088.0,0.0
219706,10449.0,0.0
