010101,97715.93,1511261.93
010102,0.0,60661077.4
010103,1000.0,28500.85
010104,14000.0,7376239.07
010105,607076.78,5539741.69
010106,6449614.06,2202940.77
010201,0.0,104015.0
010202,17029.0,294142281.5
010203,2784.48,263313.0
010204,0.0,10877200.42
010206,0.0,6220095.9
010207,22141253.59,9042272.64
010208,3083952.0,381000.0
010209,0.0,461083.13
010210,77515.63,549375.0
010301,21829821.41,805138.03
010302,2453962.0,21421171.33
010303,606299.84,18892390.39
010304,82025.67,57782396.48
010305,47000.0,839275.63
010306,142787.0,893034.56
010307,22403.0,1288865.02
010401,0.0,233137.0
010402,763880.24,29036270.06
010403,2602033.15,61193.62
010404,3436351.18,2711883.72
010405,348951.44,5092497.37
010406,7800641.13,15612598.59
010407,458287.68,2670047.4
010408,1776096.0,36701.22
010409,565401.3,4048742.32
010410,10000.0,167815.76
010501,28000.0,95434.0
010502,0.0,375225.82
010504,0.0,1123218.38
010505,778000.0,4309158.88
010506,1000.0,0.0
010507,60000.0,0.0
010508,0.0,39686.0
010510,0.0,46802.0
010511,3066933.17,742364.04
020601,14187251.46,4523609.29
020602,58665666.66,7370880.22
020603,146661677.96,1754779.41
020604,46835878.92,399618.94
020701,108110717.86,23800611.33
020702,72831989.27,208273.22
020703,11019215.59,9466086.27
020704,473575.68,389732.04
020705,1339244.99,339273.67
020706,89881571.72,516047.17
020707,810702.46,0.0
020708,167740.37,156413.0
020709,322008646.28,4291854.11
020710,6075119.21,12606336.97
020711,343637.14,127217.0
020712,15458705.26,9454733.65
020713,313664.33,19339441.48
020714,10690364.52,39008.92
020801,176019.27,5371958.86
020802,1395802.35,92549094.65
020803,157022.94,0.0
020804,193853239.39,6380084.28
020805,191321563.6,95016.05
020806,14845083.97,1720291.83
020807,7094552.97,1103.41
020808,8551126.19,2759983.04
020809,5678801.99,5589.0
020810,47581531.72,321199.94
020811,8697304.42,3255340.12
020812,4498351.59,339868.17
020813,337926.07,16025915.08
020814,517580.25,38882.88
020901,2991448.01,68590268.87
020902,7016977.09,7105466.43
020903,13471.3,186037.37
020904,11334932.81,5389306.47
020905,4654.0,10087.5
020906,16688.79,441726.84
020907,7609.92,276569.03
020908,4148.85,2666508.02
020909,253693.95,482462.19
020910,8584086.85,3186747.01
021001,212146.21,269080720.03
021002,0.0,1295671.84
021003,1351969.11,16229032.81
021004,0.0,5661.73
021005,10324280.59,140238656.54
021006,203646.43,25065065.46
021007,0.0,1980204.33
021008,183267.78,2373799.43
021101,118334.68,806941.51
021102,5444.07,258927.12
021103,80989.9,17272219.47
021104,35255.92,5471553.06
021105,30681.0,2158716.01
021106,59842.04,458688.07
021107,1000.0,1787555.43
021108,1423630.65,7338715.04
021109,1279.7,2559246.35
021201,0.0,40309026.55
021202,25718812.93,1275014.34
021203,0.0,13797.0
021204,14000.0,723792.4
021205,0.0,6375872.27
021206,15505794.66,4497413.99
021207,5167518.95,64154521.16
021208,38425.25,134591.96
021209,132615494.47,28976068.43
021210,0.0,398957.65
021211,45326558.06,4313530.17
021212,10396664.22,2891350.59
021213,1054666.95,26983.21
021214,316641.26,827837.07
021301,154361.37,652832.9
021302,22102197.17,18003811.81
021401,29000.0,582235.06
021402,0.0,5572.0
021404,442946.15,216946.78
031501,0.0,33721.6
031502,0.0,1361569.8
031503,0.0,49896.0
031504,136294.76,2322699.88
031505,0.0,192247.39
031506,26267.8,0.0
031507,1692863.25,2042244.55
031508,266219.93,43349.03
031509,2412643.33,23135582.15
031510,40027.6,1364237.11
031511,68849.76,5913824.59
031512,3268.46,3193158.99
031513,17413.0,1673644.14
031514,8000.0,1507446.87
031515,11108259.69,20667647.8
031516,57141.8,10166560.01
031517,595559.76,2219962.08
031518,41848.08,860566.89
031519,14291698.16,44368381.84
031520,4739.29,838444.32
031521,139886.98,427092.39
031522,11831.32,7615598.0
041601,3965301.4,28121.0
041602,21932856.82,3434969.0
041603,26291.61,10854.0
041604,4136779.69,37200165.21
041605,0.0,379734.12
041701,3049765.91,227922148.66
041702,61722895.04,15562096.99
041703,24000.0,1016852.14
041704,7008676.01,34634570.21
041801,1000.0,551059.0
041802,2642.98,0.0
041803,0.0,9563687.79
041804,152361.93,1864758.11
041805,592495.34,4191196.45
041806,16966530.06,84371931.47
041901,4245843.95,65715919.89
041902,5968153.27,34547088.22
041903,22242.99,0.0
041904,2585850.94,41547069.6
041905,68205128.95,72251935.63
042001,4304727.62,2296716.48
042002,13011109.49,7753248.36
042003,28545.93,4097573.95
042004,1654937.01,1752717.09
042005,14891476.16,19918682.11
042006,299980.04,375384.04
042007,3144934.81,15721761.12
042008,27993512.25,47533303.18
042009,229034642.81,67464816.7
042101,10865353.58,18322801.43
042102,2526314.84,9450939.34
042103,14564380.74,28873678.93
042104,5914675.15,3372579.11
042105,3466289.63,2488707.31
042106,139528618.98,229349157.38
042201,648435.34,13125186.07
042202,8753248.19,20267961.42
042203,309863.15,21444756.69
042204,36383127.58,25926854.35
042205,177538.94,436419.75
042206,56134.2,1034176.05
042207,161093.11,12228498.89
042208,2750126.41,41425826.47
042209,37444.53,1608553.62
042301,743591.46,9085366.97
042302,415875.93,1421531.67
042303,8762.13,371344.01
042304,3992231.82,5746901.83
042305,0.0,40505.35
042306,383981.42,24387719.12
042308,5962008.77,1639705.97
042309,7011329.82,54838716.41
042401,2009.0,4660331.91
042402,249964.0,114814809.91
042403,1165782.61,3954164.54
052501,22378432.54,1327153.59
052502,0.0,1026155.77
052503,158582.81,24179811.32
052504,41000.0,333923.65
052505,2193372.3,5016508.54
052506,1588878.77,10051813.97
052507,6049.34,1175250.96
052508,166430.11,5580226.12
052509,68187.49,778238.44
052510,141113325.82,0.0
052511,43510.51,166323.86
052512,133088.52,231311.21
052513,68659.3,3106766.92
052514,0.0,6196.72
052515,7956294.26,2159938.2
052516,1455775.6,155828.6
052517,353106.39,2879653.99
052518,0.0,984140.28
052519,54470398.33,1085102.54
052520,537294.84,9055290.9
052521,115419.89,20874.45
052522,1000.0,164329.23
052523,1353847.04,772986.59
052525,11300.57,101182.88
052526,1000.0,2454695.98
052528,2000.0,39793.79
052529,0.0,462319.24
052530,1394790.85,6169646.89
052601,444000.0,114911.49
052604,4983.21,0.0
052606,36990.88,28205.49
052607,58000.0,0.0
052608,10893.03,0.0
052609,208326.99,0.0
052610,0.0,29073.3
052611,0.0,97000.0
052612,1000.0,0.0
052613,0.0,682286.86
052614,4362000.0,153218.74
052615,0.0,42652.53
052618,0.0,474739.72
052619,3487000.0,0.0
052620,8860350.46,106867.28
052621,0.0,31514.78
052701,1777.92,312377562.57
052702,0.0,8893.63
052703,34478.19,3744163.11
052704,0.0,127098.98
052705,2094000.0,6313.0
052706,2000.0,15524.12
052707,37262951.58,4345003.33
052708,0.0,384058.11
052709,3827439.77,2098914477.0
052710,1781347700.21,565122625.45
052711,236386.24,276729225.24
052712,21717747.27,12998216.57
052713,224144.19,2126525.3
052714,213823.44,2783.87
052715,2450275.02,407554.68
062801,82250502.52,355624.8
062802,0.0,3868.87
062803,35844.48,8640499.87
062804,749056.11,1231906.22
062805,313128.17,3060890.63
062806,221291.3,809835.49
062807,0.0,257668.48
062808,6178.08,72404.8
062809,170344185.11,1601704.95
062810,3000.0,212773.84
062811,48294597.81,18218155.25
062812,34773.08,719003.58
062813,568134.03,160604.75
062814,58234.63,9302592.46
062815,3262947.89,28902515.84
062816,16148929.46,253335.92
062817,5684919.27,2674778.6
062818,1964528.06,8331723.36
062819,68638.47,246187.74
062820,355165.69,649888.42
062821,175613.65,2555461.69
062822,0.0,2785.23
062823,436464.46,810839.71
062824,0.0,25399.83
062825,804868.7,12917102.51
062826,25029.16,5240755.76
062827,164218053.85,8187029.11
062828,479605.08,4080272.86
062829,1359449.16,2428468.98
062830,246399.73,684999.13
062831,7279.0,47294.45
062832,32416.21,464008.27
062833,21939756.78,7393077.91
062834,215960950.95,909143.93
062835,128794306.93,16529422.3
062836,3009780.47,24542333.73
062837,11778.98,173414.58
062839,1262803.53,1716033.32
062840,2498.47,46152.28
062841,8393.82,319174.0
062842,47758.01,2903588.77
062843,61365.0,1190280.9
062844,3677060.94,7140259.42
062845,9489404.03,1678440.61
062846,11440.0,167306.91
062847,3451698.53,3864764.95
062848,9274.0,29307.97
062849,19875072.98,35125995.12
062850,59493.0,915925.11
062851,237597715.57,5195352.74
062901,38680211.56,15695866.42
062902,343848647.75,7464170.28
062903,60478271.22,62372832.47
062904,314260.92,2822633.0
062905,20629791.66,63982435.02
062906,22427341.86,2985912.03
062907,8446904.37,46987803.34
062908,196099817.21,1941019.97
062909,41832346.44,76234610.49
062910,4333560.63,1424199.99
062911,645606.09,1698647.41
062912,4866189.06,5983805.26
062913,0.0,217759.66
062914,49361777.09,27007918.97
062915,18963833.39,44209014.49
062916,10960785.36,15499179.78
062917,20503198.22,69169387.3
062918,126582838.75,99070303.18
062919,806581.0,1607540.8
062920,11331006.81,11899106.55
062921,23658457.43,71530200.39
062922,56034128.61,86778001.14
062923,11220278.5,10635777.73
062924,41344192.12,43062680.29
062925,1493418.72,13778796.91
062926,13997475.71,16495762.34
062927,78620.34,1388627.96
062928,14193750.36,26230970.01
062929,637922.58,36242600.21
062930,99927313.93,66923697.74
062931,8430292.42,32846032.24
062932,37912472.33,64123913.43
062933,291165717.84,357143117.64
062934,68400476.86,64522059.15
062935,30006679.74,43082404.7
062936,25140862.44,21626323.33
062937,42188553.11,23488341.51
062938,2147197.65,1099209.73
062939,5783218.68,2306804.41
062940,799182.87,1967381.99
062941,13079082.44,54943532.36
062942,6761800.25,1771775.23
063001,965061.73,2609587.08
063002,125410344.65,180200717.05
063003,870519593.56,9582333.04
063004,6483706327.82,1162199853.45
063005,16716923.12,18474326.22
063006,26991488.14,38212745.91
063101,876399.08,1443658.74
063102,13295643.33,13543990.85
063103,232427615.71,8240.0
063104,1037339574.29,1313235.82
063105,706380393.81,11493062.33
063201,24238.08,24045.2
063202,298005.78,28864.77
063203,11382745.02,7368376.36
063204,5824275.84,27684341.18
063205,25317.0,671134.23
063206,27713961.17,64291184.84
063207,4457252.52,17256126.75
063208,5733429.94,62291547.77
063209,5339276.04,7288659.98
063210,181870.45,205192.4
063211,69561.0,410433.64
063212,504516.69,4422984.43
063213,2116321.26,2331523.27
063214,6286023.44,26570066.49
063215,137282220.47,52983078.1
063301,6362057.21,9810966.97
063302,32563092.2,62939315.32
063303,2758472.97,70129158.23
063304,159009932.68,77951349.74
063305,73477505.34,71522462.32
063306,2252208.9,39586065.26
063307,26778351.89,51317505.75
063401,126232305.08,14997669.73
063402,55306503.36,197931716.66
063403,1967671.03,23489738.57
063404,2821982.5,8361855.41
063405,3769734.06,17750210.31
063406,5837275.42,6362381.98
063407,1484192.64,3613231.95
063501,34000.0,5121026.04
063502,839746.0,3291541.98
063503,36564.0,2341794.97
063504,13591496.19,8955344.03
063505,5059868.24,4359643.62
063506,3087950.57,43540276.89
063507,3254536.16,13875027.23
063601,33473360.0,9149646.0
063602,11053620.51,3217342.0
063603,382810.0,40513.0
063604,27622.0,2306502.42
063605,432992.22,73143.82
063606,189199.0,1726935.5
063701,9197794.47,46997781.27
063702,198797.0,4572346.31
063703,576061.0,1960397.36
063704,1080824.0,9637.16
063705,743374.08,35315063.46
063706,119809.32,1390524.3
063707,2725573.05,10131056.5
063801,256628.14,1316280.63
063802,173322.55,5160576.55
063803,9574.64,857633.33
063804,37925.93,1915891.75
063805,213000.0,32170.22
063806,127145.97,800346.89
063807,0.0,403071.39
063808,825394003.43,85052945.25
063809,9829228.18,4682601.31
063810,935818.53,1972002.27
063811,1657956.1,13639175.01
063812,4776077.21,22970678.06
063813,5092429.06,402799.31
063814,1275331.86,5060955.84
063815,852355.45,33550542.75
063816,17915909.99,3149159.05
063817,60671.16,6072639.53
063818,32290830.04,153718837.73
063819,96662.12,1272835.28
063820,1330803.41,3217274.49
063821,2848923.24,5242753.33
063822,66390557.26,101790107.47
063823,451633573.74,106252418.1
073901,144377309.96,411644883.74
073902,298893246.68,116892581.06
073903,15997827.39,42408918.58
073904,2158638.59,48803696.04
073905,1072422.72,14833415.54
073906,19056944.91,83935824.6
073907,28558686.48,233113229.91
073908,91511225.56,41156934.01
073909,21587750.32,32622825.78
073910,1662011.88,20949017.21
073911,1079067.66,7669385.99
073912,480982.67,24502032.29
073913,8392033.29,4916810.9
073914,171873.0,1386532.29
073915,7141872.86,3461565.65
073916,6606367.5,9237987.57
073917,211661688.55,53203160.55
073918,6087941.33,5915073.51
073919,34956567.19,61348190.6
073920,422895825.98,181542400.68
073921,107862803.87,59237530.54
073922,2966394.51,22384984.89
073923,237257011.25,147782336.15
073924,148007476.07,80790897.63
073925,30646697.11,20963639.65
073926,316850187.15,150127757.72
074001,83563.64,11585598.09
074002,687800.18,30539584.31
074003,457487.1,75850.83
074004,309032.35,332295.32
074005,956958.95,5602632.58
074006,568090.99,1116681.83
074007,10850.46,58989.29
074008,4865287.97,21250302.35
074009,18618769.94,14870699.09
074010,1850160.08,16602838.78
074011,208620604.6,181566360.57
074012,3897507.36,3904576.33
074013,63853.37,848577.44
074014,2211501.03,5258998.97
074015,4065885.72,13507884.48
074016,21298491.98,60663594.97
074017,235099.56,249548.3
084101,8736574.34,320109.28
084102,234921.96,0.0
084103,162873.34,0.0
084104,1394994.14,16044458.14
084105,820353.21,207731.59
084106,41599.0,679145.63
084107,1779705.8,987638.85
084108,36254.0,27110.58
084109,11012.0,515656.87
084111,148000.0,151389.69
084201,118463.39,1259402.02
084202,18303280.79,100676136.12
084203,667705.97,11431185.64
084205,103458.19,1013763.89
084302,2154528.0,433832.08
084303,108552.8,298711.47
084304,1046.0,53870.62
094401,10554.8,554150.89
094402,82848.79,4199105.62
094403,73479.25,594111.65
094404,3000.0,413812.53
094405,0.0,8887.33
094406,0.0,151678.48
094407,304302.63,163004749.9
094408,91218.85,8616070.99
094409,93806.43,12191482.05
094410,298354.14,9116393.51
094411,674591.33,22899227.35
094412,398353.54,86836975.72
094413,91234.87,627758.8
094414,56854.71,1423638.45
094415,1405456.91,4799861.1
094416,91000.0,1134329.69
094417,23438.5,1049109.27
094418,2193112.95,33654884.54
094419,390973.14,2663285.89
094420,2806011.1,5250982.78
094421,1201303.54,9383775.2
094501,1000.0,10454.0
094502,0.0,14919.07
094503,91108.0,866788.5
094504,2081.3,339705.11
094601,63144.26,3009578.49
094602,297801.39,6273659.51
104701,18790.49,0.0
104702,20285.46,311148.03
104703,0.0,89634716.83
104704,0.0,3699907.57
104705,0.0,481904.0
104706,3138710.99,3764779.02
104707,12936917.7,1656558.88
104801,707280.02,48480949.53
104802,54832451.89,57870178.86
104803,6609416.8,28475313.09
104804,12076584.84,65548726.34
104805,42535400.95,73020188.44
104806,114827.27,4711481.94
104807,446995.7,4995246.43
104808,1514298.19,699762.64
104809,68777.62,1574946.5
104810,2276722.5,114221803.44
104811,15341451.81,56304360.89
104812,42880.0,553881.94
104813,53000.0,1624529.66
104814,118397.93,1413859.18
104816,71248.35,1098595.23
104817,3686513.99,683669.25
104818,84022103.07,96771628.85
104819,32086024.97,36151147.41
104820,2039955.95,11607808.29
104821,6094831.5,9200057.12
104822,2242.77,2161804.43
104823,11849818.89,35459604.88
104901,56470177.18,29005092.16
104902,1021775.39,4942637.49
104903,486440.48,810347.33
104904,7056.0,101119.84
104905,102279.2,435794.29
104906,457077.11,149002.97
104907,4393299.0,1867562.0
104908,714681.0,1344893.24
104909,6600817.29,526533.36
104910,747590.62,335917.94
104911,23592959.39,26202730.92
115001,46102.0,0.0
115004,3896.0,0.0
115005,0.0,5705.82
115006,0.0,1000.0
115007,58356.69,1514959.41
115101,549400.43,22043.0
115102,1000.0,1325.0
115103,34268.11,2517.0
115105,15582.0,206409.38
115106,15764.0,127141.34
115107,17806.0,254984.05
115108,852367.0,79265.25
115109,24000.0,58588.61
115110,8000.0,0.0
115111,551086.0,232197.71
115112,10977.0,176022.49
115113,0.0,5201.0
115201,36299971.62,208589.93
115202,117042.65,237635.3
115203,342400.94,3221303.82
115204,6210440.0,232324.6
115205,5634387.15,4454256.29
115206,2158.0,358894.37
115207,19000.0,155344.64
115208,17388741.21,46054166.39
115209,17144943.07,6290541.93
115210,1660605.81,1267618.1
115211,1431705.57,2028634.79
115212,1475011.81,278252.97
115301,0.0,84301.47
115303,248847.11,3700.38
115305,152957.74,27093.65
115306,0.0,76520.31
115307,6622.62,1916.53
115308,415000.0,179290.71
115309,38002.0,249467.83
115310,15367.69,29415.0
115311,54000.0,723625.99
115401,7743546.52,914254.25
115402,198101880.88,54135637.37
115403,0.0,274486.34
115404,1371511.44,998329.25
115405,0.0,223866.0
115406,76000.0,19037.42
115407,19878995.3,70400152.24
115408,391547.0,1416965.34
115501,15613.86,52901.0
115502,0.0,1334327.2
115503,2507266.5,39919416.71
115504,1516226.62,54533368.41
115505,639897.67,28663.57
115508,5964381.72,1211210.28
115509,897148.62,8643228.05
115510,124997.27,900385.1
115511,120618.0,54733.89
115512,3801360.08,3406300.87
115513,3264127.5,14506539.34
115514,4728248.0,14223362.67
115515,1890865.4,6005595.1
115516,406092.86,4548345.14
115601,7350403.69,52942255.29
115602,53228.22,927392.43
115603,303635415.0,37714913.0
115604,3202440.27,135117.46
115605,217746.0,1175265.78
115606,1656709.0,1801934.91
115607,3927100.78,3231760.7
115608,7178318.42,1430188.82
115609,160974.37,465863.37
115701,192216.18,1714984.23
115702,8637077.54,10255307.98
115703,1198839.74,18304434.44
115704,39651.39,708710.17
115705,3749873.44,1949695.21
115801,907980.55,3424431.45
115802,219879.22,146230.17
115803,5000.0,47861.54
115804,123756.0,1603662.43
115805,22061.0,36237.0
115806,1195568.63,5970894.54
115807,417869.62,1308726.15
115808,65696.0,660747.82
115809,0.0,6353.0
115810,46531.79,2247419.66
115811,185000.0,673889.79
115901,11784475.02,1406896.58
115902,12318.0,5692325.07
115903,8333398.38,20809435.6
115904,8543.0,96469.0
115905,0.0,56432.34
115906,75217.74,20582697.48
115907,22862471.44,4384425.76
115908,17591.0,258513.23
115909,60647.22,1657620.57
115910,1545689.27,1247596.76
115911,74141591.29,6663592.04
116001,961054.0,1109205.24
116002,114171401.16,60250626.05
116101,902542.0,1626926.67
116102,544221.75,2198128.08
116103,2294397.16,28305631.06
116104,5559195.16,51108683.26
116105,1510252.82,12181952.58
116106,2079185.84,27360965.4
116107,12839197.92,10057471.23
116108,56100629.74,27189298.04
116109,24340768.33,147662780.26
116110,24903409.35,85963916.16
116111,1943535.0,26749921.5
116112,1923742.87,11213673.84
116113,68137.0,379543.51
116114,6425976.52,19099777.56
116115,25009821.77,38710946.89
116116,221505.49,1814960.33
116117,1563762.02,2472783.37
116201,3358008.53,8969388.78
116202,3839957.02,9940346.79
116203,2816108.31,120458812.84
116204,10071927.41,219760475.65
116205,788039.8,40045151.44
116206,1435162.22,42024971.74
116207,2872390.67,3173559.3
116208,921547.34,8674063.57
116209,586236.92,10309859.04
116210,1888730.21,10516519.95
116211,5401431.35,20740654.03
116212,25152329.55,27492234.72
116213,8152.0,17869.6
116214,1181867.21,5443167.21
116215,18453.0,1175016.22
116216,12777.0,1330375.55
116217,36602809.03,4732747.47
116301,372667.73,8151770.3
116302,112184936.91,55832721.91
116303,4737078.17,7418564.21
116304,3736437.95,7350302.03
116305,1465134.05,26294460.49
116306,2936857.42,10455071.58
116307,25574664.64,28893086.26
116308,38040.52,93256.71
116309,1278321.22,932483.54
116310,456620.63,483187.61
126401,1747263.0,1053669.08
126402,2643130.57,70847219.49
126403,49939608.41,255590380.54
126404,1076566.94,10562113.55
126405,5457758.81,4309682.0
126406,1292651.95,13403669.25
126501,2000.0,4829.17
126502,0.0,25300.0
126503,0.0,9452.0
126504,26555.07,437016.09
126505,668944.34,11455470.36
126506,2316124.95,8220626.4
126507,952677.13,411512.45
126601,78244.0,6382813.13
126602,0.0,198585.61
126603,5264.44,312369.04
126701,3000.0,75875.81
126702,120334.0,3927280.81
126703,113482.71,1621429.35
126704,504513.68,4679088.68
136801,1371982.94,210253.25
136802,43351294.45,72914547.72
136803,132758.8,650030.37
136804,19329124.81,13356079.19
136805,803371.7,13714216.47
136806,800284.9,6045525.22
136807,317909.68,5997204.34
136808,262996.76,1089166.64
136809,1247754.87,3155239.35
136810,141767146.66,11133418.83
136811,201972.31,1086562.61
136812,1000.0,189775.5
136813,66085.0,2126918.38
136814,202821.0,360876.5
136815,4346204.07,16963264.39
136901,136569.46,122742.75
136902,1674390.72,7745350.79
136903,1935628.77,3047310.13
136904,197722.78,840905.9
136905,566471.97,723035.69
136906,430610.48,24966.04
136907,804904.4,23787051.19
136908,2884092.84,185162343.55
136909,9426402.53,20468700.64
136910,2071684.93,12478934.97
136911,809038.12,27447504.94
136912,475838.92,6328740.74
136913,370079.92,7144545.52
136914,1834012.12,2511115.02
137001,54841.63,1063273.11
137002,196679.93,3410401.08
137003,1616124.86,1116438.23
137004,45539.23,383914.75
137005,20756893.35,19792644.15
137006,2647020.96,2212529.32
137007,34034161.46,9122580.37
137008,230736.39,2402443.25
137009,2465603.6,7183175.78
137010,856884.82,33013695.93
137011,21299.1,176917.31
137012,0.0,2309.0
137013,1839092.79,47448489.45
137014,877738.61,1167298.96
137015,153925.0,4310532.23
137016,185269.41,4586356.7
137017,551310.68,5008109.46
137018,855132.68,6501229.83
137019,3975517.88,19195948.2
137020,4774196.58,12526998.2
147101,473550.89,1737444.16
147102,14243729558.18,8515068897.67
147103,51969161.15,30443747.19
147104,927937.29,1266243.85
147105,5389172.09,3236072.2
147106,12555631.55,40945853.61
147107,0.0,52528.82
147108,147124546.24,10976195.68
147109,12804.0,27906.72
147110,5993311.24,11972308.25
147111,8462.0,21305.0
147112,25011284.31,386257.17
147113,162534521.03,160117661.53
147114,7150973.47,5075258.2
147115,580584.29,26110555.61
147116,1774687.61,977936.9
147117,36127299.86,21098630.33
147118,206370.57,706559.76
157201,225000.0,155708.42
157202,1052647.78,6918342.61
157204,229651474.78,1397732.42
157205,1227432.59,4330443.63
157206,530965.0,2619609.13
157207,980938.32,31066243.51
157208,1065895.7,127183217.39
157209,742079.76,10691580.87
157210,751927.33,128011104.72
157211,993523.09,4547601.25
157212,631466.69,15201579.18
157213,788515.15,20216451.79
157214,979153.28,135018153.71
157215,139919.12,2661983.97
157216,1260152.65,53015008.85
157217,39143590.91,10508518.37
157218,266226.96,348260.19
157219,2738286.65,15707272.98
157220,157206.0,1689298.53
157221,7491.86,3843.9
157222,649344.75,15471134.23
157223,122915.0,3846876.42
157224,68621.38,454763.68
157225,111507669.55,31592841.21
157226,239746.9,5609738.39
157227,93000.0,77744.0
157228,642078.06,13586241.8
157229,695165.48,2113166.51
157301,1628836.53,616664.96
157302,38037.27,7099553.27
157303,659699.2,1132541.8
157304,5813263.92,77972539.97
157305,1567794.97,19524725.11
157306,4730980.48,38222006.95
157307,83545436.35,46991677.83
157308,67661741.7,80663013.43
157309,1401288.44,4991742.33
157310,6879251.17,27792617.57
157311,6879023.41,10515078.47
157312,6552724.78,23483360.39
157313,250030.84,255197.6
157314,1548332.6,5862615.49
157315,352196.18,5666537.56
157316,24533.44,63402.15
157317,197826.58,937658.37
157318,29902679.32,86107565.46
157319,172210.0,540440.04
157320,4908370.9,9871867.12
157321,1614789.27,25615952.9
157322,157281.82,575377.99
157323,1059044.61,32036889.94
157324,611454.35,5567362.03
157325,11864484.23,9651102.77
157326,63176588.06,72319563.54
157402,16656.67,278694.03
157403,10976614.48,2494159.25
157404,105177259.8,2203946.0
157405,9131.19,115521.98
157406,8875791.0,724969.82
157407,5990143.53,20157359.38
157408,6192307.12,36015448.15
157409,1161096.53,9472867.0
157410,355150.96,1760793.37
157411,5163944.73,52739050.98
157412,2347021.64,15688681.93
157413,3757080.33,1110686.03
157415,662100.91,1972083.86
157418,526927.94,3092860.64
157419,4063408.56,10657422.86
157501,0.0,1546.0
157502,809933.0,3119445.0
157503,4378396.42,1968.55
157504,322723.0,668428.03
157505,143115.0,17753293.22
157506,12755.0,2154287.11
157507,589726.87,3219767.92
157508,1539134.08,6973026.57
157601,10986357.16,85003786.47
157602,79937398.92,40139.12
157603,3657235.07,1268027.47
157604,22500013.5,55617473.59
157605,722758.41,670684.1
157606,12586370.94,83032529.07
157607,28332832.12,65025603.18
157608,4242016.84,3831407.22
157609,1353287.76,1702064.51
157610,13013888.36,22834355.54
157611,101426.52,223708.24
157612,5534279.28,5805230.1
157613,13032012.18,2041082.19
157614,1630386.27,3922801.71
157615,982284.37,20302689.11
157616,19967558.35,35223329.03
157801,40855275.25,12631174.77
157802,5118974.6,80010.0
157804,1673446.36,13722916.86
157806,20196586.06,498510.45
157901,564752.43,5411289.69
157902,1370479.61,0.0
157903,2127821.35,729080.59
157904,30669.06,392239.8
157905,26000.0,188735.64
157907,447784.91,1325310.38
158001,634481.78,3323577.41
158002,248588.82,0.0
158003,283752.0,117808.37
158007,43773.0,593155.55
158101,29234022.48,11272765.48
158102,169737.82,437146.1
158103,60984907.88,30750790.74
158104,112267108.23,6812829.64
158105,377376.0,6351502.89
158106,0.0,1133293.5
158107,109214.13,46325.47
158108,3942970.85,49571749.47
158109,34717.71,954180.17
158110,7000.0,352459.1
158111,0.0,79582.6
158112,936476.89,1850987.69
158113,6096781.95,10325348.58
158201,524454.68,2039205.14
158202,12519377.8,9143296.89
158203,1550536.97,5951617.11
158204,2057994.95,6568069.44
158205,14457189.48,21454236.61
158206,2315469.3,751747.3
158207,169921367.33,40726765.98
158208,45803863.09,9075563.66
158209,586088660.48,32280249.91
158210,13115807.0,2638880.67
158211,573741.0,8484025.85
158212,26609832.88,34396006.99
158213,156364.0,1446848.39
158214,696841.66,2847137.95
158215,57135.42,8350794.66
158301,34319380.19,23159726.68
158302,24314196.23,111818632.42
158303,4298828.24,2409796.76
158304,258914.88,324652.79
158305,257579.58,2582671.3
158306,2165929.18,7930963.7
158307,4832538.8,9109645.88
158308,6340783.54,5259563.83
158309,982261.09,11535725.44
158310,614202.26,1127029.58
158311,9284451.49,4313253.85
168401,17000.0,9794.0
168402,4754311.71,3038221.77
168403,2051605.62,998929.82
168404,41501393.0,1846136.43
168405,795776.28,1261263.9
168406,3826488.9,53437846.95
168407,27373928.6,10869593.02
168408,1392770.56,26551226.73
168409,56184172.78,42829421.6
168410,2659194.08,1096915.21
168411,591041773.65,385203016.0
168412,12648703.56,20139798.21
168413,19509670.38,121371754.02
168414,25333760.79,211634658.24
168415,80011059.99,225121598.54
168416,97046.76,8151776.89
168417,2461974.11,9147806.36
168418,25237917.14,247933185.38
168419,159944217.04,98698137.73
168420,1709198.26,1903678.57
168421,182976971.95,192031866.93
168422,52222006.54,109018200.02
168423,15409522.27,9723510.34
168424,256263603.27,47028734.9
168425,1874731.08,15210014.96
168426,40940680.0,132394681.15
168427,923491.49,51015221.59
168428,12717513.74,99853118.89
168429,8701218.06,103706921.36
168430,2789116.74,22592363.93
168431,14933819.94,121094737.37
168432,7917869.8,8002694.53
168433,19160365.43,25435462.48
168434,38912676.85,5869088.77
168435,12117.0,283890.51
168436,62286879.19,18646250.99
168437,1714273.89,5137715.26
168438,12200757.24,51428546.9
168439,1832487.63,5925057.21
168440,317222.6,5662826.09
168441,5782122.6,26257941.56
168442,42049467.4,7033400.33
168443,569848087.23,419478057.28
168444,284974.0,239824.52
168445,1782768.0,602659.88
168446,381000.0,180000.0
168447,3778882.17,1301153.25
168448,1558125.74,4982492.91
168449,703392.8,428847.95
168450,198356.63,21773913.89
168451,1912205.76,18944806.02
168452,1481004.77,2280631.15
168453,548352.03,648057.09
168454,233649.19,2105079.42
168455,2285959.28,2429370.67
168456,6398852.76,9740091.33
168457,896481.01,6354118.35
168458,224305.14,4752982.07
168459,27941880.02,10160265.62
168460,2033040.04,14787705.6
168461,2645741.18,3996449.22
168462,8478101.83,23170389.63
168463,1059953.53,3059842.12
168464,17941433.87,13189640.73
168465,9267415.56,20453429.29
168466,120200868.48,35070155.44
168467,9826341.03,11390226.9
168468,1213424.91,1180264.03
168469,24000.0,25301.06
168470,29788607.37,16826659.88
168471,641767829.23,1308647824.42
168472,864589.68,12010215.53
168473,298914258.37,311560476.43
168474,7385726.79,39791141.41
168475,751525.09,3273986.54
168476,5345238.3,8088533.75
168477,30892914.24,71547156.99
168478,106345.0,3729042.95
168479,187460590.94,308575529.22
168480,11299509.15,47095492.21
168481,237379498.41,218739878.38
168482,3261843.84,45609323.0
168483,32791980.15,70385463.97
168484,1077772.29,24316691.21
168485,14250314.07,23955527.53
168501,17224846.76,113394935.21
168502,60938265.13,69428099.59
168503,14203468.98,12297509.69
168504,298502847.6,284384898.64
168505,4127075.19,13821374.91
168506,101148903.39,40104973.2
168507,16875891.71,75315230.02
168508,827695.74,38329786.05
168509,25019952.62,59055090.98
168510,8162588.86,15882095.44
168511,19661536.27,18974120.86
168512,4476907.18,35172651.84
168513,3037543.06,6226116.15
168514,9249133.57,10714621.24
168515,5721362.44,22315796.96
168516,13541774.76,144318694.49
168517,2091391794.36,781258102.24
168518,21890680.09,50664298.44
168519,74177504.92,10533602.49
168520,1963787.95,453662.41
168521,24501543.07,39699916.39
168522,19338224.25,1760395.92
168523,47193080.3,67340388.03
168524,73088029.67,65166979.8
168525,290601598.18,636186369.74
168526,97954293.01,65792539.49
168527,361006662.44,34663824.8
168528,69189813.04,442468204.15
168529,244645735.45,96528304.05
168530,8046760.32,13435119.73
168531,336216464.67,54688649.48
168532,208718166.83,59104169.65
168533,195066368.61,29843393.41
168534,342078609.76,107228086.78
168535,3005652.69,20288496.46
168536,61499269.83,322819064.79
168537,112521571.79,75100891.08
168538,29037513.95,46338042.62
168539,3534005.08,60602632.06
168540,9193238.4,42571400.51
168541,178772106.49,232590727.67
168542,2083529855.48,1143363131.62
168543,273951168.57,142126097.1
168544,128688885.15,276743347.34
168545,661477.89,6312991.08
168546,687725.73,5555774.94
168547,1126772.95,5230307.19
168548,15978073.73,5231723.88
178602,4233489.0,1462774.0
178603,8000.0,0.0
178604,0.0,39575.63
178605,1000.0,2195591.18
178606,14000.0,152453.96
178607,667250.74,21111731.16
178608,3209705.02,1062688.09
178609,2785626.87,8746561.94
178701,1297171.9,33894830.56
178702,13702629.5,70166393.45
178703,17996971.99,1811282164.86
178704,14257693.91,330899935.91
178705,3599551.0,41779176.22
178706,658650.0,46161190.25
178707,2584200.36,1473759.3
178708,141244837.95,252393084.2
178709,1081754.53,4890398.78
178710,416385244.07,144656547.0
178711,135982.64,13946277.2
178712,68911.21,29960540.93
178713,1267687.18,6133088.95
178714,1435720.98,9177061.32
178715,318332.0,15674103.07
178716,12036581.57,75128054.93
178801,2231091.84,351358.58
178802,561163045.3,137124008.61
178803,1503970038.4,422145573.83
178804,833537.17,452023.2
178805,3131025.0,536726.15
178901,157413785.5,293004990.0
178902,2000.0,0.0
178903,799700.8,11863687.01
178904,0.0,1465.24
178905,126485.0,0.0
178906,50028296.43,66000.0
178907,172987.0,413496.52
189001,82443831.8,96972944.75
189002,18900309.48,52803163.07
189003,773129.67,18503156.97
189004,2687591.62,41462999.91
189005,67827838.25,11731871.6
189006,30376049.44,17544135.26
189007,1794182.99,2730635.79
189008,1234707.54,424473.63
189009,48398.0,0.0
189010,15369191.4,2991171.8
189011,8479008.42,14283509.41
189012,13651229.48,25765270.81
189013,230632895.75,78917615.32
189014,51562233.56,40603031.9
189015,40181480.57,27265947.34
189016,122780.75,1445165.16
189017,3325599.01,5792759.65
189018,972036444.6,336233243.29
189019,57715799.42,33618688.57
189020,2476288.05,3275822.87
189021,73529659.25,128317332.64
189022,381581301.86,140441576.62
189023,30822682.65,7030116.23
189024,6705145.84,8680224.15
189025,8089394.76,12511535.35
189026,15140405.17,40899395.3
189027,98072918.06,113176606.66
189028,65358038.04,24187036.02
189029,3540085.8,5345046.35
189030,191888958.37,151582384.83
189031,932988696.38,146264700.44
189032,108127051.96,76552914.81
189033,13672747.79,4882234.45
189101,18751508.59,14643346.25
189102,7127184.8,68578344.2
189103,511522.0,249639.14
189104,46669.0,22886.29
189105,960601.28,4401455.69
189106,1755586.54,1813332.32
189107,310559.06,3298359.78
189108,148938.9,629728.39
189109,63739.0,134725.07
189110,150000.0,23332.71
189111,2830935.22,276566.92
189112,14506.0,90608.25
189113,2598837.44,1205600.71
189114,1232214.63,1743499.95
189201,47514.0,1543649.17
189202,168075.41,2783925.22
189205,114846.41,1421519.23
189206,678220.47,1202667.31
189207,31027.22,3557017.73
189208,215655.44,165657.97
189209,97261.89,2217014.13
199301,44101696.46,8536583.0
199302,7042961.82,263319.0
199303,63510974.31,234227.0
199304,19560080.32,2925355.0
199305,76812426.55,25543989.0
199306,250814436.38,155397115.0
199307,3708.0,370225.0
209401,63963779.26,185172320.23
209402,4822001.23,16992715.0
209403,100899023.78,227929554.47
209404,2053834.65,28028261.49
209405,11451763.84,119388857.39
209406,122346989.45,41093069.02
209502,0.0,163735.0
209503,48564665.89,98928884.81
209504,13142138.95,27909405.76
209505,2397134.04,3835335.69
209506,27428121.75,46497767.73
209507,52641.0,1807253.4
209508,849291.76,4995193.89
209601,290476.37,302793.7
209602,79169.0,611592.02
209603,2643456.23,27309874.14
209604,17786.0,50242.01
209605,29472.0,190039.1
209606,140488.0,1108520.37
209607,3864859.0,2843002.63
209608,1951336.05,26568776.44
209609,700370.09,3419434.65
209610,365218.8,955489.51
209611,123111.0,995336.68
209612,451187.52,2193974.59
209613,55564.83,2892350.34
209614,112399.09,807629.65
209615,251774.23,5815959.4
209616,73707.0,3398484.17
209617,139415.0,2347312.67
209618,85475.0,1333000.98
219701,19005169.61,30238436.79
219702,2314195.48,2321125.08
219703,7512464.48,18990404.84
219704,1210152.0,1432618.13
219705,1098076.99,505514.15
219706,1557159.1,5088308.82
