010101,950920.39,4770134.0
010102,63170.81,252906.0
010104,118658.43,0.0
010105,30061.0,1366785.0
010106,11325871.77,39479719.0
010201,978936.19,678882.28
010202,91020.72,221551033.67
010203,203567.66,20900.0
010204,422037.36,7155070.65
010205,2047.0,0.0
010206,525956.29,11289105.93
010207,4099523.94,41252995.74
010208,544114.98,0.0
010209,329898.0,0.0
010210,70318.63,36584.0
010301,139685.9,24311.0
010302,20020137.97,1823710.54
010303,1260884.47,6096527.87
010304,679632.25,49560276.7
010305,1133255.33,43522.62
010306,615111.36,18964134.49
010307,6952714.64,12053231.11
010401,34881216.52,256571.45
010402,8248551.13,32575233.39
010403,1497074.32,363845.0
010404,2416878.38,15076686.18
010405,14991054.16,55381998.06
010406,392191993.31,42520034.66
010407,366052.0,0.0
010408,352035.38,558340.98
010409,1802460.85,0.0
010410,93328.0,88008.0
010502,32589.0,498556.65
010504,25553102.81,35587712.39
010505,37259.0,0.0
010506,2021700.58,0.0
010507,1214045.95,0.0
010508,10875.0,68773.38
010511,65380.96,186598.6
020601,9117823.4,1168395.69
020602,5921129.73,1611068.25
020603,4414479.92,1067533.27
020604,3056904.98,133088.32
020701,339930533.0,63001468.0
020702,9268570.33,0.0
020703,112932060.56,2294808.97
020704,2077266.03,0.0
020705,9063941.63,39787.0
020706,2271835.71,0.0
020707,729686.49,0.0
020708,61827390.2,4228698.0
020709,56428542.44,487205.2
020710,103931154.88,4033607.05
020711,18534609.35,34172.59
020712,70134821.64,1068076.2
020713,115005468.59,282027720.35
020714,6572615.34,123576.71
020801,140592.5,903122.54
020802,1318025.26,22973844.48
020803,3415344.57,269201.96
020804,21905307.04,5530594.53
020805,448744690.39,617508.0
020806,119797047.34,1925338.62
020807,10991762.48,338869.22
020808,185368.35,10981386.58
020809,5744977.39,873924.82
020810,72710779.07,2006942.03
020811,30224019.28,1565756.46
020812,571299.05,1462456.0
020813,575555.42,6104568.98
020814,243724.89,0.0
020901,16833980.23,56593421.77
020902,22452698.45,217425324.86
020904,3486614.2,28594319.35
020905,1112108.53,7143.24
020906,276232.47,1018077.67
020907,24927.09,648403.3
020908,35120.0,967073.0
020909,19752525.99,25721194.71
020910,6808058.68,8411047.84
021001,4235619.21,2751438412.64
021003,28591899.57,9000.0
021004,17145.0,610571.0
021005,3155818.44,301586714.63
021006,230229614.47,1456226.38
021007,1170632.4,310321.0
021008,2207784.59,1824949.99
021101,6784419.25,979426.7
021102,1303341.84,1196888.5
021103,1749808.7,18896829.21
021104,2628980.27,267272.1
021105,7481268.71,76901.06
021106,77566.65,515955.0
021107,3010309.3,256298.49
021108,1766815.41,4553993.56
021109,1168555.0,992309.75
021201,951050.88,187103252.85
021202,37882102.87,6414319.44
021203,3012660.91,226538.69
021204,406564.75,323880.84
021205,1768.94,0.0
021206,4905640.5,6792731.2
021207,18905670.41,2515246.58
021208,1028121.91,952052.6
021209,41511181.77,56989377.55
021210,176205.0,118896.71
021211,48811013.68,4078576.59
021212,8255050.54,7405332.09
021213,1190025.37,0.0
021214,16514120.06,8130286.0
021301,1853746.3,2461852.68
021302,55379990.62,8660900.9
021401,153388.04,24097.46
021404,1644811.11,238651.58
031501,4793.84,0.0
031502,21976.64,0.0
031503,4941811.0,0.0
031504,148952.0,43051.05
031505,30102.0,132126.09
031506,535101.68,0.0
031507,29890336.54,486117616.19
031508,232846.59,459371.21
031509,7996376.69,2423223.64
031510,3346286.0,373413.96
031511,19216763.24,411924465.13
031512,69383924.82,135653972.65
031513,6930709.59,12420.57
031514,431054.68,91988.0
031515,32671198.71,68467229.72
031516,11875638.31,4232839.23
031517,5668635.04,3178275.46
031518,49580804.11,2431109.7
031519,231865.3,998477.66
031520,20231.9,2048057.92
031521,79065.26,222496.68
031522,20847.0,0.0
041601,44269.82,374913.0
041602,2076724.59,14190847.44
041603,0.0,73202.21
041604,182910.11,1827452.87
041605,10211.0,7178888.09
041701,29652710.02,321119617.48
041702,4892187.45,10315124.77
041703,57707759.86,694584.88
041704,35791230.06,8056152.53
041801,100192.0,0.0
041802,0.0,1114392.0
041803,13258.0,807466.6
041804,1522.0,37315.56
041805,19616.57,789906.01
041806,30130841.86,6726327.35
041901,3079449.55,3413634.14
041902,28623792.69,7347045.25
041903,102849.31,3956.43
041904,7213513.62,2704178.95
041905,28660157.65,14983793.82
042001,12068466.71,447554.72
042002,11327010.73,2948022.45
042003,82969.77,4017260.08
042004,33049526.65,2519692.44
042005,54126623.37,5121059.0
042006,1688202.29,53670.92
042007,26328056.13,7036747.91
042008,6149770.04,14299587.11
042009,43801505.5,16258927.66
042101,33759201.0,12485825.91
042102,1922366.11,2151349.34
042103,25653695.54,5152348.69
042104,25189656.55,384940.71
042105,562484.72,313758.24
042106,109098981.76,44825281.49
042201,1010201.12,1583991.62
042202,22286412.86,8681476.18
042203,9874858.1,39693.62
042204,349197.0,643906.68
042206,36984.44,0.0
042207,31961332.19,59512.53
042208,965979.0,11194091.11
042209,36761.01,13602.38
042301,113738.44,14928706.94
042302,930438.68,5315963.1
042303,70783769.84,70147814.0
042304,760752.46,35982577.0
042305,501148.0,0.0
042306,29183487.95,0.0
042308,2017434.29,9514.21
042309,5969911.91,25865935.49
042401,464546.31,103219231.71
042402,764257.0,44596776.49
042403,33258611.95,188988900.0
052501,36308086.19,2582534.2
052502,0.0,4445.45
052503,6194834.77,3804775.59
052504,116794.95,197115.8
052505,45100149.83,1535194.55
052506,11522140.97,43989.92
052507,1772269.83,7199207.08
052508,16361993.32,11483364.18
052509,254267.98,260134.34
052510,289265999.85,281004.42
052511,389043.83,955530.24
052512,0.0,19638.29
052513,53566.34,306848.91
052514,42590.0,10000.0
052515,200974051.75,26847949.76
052516,1956611.73,1369438.47
052517,1689350.49,1611289.03
052518,315487.67,23078.98
052519,0.0,7744605.83
052520,6638749.96,790981.08
052521,1038905.29,6971.56
052522,219800.41,500168.77
052523,209185560.39,15292729.01
052525,7670.31,13271.49
052526,6950122.11,712353.96
052528,111360.36,2000.0
052529,129159.71,2846490.84
052530,410631.46,4158556.69
052601,189474.0,334640043.67
052602,9992796.69,9415617.33
052604,141860.54,0.0
052606,151147.08,7552915.53
052607,0.0,38741.0
052608,6153.47,0.0
052610,88068.51,12642.28
052614,854131.09,196369.37
052615,0.0,2889624.7
052616,12105.0,0.0
052618,0.0,6761.11
052619,5072442.0,0.0
052620,1719196.59,28970.01
052621,3675064.99,220816.0
052701,24039412.28,53278758.14
052702,2383911.0,0.0
052703,13511.49,742545.78
052704,216967198.41,12296666.63
052706,1497690.75,19046.09
052707,10752246.84,115323224.91
052708,1909605.37,18043.0
052709,3510745915.49,252084458.78
052710,4716203394.7,2478658141.07
052711,5925057979.75,724934382.88
052712,102379116.36,5371651.35
052713,102788392.17,27466920.15
052714,66103670.96,312583.0
052715,28788539.49,238324.22
052716,88977239.01,3951444.77
062801,2895312.63,0.0
062802,3163102.18,724388.99
062803,282168133.26,3138385.9
062804,4620127.3,5003389.44
062805,187241.0,110683.0
062806,461605.97,95092.46
062807,13470294.64,72541.86
062808,662298.0,10000.0
062809,67686.43,17724122.91
062810,1083.98,140722.53
062811,3193706.2,4786999.55
062812,4998136.75,783617.62
062813,126528.0,0.0
062814,68595786.46,8726.96
062815,66821079.54,3237250.56
062816,7298.82,56603.4
062817,139912.5,6169428.82
062818,473542.37,103249345.99
062819,0.0,52637.76
062820,22715.79,541487.95
062821,585030.17,2106380.26
062822,0.0,144117.63
062823,344902.0,139607.05
062824,5319698.0,16753106.38
062825,281152.0,2856660.8
062826,839956.05,2953070.03
062827,585703.75,5621135.05
062828,3318527.23,263264.88
062829,559785.4,841955.58
062830,82775.93,2788200.13
062831,3442.59,1436070.07
062832,140322.68,1540046.19
062833,1104834.35,10226152.32
062834,16996677.52,1334598.37
062835,10696680.03,31943794.1
062836,12228290.11,35303032.59
062837,146348.0,289645.82
062839,2070790.7,859526.09
062840,1233.51,5288982.83
062841,13956.0,582499.41
062842,9835.0,778393.45
062843,0.0,11510861.71
062844,33498.0,1849171.66
062845,0.0,4990.9
062846,13719.0,198080.0
062847,39327.01,1149914.64
062849,0.0,2266574.16
062850,3656.0,16000.0
062851,228934.0,289851.06
062901,3000332.47,7727311.16
062902,4023019.52,1600121.85
062903,1096395.83,18356786.85
062904,3812573.23,4132557.51
062905,3401078.14,45371928.27
062906,0.0,1699817.91
062907,373242.23,3331746.65
062908,2372301.0,195899.05
062909,253369.51,7061740.67
062910,68287.0,35000.0
062911,0.0,9404.44
062912,2865296.36,7183708.82
062913,0.0,281545.0
062914,10940443.8,5374198.94
062915,234231.94,34000690.23
062916,74885.08,10748807.56
062917,3785.26,3261454.54
062918,137386.8,16257199.81
062919,0.0,209628.52
062920,43479.0,706526.76
062921,54703.0,2958985.57
062922,2461804.58,38383447.12
062923,309386.33,3694865.39
062924,209873.0,5296183.86
062925,0.0,1542791.38
062926,312761.8,2384887.33
062927,0.0,627082.21
062928,13544.0,364697.28
062929,849256.04,11679815.11
062930,585275.0,8086313.76
062931,413903.0,2922749.95
062932,1150114.0,17670119.97
062933,7070758.32,50141754.11
062934,26907.0,7827623.05
062935,301869.0,15738477.27
062936,112984.52,14186896.18
062937,106330.0,17214832.84
062938,86291.0,2893852.18
062939,733101.0,10653500.89
062940,1021247.46,1188240.64
062941,4834536.0,93044618.03
062942,1571887.27,9366223.49
063001,673383.0,2648456.06
063002,2888442.0,170515857.67
063003,13704713.77,28490536.66
063004,185853953.24,587755309.9
063005,23451365.43,4809621.52
063006,758095.0,31687001.42
063101,88531719.36,769967.09
063102,1251101073.53,4437432.17
063103,396199121.18,694973.62
063104,2560075.07,47739681.55
063105,22959546.7,21072321.55
063201,29802.0,945918.37
063202,1914073.9,1343296.52
063203,395004.0,546011.74
063204,1795320.09,77705995.82
063205,519908.7,212860.71
063206,3463721.09,71769371.58
063207,1756006.74,167096991.29
063208,24007172.55,33295428.52
063209,4550275.35,8019753.37
063210,27069371.03,2292636.91
063211,297939.72,3001632.03
063212,994723.06,3706949.02
063213,597168.44,635249.27
063214,3148055.54,2716041.02
063215,1880362.61,29996799.23
063301,26517911.28,7996779.85
063302,36693786.55,92595585.88
063303,288396.09,45833542.12
063304,6305874.86,18424394.0
063305,25525591.18,11759329.31
063306,26462959.51,685447.42
063307,11615477.83,7408344.97
063401,85780155.61,23000974.37
063402,128793679.49,100279719.0
063403,8357422.33,12987275.48
063404,564869.02,4081772.21
063405,1573805.7,2239536.84
063406,201942.69,816364.95
063407,169785.0,531093.31
063501,172180.0,1251270.83
063502,10443.0,1018206.72
063503,952840.05,5198732.5
063504,88137.05,5913860.0
063505,891363.52,6912482.83
063506,7839106.42,31038645.81
063507,21828.0,12539645.08
063601,72771.0,0.0
063602,2330605.0,0.0
063603,146514.0,993781.0
063604,9882.0,74580.0
063605,368796.89,101813.38
063606,94951.74,14367.58
063701,936668.37,15101455.22
063702,48058.0,2490971.53
063703,668667.0,774361.38
063704,26435.0,75873.0
063705,17371.0,336819.1
063706,746366.28,965906.77
063707,21906.0,2243487.07
063801,10128189.77,1916209.4
063802,25852700.14,6619314.65
063803,1392.67,0.0
063804,213688.2,1668741.86
063805,137679.0,227034.22
063806,125833.03,7521764.26
063807,673623686.0,0.0
063808,8389926.43,45403683.28
063809,1906219.58,20151096.44
063810,152363.31,1657993.67
063811,1976308.39,39966661.23
063812,12487.0,8881637.85
063813,226167.0,6038365.98
063814,12094596.63,4086589.7
063815,189449.77,18482875.43
063816,1571081.26,16928597.54
063817,3787005.22,5330547.1
063818,52199.0,3106.0
063819,563269.66,527771.35
063820,165734.42,1602388.61
063821,0.0,363417.71
063822,550632.5,29861647.73
063823,70020399.61,184776902.53
073901,233913058.68,485956969.7
073902,48783076.25,230437095.44
073903,2815021.49,95756009.14
073904,71169646.91,120967768.66
073905,14342094.54,11168432.96
073906,3423475.92,64647702.63
073907,32833758.6,197381887.21
073908,119656.57,2214184.99
073909,23522069.17,41677534.1
073910,726817.01,4255445.39
073911,749739.89,9989280.72
073912,1046918.12,26277474.54
073913,665878.0,1841407.75
073914,190629.0,3024255.94
073915,25854346.74,614701.0
073916,1763721.18,3033074.41
073917,54051539.77,59765448.98
073918,1168470.99,6902280.55
073919,17161725.45,38209332.9
073920,54129980.33,105303739.07
073921,20262264.87,59434403.36
073922,128692371.8,8902949.01
073923,36365348.25,66054207.45
073924,5236537.84,14192808.75
073925,3376828.61,7706215.18
073926,74324919.81,104664294.28
074001,1896772.16,2869865.92
074002,768342.79,17018930.3
074003,474994.24,226026.26
074004,3180866.56,68787.0
074005,1263789.84,5145171.59
074006,82188.59,184225.49
074007,1855.0,198339.2
074008,1297461.87,4355101.54
074009,544419.14,20543416.97
074010,170634.38,14332942.07
074011,82544243.54,241097020.85
074012,182612.05,3260348.89
074013,242113.35,18586766.07
074014,193274.0,2569884.54
074015,132782.0,8495043.51
074016,2116402.23,35131838.37
074017,9756497.91,713805.14
084101,3389875.14,11234119.92
084102,1594378.48,96609.19
084103,704958.71,340627.66
084104,125957416.6,6067995.47
084105,9881591.46,367983.69
084106,3737715.81,93432.93
084107,3927565.87,1413564.0
084108,5432.0,19711.0
084109,1228994.0,82055.0
084110,0.0,2911.62
084111,243732.0,150534.59
084201,59459.79,79030.62
084202,4214042.63,47385473.19
084203,712737.0,5944197.78
084205,5872768.82,867073.33
084206,1428671.0,63680.0
084301,33219.0,0.0
084302,1681724.0,41810.0
084303,16260.0,125156.64
084304,0.0,86778.95
094401,1024678.96,14462.08
094402,15641647.17,194765.74
094403,355927.1,24551161.12
094404,158202.18,1107955.59
094405,9043.83,10273.39
094406,24474.06,58653.2
094407,1045301.83,61130667.1
094408,465416.65,9288520.12
094409,1315410.67,921426.23
094410,3346106.51,2360240.87
094411,2917817.64,25280502.76
094412,1645964.93,57705197.12
094413,207962.81,596949.5
094414,621903.79,219336.71
094415,756761.46,586621.98
094416,0.0,2064.0
094417,91684.02,612146.32
094418,2343495.89,9112218.66
094419,85862.35,535001.29
094420,992948.37,948907.09
094421,10711014.83,6073439.43
094501,99166.0,1000.0
094502,9254.0,0.0
094503,200930.0,91468.0
094504,126377.0,138630.84
094601,494236.04,215895.11
094602,1472471.74,288651.09
104701,0.0,716382.89
104703,231803.98,24389634.0
104704,0.0,2497110.12
104705,0.0,32530084.12
104706,71591.67,1283023.66
104707,3166115.0,1143183.34
104801,6178.49,26408837.17
104802,30760926.85,65412761.55
104803,53896336.75,6664853.48
104804,4735271.23,98455146.26
104805,4738460.17,38695365.98
104806,58373.2,1455039.63
104807,6639.0,369711.67
104808,7111476.86,5436560.69
104809,3615625.47,5924692.51
104810,3755555.31,69085882.15
104811,11105902.09,83490142.17
104812,4375062.0,579421.2
104813,24464.0,7524794.73
104814,242944.54,1609013.42
104816,927834.62,138765.6
104817,1411585.1,817730.78
104818,232625762.89,30539196.91
104819,42672301.43,34204601.1
104820,13493758.07,3893606.67
104821,630711.11,20861390.51
104822,81720.97,311837.28
104823,6028314.45,18382786.58
104901,40630082.72,49330405.38
104902,1931652.98,4299396.25
104903,115328.83,25054.46
104904,2044.0,0.0
104905,26334.0,402935.18
104906,27133.0,1732621.21
104907,164860.0,4731415.08
104908,47323.0,5889678.7
104909,178861.41,550578.83
104910,911950.88,805820.77
104911,1289819.67,27155930.72
115001,1682.0,0.0
115002,0.0,1095944.0
115004,308966.0,376689.0
115005,0.0,108236.73
115006,0.0,15136.93
115007,47765.0,970969.87
115101,2323424.42,2461908.64
115102,30341.0,95964.0
115105,187263.0,7763547.13
115106,1604034.0,2600505.33
115107,92698.0,201663.92
115108,182754.0,54623.0
115109,1277562.0,81264.61
115110,40081.0,1000.0
115111,2262641.03,3402471.99
115112,526820.0,22101900.65
115113,0.0,97651.69
115201,221515729.37,130041870.96
115202,1389562.32,1596486.56
115203,2673284.68,38836.06
115204,5024692.07,18431388.86
115205,159808214.46,417918613.97
115206,1723454.57,5562671.34
115207,1416912.86,524254.01
115208,48354808.49,38745321.07
115209,5998414.01,121123452.68
115210,1276179.42,5483289.64
115211,311127.0,14734283.83
115212,151579.0,11056385.12
115301,23718927.49,2598257.45
115302,429846.09,99824.42
115303,91253.32,1083557.93
115305,55526.95,1497171.38
115306,10402384.96,1169340.03
115307,7176.0,2019673.49
115308,72433.0,25684.62
115309,109114.0,3150802.27
115310,1704012.39,2551889.92
115311,0.0,216809.26
115401,3796288.18,10530259.34
115402,9324989.36,260083600.1
115403,428417.0,12470382.29
115404,2575739.98,10723588.05
115405,13542056.74,884473.39
115406,7469550.71,741085.44
115407,17829195.85,168614450.01
115408,3889134.34,7999848.29
115501,43900589.95,49759811.75
115502,0.0,7065979.3
115503,9956728.41,37231874.81
115504,899690.28,6350353.56
115505,1016039.71,2314587.55
115506,7637258.31,3854587.26
115507,87090.0,598667.54
115508,2320208.61,10195336.02
115509,24402368.0,56893894.86
115510,4845482.0,1439996.21
115511,9025.0,60633.0
115512,936409.0,35844523.24
115513,2164213.0,11513995.64
115514,3085505.36,10992111.36
115515,816183.93,15651743.65
115516,1122157.0,10095420.51
115601,8087667.73,3370537.72
115602,337549.96,1166776.16
115603,2463213.38,34574824.85
115604,2080954.77,5599493.57
115605,796033.0,2258500.64
115606,62378.0,598650.29
115607,2484706.84,1996654.61
115608,153048.2,1382094.62
115609,210436.0,429192.78
115701,50579842.25,16651984.97
115702,140606070.21,11448178.32
115703,126593868.88,17108200.53
115704,6240501.34,1122707.87
115705,19005965.14,6741565.73
115801,421405.0,21259760.29
115802,294697.0,1042562.73
115803,13801.0,26965.0
115804,1205226.06,2269066.11
115805,20560.0,738676.91
115806,937720.33,12777851.47
115807,101824.0,6907398.73
115808,501846.0,1846076.69
115809,170773.0,38858.0
115810,183082.83,11451147.01
115811,136592776.78,1897358.58
115901,12173.0,1424874.63
115902,22529516.0,1636764.3
115903,401000.55,34144547.13
115904,31650.0,507582.0
115905,48670.0,24880.0
115906,370589.0,1090148.39
115907,65695.0,3686703.18
115908,5305.0,100081.82
115909,50106.16,2540085.04
115910,28039.0,875421.33
115911,104644.0,5382054.84
116001,6316277.0,11349120.65
116002,8773081.88,58101572.43
116101,8805361.77,532685.71
116102,32286602.44,346676.69
116103,56985889.27,85387135.17
116104,83346990.21,85947112.66
116105,91441242.48,2975120.49
116106,23130675.86,2551067.3
116107,96104743.3,1565177.54
116108,56638954.11,51997495.75
116109,229343682.59,22317247.46
116110,182624808.45,16750385.21
116111,30732587.47,2088299.42
116112,3482682.38,3960762.4
116113,1576856.13,658767.85
116114,6627949.02,6334679.68
116115,2933571.28,14971760.75
116116,43999.32,1743735.23
116117,479859.77,5895357.82
116201,2325891.03,14861323.63
116202,5850548.32,4522066.84
116203,421877203.11,70297249.98
116204,326786526.56,53842913.02
116205,80772456.18,8850693.45
116206,11450183.44,12953511.74
116207,19380041.19,4618620.38
116208,6033298.66,26010577.36
116209,17462948.62,4131175.25
116210,15839771.66,11656564.67
116211,5772197.94,19180710.31
116212,1019287.55,9630939.81
116213,1958640.0,60171.0
116214,624193.96,13277675.85
116215,35254.0,2127950.3
116216,61844.38,371404.18
116217,1355157.84,10173475.4
116301,2688124.18,12236667.17
116302,248818116.29,32926929.63
116303,1881039.06,4076621.87
116304,5385268.3,6916797.78
116305,21482616.1,4483117.67
116306,494965.87,722024.02
116307,3386716.65,5211191.65
116308,4515438.08,185701.62
116309,479182.31,3269271.75
116310,309452.06,1116035.89
126401,521676.0,610818.14
126402,1137897.4,40580014.15
126403,18830392.39,18464825.62
126404,1392042.72,10571571.14
126405,1478484.96,6743074.38
126406,6520675.59,24496527.01
126501,0.0,28674.0
126502,4195.0,9253.0
126504,3407.0,82155.97
126505,721089.99,4476300.93
126506,60236.0,2309285.34
126507,0.0,11443.23
126601,242625.0,1219907.96
126602,45198.0,92412.75
126603,6825.0,9973.0
126702,125180.0,5142685.55
126703,0.0,116343.8
126704,0.0,376970.53
136801,14755219.96,58694.91
136802,91737323.16,17883419.86
136803,61798.7,234104.72
136804,101948.0,11701142.19
136805,176428.04,5904333.27
136806,2418294.76,5891279.07
136807,91952585.88,372250.99
136808,780339.21,73277.73
136809,461464.25,9575225.91
136810,13683786.7,1678266.78
136811,1474166.88,397066.2
136812,131852.0,498036.43
136813,1001822.82,2679567.45
136814,55000.0,98753.68
136815,14857099.22,11982358.84
136901,580967.06,309473.38
136902,10792083.59,62393702.8
136903,655929.23,13294065.99
136904,3820590.02,1351524.7
136905,389571.43,318920.69
136906,1249140.83,320441.0
136907,50360961.11,4240992.31
136908,211853179.67,6703873.24
136909,888135.83,5481370.91
136910,102903321.24,2427469.02
136911,6336870.56,12162192.94
136912,333185.27,1092490.59
136913,888900.21,4907991.61
136914,4526366.52,6784878.91
137001,205093.09,1236835.0
137002,930729.0,6768525.88
137003,11133419.68,3460385.85
137004,77376.51,951140.78
137005,4603179.1,22309349.65
137006,854148.54,336966.89
137007,17005800.08,6226670.4
137008,279706.0,532476.15
137009,4308277.9,6073715.1
137010,36212236.48,22711198.55
137011,4186793.61,980598.21
137013,29714154.33,75493208.05
137014,256384.0,125378.87
137015,16644.0,72855.19
137016,194992.54,1407939.53
137017,1895448.0,1648130.51
137018,184616672.62,3654326.07
137019,7513869.8,43764285.06
137020,11392336.52,2253135.68
147101,4997.0,0.0
147102,282011.0,4062046.76
147103,766193.0,234358.0
147104,108141.0,54782.0
147105,120464.0,7425.0
147106,185439.0,3798060.7
147108,15245397.0,822067819.54
147109,20688.0,0.0
147110,103141.0,724210.0
147111,3507.0,0.0
147112,34454715.0,0.0
147113,4626914.14,11838287.44
147114,118240.16,397742.0
147115,101576.18,24907958.61
147116,3416.0,60869.37
147117,1345103.0,6848854.41
147118,2870.0,19274197.0
157201,288379.54,756821.18
157202,38686165.0,40960161.04
157203,4794368.63,69276655.14
157204,40563934.98,1115380566.44
157205,12861622.55,4899063.77
157206,1041082.99,495516.98
157207,18809556.61,258626271.77
157208,982712012.9,404080991.34
157209,53610253.11,66219098.08
157210,130593097.71,172118821.27
157211,20027447.82,12148077.8
157212,13034811.7,16431297.9
157213,58264727.98,8136029.32
157214,98807215.18,52676026.49
157215,31757835.13,10684814.62
157216,110154048.18,89333519.08
157217,31738259.91,26404351.49
157218,3381333.81,7033.0
157219,1649559.0,60667441.46
157220,1565924.61,14552119.83
157221,160261.0,157566.2
157222,570002.54,6327960.09
157223,10545296.0,659290.68
157224,7621976.75,513116.0
157225,958491.89,40632752.55
157226,1127490.33,1987401.08
157227,59569.0,371360.59
157228,65622098.01,27295661.43
157229,2694473.42,3116955.62
157301,7025487.69,3092707.05
157302,1449229.91,2541265.8
157303,2506843.95,27293559.53
157304,15949990.96,306509151.82
157305,4115879.17,98289582.73
157306,6057516.27,148881145.56
157307,7417621.94,135542802.32
157308,146295584.84,128145550.71
157309,3810520.85,6620965.17
157310,13138575.15,9767912.43
157311,797860.74,25811153.31
157312,10980993.67,35940779.73
157313,1403694.4,51777.99
157314,3452160.5,11452991.44
157315,363391.0,6110348.83
157316,3996.0,910406.05
157317,5560251.01,4968037.63
157318,4372277.78,71473655.6
157319,70175.95,678061.9
157320,297784.95,2839804.74
157321,63416551.09,42290869.69
157322,25100.0,506812.82
157323,18375340.6,44324769.4
157324,24395568.09,10954078.49
157325,13577217.18,3556787.7
157326,85189123.74,305023492.47
157401,225049.46,0.0
157402,739876.35,17014.0
157403,11009534.17,139689350.16
157404,31813079.85,563591.29
157405,7000.0,1170.0
157406,6443.0,2161037.78
157407,22849869.54,18376440.16
157408,771508142.83,6570597.38
157409,570124411.11,23957487.88
157410,5326.0,22728645.01
157411,869809.0,38157080.73
157412,489752.0,8819517.01
157413,5098569.0,325867.95
157415,1132329.0,1260767.49
157418,238757.41,1765504.59
157419,4774345.4,2693545.83
157501,64876.0,1608.0
157502,0.0,1745678.61
157503,459164.31,155430.0
157504,0.0,7009.8
157505,282052.0,168879.93
157506,190622.0,149575.72
157507,228513.0,18574.0
157508,85825966.72,705044.25
157601,192857721.11,12894345.66
157602,578508.61,1031686.4
157603,182815753.38,338841.17
157604,139246282.56,52101784.17
157605,51687962.2,16914468.29
157606,199966729.86,32914977.1
157607,2774413.2,66197815.58
157608,5006906.29,3929799.15
157609,467935.85,967432.87
157610,3636666.14,7075810.73
157611,248600.0,0.0
157612,2481788.03,15784298.08
157613,115857.0,908292.49
157614,3944153.48,613023.09
157615,14676107.49,7184277.49
157616,31318105.15,11160393.76
157801,1290993.17,18719683.77
157804,224714.72,1339.78
157806,124376.79,552197.33
157901,575394.24,8424344.06
157902,685983.08,0.0
157903,185857.0,1066875.55
157904,54544.0,0.0
157905,20188.0,23454.24
157907,406607.0,2486035.44
158001,6777.0,438867.0
158003,0.0,279163.88
158004,329457.28,0.0
158007,199046.0,24734.27
158101,91943.0,299730.37
158102,0.0,557886.19
158103,10716.0,167418.0
158104,25425.0,8066148.15
158105,0.0,3840.97
158107,2309.0,0.0
158108,0.0,162070.68
158110,0.0,330558.26
158111,753391.79,1450781.61
158112,1911814.0,617415.0
158113,77300.0,10394.0
158201,50213.48,2007076.23
158202,184489.0,6922087.93
158203,80462.0,2928694.47
158204,166244.0,4112942.48
158205,1221068.83,16111513.37
158206,49718.0,759931.93
158207,2850421.3,57881395.21
158208,259430.0,5594191.29
158209,0.0,502031.35
158210,2726.0,4335144.55
158211,363087.0,3803884.21
158212,15299852.67,6610918.94
158213,3288.0,1184792.77
158214,61837.04,1816125.36
158215,2076213.15,16979723.7
158301,9980200.44,28275277.16
158302,6081710.32,58204526.27
158303,206414.0,2752406.73
158304,64813.0,404557.67
158305,32573.0,3495563.36
158306,523701.44,2298306.15
158307,17329963.0,3670648.8
158308,2343328.86,7165216.78
158309,339940.0,35982408.69
158310,43960.3,6371966.84
158311,1113062.1,5933312.72
168401,89395.46,5051.0
168402,27174817.0,47763717.02
168403,1411750.0,1296402.69
168404,151134.0,3716268.15
168405,4616.0,7367002.28
168406,515491.0,51681949.53
168407,450490.0,39308613.52
168408,2841763.0,67349129.67
168409,2506854.13,90365849.61
168410,1759.0,217757.19
168411,67411683.0,475076912.06
168412,4519493.13,23553066.95
168413,5543973.32,325268392.58
168414,19332310.53,297477518.29
168415,108283577.55,107372300.4
168416,3389875.0,21001262.62
168417,28572101.01,65035036.69
168418,112669697.39,153288408.52
168419,33288180.59,207926812.33
168420,236990.0,8776138.37
168421,17025000.57,236355711.05
168422,3037378.92,229054911.98
168423,255022.0,11617497.96
168424,2792939.36,73753020.39
168425,649078.07,15700325.17
168426,2291913.61,97698871.85
168427,2065632.0,17952506.5
168428,3368521.57,47969680.84
168429,12954119.16,109975202.04
168430,4479725.92,126234486.01
168431,29717033.12,443685153.69
168432,371891.06,3148367.78
168433,2188682.09,17673999.31
168434,72637.0,2217940.36
168435,67336.0,2648568.6
168436,2751597.27,25507547.43
168437,82600.0,17524057.04
168438,1365936.6,92310787.61
168439,119967.0,37228526.96
168440,57717.94,4962774.56
168441,307363.39,55316400.3
168442,364339.56,4052463.82
168443,4690715.18,165204250.1
168444,3262.0,1721163.57
168445,174650.0,25474235.16
168446,319146.0,14517275.34
168447,273559.0,18276304.25
168448,382974.34,51236567.6
168449,5532.0,808887.68
168450,9458281.9,81598326.66
168451,7245315.62,40233427.98
168452,1286953.4,22322141.56
168453,119305.0,3174147.22
168454,647579.0,6951115.11
168455,937025.13,68369034.85
168456,21951.0,5012886.53
168457,1877.0,1360933.35
168458,318662.0,9165483.3
168459,136231.0,5106092.74
168460,317576.0,4883093.79
168461,573361.0,5908195.77
168462,681871.84,52366932.76
168463,240454.0,16394983.13
168464,474577.0,10646061.78
168465,333579.69,10384000.02
168466,1566257.28,33914559.53
168467,219300.0,5252510.8
168468,37743.0,4960813.56
168469,11681.37,11359.95
168470,144688.0,5704234.26
168471,8921548.53,296192274.62
168472,1073860.0,4696248.29
168473,9837758.36,187241159.13
168474,4305027.2,224911577.66
168475,135078.0,17516209.32
168476,15570.0,759859.51
168477,1655712.47,120419300.45
168478,443745.0,29730218.15
168479,6741596.12,328655906.49
168480,9658015.85,47315087.51
168481,27654165.23,449061013.44
168482,291780.0,30671900.18
168483,2069542.02,83150942.3
168484,285391.0,11513277.83
168485,19320225.35,36142754.06
168501,4774891.57,176517849.42
168502,12633736.51,210148779.76
168503,1228817.39,45603331.54
168504,10657391.44,233309809.92
168505,24747.0,3115061.68
168506,14545609.9,9256459.4
168507,23217765.59,49100711.61
168508,169084.0,18032417.42
168509,3307482.1,40134198.82
168510,4066262.0,1277464.35
168511,1557738.0,13279130.79
168512,266034.43,23321701.74
168513,146932.76,5201272.45
168514,62949.0,32427974.76
168515,658145.61,28363537.93
168516,58451149.51,80328096.45
168517,12556404.04,642818921.39
168518,436172.66,26834452.23
168519,44472.0,12497718.39
168520,0.0,13399.0
168521,86307.0,5172804.55
168522,245863.0,1903446.26
168523,1945688.78,25894914.16
168524,1092060.65,39119008.93
168525,1845427.51,354131020.41
168526,150725.0,8398433.42
168527,39177.0,13483136.66
168528,16579865.64,85161851.16
168529,2999289.15,125230450.24
168530,418393.0,995663.06
168531,1076637.0,24769091.07
168532,991207.0,10447838.66
168533,23594.0,2188751.13
168534,100790.0,3859148.11
168535,5853179.01,31423443.62
168536,16331756.59,198083648.19
168537,17432619.61,99487371.74
168538,15298947.8,45314277.85
168539,4048048.62,52715020.03
168540,772207.0,46092500.04
168541,4810101.01,7550099.88
168542,17656468.38,30610289.06
168543,1976513.82,45956923.07
168544,644714764.31,155343677.08
168545,12968952.21,29744693.07
168546,1155388.77,4458287.45
168547,3079166.0,9439823.29
168548,3883384.88,3930784.85
178602,0.0,698000.0
178603,8969.0,0.0
178604,32056.0,0.0
178606,0.0,2070.0
178607,319102.19,17555575.74
178608,28534.0,60367.54
178609,2235782.43,2196601.34
178701,5529376.78,166426142.82
178702,116996813.05,18736721.83
178703,19134357.08,727950214.06
178704,15921561.0,120807700.21
178705,2450206.0,143828267.77
178706,43431.0,101690616.2
178707,826250.0,13145961.97
178708,58111858.82,749933911.9
178709,3566694.32,9561118.01
178710,1753882.0,139377043.0
178711,143429.0,84445306.95
178712,159660.68,3326441.26
178713,3459.67,1178791.91
178714,344759.0,52885926.37
178715,2793.0,2376190.11
178716,32329478.66,65582126.7
178801,219112.0,3432.0
178802,30012288.0,44735494.0
178803,3158315.0,161440715.47
178804,345852.0,75000.0
178805,0.0,278447.0
178901,70576381.82,3256195.0
178902,3156271.7,0.0
178903,6018561.66,39644504.69
178904,3991031.0,0.0
178905,189856978.0,432869.0
178906,0.0,192044.39
178907,14854.0,5025958.83
178908,109678.06,0.0
189001,36960.0,7712027.92
189002,2925888.07,1520379.9
189003,155797.0,6078845.34
189004,107041.0,13733294.53
189005,112639.0,3007071.02
189006,55401.0,1809264.46
189007,108223.0,1309489.47
189008,11321.0,372117.1
189010,364084.0,3833702.48
189011,73278.0,4421276.89
189012,1019.0,123083.0
189013,350271.0,5606793.8
189014,1314935.0,14995727.05
189015,3774065.0,45008029.87
189016,11502.0,528128.07
189017,144545.0,4643614.89
189018,28271537.79,228340235.76
189019,181781.0,10038326.74
189020,43672.0,3038050.63
189021,10912258.31,30987425.3
189022,794088.0,65614147.33
189023,521330.52,14215480.28
189024,96876.99,6588180.27
189025,114200.0,8079457.9
189026,1098458.93,39838314.83
189027,1354450.0,60194376.07
189028,36311062.53,43464848.91
189029,60387.0,3212049.79
189030,2847742.0,24851806.39
189031,2998365.8,31959830.06
189032,6610112.12,66514914.4
189033,288666.0,2516996.82
189101,996580.0,16262208.39
189102,95186.0,25691982.73
189103,13166.0,81659.3
189104,0.0,6703.09
189105,41733.0,2782839.1
189106,91762.0,934031.84
189107,9513.0,1593866.21
189108,184783.0,19677.0
189109,14032.0,20649.09
189110,0.0,55190.0
189111,0.0,56896.95
189112,1856.0,5179.99
189113,1361.0,81734.18
189114,5693.0,761778.12
189201,19819.0,279974.12
189202,154051.64,314811.93
189205,14028.0,123037.99
189206,327206.68,216152.12
189207,28539.84,298923.4
189208,6878.0,116315.81
189209,22795.55,84578.68
199301,558812.0,23726529.05
199302,348672.78,507490.88
199303,342936.0,1161734.81
199304,0.0,6254965.72
199305,166063.0,6445904.09
199306,1762167.0,8544390.85
199307,9000.0,0.0
209401,52596351.11,77426934.53
209402,1264017.43,6441650.43
209403,178786015.53,91809128.85
209404,888765.91,19798853.26
209405,42211503.33,57668218.38
209406,66263925.75,20543311.5
209502,1178.0,0.0
209503,1657608.17,25894297.82
209504,563413.87,4848465.68
209505,2437660.82,1582593.23
209506,428450.0,34645738.03
209507,6776.0,1100205.09
209508,147407.0,3452656.88
209601,66883.4,1000.0
209602,752790.03,2860331.67
209603,4371145.37,10419514.13
209604,18666.0,88056.0
209605,62664.0,376684.77
209606,1198505.78,8246884.36
209607,2184395.33,10775175.41
209608,4804899.18,11481942.67
209609,237916.0,2241402.57
209610,20997.0,491871.28
209611,10323.0,254957.4
209612,24993.0,752886.23
209613,300680.0,2361345.94
209614,7847678.53,669289.96
209615,44482.0,2646300.75
209616,173158.0,3266785.34
209617,927881.5,6183444.55
209618,61351.93,1328228.55
219701,3691416.24,6471174.76
219702,51700.0,0.0
219703,1849160.93,132947.0
219704,256227.0,283516.0
219705,248691.0,153567.0
219706,30739020.0,17887025.0
