010201,0.0,424284.0
010202,0.0,374057.0
010203,0.0,580484.0
010204,0.0,331354.0
010206,0.0,38820.0
010207,0.0,868624.0
010208,0.0,44700.0
010209,51323.47,1811.0
010210,0.0,424834.0
010301,0.0,3115.0
010302,11981.0,219818.0
010303,4550.92,289426.0
010304,0.0,413563.0
010305,0.0,30320.0
010306,0.0,434664.0
010307,0.0,220318.0
010401,0.0,921262.0
010402,0.0,361523.0
010403,0.0,256833.0
010405,0.0,117417.0
010406,0.0,492405.0
010407,0.0,252576.0
010408,0.0,12255.0
010409,0.0,19446.0
010504,0.0,2687.0
020602,0.0,146678.0
020603,0.0,194913.0
020604,0.0,9689.0
020701,0.0,320324.0
020702,0.0,179110.0
020703,0.0,133348.0
020704,0.0,92407.0
020705,0.0,216962.0
020706,2339.02,43345.0
020707,0.0,49127.0
020708,0.0,28064.0
020709,0.0,425926.0
020710,0.0,38304.0
020711,0.0,5011.0
020712,0.0,6582.0
020713,0.0,44871.0
020714,0.0,13676.0
020802,0.0,26863.0
020803,0.0,731907.0
020804,0.0,54933.0
020805,0.0,155000.0
020806,0.0,59748.0
020807,0.0,111917.0
020808,0.0,226804.0
020809,0.0,126376.0
020810,0.0,157354.0
020812,0.0,2334.0
020813,0.0,27466.0
020901,0.0,152663.0
020902,0.0,233401.0
020904,0.0,11033.0
020908,94000.0,0.0
020910,0.0,15967.0
021006,0.0,172621.0
021101,0.0,93496.0
021102,0.0,5537.0
021104,0.0,1457.0
021105,0.0,30410.0
021107,362342.37,0.0
021201,0.0,691170.0
021207,0.0,6276.0
021211,0.0,13275.0
021301,0.0,27279.0
021302,0.0,6145.0
031501,0.0,3336.0
031504,0.0,9767.0
031506,0.0,24892.0
031507,0.0,171786.0
031508,0.0,9641.0
031509,0.0,227480.0
031512,0.0,92993.0
031515,0.0,12367.0
031516,0.0,118877.0
031517,0.0,48606.0
031518,0.0,33452.0
031519,0.0,80187.0
031520,0.0,1599.0
041601,60750.0,245074.0
041602,0.0,993654.0
041604,0.0,248367.0
041605,0.0,188589.0
041701,136731.83,605657.0
041702,0.0,3420.0
041704,0.0,597480.0
041801,85046.63,0.0
041806,0.0,1614737.0
041901,0.0,437933.0
041902,0.0,184852.0
041904,0.0,550255.0
041905,5109.0,2939306.0
042001,0.0,18193.0
042002,0.0,92295.0
042003,0.0,4277.0
042004,0.0,382593.0
042005,0.0,858247.0
042006,0.0,7605.0
042007,0.0,150742.0
042008,0.0,145941.0
042009,0.0,350238.0
042101,0.0,453568.0
042102,0.0,1714.0
042103,0.0,499443.0
042104,0.0,202698.0
042105,0.0,541918.0
042106,0.0,34146241.0
042201,0.0,1035292.0
042202,6926.0,2475850.0
042203,0.0,946515.0
042204,0.0,1559000.0
042205,0.0,18445.0
042206,0.0,105202.0
042208,9945.0,5665381.0
042209,0.0,44757.0
042304,0.0,2497.0
042309,0.0,213731.0
042402,0.0,23413649.0
042403,0.0,1140529.0
052501,0.0,9485.0
052505,0.0,351354.0
052507,4972.37,1369.0
052512,19976.59,0.0
052513,0.0,2817.0
052515,0.0,56072.0
052516,0.0,38885.0
052517,0.0,1352448.0
052520,0.0,79047.0
052523,0.0,426453.0
052524,26889.35,0.0
052530,0.0,21267.0
052619,20638.2,0.0
052701,0.0,1544.0
052705,0.0,75768.0
052707,0.0,7934.0
052709,0.0,336084.0
052710,25990822.52,1383780177.0
052711,499061.01,1410336.0
052712,0.0,1363.0
052713,0.0,1045.0
052714,0.0,15080.0
052715,0.0,33225.0
062801,0.0,14801.0
062804,0.0,851688.0
062807,0.0,2761.0
062810,0.0,1248.0
062811,0.0,239818.0
062814,48160.29,0.0
062819,0.0,3360.0
062827,0.0,173660.0
062828,0.0,28334.0
062829,0.0,3451.0
062836,1280.19,22709.0
062844,1413.0,0.0
062851,0.0,15159.0
062901,0.0,261209.0
062903,0.0,88063.0
062905,0.0,2465.0
062916,0.0,3073.0
062918,0.0,4710.0
062921,0.0,10426.0
062922,53573.0,27084.0
062923,9743.36,53778.0
062924,167029.0,0.0
062934,0.0,2211.0
062936,0.0,27660.0
062941,183000.0,0.0
063001,0.0,97275.0
063002,0.0,136410.0
063003,0.0,2191071.0
063004,0.0,3296211.0
063005,0.0,1169949.0
063006,20646.0,381825.0
063102,0.0,1422.0
063202,2891.88,0.0
063203,19000.0,1344.0
063205,0.0,16297.0
063206,0.0,14218.0
063207,0.0,9095.0
063208,15524.0,1988499.0
063209,48330.0,1488255.0
063210,2039.0,323815.0
063211,0.0,2333.0
063212,0.0,4667.0
063213,0.0,15790.0
063214,1198.0,356829.0
063215,0.0,323864.0
063301,0.0,5791.0
063302,0.0,8985.0
063303,1178446.0,4650104.0
063304,34817.0,3811187.0
063305,2753.0,801468.0
063306,0.0,79898.0
063307,0.0,901317.0
063401,0.0,139258.0
063402,1074.0,1549345.0
063403,6719.41,68313.0
063404,0.0,18151.0
063405,0.0,76021.0
063406,0.0,36104.0
063407,0.0,10004.0
063502,0.0,11956.0
063504,0.0,14378.0
063505,0.0,9352.0
063506,0.0,195855.0
063507,1542.0,10748.0
063604,0.0,69262.0
063606,2000.0,4564.0
063701,0.0,56481.0
063702,0.0,102118.0
063703,1798.0,118372.0
063704,0.0,6556.0
063706,0.0,9370.0
063707,0.0,157959.0
063801,0.0,3926.0
063808,1244.0,51287.0
063809,0.0,11550.0
063810,0.0,3973.0
063811,0.0,23032.0
063812,0.0,3054.0
063813,0.0,25426.0
063814,0.0,57501.0
063815,0.0,15808.0
063816,1696.93,2401036.0
063817,0.0,2093.0
063818,0.0,1830.0
063819,0.0,6824.0
063820,0.0,11824.0
063821,0.0,7921.0
063822,34255.0,631510.0
063823,563237.78,1121344.0
073901,4979.82,28909.0
073902,0.0,2801.0
073903,0.0,7821.0
073904,0.0,252000.0
073909,12004.53,24493.0
073910,0.0,10921.0
073911,0.0,18000.0
073912,0.0,2798.0
073914,0.0,30418.0
073915,0.0,4675.0
073916,0.0,1650.0
073917,0.0,593412.0
073918,1207.0,95214.0
073919,0.0,120979.0
073920,19908.0,77782.0
073921,0.0,58313.0
073922,0.0,243432.0
073923,5346.0,841299.0
073924,0.0,343558.0
073925,50599.0,482309.0
073926,38521.0,2024036.0
074001,0.0,19794.0
074006,4227.0,8426.0
074007,0.0,10336.0
074008,0.0,52885.0
074009,7240.0,99294.0
074010,1243.0,37305.0
074011,19479.0,372959.0
074012,5223.49,44352.0
074013,0.0,26904.0
074014,0.0,5736.0
074015,0.0,80821.0
074016,6184.0,177352.0
074017,0.0,21973.0
084101,15180.19,0.0
084104,0.0,1544.0
084108,0.0,2337.0
084110,0.0,73087.0
084111,0.0,2862.0
084201,0.0,2616.0
084202,0.0,538727.0
084203,0.0,106997.0
084204,0.0,4088.0
084205,0.0,14449.0
084302,0.0,3827.0
084303,0.0,20000.0
094401,0.0,11684.0
094402,0.0,1281.0
094403,0.0,5536.0
094405,0.0,9608.0
094407,47959.35,349651.0
094409,1962.98,74227.0
094410,0.0,26804.0
094411,0.0,246245.0
094412,0.0,433162.0
094413,0.0,10983.0
094414,0.0,35024.0
094415,67404.81,43251.0
094417,0.0,2291.0
094418,37424.39,3308460.0
094419,0.0,16156.0
094420,0.0,74059.0
094421,1795.0,218637.0
094503,0.0,2633.0
094504,0.0,15340.0
094601,0.0,1216.0
094602,0.0,4291.0
104707,0.0,56513.0
104801,0.0,57217.0
104802,0.0,391008.0
104803,0.0,47757.0
104804,0.0,14808.0
104805,0.0,114735.0
104806,0.0,7025.0
104807,0.0,3205.0
104808,0.0,1000.0
104809,0.0,5826.0
104810,0.0,2148.0
104811,0.0,60553.0
104813,0.0,10937.0
104814,0.0,6844.0
104815,0.0,2999.0
104817,0.0,337424.0
104818,351984.0,1200068.0
104819,6848.0,231661.0
104820,1754.0,419775.0
104821,0.0,46574.0
104822,0.0,2936.0
104823,0.0,398068.0
104901,29082.0,1698485.0
104902,8097.0,1781814.0
104903,0.0,11087.0
104905,2479.0,218801.0
104907,0.0,94777.0
104909,1290.0,179211.0
104910,2489.0,25949.0
104911,0.0,334794.0
115007,0.0,7797.0
115111,0.0,1455.0
115112,0.0,2743.0
115201,783961.3,0.0
115203,0.0,2691.0
115204,0.0,1455.0
115206,0.0,83936.0
115207,0.0,29727.0
115208,7274.0,20487.0
115209,0.0,24001.0
115211,0.0,9248.0
115212,0.0,18077.0
115306,0.0,34813.0
115309,0.0,6283.0
115311,0.0,10441.0
115403,0.0,1913.0
115407,0.0,31567.0
115501,0.0,4309.0
115502,0.0,51271.0
115511,0.0,26489.0
115513,0.0,1470.0
115514,0.0,19835.0
115515,0.0,17414.0
115516,0.0,2188.0
115601,0.0,14000.0
115602,0.0,1191.0
115603,0.0,103625.0
115604,0.0,3053.0
115607,0.0,76921.0
115608,0.0,4075.0
115609,0.0,3822.0
115701,0.0,61634.0
115702,0.0,159821.0
115703,0.0,57987.0
115704,0.0,35682.0
115705,0.0,85137.0
115802,0.0,7433.0
115806,0.0,25260.0
115807,0.0,17936.0
115808,0.0,1263.0
115811,0.0,4088.0
115903,0.0,55403.0
115905,0.0,5467.0
115906,1510.0,22701.0
115907,0.0,4309.0
115909,1664.0,55724.0
115911,0.0,1298.0
116001,0.0,2029.0
116002,0.0,20456.0
116101,0.0,15622.0
116102,0.0,77066.0
116103,0.0,209409.0
116104,0.0,192958.0
116105,0.0,86839.0
116106,0.0,371912.0
116107,0.0,118705.0
116108,0.0,263073.0
116109,27374.0,1609735.0
116110,0.0,632345.0
116111,0.0,72283.0
116112,0.0,388357.0
116113,0.0,3622.0
116114,9954.0,97026.0
116115,0.0,161865.0
116117,0.0,44535.0
116201,0.0,99629.0
116202,0.0,83254.0
116203,2489.0,1089054.0
116204,13358.0,1324126.0
116205,0.0,322878.0
116206,0.0,500885.0
116207,0.0,69726.0
116208,0.0,82792.0
116209,0.0,89500.0
116210,0.0,69729.0
116211,22518.0,766118.0
116212,0.0,383195.0
116213,0.0,3678.0
116214,0.0,73037.0
116215,0.0,10969.0
116216,5926.0,45585.0
116217,0.0,3921169.0
116301,0.0,8092.0
116302,60592.0,878135.0
116303,0.0,140959.0
116304,0.0,139028.0
116305,0.0,8743.0
116306,1300.0,166654.0
116307,3419.0,119616.0
116308,0.0,4142.0
116309,0.0,141503.0
116310,0.0,22974.0
126401,0.0,66590.0
126402,0.0,150011.0
126403,5465.0,1216253.0
126404,0.0,185928.0
126405,0.0,133419.0
126406,0.0,8894.0
126504,0.0,7524.0
126505,12443.0,37973.0
126506,0.0,64834.0
126601,0.0,70255.0
126702,0.0,49266.0
126704,0.0,12950.0
136801,0.0,21569.0
136802,150821.83,615238.0
136803,0.0,12832.0
136804,0.0,15456.0
136805,0.0,64727.0
136806,0.0,62999.0
136807,0.0,65645.0
136808,1462.75,47419.0
136809,0.0,450127.0
136810,13584.88,6328560.0
136811,0.0,88717.0
136812,1990.0,26845.0
136813,0.0,8000.0
136814,0.0,2313.0
136815,0.0,24429.0
136901,0.0,70459.0
136902,0.0,99940.0
136903,0.0,97926.0
136904,0.0,260212.0
136905,0.0,86481.0
136906,0.0,2115.0
136907,0.0,102700.0
136908,1125.46,1077291.0
136909,0.0,1228.0
136910,1865.0,420657.0
136911,0.0,52636.0
136912,0.0,274560.0
136913,9862.16,1077512.0
136914,0.0,119722.0
137001,0.0,1228.0
137002,0.0,2000.0
137003,0.0,4766.0
137005,0.0,97941.0
137006,0.0,6885.0
137007,0.0,29795.0
137008,0.0,12565.0
137009,1195.0,46817.0
137010,0.0,20135.0
137011,0.0,1266.0
137013,2555.0,110960.0
137015,0.0,1045.0
137016,0.0,28407.0
137017,0.0,12966.0
137018,0.0,16042.0
137019,0.0,131912.0
137020,0.0,55366.0
147101,422312.0,281500.0
147102,2845863.0,4249756.0
147103,7680320.0,5531611.0
147106,0.0,6261.0
147107,0.0,4774.0
147108,0.0,15641.0
147109,0.0,35538.0
147111,0.0,2439.0
147113,20555950.0,9180995.0
147114,6802.0,33938.0
147116,28489.0,150371.0
147117,570428.0,474513.0
147118,16000.0,192312.0
157202,45974.98,2244.0
157203,0.0,11338.0
157204,413986.57,40609.0
157205,153815.98,5858.0
157207,0.0,18078.0
157208,1040614.68,121025.0
157209,0.0,57752.0
157210,10501.95,27283.0
157211,0.0,3774.0
157212,0.0,19039.0
157214,0.0,160532.0
157215,0.0,17583.0
157216,0.0,160058.0
157217,0.0,14343.0
157219,1141081.98,4010.0
157220,0.0,1067.0
157222,0.0,7432.0
157223,0.0,4302.0
157224,0.0,4236.0
157225,0.0,91841.0
157226,0.0,14886.0
157228,0.0,38827.0
157229,0.0,6436.0
157301,0.0,13177.0
157302,0.0,16359.0
157303,0.0,19001.0
157304,3570.0,198156.0
157305,0.0,11943.0
157306,0.0,148235.0
157307,40998.0,251859.0
157308,20598.08,4215070.0
157309,0.0,60998.0
157310,0.0,26131.0
157311,30668.0,45436.0
157312,0.0,46206.0
157313,0.0,18016.0
157314,0.0,506361.0
157315,19744.0,84123.0
157316,0.0,13281.0
157317,0.0,13160.0
157318,1007.15,482749.0
157319,0.0,4252.0
157320,1000.0,0.0
157321,0.0,92759.0
157322,0.0,207556.0
157323,0.0,97477.0
157324,0.0,81708.0
157325,0.0,1520457.0
157326,21188.0,3968750.0
157403,0.0,67102.0
157404,171366.25,9193.0
157407,0.0,1472.0
157408,0.0,2184.0
157409,80533.0,1090.0
157411,0.0,80922.0
157412,0.0,46055.0
157413,0.0,6044.0
157415,0.0,5114.0
157418,0.0,1997.0
157419,0.0,22515.0
157502,357422.0,2197452.0
157507,0.0,3462.0
157508,0.0,86359.0
157601,0.0,13912.0
157602,88504.52,12767.0
157604,0.0,236570.0
157606,0.0,54408.0
157607,0.0,41071.0
157608,0.0,5039.0
157609,0.0,70758.0
157610,3550.0,1995706.0
157611,1243.0,8406.0
157612,0.0,28125.0
157613,0.0,2472.0
157614,0.0,1408.0
157615,7472.0,61552.0
157616,0.0,210023.0
157804,0.0,6293.0
157805,0.0,15987.0
157905,0.0,22715.0
157906,0.0,3016.0
157907,0.0,16108.0
158111,5143.76,0.0
158113,0.0,3345.0
158201,0.0,38789.0
158202,0.0,7153.0
158203,3689.0,36804.0
158204,0.0,57692.0
158205,1494.0,593960.0
158206,0.0,180186.0
158207,14758.0,484646.0
158208,30101.0,10822.0
158209,0.0,17071.0
158210,14623.0,6099.0
158211,0.0,110845.0
158212,0.0,111479.0
158213,0.0,8366.0
158214,0.0,17460.0
158215,0.0,176562.0
158301,50277.0,68922.0
158302,0.0,178873.0
158303,0.0,13268.0
158304,0.0,38238.0
158305,0.0,19008.0
158306,0.0,88469.0
158307,0.0,6389.0
158308,0.0,7281.0
158309,0.0,45595.0
158310,0.0,39603.0
158311,0.0,112077.0
168402,0.0,13404.0
168403,0.0,116369.0
168404,0.0,2475.0
168405,0.0,1988.0
168406,0.0,92952.0
168407,1840.0,76643.0
168408,4394.0,309643.0
168409,588340.0,5006764.0
168410,3108.0,13003.0
168411,0.0,55833.0
168412,2105.0,86498.0
168413,24167.0,556032.0
168414,173105.0,856239.0
168415,10526.0,1007529.0
168416,0.0,24247.0
168417,0.0,17915.0
168418,32872.0,1359906.0
168419,1940.0,325844.0
168420,0.0,1499.0
168421,26623.0,1389008.0
168422,0.0,341569.0
168423,4899.0,21662.0
168424,10613.0,223885.0
168425,5562.0,62487.0
168426,0.0,137501.0
168427,32225.0,203953.0
168428,85827.0,465632.0
168429,64913.0,586796.0
168430,8329.0,250187.0
168431,22129.0,940022.0
168432,7157.0,204382.0
168433,39068.0,0.0
168434,105639.0,0.0
168437,0.0,9987.0
168438,0.0,177940.0
168439,3933.0,0.0
168440,0.0,5658.0
168441,0.0,4614.0
168442,0.0,24165.0
168443,1348.0,282074.0
168447,0.0,2016.0
168448,60750.0,132090.0
168450,0.0,458486.0
168451,0.0,45130.0
168452,0.0,11808.0
168455,0.0,36593.0
168456,0.0,12397.0
168457,0.0,256529.0
168459,0.0,10357.0
168460,0.0,19577.0
168461,0.0,24928.0
168462,0.0,20974.0
168464,0.0,34447.0
168465,19986.0,80976.0
168466,9133.0,196580.0
168467,0.0,98465.0
168468,0.0,29873.0
168469,0.0,8315.0
168470,4514.0,209193.0
168471,154706.0,8247443.0
168472,289670.0,108693.0
168473,114929.0,8204618.0
168474,0.0,54293.0
168475,0.0,1908.0
168476,0.0,123742.0
168477,0.0,133784.0
168479,331981.0,740161.0
168480,0.0,10430.0
168481,11038.0,342053.0
168482,0.0,107192.0
168483,21111.0,319508.0
168484,0.0,41641.0
168485,9258.0,450243.0
168501,23877.0,342820.0
168502,17743.0,270653.0
168503,1723.0,85275.0
168504,103679.0,541602.0
168505,0.0,62024.0
168506,0.0,231666.0
168507,0.0,319521.0
168508,2862.0,106891.0
168509,0.0,174773.0
168510,0.0,65445.0
168511,1009.0,22718.0
168512,15226.0,29501.0
168513,0.0,37453.0
168514,0.0,3105.0
168515,0.0,32658.0
168516,16274.0,934825.0
168517,126381.0,3201814.0
168518,5167.0,341866.0
168519,0.0,144832.0
168520,4089.0,180688.0
168521,47207.0,2969517.0
168522,2809.0,12986.0
168523,132111.0,218295.0
168524,348162.0,3526218.0
168525,34967.0,1901402.0
168526,49451.0,89240.0
168527,8429.0,268274.0
168528,7286.0,995086.0
168529,320944.0,584330.0
168530,0.0,82610.0
168531,4979.0,376823.0
168532,0.0,1210.0
168533,0.0,118842.0
168534,7865.0,3363.0
168535,3636.0,117473.0
168536,54619.0,1171470.0
168537,18371.0,576330.0
168538,21863.0,291939.0
168539,1080.0,113478.0
168540,0.0,44941.0
168541,14141.0,0.0
168542,17331.0,903227.0
168543,0.0,2567406.0
168544,15383.0,1088428.0
168545,0.0,27979.0
168546,0.0,52552.0
168547,0.0,2606.0
168548,0.0,42464.0
178607,0.0,29018.0
178608,0.0,1168.0
178609,0.0,7925.0
178701,0.0,14078.0
178702,121531.0,15096.0
178703,7236464.0,50284833.0
178704,524321.0,617440.0
178705,2139322.0,26120.0
178708,188361.0,4697632.0
178709,0.0,4222.0
178711,27126.0,1017102.0
178712,0.0,85309.0
178713,0.0,33371.0
178714,1364.0,57330.0
178715,0.0,35768.0
178716,6079.0,80851.0
178803,1900.0,51740.0
178804,0.0,1197.0
178901,99459390.31,71401855.0
178903,25436242.0,169171188.0
178906,0.0,518589.0
178907,47437.0,260573.0
189001,5817.0,30184.0
189002,32421.0,63697.0
189003,0.0,286027.0
189004,5924.0,708619.0
189005,8232.0,96293.0
189006,43153.0,1859291.0
189007,20522.0,38513.0
189008,0.0,6701.0
189009,2096.0,26328.0
189010,20302.0,79888.0
189011,0.0,83340.0
189012,0.0,4250.0
189013,7182.0,20689.0
189014,29958.0,365774.0
189015,44035.0,167046.0
189016,0.0,10183.0
189017,0.0,3227.0
189018,119900.0,1029196.0
189019,38003.0,3621806.0
189020,4172.0,98872.0
189021,5019.0,276758.0
189022,6000.0,22707.0
189023,0.0,116905.0
189024,0.0,11742.0
189025,3014.0,31973.0
189026,2285.0,161967.0
189027,3840.0,401808.0
189028,5454.0,265164.0
189029,0.0,38110.0
189030,87902.0,64892.0
189031,13820.0,201046.0
189032,9136.0,39408.0
189033,22014.0,220354.0
189101,8026.0,1463170.0
189102,1604620.0,3427286.0
189103,0.0,9556.0
189104,0.0,24539.0
189105,0.0,11563.0
189106,0.0,2410.0
189107,0.0,1734.0
189108,0.0,10902.0
189109,0.0,8181.0
189110,0.0,3245.0
189111,0.0,17071.0
189113,0.0,5173.0
189114,0.0,13534.0
189201,0.0,21738.0
189202,0.0,20344.0
189205,0.0,6971.0
189206,0.0,2738.0
189207,0.0,32456.0
189209,0.0,5818.0
199303,0.0,5783.0
199306,0.0,12802.0
209401,22982.0,1874493.0
209402,1083.0,309445.0
209403,705297.49,8897905.0
209404,3414.0,679914.0
209405,0.0,594205.0
209406,7509.0,182238.0
209501,1865.0,6098.0
209502,0.0,140988.0
209503,1091.0,924371.0
209504,135695.0,1138387.0
209505,0.0,324445.0
209506,14169.0,287080.0
209507,0.0,119360.0
209508,100627.0,7999.0
209601,0.0,8833.0
209602,1950.0,24543.0
209603,0.0,275563.0
209605,0.0,2344.0
209606,0.0,2367.0
209608,0.0,810130.0
209609,0.0,10231.0
209610,0.0,11580.0
209611,0.0,15446.0
209612,0.0,152072.0
209613,0.0,88401.0
209614,0.0,10264.0
209615,0.0,58789.0
209617,0.0,41930.0
209618,0.0,7570.0
219701,18638.0,343721.0
219702,3387.0,1579.0
219703,0.0,11883.0
219704,2110127.0,16174283.0
219705,20850.0,0.0
219706,2094265.0,29073.0
