010101,129654.17,0.0
010102,504374.88,24592.0
010104,684253.19,14975.0
010105,0.0,37403.0
010106,73300.0,52731.0
010201,72064.3,20249.0
010202,2050486.72,1014558.0
010203,396492.32,136574.0
010204,48266.0,99294.0
010206,160923.51,286063.0
010207,681039.13,2215388.0
010208,31537.94,8422.0
010210,912579.55,1371794.0
010301,43834.41,38886.0
010302,2683162.81,260151.0
010303,66389516.25,33157908.0
010304,1447690.68,4647.0
010305,30499.96,358459.0
010306,598587.0,664437.0
010307,2227391.2,630632.0
010401,968978.29,212241.0
010402,1049135.54,30512.0
010403,207544.42,109420.0
010404,328875.79,0.0
010405,1031314.28,24931.0
010406,6866100.15,305094.0
010407,1164747.93,106766.0
010408,0.0,54225.0
010409,338124.3,8874.0
010410,0.0,1995.0
010504,652224.39,13154.0
010505,83034.02,13646.0
010507,4526.26,1160.0
010508,0.0,2415.0
010509,9111.0,1874.0
010511,2380961.36,0.0
020601,3453.56,1000.0
020602,235313.71,30341.0
020603,107112.0,2071.0
020604,0.0,14582.0
020701,122722.26,277946.0
020702,254652.06,3996.0
020703,143280.31,4639.0
020704,33883.06,23920.0
020705,706413.47,13643.0
020706,437077.48,17519.0
020707,1172.33,4136.0
020708,7534.3,1033.0
020709,1353451.36,68717.0
020710,196128.71,72967.0
020711,79639.17,2605.0
020712,282260.94,8656.0
020713,2169800.23,3440869.0
020714,5088.46,0.0
020801,7667.46,77995.0
020802,1163180.17,10452.0
020803,1750.75,1337.0
020804,360871.08,1094571.0
020805,553732.1,125416.0
020806,36413.19,0.0
020807,403445.16,6981.0
020808,396022.48,77999.0
020809,47044.23,22981.0
020810,143165.77,0.0
020811,1100252.54,0.0
020812,1073.51,1349.0
020813,52355.83,78502.0
020901,255961.71,11028758.0
020902,144653.84,18711470.0
020903,24663.54,0.0
020904,7160.11,24864.0
020905,6512.0,0.0
020906,14546.04,1081.0
020907,1691.26,1181.0
020908,3336.0,1632.0
020909,30309.4,12804.0
020910,577856.06,175482.0
021001,570073.34,1093731425.0
021003,276505.21,0.0
021004,6592.65,0.0
021005,7494150.11,2224.0
021006,1542777.56,102933111.0
021007,14206.21,0.0
021008,3953.1,2598.0
021101,28351.48,15876.0
021102,80995.36,6433.0
021103,8485.85,4838.0
021104,15468.62,2708.0
021105,0.0,3317.0
021106,8499.0,4009.0
021107,0.0,3149.0
021108,316892.36,87092.0
021109,328092.38,36348.0
021201,12693.46,0.0
021202,118795.28,1991.0
021203,0.0,1324.0
021204,6097.23,0.0
021205,2640.17,0.0
021206,429305.49,0.0
021207,293032.41,1449.0
021209,610679.23,1921706.0
021210,518228.0,0.0
021211,148058.62,44832.0
021212,2814136.08,0.0
021214,5518.83,27338509.0
021301,545706.98,70521.0
021302,793067.02,172275.0
021401,4194.41,0.0
021404,3895.67,5117.0
031501,17615.57,0.0
031503,246801.72,0.0
031504,419699.23,0.0
031505,49383.82,1478.0
031507,39685.47,94064.0
031508,109361.63,0.0
031509,1095.0,5090.0
031511,0.0,23107.0
031512,0.0,734854.0
031513,1020279.93,422946.0
031514,0.0,33693.0
031515,23139.04,33955.0
031516,0.0,37166576.0
031517,214636.09,1151357.0
031518,57787.47,0.0
031519,1289461.79,143022.0
031520,1553244.5,7770.0
031521,36585.4,0.0
041601,150428.46,88654.0
041602,1600212.75,442105.0
041603,0.0,4860.0
041604,5116586.33,1331052.0
041605,105939.0,7237.0
041701,459470.16,384485.0
041702,947748.44,299041.0
041703,11690.28,0.0
041704,988959.36,3267121.0
041801,4853688.3,0.0
041803,3118.03,0.0
041804,384642.36,0.0
041805,50847.6,0.0
041806,3013304.49,1064977.0
041901,803100.18,47120.0
041902,1730396.81,1714632.0
041904,46156.37,5322.0
041905,728589.12,1604370.0
042001,32976.86,31890.0
042002,72787.34,3640986.0
042003,4181.22,8578.0
042004,0.0,4997.0
042005,814520.12,1378536.0
042006,1343.43,0.0
042007,8703.93,31806.0
042008,1037236.78,70441.0
042009,3066418.15,310950.0
042101,7225671.0,339819.0
042102,842478.51,1939509.0
042103,1610495.68,95612.0
042104,28371.34,215444.0
042105,33911.17,88151.0
042106,19237589.38,153188596.0
042201,1060143.2,380746.0
042202,1638261.38,1623975.0
042203,18523.25,4706845.0
042204,18321049.42,8469490.0
042205,129031.61,128936.0
042206,21362.37,10333.0
042207,115910.96,285245.0
042208,3534788.96,19791666.0
042209,14823.27,4078.0
042301,1890223.58,0.0
042302,368395.08,1084.0
042303,14178.41,0.0
042304,45424.59,0.0
042306,13364.62,264926.0
042309,5259553.18,54086.0
042401,16302231.6,753133.0
042402,8542359.0,27251597.0
042403,3197104.16,1924741.0
052501,1205.15,20052.0
052503,1454652.45,9159.0
052504,34903.82,0.0
052505,18409.49,7329.0
052506,190891.81,0.0
052507,69702.64,0.0
052508,23908.04,25040.0
052509,1171.6,0.0
052511,227944.89,119764.0
052512,14792.41,0.0
052513,2991.53,70621.0
052514,12642.04,0.0
052515,5623.68,11057.0
052516,177899.72,171237.0
052517,710225.23,24583.0
052519,25158.07,0.0
052520,42050.06,32901.0
052521,5667068.23,0.0
052522,455956.69,5087.0
052523,10861032.08,1557503.0
052524,335379.0,0.0
052525,2539.16,1517.0
052526,56503.04,187390.0
052528,1330.59,0.0
052529,10753.66,0.0
052530,2708.64,18140.0
052601,56490.37,0.0
052603,45673.94,0.0
052612,0.0,220841597.0
052614,333400.5,0.0
052615,67936.57,0.0
052620,81443.4,0.0
052621,3870.2,0.0
052701,62631.98,1747.0
052702,4096.71,2223.0
052703,7119.85,0.0
052704,12095738.7,0.0
052705,0.0,4878.0
052706,0.0,7726.0
052707,33408939.18,3005637.0
052708,12356.38,0.0
052709,1219712044.61,4207087855.0
052710,367018571.97,1974622381.0
052711,4031373.78,1566635.0
052712,215569.94,0.0
052713,1793036.5,62226.0
052715,47072.39,0.0
052716,68420.21,881075.0
062801,98026.0,1221967.0
062802,0.0,1857827.0
062803,16301.48,0.0
062804,135734.6,1220076.0
062805,5399967.96,22920.0
062806,357636.15,30516.0
062808,685154.2,0.0
062809,145904.1,0.0
062810,39065.37,0.0
062811,561683.97,76467.0
062812,261634.39,0.0
062813,57656.0,36048.0
062814,1802842.42,4732.0
062815,2011935.87,192748.0
062816,20517.42,0.0
062818,244173.98,224163347.0
062819,1675020.62,0.0
062820,743972.36,0.0
062821,4516229.76,0.0
062822,456143.0,33460.0
062823,80316.38,0.0
062825,87324.89,3489.0
062826,491504.21,10474658.0
062827,745430.01,275543.0
062828,97752.63,144795.0
062829,31812.57,3688293.0
062830,0.0,9948.0
062832,43114.77,13691.0
062833,2228299.95,696083.0
062834,12907.14,325808.0
062835,2594802.03,40330.0
062836,705962.42,539130.0
062837,408908.51,0.0
062839,10919.95,0.0
062840,148564.47,0.0
062841,990924.47,0.0
062842,2304.68,5615.0
062843,310824.0,0.0
062844,2330930.0,48327.0
062845,7839.0,0.0
062846,499610.0,0.0
062847,1387532.85,8051476.0
062848,22095.0,0.0
062849,180222.3,2705.0
062850,7770.0,3838868.0
062851,3010.91,218330.0
062901,9401926.96,318204.0
062902,255820.67,372318.0
062903,31576187.25,631567.0
062904,66009.92,1416303.0
062905,392829.91,45938073.0
062906,290444.77,525647.0
062907,45038.07,22039.0
062908,151424.85,0.0
062909,2457590.43,13933.0
062910,20496.69,0.0
062911,51024.0,0.0
062912,1142882.22,282968.0
062913,0.0,935885.0
062914,3223794.12,15205136.0
062915,3205187.21,1727527.0
062916,6104171.39,127286.0
062917,2059087.16,111447.0
062918,1930573.06,695713.0
062919,0.0,1134.0
062920,165715.99,0.0
062921,166324.5,427117.0
062922,5498338.0,94761.0
062923,25997.42,27373.0
062924,762593.62,1918381.0
062925,68609.0,18994.0
062926,767196.0,0.0
062927,33421.14,28600.0
062929,447867.77,1053.0
062930,2106170.74,39339.0
062931,26737393.0,56986.0
062932,733076.49,0.0
062933,7576208.71,330385.0
062934,53997.0,1739967.0
062935,3022212.0,0.0
062936,4898865.0,798675.0
062937,5652971.0,15773281.0
062938,10787.0,0.0
062939,811480.0,22061822.0
062940,195745.0,0.0
062941,2449261.0,696328.0
062942,155327.0,1719380.0
063001,148512.0,3094.0
063002,1405517.0,1117.0
063003,9331475.0,2282.0
063004,93638093.0,79948455.0
063005,1385018.0,2474.0
063006,4209646.0,21195024.0
063101,3741.4,0.0
063102,23360916.87,19800585.0
063103,5699.78,135002.0
063104,17379929.18,1570.0
063105,1075277.83,24186500.0
063201,18478.77,0.0
063202,0.0,17870.0
063203,132954.0,7316.0
063204,7994343.0,56002794.0
063205,1090.0,0.0
063206,7715573.84,36598120.0
063207,316053.45,4585.0
063208,544546.85,4260068.0
063209,76647.11,4606887.0
063210,1067.74,95500.0
063211,3274.91,2272.0
063212,72148.0,0.0
063213,142926.0,1435.0
063214,1111112.45,202636.0
063215,1402013.0,107646.0
063301,1232231.0,121530.0
063302,1330367.0,1883352.0
063303,7106609.0,4021162.0
063304,24486199.0,1208064.0
063305,211979.47,1439580.0
063306,98399.66,1602979.0
063307,5780673.33,567529.0
063401,53575.96,32415612.0
063402,13624100.06,28116973.0
063403,1251944.03,270027.0
063404,37520.96,5396067.0
063405,444007.73,366192.0
063406,682805.31,1292.0
063407,157873.0,2322392.0
063501,1067975.0,246149.0
063502,312395.0,3032.0
063503,168812.0,631625.0
063504,3695.15,0.0
063505,671430.15,40635.0
063506,1195708.33,704352.0
063507,2911967.0,257863.0
063601,7045.0,100669.0
063602,265192.84,417675.0
063603,86149.0,545660.0
063604,0.0,8985.0
063605,6847.05,8449.0
063606,5068.5,10973.0
063701,1412207.0,7187.0
063702,506247.0,256434.0
063703,11371968.0,0.0
063704,1058.0,0.0
063705,2403354.0,1416.0
063706,604160.0,3088.0
063707,345018.0,0.0
063801,17638.23,17053.0
063802,376223.49,0.0
063803,4572.13,0.0
063804,2721.79,3055130.0
063805,1221.43,1293.0
063806,700357.36,4728.0
063807,1510.03,0.0
063808,18637888.57,15774347.0
063809,2902143.08,364814.0
063810,142403.46,16250.0
063811,4477173.9,114431.0
063812,352314.04,29112.0
063813,0.0,18287.0
063814,133548.83,2649879.0
063815,11701872.0,1024.0
063816,1656306.73,179983.0
063817,6937729.05,0.0
063818,1145.0,612474.0
063819,58983.11,1184.0
063820,137352.07,6300.0
063821,193195.0,0.0
063822,9962475.0,560601.0
063823,2368906.65,16356573.0
073901,11060170.05,0.0
073902,264008.4,1628665.0
073903,36681932.24,9195909.0
073904,367516.79,2810479.0
073905,491352.13,928550.0
073906,319641.15,147085.0
073907,1488442.21,1515339.0
073908,35793.37,0.0
073909,81883.49,1419002.0
073910,5923089.0,13525.0
073911,0.0,43324.0
073912,559987.51,22950711.0
073913,85514.0,0.0
073914,0.0,22712.0
073916,97002.55,14370.0
073917,1135386.46,8762669.0
073918,532867.01,502215.0
073919,406332.0,128371.0
073920,5817304.89,8365641.0
073921,1207898.27,416951.0
073922,8731.0,1855647.0
073923,6314882.25,9764117.0
073924,641415.41,177862.0
073925,618921.54,10562.0
073926,3736696.0,3718727.0
074001,10446.05,0.0
074002,3087757.85,0.0
074005,52688.1,0.0
074006,13533.0,14328.0
074007,93191.23,0.0
074008,1593501.93,23049.0
074009,2826982.0,532709.0
074010,1621314.0,95717.0
074011,9704362.26,2453237.0
074012,2468845.48,15027.0
074013,326336.21,0.0
074014,53424.0,2830.0
074015,82608.0,4980.0
074016,6182810.15,510618.0
074017,22530.0,29888.0
084101,8227.0,27330125.0
084102,306126.39,350643.0
084103,6788.23,126725.0
084104,6472170.03,2275009.0
084105,140783.0,2538913.0
084106,48695.0,452434.0
084107,278256.0,211604.0
084108,2279.0,0.0
084109,0.0,49894.0
084111,0.0,313659.0
084201,85567.0,939390.0
084202,7449422.0,1139846.0
084203,1045270.0,710215.0
084204,4149.0,2918.0
084205,272139.0,7132990.0
084206,88228.0,0.0
084301,12190.0,23031.0
084302,557976.0,0.0
084303,61332.0,48189.0
084304,144851.0,17208.0
094401,30402.8,474591.0
094402,1269.63,0.0
094403,372235.62,9069089.0
094404,0.0,3748.0
094405,11982.18,1399.0
094406,38710.66,0.0
094407,574085.35,58135.0
094408,308358.28,2905.0
094409,191063.68,19437.0
094410,90302.68,285617.0
094411,231401.0,57398.0
094412,166578.17,385468.0
094413,28792.01,0.0
094415,139366.6,199853.0
094416,877707.36,0.0
094417,13594.63,118280.0
094418,3162710.89,277627.0
094419,160288.06,1930.0
094420,427365.0,63986.0
094421,652299.89,260706.0
094503,902832.0,560346.0
094504,3586.0,1084.0
094601,36144.96,1041.0
094602,25604.0,30223.0
104703,618715.19,0.0
104704,26446.6,0.0
104706,40063.03,16000.0
104707,0.0,2510.0
104801,27858.87,0.0
104802,1017091.49,1557005.0
104804,159249.14,739751.0
104805,700022.56,141628.0
104806,1229.73,0.0
104807,4674.02,0.0
104808,30594.98,62291.0
104809,708783.16,147143.0
104810,14622435.66,240769.0
104811,7162497.5,1683313.0
104812,4822.0,0.0
104813,33342.17,305483.0
104814,188774.41,67177.0
104816,6989057.86,488889.0
104817,92718.96,612232.0
104818,1604230.09,4010026.0
104819,524234.32,21050410.0
104820,1744219.81,4378794.0
104821,134784.0,578781.0
104822,180144.67,74574.0
104823,825064.65,1228716.0
104901,2909138.0,9198115.0
104902,11295404.0,604709.0
104903,2760.0,3000.0
104904,11728.0,0.0
104905,12234.0,10319.0
104906,88935.0,8971.0
104907,1944153.0,53316.0
104908,140377.0,16317.0
104909,25854.0,12938.0
104910,34522.0,48566.0
104911,9192375.0,1970635.0
115005,17529.0,0.0
115006,2247.0,0.0
115007,101069.0,6123.0
115101,255550.15,2177.0
115102,0.0,15620.0
115103,10724.7,0.0
115105,1323804.0,240080.0
115106,6838.0,0.0
115107,789148.0,16925.0
115108,0.0,2687.0
115109,150611.0,0.0
115110,86079.0,0.0
115111,167499.0,43828.0
115112,1901448.0,576661.0
115113,0.0,23672.0
115201,5876722.52,0.0
115202,31665.88,4238.0
115203,12266.56,15223.0
115204,35642.0,0.0
115205,707808.99,1533007.0
115206,17903.75,12047.0
115207,8551.0,8193.0
115208,3672715.0,206085.0
115209,6246572.07,4400819.0
115210,339086.0,149783.0
115211,488726.0,1325679.0
115212,161639.0,9053.0
115301,928022.77,9433.0
115302,1033.13,0.0
115305,13847.84,0.0
115306,651463.0,0.0
115308,1357.29,0.0
115309,492716.0,11288.0
115310,224219.37,111424.0
115311,6737.0,0.0
115401,86533.0,141048.0
115402,11094375.15,3355544.0
115403,814010.14,11500.0
115404,200109.28,0.0
115405,0.0,57218.0
115406,4322.0,0.0
115407,4955761.39,1423634.0
115408,640577.0,1763566.0
115501,96102.49,19524.0
115503,342109.3,483497.0
115504,184611.67,659753.0
115505,62771.29,29532.0
115506,4896.47,94360.0
115508,1866084.0,2066765.0
115509,5000900.17,1080946.0
115510,735821.04,25209.0
115511,5018.0,0.0
115512,1437508.0,257064.0
115513,3215940.0,149522.0
115514,553843.0,23344.0
115515,10118661.0,365769.0
115516,4170732.0,1652028.0
115601,115823.0,4502377.0
115602,46053.0,15404.0
115603,173689.0,18771425.0
115604,72542.0,97047.0
115605,8416.0,0.0
115606,12169.0,0.0
115607,1858792.78,423382.0
115608,1551940.0,1726.0
115609,624211.0,0.0
115701,170040.0,1056.0
115702,103445.36,191832.0
115703,84473.02,172646.0
115704,13851.6,98331.0
115705,32806.0,773722.0
115801,229675.0,231777.0
115802,8303.0,480098.0
115803,50745.0,2643.0
115804,6393.0,249125.0
115805,2179.0,1517.0
115806,473368.0,34500.0
115807,92994.0,2719468.0
115808,61404.0,44880.0
115809,1108.0,53976.0
115810,288105.0,529591.0
115811,0.0,1333.0
115901,5522.0,0.0
115902,210098.0,28846.0
115903,1075641.0,620242.0
115904,42858.41,0.0
115905,5359.0,0.0
115906,35676.0,5290.0
115907,2528.0,0.0
115908,12414.0,18411.0
115909,0.0,11356.0
115910,29819.0,8757.0
115911,244315.0,427982.0
116001,622324.0,1598671.0
116002,5579431.0,48150857.0
116101,34068.0,6735.0
116102,807265.0,23910.0
116103,221668.0,365079.0
116104,3854465.0,387148.0
116105,768290.0,149957.0
116106,93139.0,139906.0
116107,594840.0,504049.0
116108,9335312.0,676601.0
116109,403576.0,1928772.0
116110,4153076.0,1056434.0
116111,5023653.0,25808.0
116112,1751450.0,7503.0
116113,74919.0,5068.0
116114,1898944.0,246595.0
116115,734509.0,1859203.0
116116,193696.0,0.0
116117,106040.0,443067.0
116201,1441874.0,4392910.0
116202,2156156.0,55714.0
116203,2428405.0,584913.0
116204,13678708.0,2720908.0
116205,694506.0,522489.0
116206,2951466.0,1168641.0
116207,253233.0,26240.0
116208,203873.0,89417.0
116209,1507673.0,58504.0
116210,1466017.0,70676.0
116211,4296241.0,27007809.0
116212,3835663.0,423660.0
116213,214198.0,7837.0
116214,1995561.0,1156820.0
116215,112784.0,37766.0
116216,107528.0,11443.0
116217,801005.0,1353238.0
116301,309548.0,2189721.0
116302,1560997.0,741744.0
116303,941613.0,50115.0
116304,37696.0,5800.0
116305,6135237.63,9586689.0
116306,107736.0,1692571.0
116307,673982.0,3205642.0
116309,1953590.05,2361107.0
116310,9996.53,49708.0
126401,207841.0,238939.0
126402,1069090.0,1508182.0
126403,22451602.0,2236299.0
126404,2703137.0,55802.0
126405,874385.0,207237.0
126406,3845027.0,301165.0
126501,2383.0,1188.0
126503,7321.0,0.0
126504,59379.0,139562.0
126505,410725.0,20734.0
126506,75184.0,44933.0
126507,61780.0,0.0
126601,359213.0,22586.0
126602,7822.0,3016.0
126701,1157.0,0.0
126702,133918.0,17981.0
126703,1030.0,0.0
126704,17718.0,0.0
136801,13704.7,7779.0
136802,0.0,478122.0
136803,0.0,10097.0
136804,333299.21,250153.0
136805,353480.0,2479.0
136806,2447130.66,867797.0
136807,1822.94,276689.0
136809,49101.55,21990163.0
136810,127775.05,29097.0
136811,632279.33,205086.0
136812,21157.42,41666.0
136813,322908.0,58168.0
136814,69334.0,51548.0
136815,9746.81,83679.0
136901,16291.46,15812.0
136902,13268.4,8483.0
136903,312801.98,0.0
136904,27905.26,6844.0
136905,3705050.39,29514.0
136906,105907.09,0.0
136907,175888.38,4774.0
136908,2185598.95,1051961.0
136909,37129.52,38502.0
136910,271891.64,12797891.0
136911,9435.47,3194.0
136912,643313.98,5306.0
136913,150873.13,2872486.0
136914,1056.0,13048.0
137002,33999.21,2116.0
137003,12061.0,1756867.0
137004,12940.6,1579.0
137005,19834.37,50775.0
137007,1347840.78,209221.0
137008,49416.75,0.0
137009,467169.3,3153.0
137010,3811365.1,21775.0
137011,220639.65,144620.0
137012,1051.91,0.0
137013,2606559.16,936726.0
137014,0.0,1699.0
137015,141251.0,0.0
137016,58270.44,0.0
137017,50503.0,6184.0
137018,18201.0,3363.0
137019,5973768.3,7917465.0
137020,22667.0,30351.0
147101,4264884.0,49151924.0
147102,204796427.0,1108411.0
147103,1281182.0,34820.0
147104,1089574.0,0.0
147105,200105.0,0.0
147106,3423268.0,8557.0
147107,61118.0,0.0
147108,641073.0,24337931.0
147110,8137523.0,0.0
147111,12646.0,2044.0
147112,267213.0,101967.0
147113,152152.0,878495.0
147114,1198816.0,6937.0
147116,99009.0,216334.0
147117,423868.0,307496.0
147118,27330.0,0.0
157201,4924.04,4026.0
157202,762118.84,1614.0
157203,1178.5,0.0
157204,224138.89,0.0
157205,238634.98,0.0
157206,1527628.67,13433.0
157207,1309232.3,0.0
157208,967616.19,47714.0
157209,248231.57,328955.0
157210,634071.94,64158.0
157211,4754188.75,77931.0
157212,3487657.66,2987483.0
157213,1002527.79,963275.0
157214,1637600.32,1078460.0
157215,417835.56,71001.0
157216,924517.44,92257.0
157217,1350691.05,154934.0
157218,271914.36,158253.0
157219,1035215.57,19948.0
157220,74918.9,0.0
157222,407549.53,1091797.0
157223,486848.0,37131.0
157225,62699.71,1045.0
157226,1462071.02,5653.0
157228,4663208.74,410054.0
157229,1537.19,0.0
157301,4211.03,731318.0
157302,720750.94,0.0
157303,79841.17,0.0
157304,6346234.19,2173865.0
157305,174566.93,14440.0
157306,887116.49,12700181.0
157307,1152718.14,142654.0
157308,13546931.57,3243662.0
157309,16248.16,232927.0
157310,808148.52,696430.0
157311,748860.67,5607.0
157312,3156442.72,439447.0
157313,1156.24,0.0
157314,106455.24,61856.0
157315,563076.31,561123.0
157316,108101.31,3319.0
157317,1027198.63,5893.0
157318,3689325.28,486055.0
157319,39117.0,7757.0
157320,544662.7,285733.0
157321,209769.79,193345.0
157322,41147.96,0.0
157323,1005249.87,185425.0
157324,278520.31,4271.0
157325,316297.62,10772.0
157326,11930524.44,4525184.0
157401,0.0,48063.0
157403,141980.66,12917163.0
157404,60262.05,6329.0
157406,2586.0,0.0
157407,192058.21,11967.0
157408,83638.25,0.0
157409,309331.69,50221.0
157410,29238.0,15509.0
157411,39157.0,28812.0
157412,22848.0,38007.0
157413,0.0,7591413.0
157414,1133.0,0.0
157415,49408.0,5519.0
157416,1150.0,0.0
157418,16257.0,8889.0
157419,352212.0,146979.0
157502,515244.0,98333975.0
157504,4730.0,1363277.0
157505,1083865.0,0.0
157506,26125.0,0.0
157507,676223.0,0.0
157508,96609.0,0.0
157601,7800079.28,46603.0
157602,375504.97,0.0
157603,1142.0,1967.0
157604,294275.51,313748.0
157605,72917.59,131089.0
157606,654035.89,49218.0
157607,4892114.45,2190029.0
157608,561685.0,13875.0
157609,6672.0,2820.0
157610,0.0,323240.0
157612,102130.0,11143597.0
157613,4178.0,0.0
157614,606343.07,150205.0
157615,27259.0,266851.0
157616,283906.0,369351.0
157801,57319.11,0.0
157802,70824.83,0.0
157804,3254.01,0.0
157806,22566.91,0.0
157901,852040.9,77844.0
157904,0.0,525607.0
157905,14663.33,4024.0
157906,7319.85,1755.0
157907,64648.0,21916.0
158001,813814.0,0.0
158002,0.0,2428.0
158003,2398.0,0.0
158005,5224.0,0.0
158007,14797.0,1208.0
158101,0.0,1390.0
158102,29926.0,0.0
158104,28188.0,0.0
158105,1069.0,0.0
158106,47561.0,0.0
158108,804055.0,125202.0
158109,270857.0,0.0
158111,187227.0,0.0
158112,1043.0,0.0
158113,0.0,25050.0
158201,1947526.75,32811.0
158202,179822.0,38533.0
158203,286829.0,1070.0
158204,1102093.0,16500.0
158205,3533872.46,121409.0
158206,12393.0,0.0
158207,3013894.0,2485915.0
158208,361108.0,100793.0
158209,1388504.0,71834.0
158210,37559.0,1456.0
158211,1515399.0,63754.0
158213,18720.0,125067.0
158214,58607.0,44129.0
158215,25724.0,65444.0
158301,128247.0,18068.0
158302,1622784.0,83325.0
158303,193134.98,0.0
158304,22084.0,0.0
158305,95106.25,0.0
158306,42364.0,91724.0
158307,28972.0,11103.0
158308,120140.0,198837.0
158309,98782.24,719095.0
158310,9083.0,2410.0
158311,2049969.14,688731.0
168401,1322604.0,0.0
168402,1830709.0,116829.0
168403,114859.0,319672.0
168404,213839.0,70132.0
168405,1197.0,24879.0
168406,1317928.0,44589.0
168407,1243399.0,3959036.0
168408,3799215.0,20726.0
168409,19701035.0,17542125.0
168410,1997650.0,233109.0
168411,51230834.0,241699.0
168412,4703225.0,29336.0
168413,11883711.0,7487741.0
168414,20021139.0,1206603.0
168415,1358371.0,221428.0
168416,412213.0,5955.0
168417,463361.0,2672950.0
168418,11853594.6,3054370.0
168419,1944500.0,2041714.0
168420,1292593.0,1338964.0
168421,7087901.0,1022495.0
168422,2271173.0,766857.0
168423,1823044.0,9589.0
168424,2917385.0,9199103.0
168425,2733610.0,1066040.0
168426,315288.47,1655015.0
168427,324889.0,127049.0
168428,6727328.0,536774.0
168429,3781701.43,788253.0
168430,6548569.0,1733424.0
168431,20429006.95,6180712.0
168432,241502.0,185501.0
168433,4352094.0,1994158.0
168434,1271085.0,14594.0
168435,41746.0,4795.0
168436,646429.0,45331.0
168437,1187628.0,1989533.0
168438,2170442.0,167146.0
168439,94697.0,0.0
168440,8270.0,0.0
168441,1434172.0,614871.0
168442,118641.0,1525.0
168443,5281207.0,82192.0
168444,651420.0,17011.0
168445,906801.0,135869.0
168446,130903.0,0.0
168447,540382.0,60219.0
168448,3994887.0,400332.0
168449,60396.0,3213.0
168450,2006883.02,3907.0
168451,2834177.0,374758.0
168452,1680182.91,2759251.0
168453,189644.0,53596.0
168454,543593.0,196278.0
168455,6711647.61,22689.0
168456,45520.0,0.0
168457,194123.0,84206.0
168458,329785.0,0.0
168459,1363486.0,27956.0
168460,998550.0,13760.0
168461,113111.95,110820.0
168462,2924424.0,52270.0
168463,623338.0,0.0
168464,223639.0,8148.0
168465,1599652.0,11565.0
168466,8508933.0,800474.0
168467,2997315.0,22659.0
168468,241653.0,0.0
168469,58368.0,9870.0
168470,275956.0,15250.0
168471,347218167.0,822424160.0
168472,1335929.0,16877.0
168473,104342668.0,30300378.0
168474,6239070.0,141626.0
168475,862873.0,131301.0
168476,1014507.0,16925.0
168477,3716287.0,2970.0
168478,383419.0,188339.0
168479,140267135.0,34821219.0
168480,2969935.0,10825460.0
168481,6733848.0,4703899.0
168482,28009549.0,665058.0
168483,6379470.0,2125089.0
168484,503940.0,185832.0
168485,1308370.0,22271117.0
168501,5347300.0,871852.0
168502,70879.0,65992.0
168503,107083.0,3034.0
168504,24198294.0,1565688.0
168505,714769.0,2412.0
168506,388118.0,65321.0
168507,1900638.75,98874.0
168508,2377578.0,57008.0
168509,2413061.0,61097.0
168510,954737.0,1683.0
168511,5192840.0,875354.0
168512,199159.0,12606.0
168513,73099.0,50839.0
168514,63773.0,161200.0
168515,6769757.0,51414.0
168516,20332951.0,334711.0
168517,42954113.0,236093891.0
168518,4357955.0,75667.0
168519,1011088.0,183821.0
168520,832474.0,13078.0
168521,519651.0,6069.0
168522,2889172.0,91779.0
168523,11756118.0,199825.0
168524,4112022.0,5208099.0
168525,10217811.0,16477729.0
168526,1373299.0,28893.0
168527,5341671.0,25180358.0
168528,57534862.0,1326138.0
168529,24377018.0,53962.0
168530,13147.0,21011.0
168531,773851.0,43173.0
168532,9563105.0,496317.0
168533,1372584.0,62987.0
168534,2343551.0,212736.0
168535,1153207.0,1101602.0
168536,40844902.0,7469715.0
168537,17148487.0,6746076.0
168538,13543378.0,3924928.0
168539,1162953.0,121763.0
168540,7027971.0,341628.0
168541,5860478.0,200012.0
168542,410698690.0,111309.0
168543,7232513.0,6920535.0
168544,11626351.0,192916228.0
168545,560376.37,12283.0
168546,237445.0,31116.0
168547,355465.0,0.0
168548,1882668.0,1416012.0
178601,806242.0,0.0
178602,4192647.09,0.0
178603,17660.0,0.0
178604,80421.0,0.0
178605,1915552.0,0.0
178606,840829.85,0.0
178607,769631.1,42877.0
178608,0.0,1134.0
178609,635813.97,4019248.0
178701,953771.0,800760.0
178702,552039.0,10003519.0
178703,86482703.0,14869599.0
178704,10798523.27,14128052.0
178705,2159724.0,577613.0
178706,92041.0,0.0
178707,27067.0,444796.0
178708,70867294.77,22694310.0
178709,1158.0,0.0
178710,5262980.0,1718298.0
178711,430134.0,10637.0
178712,394636.0,1366.0
178713,87959.0,2115.0
178714,9101935.18,21763.0
178715,35927.0,163104.0
178716,1368618.87,96523.0
178801,83478.0,0.0
178802,106115765.0,65522512.0
178803,244820871.0,669879688.0
178804,9303.0,0.0
178805,1667.0,32855.0
178901,7143101.23,947033.0
178903,2893705.0,4612119.0
178904,0.0,1547352.0
178905,253242.16,186472.0
178906,14555.0,9362.0
178907,3124.0,17760683.0
178908,30330.83,0.0
189001,4045731.0,25739468.0
189002,2284092.0,6190.0
189003,5270766.0,47127.0
189004,2584465.0,140231.0
189005,1686887.0,6674.0
189006,3340019.0,275393.0
189007,762281.0,0.0
189008,67394.0,8885.0
189009,5451741.0,299082.0
189010,616494.0,17855.0
189011,101662.0,29524.0
189012,69024.0,0.0
189013,2979.0,18060606.0
189014,11725149.0,4673.0
189015,5819326.0,9884231.0
189016,5450.0,177715.0
189017,1091727.0,198676.0
189018,9525271.0,36702404.0
189019,139762.0,141044.0
189020,27509.0,522181.0
189021,24824014.0,2559975.0
189022,40318770.0,480132.0
189023,31400.0,1167.0
189024,111697.0,177662.0
189025,295578.0,159028.0
189026,3327052.0,3993687.0
189027,6435807.0,1577927.0
189028,759429.0,7757.0
189029,409975.0,46063.0
189030,4380358.0,4286578.0
189031,25745849.0,2089445.0
189032,3820378.0,71731.0
189033,14967.0,205794.0
189101,1495193.0,63186.0
189102,9767684.0,420419.0
189103,110622.0,133914.0
189104,33594.0,0.0
189105,248797.0,24351.0
189106,306464.0,16925.0
189107,43716.0,1017.0
189108,19482.0,0.0
189109,9524.0,0.0
189110,6369.0,0.0
189111,218818.0,0.0
189112,2988.0,0.0
189113,657171.0,3395.0
189114,1684859.0,331272.0
189201,63166.0,145673.0
189202,352770.0,8389.0
189203,3905.0,0.0
189204,4231.0,0.0
189205,217686.0,12699.0
189206,4948.0,4921.0
189207,725484.0,0.0
189208,160888.0,1192.0
189209,394749.0,113847.0
199301,84518283.0,1461.0
199302,101243.0,0.0
199303,758579.0,104397.0
199304,15195.0,34143.0
199305,2495.0,1196.0
199306,12667707.0,453558.0
199307,5938.0,0.0
209401,4707092.87,266882.0
209402,1112152.0,1017.0
209403,11922726.25,2595793.0
209404,2149619.39,678745.0
209405,6659799.0,1011203.0
209406,1079555.24,479886.0
209501,138260.03,0.0
209502,1065047.0,19597.0
209503,1102230.0,94629.0
209504,2394674.0,137422.0
209505,118327.0,1068.0
209506,5570635.26,521074.0
209507,860531.0,111355.0
209508,1083.0,0.0
209601,13890.0,0.0
209602,1338.0,4002.0
209603,507580.1,614647.0
209604,4620.0,1031.0
209605,2054.0,0.0
209606,291032.0,312307.0
209607,170180.0,1226011.0
209608,832096.0,13421051.0
209609,440529.0,136416.0
209610,10791.0,4437.0
209611,9175.0,9977.0
209612,1749908.0,80680.0
209613,338620.0,10913.0
209614,32484.0,0.0
209615,1121365.0,5188.0
209616,340327.0,0.0
209617,124395.0,0.0
209618,5978.0,2315.0
219701,75212589.0,170001.0
219702,429265.0,1187.0
219703,1172121.0,4190.0
219704,0.0,570019.0
219705,32923454.0,2021.0
219706,4009516.0,1502.0
