010101,91868.0,0.0
010102,43997.61,47528.0
010104,25604.46,0.0
010105,159160.66,236702.0
010106,1048927.0,1784.0
010201,138091.46,1620512.0
010202,464296.21,159851.0
010203,659277.12,41133.0
010204,32516.82,44195.0
010206,52887.52,38651.0
010207,459149.26,1721913.0
010208,0.0,55071.0
010209,43858.39,30251.0
010210,0.0,12078.0
010301,310715.0,1598.0
010302,22485725.39,80010.0
010303,19667139.73,15357264.0
010304,655223.28,278670.0
010305,205465.3,235014.0
010306,1916899.0,18488.0
010307,1364077.83,1137623.0
010401,146916.83,159856.0
010402,152520.84,220456.0
010403,48423.25,509727.0
010404,2468.53,1123966.0
010405,952045.9,256916.0
010406,62428.0,2256212.0
010407,6813.3,982118.0
010408,68912.0,33159.0
010409,202187.17,21865.0
010410,0.0,20012.0
010504,0.0,14745.0
010505,17012.0,64780.0
010506,0.0,1901.0
010508,13885.99,0.0
010509,41759.0,0.0
010511,26833.36,1543.0
020601,11051.0,0.0
020602,30974.39,243851.0
020603,10137.0,248883.0
020604,384937.0,112548.0
020701,333793.12,2543.0
020702,9793.11,4124.0
020703,162771.6,1891.0
020704,8881.6,14772.0
020705,3978.45,0.0
020706,24872.53,5098.0
020708,35240.67,0.0
020709,18106.55,47389.0
020710,273265.02,271390.0
020711,136482.61,0.0
020712,69082.04,19536.0
020713,2374826.84,210092.0
020714,0.0,2163.0
020801,1246656.81,8812.0
020802,49679.64,45120.0
020803,317204.49,679660.0
020804,24208.5,245805.0
020805,103692.71,1082008.0
020806,276229.74,2721.0
020807,2550.09,38122.0
020808,168436.66,163132.0
020809,6065.74,5980.0
020810,331905.97,19472.0
020811,415910.01,0.0
020812,7549.96,1147.0
020813,51074.16,15888.0
020814,30455.69,795580.0
020901,1411199.42,106700.0
020902,100300.95,276254.0
020903,16533.77,0.0
020904,8470.89,173578.0
020905,1146.0,26809.0
020906,4737.34,0.0
020907,2534.28,1895.0
020908,6910.0,6451.0
020909,83024.62,1176.0
020910,915624.32,66025.0
021001,5725382.57,106911.0
021002,7954.73,0.0
021003,22423.66,0.0
021005,2334635.04,4096590.0
021006,714326.49,9479.0
021007,29124.22,0.0
021008,1234.35,1501.0
021101,446402.69,1249364.0
021102,75577.75,69724.0
021103,93523.02,93493.0
021104,51751.97,1207.0
021105,77511.83,0.0
021106,0.0,3342.0
021107,119261.86,0.0
021108,474120.09,270187.0
021109,34260.47,41530.0
021201,2342.88,0.0
021202,120280.35,0.0
021204,30452.22,0.0
021205,3306.18,0.0
021207,1163792.97,120367.0
021208,48828.78,12047.0
021209,246182.64,80866.0
021210,0.0,19143.0
021211,120185.69,258880.0
021212,2175351.0,7468.0
021214,27650.42,1329.0
021301,83550.57,158440.0
021302,650973.0,21918366.0
021401,4796.57,4175.0
021404,12342.37,46140.0
031501,11968.08,0.0
031503,2756.02,0.0
031504,16930.64,0.0
031505,57713.0,0.0
031506,3902.61,0.0
031507,928857.04,261435.0
031508,12261.8,0.0
031509,434139.16,69698.0
031511,2655192.96,42299.0
031512,1019939.79,0.0
031513,111024.93,189952.0
031514,23219.52,0.0
031515,287148.0,2701204.0
031516,81971.33,4410.0
031517,64254.53,948497.0
031518,4624.62,0.0
031519,182900.41,36000.0
031520,31587.15,278649.0
031521,18039.0,0.0
041601,15176.05,60133.0
041602,635725.29,803260.0
041603,56610.0,0.0
041604,2279537.85,9394079.0
041605,268994.0,1647.0
041701,2448052.57,988417.0
041702,460638.3,112134.0
041704,1162656.81,875451.0
041803,988624.9,3661.0
041804,1360.0,0.0
041805,1206385.47,1042.0
041806,2352622.7,4899521.0
041901,290524.97,509301.0
041902,583531.41,1663378.0
041903,85317.15,0.0
041904,149606.13,12757.0
041905,493688.2,3739542.0
042001,45084.37,38588.0
042002,17558.17,1815479.0
042003,6807.94,3412.0
042004,379185.32,7876.0
042005,72593.32,1807583.0
042006,16152.23,0.0
042007,355773.91,87215.0
042008,544778.39,363930.0
042009,1288603.4,732457.0
042101,6093.0,35071.0
042102,93640.85,40281.0
042103,200775.16,97955.0
042104,62513.79,18587.0
042105,507303.93,87381.0
042106,7781375.9,212069308.0
042201,133728.03,448034.0
042202,77407.62,21321146.0
042203,2256108.04,30216932.0
042204,1205398.21,8450244.0
042205,46009.0,1580764.0
042206,0.0,11956226.0
042207,466028.01,10077.0
042208,2327977.0,39502913.0
042209,45292.97,1170.0
042301,745659.29,19323.0
042302,591608.73,124314.0
042303,38287.6,0.0
042304,758219.38,1351274.0
042306,477783.1,44197.0
042309,1238102.11,1790163.0
042401,3384144.14,143803.0
042402,11761687.0,27915930.0
042403,2022513.18,763536.0
052501,1745951.27,2344129.0
052503,31170086.38,0.0
052504,35585.48,0.0
052505,137074.09,40659.0
052507,20650.08,3687.0
052508,225564.28,371361.0
052509,106959.11,0.0
052510,1977360.2,0.0
052511,915265.78,2172782.0
052513,12999.53,240453.0
052514,3216.97,0.0
052515,138135.8,0.0
052516,141474.84,1104.0
052517,2187828.91,0.0
052518,24121.62,4579.0
052519,97242.18,0.0
052520,32230.61,7343.0
052521,7377041.62,0.0
052522,3427747.74,73985.0
052523,14056816.26,26197338.0
052524,74999.49,0.0
052525,42878.0,57670.0
052526,1134.08,0.0
052528,48196.28,3458.0
052529,23823.33,0.0
052530,161976.04,506174.0
052601,9353.47,0.0
052602,1335.63,0.0
052603,4746112.6,0.0
052604,27974.73,0.0
052606,27795.8,134460.0
052610,28925.62,0.0
052615,104800.4,141730.0
052616,1000.0,0.0
052617,61713.76,0.0
052620,114490.16,38267.0
052621,177116.79,0.0
052701,3238117.64,1697.0
052702,0.0,2730.0
052703,55191.23,274937.0
052704,15854074.63,1798.0
052705,1223.19,0.0
052707,66090660.24,17886.0
052708,1034645.53,0.0
052709,11886291454.36,1411046456.0
052710,3032094575.74,6046222284.0
052711,7171506.77,433050173.0
052712,250795.41,27358.0
052713,900579.27,0.0
052714,31451.46,23980.0
052715,649775.31,1017.0
052716,3155312.66,1344538.0
062801,12561.85,286336.0
062803,109017.3,0.0
062804,334808.84,1288616.0
062805,4582634.76,9688.0
062806,154211.44,0.0
062807,53370.47,911390.0
062808,555576.55,21048.0
062809,407223.29,0.0
062811,333718.65,83096.0
062812,2913.99,5053.0
062813,8363.94,0.0
062814,1246741.61,4673.0
062815,1067078.39,51768.0
062816,3566.73,63405.0
062817,7956.5,13320.0
062818,247006.13,121670.0
062819,75691.03,21510.0
062820,219889.65,0.0
062821,4916386.45,1600354.0
062823,0.0,109254.0
062825,1392611.46,11999.0
062826,374690.21,21000.0
062827,217151.05,1800096.0
062828,79717.57,483663.0
062829,111719.53,12449627.0
062831,83691.7,3120.0
062832,32007.02,99396.0
062833,402154.59,2561742.0
062834,32281.19,404627.0
062835,197568.2,33021.0
062836,592077.08,6151045.0
062837,2771.52,0.0
062838,1368.14,0.0
062839,120899.56,5844.0
062840,111669.42,0.0
062841,153142.39,0.0
062842,21249.88,1194.0
062843,304423.0,0.0
062844,11829043.0,2417.0
062845,21354.0,0.0
062846,98304.0,0.0
062847,17046.05,2486134.0
062849,890411.7,74425.0
062850,22036.0,2259234.0
062851,1500.2,2382.0
062901,1273663.46,13343.0
062902,370908.72,5797.0
062903,29114623.19,102904.0
062904,232068.72,2081.0
062905,627621.18,3780256.0
062906,92103.9,28753.0
062907,75461.99,10200.0
062908,60718.0,2562.0
062909,166775.71,145371.0
062910,22183.41,0.0
062912,857982.43,22766.0
062913,40483.0,0.0
062914,421158.1,244581.0
062915,17032560.61,128792.0
062916,708939.85,114391.0
062917,1111454.6,150862.0
062918,443189.44,1097056.0
062919,22319.0,0.0
062920,8125.0,43775.0
062921,605643.89,115174.0
062922,2836937.05,368882.0
062923,63784.32,44832.0
062924,510241.07,40287.0
062925,104354.0,12770.0
062926,462103.28,0.0
062927,6852.0,0.0
062928,72419.0,275868.0
062929,126021.29,7211.0
062930,274688.72,220733.0
062931,234796.0,13244.0
062932,303742.52,196970.0
062933,803851.5,341042.0
062934,6665606.0,29836.0
062935,598850.0,0.0
062936,648568.0,5080162.0
062937,914086.0,1899.0
062938,1768.0,0.0
062939,255316.0,4238.0
062940,34095.0,0.0
062941,1660691.0,37298.0
062942,6116565.0,1820935.0
063001,13819.0,0.0
063002,68794.0,63326.0
063003,347855.0,35460.0
063004,25835472.0,81542014.0
063005,1367934.0,1093.0
063006,322073.0,9246.0
063101,49318.0,5233.0
063102,20969074.0,4076012.0
063103,29040.87,0.0
063104,23806857.43,290414.0
063105,25969240.14,20527191.0
063201,179477.14,0.0
063202,484104.79,0.0
063203,33933.0,0.0
063204,1516742.0,69933649.0
063205,89467.0,0.0
063206,850152.07,27561607.0
063207,932445.7,0.0
063208,492696.0,12606816.0
063209,478576.93,3496438.0
063210,0.0,348530.0
063211,589800.0,44713.0
063212,317597.0,218707.0
063213,36527.0,0.0
063214,346729.55,7772732.0
063215,3962403.0,425196.0
063301,631550.0,71634.0
063302,696957.0,7927754.0
063303,3146519.0,10938057.0
063304,5543038.0,2586720.0
063305,1189325.1,4070504.0
063306,116430.0,1588909.0
063307,1712971.0,1942116.0
063401,171652.82,589806.0
063402,735358.45,7465414.0
063403,1943105.06,618372.0
063404,398244.47,4347009.0
063405,487723.06,62346.0
063406,250922.85,21023.0
063407,111269.0,0.0
063502,6416.0,47295.0
063503,113970.0,55589.0
063504,91336.0,0.0
063505,435286.43,0.0
063506,817844.13,615209.0
063507,2585772.0,827039.0
063601,13000.0,0.0
063602,418989.55,0.0
063603,1509967.0,20698.0
063604,40148.0,542993.0
063605,14338.92,0.0
063701,1335777.0,322192.0
063702,587303.0,946368.0
063703,203831.0,24002.0
063704,10458.0,0.0
063705,125361.0,7420.0
063706,192298.0,2748.0
063707,1405777.0,6158.0
063801,1689.0,15922.0
063802,68830.97,19704.0
063803,221759.14,1225515.0
063804,72279.59,58806.0
063805,21143.14,4124.0
063806,83717.33,205630.0
063808,5140923.82,16721931.0
063809,535890.6,935583.0
063810,31657.91,41424.0
063811,564497.41,466407.0
063812,762179.31,84288.0
063814,215978.33,333598.0
063815,353723.0,73827.0
063816,1646614.98,27520.0
063817,11673388.07,0.0
063818,37072.0,2872162.0
063819,93181.82,5522.0
063820,162322.55,34966.0
063821,0.0,15273.0
063822,2635701.0,14946801.0
063823,4265132.37,1084076.0
073901,2340563.14,637488.0
073902,1166748.04,4001428.0
073903,30157448.51,12273868.0
073904,824535.26,157000.0
073905,804143.84,56602.0
073906,2044039.48,674570.0
073907,3495736.62,5182817.0
073908,183783.61,16631.0
073909,1084880.91,3446081.0
073910,200632.0,81152.0
073912,617142.55,14551902.0
073913,171615.0,150949.0
073914,0.0,142649.0
073915,372048.66,5530.0
073916,675016.76,861595.0
073917,3032591.51,6192952.0
073918,540406.67,362800.0
073919,3592660.0,1243477.0
073920,2044524.77,5992737.0
073921,1097059.74,650016.0
073922,124775.0,788342.0
073923,3190933.15,3637904.0
073924,713632.0,479394.0
073925,343203.0,79747.0
073926,8601535.0,2234822.0
074001,170839.7,1149.0
074002,4588299.22,40596.0
074004,4759.09,0.0
074005,218925.62,23613.0
074006,165064.16,0.0
074007,51846.03,1163.0
074008,48475.0,673360.0
074009,2025530.0,110905.0
074010,2687457.0,49546.0
074011,5975476.48,8235871.0
074012,445311.01,424140.0
074013,126650.99,3939.0
074014,257346.0,0.0
074015,380492.0,10635.0
074016,5143813.72,2687411.0
074017,40779.0,0.0
084101,71799.21,56032.0
084102,32082.2,0.0
084103,69331.26,0.0
084104,2214085.65,1323337.0
084105,152014.0,19884.0
084106,123278.0,50499.0
084107,33998.0,0.0
084108,63228.0,0.0
084110,0.0,2430.0
084111,352834.0,141638.0
084201,1482.0,0.0
084202,1986364.0,636004.0
084203,382507.0,685898.0
084204,1075467.0,0.0
084205,13373.0,5377240.0
084206,2583.0,14336.0
084301,126912.0,0.0
084302,341857.0,398218.0
084303,0.0,49142.0
084304,3901.0,0.0
094401,10778.09,551477.0
094402,164103.54,0.0
094403,4707473.56,7798462.0
094404,80992.23,0.0
094407,2600303.51,468324.0
094408,760489.16,461516.0
094409,1894.56,52513.0
094410,733779.49,1426418.0
094411,259069.7,276764.0
094412,712611.85,596663.0
094413,82137.66,0.0
094414,10166.0,0.0
094415,1826012.12,313936.0
094416,169820.0,0.0
094417,6442.02,7988.0
094418,487779.31,2639032.0
094419,32851.0,14443.0
094420,199153.0,1184371.0
094421,501345.06,614393.0
094503,1467.0,1999.0
094504,87882.0,0.0
094601,165207.14,2809.0
094602,10298.0,31343.0
104702,90383.11,0.0
104703,144009.98,0.0
104704,43930.9,1349.0
104706,349744.2,0.0
104707,771260.53,0.0
104801,1533543.68,909410.0
104802,1754309.4,606722.0
104803,71794.39,17969.0
104804,200882.45,910939.0
104805,541653.58,85417.0
104806,26293.03,15253.0
104807,131797.98,1066.0
104808,144385.0,230263.0
104809,354688.15,220814.0
104810,2072267.1,1349443.0
104811,11923741.23,84377.0
104812,86207.0,0.0
104813,207603.35,24950.0
104814,500518.18,172216.0
104815,1276.8,5548.0
104816,142439.23,231426.0
104817,72045.22,17250.0
104818,1613569.95,2788931.0
104819,1731161.52,11167431.0
104820,1017898.74,1125717.0
104821,841669.0,229944.0
104822,46346.76,335521.0
104823,1034916.71,7497514.0
104901,3942596.0,1503772.0
104902,2807831.0,1633921.0
104903,4686.0,0.0
104904,41397.0,2087.0
104905,132294.0,7617.0
104906,51301.0,12827.0
104907,104652.0,1219.0
104908,107762.0,42913.0
104909,17117.0,2438.0
104910,306801.0,4234.0
104911,1233152.0,9771893.0
115006,1278.0,0.0
115007,951320.0,50276.0
115101,211599.63,0.0
115102,52690.0,0.0
115103,33887.69,243567.0
115105,1565807.0,0.0
115106,9618.0,0.0
115107,140141.0,5429.0
115108,0.0,11654.0
115110,131628.0,0.0
115111,483073.0,0.0
115112,3032490.0,3065638.0
115201,488915.03,0.0
115202,18696.58,0.0
115203,28486.46,133632.0
115204,175527.0,16351.0
115205,1172211.4,2053294.0
115206,211392.85,705310.0
115207,2145.0,0.0
115208,1580006.0,4313547.0
115209,9420924.0,613303.0
115210,1357225.0,407757.0
115211,178339.0,298627.0
115212,674677.0,2420.0
115302,0.0,1614.0
115304,9250.03,0.0
115305,0.0,39336.0
115306,16011.0,219222.0
115307,2957701.2,0.0
115308,0.0,1273.0
115309,641120.0,17038.0
115310,2420.16,1093.0
115401,775321.0,406788.0
115402,2018535.0,10118155.0
115403,142351.0,0.0
115404,152038.0,0.0
115405,1011.0,0.0
115406,33643.0,0.0
115407,2493734.06,7362420.0
115408,1401809.0,990508.0
115501,26275.0,1083.0
115502,0.0,45128.0
115503,199269.56,1169305.0
115504,280613.41,967380.0
115505,81214.1,892848.0
115506,160658.59,6923.0
115508,609084.0,288391.0
115509,211897.59,786884.0
115510,800264.0,2872.0
115511,39729.0,36423.0
115512,1304047.0,163730.0
115513,659582.0,92096.0
115514,779092.0,490811.0
115515,3538257.0,4634.0
115516,993899.0,62596.0
115601,528101.0,8649.0
115602,350578.0,25369.0
115603,16882466.0,10804286.0
115604,204669.0,33386.0
115605,14328.0,1582.0
115607,2228073.98,288806.0
115608,400723.0,92925.0
115609,264511.0,9039.0
115701,255665.0,0.0
115702,404126.0,5998.0
115703,60774.0,720017.0
115704,14452.72,2000.0
115705,340047.0,0.0
115801,419958.0,242295.0
115802,1755677.0,0.0
115803,0.0,59033.0
115804,167183.0,0.0
115805,17884.0,0.0
115806,461537.0,803245.0
115807,369468.0,2115581.0
115808,28238.0,78904.0
115809,166940.0,0.0
115810,38195.0,681343.0
115811,0.0,25923.0
115901,50035.0,0.0
115902,546601.0,21414.0
115903,966672.0,184838.0
115904,75792.0,1064.0
115905,0.0,4110.0
115906,147248.0,7277.0
115907,114227.0,11883.0
115908,17602.0,1253.0
115909,144247.0,5786.0
115910,64869.0,19007.0
115911,349667.0,1566849.0
116001,942107.0,3721.0
116002,3109931.0,7176288.0
116101,114163.0,10084.0
116102,368697.0,46460.0
116103,8308042.0,10237.0
116104,2892515.0,3328334.0
116105,7865138.0,74720.0
116106,2272863.0,19383067.0
116107,1256499.0,5619747.0
116108,2215662.0,254582.0
116109,12414819.0,1195692.0
116110,7117837.0,4532423.0
116111,313421.0,95861.0
116112,387662.0,2710636.0
116113,1300756.0,86002.0
116114,657565.0,66426.0
116115,884232.0,2609037.0
116116,698005.0,10796.0
116117,195007.0,234997.0
116201,1696821.0,395581.0
116202,915405.0,257795.0
116203,18413477.0,17893269.0
116204,11554078.0,3812643.0
116205,9802802.0,1514390.0
116206,12720010.0,1243287.0
116207,2691639.0,641828.0
116208,1068081.0,230573.0
116209,1032289.0,20622.0
116210,938737.0,166241.0
116211,2585653.0,2082265.0
116212,320138.0,29692.0
116213,100574.0,2758.0
116214,159953.0,137033.0
116215,189605.0,37568.0
116216,266161.0,1619.0
116217,1310898.0,318125.0
116301,85361.0,602025.0
116302,14671103.0,6536400.0
116303,907367.0,2782.0
116304,88569.0,83568.0
116305,191326.22,173336.0
116306,417333.0,35396.0
116307,555218.0,290140.0
116308,0.0,2888.0
116309,2449114.62,182731.0
116310,308089.55,127397.0
126401,36473.0,2071.0
126402,845386.0,237840.0
126403,70788884.0,13379699.0
126404,5378853.0,48941.0
126405,758471.0,70746.0
126406,1955685.0,3143023.0
126501,1995.0,1104.0
126502,4009.0,4982.0
126503,2863.0,0.0
126504,11765.0,3995.0
126505,10325988.0,95964.0
126506,367836.0,160049.0
126507,12817.0,0.0
126601,162974.0,6099.0
126602,49929.0,1776.0
126603,104292.96,17002.0
126701,2096.0,0.0
126702,85038.0,64735.0
126703,2276.0,0.0
126704,85150.0,2212.0
136801,217018.21,1676.0
136802,182546.59,167404.0
136803,6046.2,0.0
136804,901464.0,2479539.0
136805,334646.0,1199.0
136806,3682180.72,1234906.0
136807,178520.22,1418.0
136808,6663.21,0.0
136809,111442.53,4632.0
136810,196364.11,1889732.0
136811,4396.09,375142.0
136812,13056.0,5981.0
136813,1647804.0,3448.0
136814,138220.0,1594.0
136815,55134.04,110522.0
136901,7310.0,0.0
136902,2222389.23,0.0
136903,522938.0,1005.0
136904,41984.59,9547.0
136905,6054383.46,35349.0
136906,164114.13,0.0
136907,249968.62,29685.0
136908,669011.83,1644462.0
136909,202615.45,11567.0
136910,202152.49,23183222.0
136911,4255126.0,516428.0
136912,631942.8,1272.0
136913,337482.91,2132012.0
136914,17448.75,31141.0
137001,11372.72,0.0
137002,118584.85,20961.0
137003,179478.77,288169.0
137004,39617.46,0.0
137005,154342.77,0.0
137006,3368.78,97327.0
137007,904791.35,92807.0
137008,5103.87,20133.0
137009,901507.14,351738.0
137010,1457429.35,322665.0
137011,74270.68,0.0
137012,8763.0,0.0
137013,1704448.79,3483744.0
137014,4938.0,0.0
137015,33817.0,9968.0
137016,268126.87,38839.0
137017,271014.0,0.0
137018,315658.34,11098.0
137019,1011146.8,5818936.0
137020,16774.0,129596.0
147101,31590.0,0.0
147102,590470134.0,675814.0
147103,1299683.0,2331363.0
147104,164387.0,29211.0
147105,6133.0,0.0
147106,5375299.0,478562.0
147108,7611423.0,24559255.0
147110,967644.0,8443.0
147112,2860.0,0.0
147113,30905.0,1257560.0
147114,200523.0,310481.0
147115,39008.0,1119553.0
147116,3594.0,30854.0
147117,315503.0,1083913.0
147118,71179.0,9716.0
157201,29120667.49,1503.0
157202,1497411.87,0.0
157204,4862378.61,660112.0
157205,129409.16,0.0
157206,10679.9,0.0
157207,173509.22,0.0
157208,8397977.4,2331.0
157209,5774227.47,20965.0
157210,2660867.34,173516.0
157211,416444.15,55034.0
157212,134425.45,16574.0
157213,1191665.78,52480.0
157214,1022116.79,14892.0
157215,590642.93,109416.0
157216,5259366.82,15207.0
157217,1499269.07,6110.0
157218,18032.37,14570.0
157219,215565.47,137039.0
157220,297811.44,66656.0
157221,36141.25,0.0
157222,2388145.52,0.0
157223,43432.0,34366.0
157224,36499.85,0.0
157225,2084823.99,2882.0
157226,1173674.3,0.0
157227,35454.69,0.0
157228,1959421.65,1217.0
157229,4652.0,0.0
157302,100724.01,17592.0
157303,860389.2,80769.0
157304,5064850.98,3801454.0
157305,117853.33,5555.0
157306,5809090.04,1338591.0
157307,6732219.0,98432.0
157308,302885.85,1380667.0
157309,1630333.0,42306.0
157310,618199.01,3081111.0
157311,738816.27,32660.0
157312,1656918.52,128506.0
157313,5295.94,99856.0
157314,488345.73,19916.0
157315,1183495.98,996424.0
157316,0.0,400942.0
157317,1130630.92,47889.0
157318,11874691.45,352720.0
157319,193987.0,2644.0
157320,1296282.49,761702.0
157321,319062.91,1461930.0
157322,22449.24,70667.0
157323,508502.7,24933.0
157324,167709.68,1241055.0
157326,8818498.88,4997854.0
157403,695912.54,3529905.0
157404,89594.8,0.0
157405,4377.0,0.0
157406,35202.0,0.0
157407,132582.13,125877.0
157408,3211680.2,47049.0
157409,66659.0,21365.0
157410,42683.0,0.0
157411,425455.0,2138110.0
157412,765927.0,73288.0
157413,2282.0,0.0
157414,147048.0,0.0
157415,242828.0,1254.0
157416,3203.0,0.0
157417,1675.0,1771.0
157418,44680.0,94958.0
157419,125439.0,204948.0
157502,333167.0,5934.0
157504,74356.0,0.0
157505,6460.0,0.0
157506,3845.0,0.0
157507,16028.0,0.0
157508,38058.0,0.0
157601,12341037.15,6847835.0
157602,341714.46,5005324.0
157603,74815.56,0.0
157604,576773.0,22734685.0
157605,22670.0,27271.0
157606,6988041.28,327259.0
157607,2386325.0,4920154.0
157608,691774.0,0.0
157609,119191.0,0.0
157610,1552.0,38057835.0
157611,1863.0,0.0
157612,218855.0,13855541.0
157614,4774.32,0.0
157615,10482.0,23042.0
157616,1065936.0,329673.0
157801,118473.19,0.0
157803,1061.24,0.0
157804,0.0,1248.0
157806,11767.0,0.0
157901,253028.4,5196.0
157902,27464.84,6914.0
157903,12667.07,6295.0
157904,61643.23,883769.0
157905,22033.25,4263.0
157906,5475.0,0.0
157907,69181.0,354236.0
158001,1600459.0,0.0
158002,4023.84,0.0
158003,147017.0,67776.0
158005,16637.0,0.0
158007,2261.0,7560.0
158101,96410.0,0.0
158102,35043.0,0.0
158104,535877.83,0.0
158105,898135.0,26445540.0
158107,0.0,1128.0
158108,3987209.0,0.0
158109,54512.0,0.0
158110,37875.62,0.0
158111,34367.19,0.0
158112,12485.0,96688.0
158201,386078.0,14975.0
158202,344207.0,84587.0
158203,536447.0,208334.0
158204,670955.0,6703.0
158205,1217731.0,392896.0
158206,219736.0,284445.0
158207,3543958.0,2593504.0
158208,1115347.0,9763.0
158209,329553.0,97946.0
158210,59570.0,14198.0
158211,283591.0,36581.0
158212,179214.0,1075.0
158213,107458.0,120448.0
158214,61761.0,42128.0
158215,184542.0,5084.0
158301,4706924.0,1162414.0
158302,4804693.0,826472.0
158303,11915.0,4713.0
158304,4654.0,0.0
158305,104899.42,16790.0
158306,277700.0,109004.0
158307,297014.0,58240.0
158308,177040.0,163855.0
158309,411227.0,1600778.0
158310,51398.0,0.0
158311,580929.79,10119.0
168402,123700.0,19939.0
168403,136544.0,1311930.0
168404,148657.0,182239.0
168405,92732.0,39670.0
168406,7814766.0,212082.0
168407,1771240.0,38578.0
168408,5762628.0,186016.0
168409,10571100.0,16445944.0
168410,209433.0,0.0
168411,4101071.0,59410515.0
168412,5118682.0,1390500.0
168413,10602757.0,1740937.0
168414,7782984.0,32899689.0
168415,1947093.0,6645618.0
168416,100147.0,1196.0
168417,102262.0,62060.0
168418,6252332.0,20460266.0
168419,8044681.0,1142956.0
168420,1547174.0,0.0
168421,13098095.0,2976139.0
168422,2513712.0,1456974.0
168423,768922.0,85955.0
168424,2561049.0,19625437.0
168425,1388341.0,473025.0
168426,1652652.0,968461.0
168427,960979.0,28223.0
168428,6247313.0,79727.0
168429,1506823.0,1669505.0
168430,1173923.0,675381.0
168431,25803324.0,1100026.0
168432,1442042.0,0.0
168433,5539766.0,140000.0
168434,850623.0,12886.0
168435,90183.0,0.0
168436,2040400.0,0.0
168437,854993.0,34554.0
168438,2479217.0,196154.0
168439,561603.0,0.0
168440,298749.0,0.0
168441,6128432.0,181713.0
168442,161145.0,13152.0
168443,9796357.0,113159.0
168444,12323.0,0.0
168445,139569.0,47217.0
168446,2233.0,0.0
168447,1798377.0,99315.0
168448,773524.0,185725.0
168449,0.0,822853.0
168450,9753088.0,574352.0
168451,254031.0,334865.0
168452,3385131.21,3291957.0
168453,24268.0,0.0
168454,1060781.0,0.0
168455,390227.0,6007141.0
168456,2491068.0,1263.0
168457,372528.0,0.0
168458,977861.0,3524.0
168459,449481.0,370272.0
168460,506559.0,4787.0
168461,59407.0,259212.0
168462,2342093.0,1121.0
168463,60383.0,296233.0
168464,122832.0,42888.0
168465,972971.0,54128.0
168466,2779239.0,535928.0
168467,899406.0,92152.0
168468,291833.0,104990.0
168469,361641.0,0.0
168470,671362.0,359598.0
168471,91081343.0,712748182.0
168472,44500.0,5715.0
168473,12021117.0,42668042.0
168474,1246191.0,61876.0
168475,113729.0,0.0
168476,69602.0,1137.0
168477,9781149.0,0.0
168478,184051.0,2047.0
168479,7773471.0,3148331.0
168480,4427723.0,7959115.0
168481,15825281.0,532051.0
168482,21920621.0,95299.0
168483,20473690.0,1178012.0
168484,3381347.0,25719.0
168485,12263894.0,28642721.0
168501,5778011.0,204861.0
168502,1431172.0,109851.0
168503,1842710.0,8493.0
168504,7498375.0,3676261.0
168505,89620.0,25900.0
168506,518390.0,1708992.0
168507,2754188.56,353176.0
168508,998717.0,2265.0
168509,872634.0,4527.0
168510,23530.0,18954.0
168511,9989888.0,2165709.0
168512,2298999.0,801840.0
168513,121968.0,59787.0
168514,147749.0,28622.0
168515,2631616.0,386873.0
168516,12856262.0,739843.0
168517,33597348.0,37001408.0
168518,2652316.0,43612.0
168519,135721.0,8552.0
168520,33190.0,5180428.0
168521,49036838.0,1118496.0
168522,85374.0,0.0
168523,3213512.0,25078.0
168524,5041721.0,191184.0
168525,76938933.0,15462551.0
168526,685984.0,61719.0
168527,4481574.0,67814294.0
168528,7145651.0,7211488.0
168529,10952079.0,249754.0
168530,99283.0,2730.0
168531,2709876.0,1998341.0
168532,7432481.0,140687.0
168533,527417.0,88238.0
168534,1913401.0,2046.0
168535,6914836.0,0.0
168536,15896788.0,13345210.0
168537,8403931.0,758224.0
168538,3124217.0,103068.0
168539,3707084.0,259423.0
168540,227728.0,687647.0
168541,3226535.0,140033.0
168542,302598564.0,10891917.0
168543,3146980.0,266389.0
168544,21723433.0,133809645.0
168545,560312.77,26331.0
168546,525730.0,2293.0
168547,7361224.0,1127330.0
168548,902626.0,3583447.0
178601,1290.0,0.0
178602,6439201.0,543467.0
178603,23654.0,0.0
178604,11691.0,40251.0
178605,727972.0,0.0
178606,2395352.78,0.0
178607,1770219.63,0.0
178609,1354745.39,138664.0
178701,1682409.0,692867.0
178702,4084192.0,1135179.0
178703,91483851.0,13151379.0
178704,3217500.96,11373820.0
178705,1016786.0,268446.0
178706,7741834.0,34688.0
178707,3421644.0,51638.0
178708,61588892.0,12110517.0
178709,199520.0,1024.0
178710,15995253.0,647083.0
178711,265513.0,12612.0
178712,19790503.0,0.0
178713,86345.0,63331.0
178714,552590.0,309809.0
178715,177059.0,1470.0
178716,1546852.32,167527.0
178801,35558.0,30022.0
178802,7710601.0,1215507.0
178803,363191602.0,793938045.0
178804,1641.0,0.0
178901,29073.0,23419.0
178902,3515.3,13351.0
178903,853756.0,17084.0
178904,2409674.0,0.0
178905,336852.0,1872.0
178907,8929.0,4782750.0
178908,4391527.1,0.0
189001,1809242.0,109563.0
189002,4089944.0,5696.0
189003,114912.0,18763.0
189004,416099.0,324274.0
189005,188364.0,9781.0
189006,3424227.0,114070.0
189007,200758.0,478137.0
189008,265755.0,354113.0
189009,3121333.0,234431.0
189010,914565.0,6990945.0
189011,650950.0,27234.0
189012,350577.0,0.0
189013,817939.0,10091476.0
189014,3365417.0,51037.0
189015,1745401.0,2377.0
189016,81138.0,0.0
189017,384308.0,221386.0
189018,3080887.0,869419.0
189019,104089.0,689242.0
189020,45704.0,798948.0
189021,584940.0,2812.0
189022,16222590.0,1901461.0
189023,4309393.0,100807.0
189024,278836.0,24034.0
189025,405052.0,22538.0
189026,6659743.0,48373.0
189027,1791366.0,914449.0
189028,3164762.0,119914.0
189029,666174.0,21419.0
189030,1162249.0,253057.0
189031,1831893.0,3223872.0
189032,7098467.0,21449.0
189033,459649.0,0.0
189101,60680.0,630488.0
189102,1087573.0,315052.0
189103,50520.0,2512.0
189104,247016.0,1667.0
189105,366980.0,60733.0
189106,168729.0,0.0
189107,64529.0,0.0
189108,42733.0,0.0
189109,94758.0,0.0
189110,40162.0,0.0
189111,6345.0,0.0
189112,3476.0,0.0
189113,77852.0,0.0
189114,29733.0,469584.0
189201,153737.0,8589.0
189202,69028.0,35405.0
189203,4584.0,0.0
189204,13974.0,17347.0
189205,181768.0,2541.0
189206,92260.0,0.0
189207,341275.0,1375.0
189208,80108.0,9406.0
189209,247204.0,263137.0
199301,220118422.0,0.0
199302,84036.0,0.0
199303,48233.0,0.0
199304,1617.0,20778.0
199305,478493.0,1346.0
199306,16517804.0,81630.0
199307,14006.0,0.0
209401,3585896.0,1488232.0
209402,610188.0,40088.0
209403,4702915.57,892218.0
209404,249788.0,53812.0
209405,745700.0,3604777.0
209406,520156.81,411627.0
209501,203614.0,2477.0
209502,252430.0,14241.0
209503,1530070.0,986276.0
209504,125340.0,2299985.0
209505,417062.0,0.0
209506,2209376.0,507747.0
209507,226115.0,3506184.0
209508,244089.0,0.0
209601,1277.0,0.0
209602,15039.0,3333.0
209603,486186.19,4054274.0
209604,15016.0,1553.0
209605,2784.0,1767.0
209606,387180.0,190241.0
209607,659547.0,264256.0
209608,793732.0,121807.0
209609,265128.0,57441.0
209610,15616.0,1662.0
209611,134313.0,13128.0
209612,73114.0,12288.0
209613,41922.0,22806.0
209614,2837.0,3170.0
209615,57266.0,1182.0
209616,4242.0,0.0
209617,92240.0,2422.0
209618,18812.0,1576.0
219701,1521611.0,16893.0
219702,5628.0,1028.0
219703,1119344.0,7624.0
219704,2797501.0,294999.0
219705,71730.0,0.0
219706,412717.0,0.0
