010101,7365327.83,6183889.26
010102,11712.74,21401.8
010103,31190.0,27595489.0
010104,82171.0,477984.15
010105,76883.31,98334145.75
010106,890446.72,4596930.38
010201,14651.0,10866187.19
010202,1096453.06,26433382.79
010203,803953.9,102528489.95
010204,466245.88,19443029.34
010206,167148.26,6604890.29
010207,4195188.26,80739852.93
010208,70757.23,2328765.75
010209,63705.38,68316.54
010210,977259.19,10558400.89
010301,52598823.16,23679430.43
010302,21559816.79,52610809.18
010303,75264232.16,96594938.83
010304,47407138.94,40677657.9
010305,30104654.7,31656187.02
010306,30934711.11,103448644.28
010307,20036902.85,62852877.92
010401,7164296.78,26695388.44
010402,132919448.35,140764064.96
010403,2820279.23,7013661.16
010404,5763169.37,4728242.83
010405,5913262.17,28104069.97
010406,2465185.78,17273453.44
010407,399387.08,39283426.48
010408,115964.91,650551.77
010409,2619317.43,4071274.93
010410,3930209.74,8472007.28
010501,457625.66,568484.69
010502,37630.0,56266.39
010503,0.0,17217.0
010504,116559.31,2345146.65
010505,1524840.85,242778.44
010506,48054.21,136022.0
010507,69607.0,5176.51
010508,464693.1,268106.01
010509,35510.91,38086.83
010510,208743.65,344239.12
010511,11835687.32,7845539.41
020601,136232.06,341736.22
020602,8450942.84,13627585.81
020603,9679345.28,18586931.47
020604,1068463.3,6184003.97
020701,2951502.5,8440461.9
020702,236159.65,10895029.89
020703,4043835.8,17015853.76
020704,3092600.71,26307353.05
020705,1227466.33,4299490.64
020706,968409.73,9329657.74
020707,35055.04,2978213.15
020708,608940.93,6786644.82
020709,2021583.22,43114690.64
020710,1217467.27,5224645.14
020711,267222.47,1956795.6
020712,1543387.76,13873330.41
020713,15679811.1,20225081.93
020714,1367685.61,8993285.34
020801,23709827.98,42945280.83
020802,6780972.44,12023474.14
020803,182406.1,11525156.8
020804,1218313.69,13537677.9
020805,4459416.55,23941514.59
020806,5372246.72,10959274.92
020807,7260619.2,21197327.77
020808,7930579.88,37864156.3
020809,813815.4,8624035.55
020810,2193061.4,33394326.78
020811,730516.8,1021245.41
020812,339919.69,827088.06
020813,1282394.03,3042985.43
020814,25072.32,35663.12
020901,12167189.63,27524019.02
020902,15981529.0,16580703.39
020903,29957.23,70623.49
020904,27557058.51,77432744.99
020905,930075.6,2287883.24
020906,4332452.62,4479946.49
020907,24290230.73,46534794.89
020908,17347687.78,32557117.16
020909,5829166.79,5099158.75
020910,3195681.44,11814777.71
021001,2408589.31,11748794.73
021003,970960.02,280044.97
021004,12558.73,13718.16
021005,1873832.86,4472452.84
021006,19871103.41,49105352.69
021007,61349.73,3784.99
021008,301732.55,757695.42
021101,11239818.16,20784637.05
021102,1921022.25,1600375.46
021103,179895.36,570047.09
021104,872553.22,4212893.16
021105,155184.55,182815.48
021106,1056660.32,3819533.19
021107,196331.09,5621013.05
021108,1581729.99,14660625.5
021109,91518.04,162979.68
021201,7880762.91,5292221.75
021202,1580436.31,6100381.65
021203,359373.06,4367.0
021204,7745.0,4195.67
021205,0.0,26799.01
021206,852246.89,837803.56
021207,4035283.67,14025223.17
021208,405067.01,401317.76
021209,1057510.63,4778689.29
021210,0.0,24834.0
021211,25953005.28,30461469.3
021212,3508504.81,7064822.5
021213,155934.0,309047.02
021214,125394.43,487673.58
021301,6181226.52,9583780.12
021302,4047586.34,9331647.03
021401,10170265.67,4850110.94
021402,11198.78,267202.0
021403,61544.6,91460.8
021404,1281672.14,1812880.36
031501,3492.01,653401.0
031502,37556.54,365507.0
031503,314960.46,6772.0
031504,1345750.81,2254244.43
031505,8009000.35,4984033.31
031506,141850.26,20257.0
031507,15801174.75,20874723.37
031508,2045117.67,775576.15
031509,422029.18,1202567.09
031510,36368.0,651712.3
031511,106362015.95,234843573.43
031512,13517451.03,13106785.82
031513,27621487.77,35209859.57
031514,6240280.17,5315936.93
031515,25113015.89,17888066.4
031516,50147229.73,9102028.27
031517,19752461.09,11777649.98
031518,4350548.95,984381.41
031519,24776965.39,44199621.26
031520,1241230.72,5042844.03
031521,770922.68,451590.31
031522,139483.1,329043.0
041601,330734.04,3242276.2
041602,2201985.8,38680399.18
041603,499784.38,6497398.55
041604,10986313.15,73571679.07
041605,8650676.19,67386092.63
041701,25005650.81,83263804.24
041702,3704818.31,14226240.52
041703,72950.48,137219.15
041704,5788069.52,34989618.64
041801,8519388.79,96740888.92
041802,209121.88,87402.0
041803,6472693.65,9223569.66
041804,65150128.8,3652033.95
041805,40149226.1,7248128.52
041806,78695165.43,46834409.73
041901,147732901.33,26421255.63
041902,19328727.23,29311784.91
041903,123083.55,547496.92
041904,4580708.34,14433163.76
041905,42663791.92,94852478.63
042001,284164.66,2335126.23
042002,393330.26,1714837.87
042003,1260817.55,6057221.7
042004,580313.37,9806724.35
042005,6289238.43,21781874.66
042006,1111060.98,8958460.6
042007,1351186.19,7507689.6
042008,15397725.76,40657382.26
042009,15642409.35,37081418.89
042101,61704799.84,42170144.81
042102,1926347.64,3375000.77
042103,47136785.49,41653552.07
042104,2599336.59,9198596.65
042105,485642.29,8283006.67
042106,119838301.91,143670666.63
042201,1343884.37,10183115.18
042202,22273992.25,69055573.17
042203,34444520.18,48500569.33
042204,66701407.16,104019933.06
042205,441727.28,556668.06
042206,207051.59,2045578.26
042207,2875058.88,4877192.76
042208,206871364.58,191943402.44
042209,273064.94,1172285.61
042301,1631174.4,1950240.37
042302,6301581.62,1516231.59
042303,165645.12,55950.58
042304,2633094.87,4707473.66
042306,742555.19,1857017.47
042307,0.0,25168.66
042308,34917.76,369632.51
042309,44678204.36,35466519.25
042401,7206915.48,24646538.69
042402,245142781.56,334213490.02
042403,68543558.11,5015537.74
052501,1677681.55,4604275.47
052502,26983.0,7796.35
052503,6201193.33,18108.05
052504,241076.47,447157.84
052505,454129.47,66121367.46
052506,56144.73,557122.32
052507,320262.55,1068410.5
052508,4938544.59,1995417.76
052509,40497.21,732762.12
052510,1761769.97,109541.26
052511,3723151.86,1189305.3
052512,152799.21,438402.28
052513,1012090.76,2366399.96
052514,80019.68,134819.65
052515,755504.21,6108305.13
052516,964287.29,24997751.27
052517,937692.3,10241219.2
052518,567686.0,10465.78
052519,409383.07,768971.63
052520,402398.27,478980.1
052521,77308.03,1279115.27
052522,156960.56,6304345.02
052523,12864514.57,81655989.37
052524,1137605.25,15090.68
052525,130999.12,162357.51
052526,371725.45,1901604.42
052527,0.0,1150.0
052528,577329.67,202292.04
052529,166958.48,834830.02
052530,5300881.65,1570549.24
052601,3271.07,32383.0
052602,6239360.44,8071671.61
052603,4431554.12,12797788.0
052604,5396.53,5991.0
052605,102714.0,555424.45
052606,88603.23,611892.11
052607,56084.0,39445.65
052608,0.0,2156.0
052609,9151173.0,1457488.12
052610,7786.67,102243.75
052611,239774.15,0.0
052612,35640.48,0.0
052613,358005.12,333357.49
052614,162144.28,8489390.25
052615,6496827.39,4366099.99
052617,658976.97,89290.48
052618,340113.96,1486683.01
052619,14491.0,136515.13
052620,2530851.5,3224550.01
052621,2885471.22,1345951.1
052701,34719907.95,46472606.17
052702,105911.0,33412.69
052703,25702.0,123320.4
052704,82905.94,713531.56
052705,158277.83,5020.96
052706,136886.68,2137302.76
052707,263337348.36,208122473.03
052708,82554.11,536344.07
052709,21447074.76,6165879072.41
052710,9761076154.08,7736322631.96
052711,227493078.37,77230490.57
052712,3987593.34,4020278.99
052713,281471779.84,1655762.16
052714,7122705.56,431770.74
052715,3456558.05,1417172.16
062801,1416801.0,833284.87
062802,1486474.68,38794.26
062803,18689483.34,6104667.58
062804,10052700.04,45996633.21
062805,1783912.79,1619603.98
062806,461966.52,3006042.08
062807,819550.03,4918564.05
062808,614032.93,9108245.13
062809,543435.05,3208813.52
062810,119098.34,135098.23
062811,11720135.8,43054327.19
062812,753970.52,13399353.23
062813,948916.5,486277.15
062814,412036.22,3630241.57
062815,4448073.06,12808279.12
062816,77742.36,240864.54
062817,712761.11,4013888.65
062818,1062929.44,8488369.21
062819,203887.55,293542.46
062820,3656612.26,10213055.67
062821,1442711.43,4755295.06
062822,2875076.99,7177049.32
062823,10685584.85,15026516.04
062824,345685.5,227571.56
062825,7400798.21,22211907.21
062826,919045.69,5009099.44
062827,5902752.15,6840274.29
062828,532393.74,1433991.03
062829,556500.71,290090.33
062830,440017.18,3791338.39
062831,759658.47,1860704.47
062832,883979.47,1235435.55
062833,8013559.28,10613525.68
062834,2354874.51,3893072.96
062835,6259705.86,11032534.88
062836,2975744.83,21550285.67
062837,4656615.65,2175248.67
062838,226606.81,229122.86
062839,1009809.66,4343210.28
062840,801258.41,918997.01
062841,1451231.41,3073235.31
062842,370339.12,597625.7
062843,5142205.52,38888366.4
062844,1301897.74,4546394.03
062845,712721.0,108231.45
062846,15485925.88,22760110.55
062847,1197217.98,2315756.51
062848,106184.94,841537.26
062849,1007854.36,4494752.48
062850,614805.68,4920604.56
062851,2527700.47,5050473.05
062901,141981954.91,23258737.11
062902,612219127.83,157879275.72
062903,25330048.35,40010959.49
062904,2493299.72,3025699.74
062905,360225640.33,323565704.71
062906,21879447.61,28999969.35
062907,77058104.05,31105623.69
062908,1313080.03,2969736.47
062909,85893231.1,95866972.53
062910,69626170.0,1205702.77
062911,8974875.53,234756.91
062912,11886926.4,19414145.35
062913,48373.0,56408.0
062914,70226735.64,51099577.36
062915,291784486.93,77570476.72
062916,95760396.16,60992966.76
062917,126712635.5,57265785.76
062918,22340481.34,57730237.01
062919,1768986.18,3594536.32
062920,689913.18,7648061.21
062921,19775903.86,58361675.46
062922,469734774.83,53153640.33
062923,3509328.88,6460302.11
062924,43403922.15,23919561.55
062925,774388.94,1492843.43
062926,1534350.55,2049664.15
062927,505257.05,365275.53
062928,1834963.34,750947.22
062929,33363098.15,56739807.05
062930,447458655.7,50890381.89
062931,4731535.13,16544156.95
062932,765796929.54,27208332.3
062933,1299244518.48,121121707.26
062934,109603255.4,36495504.13
062935,568059297.19,7018265.34
062936,103767787.87,113740291.97
062937,230549122.53,27036204.31
062938,113906.88,434183.11
062939,10786996.01,3755459.59
062940,382799.37,927575.0
062941,85417720.9,85304281.06
062942,13973818.27,2259418.93
063001,65328400.04,28544576.38
063002,15229801.85,24736529.34
063003,17984755.49,27842070.74
063004,261122914.92,364539343.85
063005,4904703.16,16391644.92
063006,7743629.33,17096008.79
063101,488420.95,227652.08
063102,25363265.0,4284478.46
063103,1924610.54,86519.25
063104,16121037.49,8408356.19
063105,5560702.35,2712784.66
063201,743329.39,526877.36
063202,18337784.93,9091875.68
063203,3398769.0,1850385.56
063204,142974301.19,202798436.83
063205,6300208.81,2993024.52
063206,91693357.03,58853578.26
063207,6099375.67,12463667.19
063208,140911158.26,67825660.77
063209,27683260.73,22832644.01
063210,19214698.23,10175246.84
063211,777426.78,629417.84
063212,11255977.63,29390557.86
063213,472128.34,2468297.89
063214,13049080.27,27752393.85
063215,211059310.54,168125845.52
063301,29211538.21,37880465.51
063302,224095026.23,68412259.95
063303,94922301.99,195296568.62
063304,67306455.79,197534877.36
063305,10100976.8,46435771.59
063306,3836989.28,12751791.75
063307,20151635.63,58750849.21
063401,20786500.17,25437166.53
063402,118848945.12,103829597.0
063403,70847345.28,37148133.07
063404,9114281.35,8867161.61
063405,5370922.89,17306456.3
063406,459490.21,2653046.71
063407,492796.82,677444.54
063501,596925.12,1674228.17
063502,96096.81,1482993.28
063503,511279.2,1014700.18
063504,551079.94,1457916.95
063505,10554611.84,13022200.69
063506,46872340.57,67556273.17
063507,30663581.37,41642438.28
063601,356855.0,689764.42
063602,6762708.05,11889834.54
063603,4315480.9,4637956.82
063604,3093455.01,2861165.44
063605,1958866.28,1125069.22
063606,802336.64,3129820.87
063701,53432912.68,81340855.9
063702,53109429.44,100115077.49
063703,37596929.76,57923693.2
063704,2193766.97,4759422.39
063705,13351828.59,84119992.89
063706,370001.44,2534849.35
063707,163029257.09,269033507.17
063801,1123177.8,4015461.32
063802,1141225.81,2331177.51
063803,90030.41,35075.68
063804,1906853.04,1280110.59
063805,973676.09,268063.87
063806,6352801.06,4066382.89
063807,490428.33,261955.15
063808,65458111.83,76581565.15
063809,55727279.74,16693568.92
063810,55321173.49,21305308.42
063811,462170657.53,283848260.43
063812,28881824.29,33380094.86
063813,784561.02,1872513.01
063814,28641978.53,9507965.46
063815,28191147.78,70989440.82
063816,1164741.83,6620317.99
063817,753643.95,1588125.03
063818,143682851.49,393178334.85
063819,4950685.25,6174326.41
063820,1404898.73,1629685.12
063821,475312.53,1617288.77
063822,26161755.25,61236513.9
063823,175391452.01,142337795.69
073901,737705529.89,95545599.15
073902,487462248.83,62339431.9
073903,211352853.67,87208790.35
073904,62926828.4,74777560.73
073905,67428733.12,59081180.91
073906,128386104.02,61614405.26
073907,594425155.41,407058674.74
073908,119674946.52,35403194.4
073909,58476312.68,53753947.06
073910,11985326.7,52386961.73
073911,30007267.56,103104114.3
073912,9906243.2,13204417.92
073913,48626726.17,7485190.91
073914,2799937.47,8854047.99
073915,14505238.37,4832549.8
073916,9706176.11,9490407.85
073917,54615374.1,48612847.71
073918,1886619.61,6102858.86
073919,71965103.57,127784817.52
073920,101938369.38,202702509.76
073921,31551975.48,102193725.36
073922,2716568.56,7972245.03
073923,137463902.88,215723033.13
073924,10128455.59,55618447.9
073925,5483433.92,16063791.26
073926,324788468.31,338128002.76
074001,126176689.97,93955426.77
074002,19785909.97,49338959.01
074003,46392.51,216035.21
074004,205801.22,448016.9
074005,21961566.97,10176519.12
074006,944857.59,2495808.51
074007,1675861.33,574984.69
074008,5036352.85,9526528.31
074009,27183179.26,38528606.54
074010,40548453.79,54038178.41
074011,106493159.4,172794466.76
074012,4505771.68,18632673.68
074013,1970862.86,5896137.56
074014,13056532.98,6386195.98
074015,7281849.01,22274101.6
074016,92517143.78,131677719.84
074017,3232680.42,1363280.48
084101,3605143.33,2911605.25
084102,299877.84,376807.38
084103,5563784.46,19872489.71
084104,59731358.02,58072418.62
084105,2843603.48,1863996.92
084106,4392778.55,2586899.38
084107,20253089.44,5963805.64
084108,301932.85,1509962.2
084109,259532.51,1260949.7
084110,25268.4,177193.85
084111,2104565.2,2814107.86
084201,203328.87,485192.66
084202,19585418.81,154782302.85
084203,3483974.56,24015004.92
084204,437249.55,436557.75
084205,2766130.78,16971589.86
084206,138081.0,216720.03
084301,87573.0,36635.0
084302,93103.0,318107.32
084303,291663.18,298874.26
084304,46791.0,240216.95
094401,336375.58,956750.8
094402,2902427.16,2053942.88
094403,14550580.89,12419659.15
094404,740698.94,133849.36
094405,140157.04,536060.48
094406,85343.22,14896.38
094407,62051744.58,64124193.23
094408,6462411.58,7641641.35
094409,9815860.41,16289352.41
094410,2589451.64,3584089.96
094411,8700561.28,11595832.43
094412,33264173.67,79754322.34
094413,5232684.24,3903177.05
094414,317212.61,2488421.47
094415,1952526.06,21341103.15
094416,71842.58,99474.03
094417,259365.73,314933.65
094418,13013313.56,43890135.18
094419,310186.48,1848465.99
094420,1839063.6,4885236.98
094421,7102841.36,10163470.15
094501,7876.0,147474.1
094502,81190.59,78144.14
094503,469626.82,404898.22
094504,241616.09,764145.71
094601,668049.51,1326458.54
094602,516876.38,2346908.9
104701,383560.66,37739.06
104702,209922.31,12110.75
104703,8337210.13,13210314.81
104704,461800.53,85412.69
104705,890438.63,1142.31
104706,1132587.98,428499.8
104707,55425832.33,5594883.53
104801,4610890.25,56214294.82
104802,40904270.78,77652281.18
104803,1346942.87,4227234.64
104804,7685205.87,45313338.51
104805,7473837.6,32738037.29
104806,1230608.92,2418156.84
104807,983132.98,4130499.06
104808,2185856.21,7884011.67
104809,4604599.23,9674629.55
104810,15881124.65,165044884.54
104811,243265289.9,45147288.14
104812,309189.66,462578.04
104813,6534322.86,2493716.57
104814,877179.22,3388765.87
104815,164862.9,369205.28
104816,3509795.16,8267774.7
104817,3759819.92,6623858.79
104818,9617032.03,86597497.56
104819,74594342.25,59769190.68
104820,25567787.63,19132727.39
104821,40585002.99,29061133.0
104822,1279702.41,1148068.66
104823,41322884.15,91528180.93
104901,376218419.89,191540682.31
104902,34789947.38,25174748.84
104903,16978817.96,2364893.5
104904,458475.24,868566.1
104905,1785434.18,5437922.73
104906,8204627.73,1476304.81
104907,67460231.61,14869948.28
104908,410019.38,1906514.96
104909,758951.05,3993479.94
104910,6289037.13,4115848.78
104911,42051426.54,49104559.83
115001,1073.0,9675.0
115002,625449.62,518662.94
115003,74192.82,141896.76
115004,14178.0,233578.48
115005,162359.15,144760.41
115006,80438.0,126049.66
115007,3877013.75,29896294.86
115101,462379.07,6683600.0
115102,5183.0,0.0
115103,5826.55,0.0
115104,0.0,1783.0
115105,100040.66,196248.0
115106,597945.0,1096296.75
115107,169866.0,333838.97
115108,164350.0,552797.58
115109,2357504.0,1762131.23
115110,37094.0,0.0
115111,1910316.74,2153565.65
115112,3121751.44,9547487.86
115113,145383.0,2962.08
115201,6957360.57,10908022.62
115202,86503.64,69672.6
115203,682605.55,11891098.42
115204,2814396.58,1773209.32
115205,11285657.54,39016978.28
115206,1368778.17,4453918.56
115207,3025288.92,4745278.69
115208,26626607.12,61464818.74
115209,15927218.65,17560469.32
115210,10086959.05,19835238.85
115211,3391742.2,4523377.15
115212,15169479.92,5843645.22
115301,199657.3,17526.0
115302,7150.0,2861.0
115303,45631.63,136507.69
115304,17269.5,0.0
115305,86943.22,252111.05
115306,0.0,1065506.0
115307,72534.17,102561.0
115308,81349.78,136550.9
115309,589064.46,1181349.7
115310,129285.68,618591.16
115311,195283.0,531388.8
115401,5332275.2,5069252.25
115402,225008136.39,26331762.41
115403,1258015.32,2772711.29
115404,5417369.06,4156358.18
115405,64718.77,116963.0
115406,102976.28,784569.2
115407,21170439.42,71310149.28
115408,1857336.2,6106465.84
115501,3300853.78,5075590.08
115502,9053184.26,1189461.61
115503,2917965.85,991768.12
115504,84791.19,331768.09
115505,209288.77,104509.64
115506,246364.26,397479.56
115507,22287.0,139434.93
115508,2090723.66,3217887.79
115509,9927682.64,7907413.23
115510,2740124.78,2913206.93
115511,1301482.36,387238.37
115512,36774025.88,90236692.01
115513,23392307.23,35469619.88
115514,5169151.66,8710918.47
115515,15810388.59,23590517.8
115516,18747465.06,23205470.18
115601,7463995.83,5149092.07
115602,1040370.25,3074937.13
115603,4730802.49,15535390.64
115604,955841.99,2033047.91
115605,324740.63,1301571.73
115606,74109.0,119314.97
115607,2948357.02,20325173.62
115608,3704981.52,8705619.75
115609,467361.93,1687338.69
115701,859252.71,4338628.21
115702,2009701.43,9454340.62
115703,3030766.49,17042143.44
115704,1357386.95,5484484.41
115705,967503.71,4405383.73
115801,3594767.0,4762885.55
115802,321779.9,4887118.81
115803,200316.32,257462.51
115804,3222415.9,5397018.88
115805,40340.0,104558.01
115806,5313295.35,19438332.92
115807,8893514.28,10960065.31
115808,1511685.07,1628733.06
115809,133382.9,670454.57
115810,1715640.37,17803562.32
115811,546928.29,344215.19
115901,1541220.09,2184952.68
115902,1764013.45,984939.77
115903,7290960.97,8791837.08
115904,510763.2,152807.76
115905,107612.01,198119.62
115906,4901333.31,24815450.41
115907,213708.01,796049.43
115908,256378.44,242744.01
115909,569771.95,1065813.95
115910,1601136.57,4312141.15
115911,14249093.85,30796883.18
116001,21652125.44,27262817.89
116002,97821316.43,190756034.78
116101,4209457.82,8533184.63
116102,14597041.11,3767622.82
116103,48113830.91,77467963.87
116104,102711567.41,129778569.41
116105,31652666.27,83794783.0
116106,24832175.72,69141879.0
116107,11032331.64,12913743.76
116108,25851574.06,38409408.27
116109,52312053.03,225486329.84
116110,274178750.97,288166825.32
116111,13541235.45,78325332.55
116112,6337387.29,9574889.81
116113,614480.33,1679639.27
116114,17801447.66,69379699.1
116115,2712904.32,9361856.3
116116,1170185.98,2782534.86
116117,22136384.17,26163413.35
116201,4070846.79,8713366.33
116202,5690109.13,4951885.98
116203,69402704.41,138920471.43
116204,61325756.51,216691861.63
116205,20836476.64,72950438.18
116206,11430875.3,58974007.9
116207,4563191.48,6014870.84
116208,6983694.73,13033050.73
116209,3092188.89,9374657.8
116210,7693223.84,25006674.04
116211,20700272.45,50885895.92
116212,10314591.49,34382234.12
116213,2211752.35,2637739.67
116214,1338306.22,11533967.5
116215,876558.52,5416307.56
116216,178283.03,1120211.65
116217,9051759.85,10654895.06
116301,2622036.87,5486561.04
116302,7304354.49,67635948.4
116303,1468495.76,5284107.54
116304,2478757.0,9039336.31
116305,2966399.36,10374084.44
116306,773432.92,3068702.98
116307,3277740.4,18066477.38
116308,66831.0,355688.92
116309,6732211.45,30221889.67
116310,306668.33,1413017.94
126401,1242293.69,2377298.99
126402,19352789.17,47141861.25
126403,47985872.13,87114877.68
126404,14940614.57,38600514.21
126405,21147003.93,27993887.35
126406,1629993.92,3194503.92
126501,16750.0,151834.46
126502,1276.0,12134.77
126503,87752.0,135487.87
126504,186934.71,486945.81
126505,1164981.68,2148845.0
126506,3407381.83,5654544.71
126507,187269.95,844084.9
126601,1650999.06,4926389.01
126602,29103.45,53677.01
126603,680702.06,682938.26
126701,403971.95,52779.04
126702,641721.25,4631573.99
126703,1999224.25,108190.42
126704,580248.0,477394.9
136801,78781.61,309432.62
136802,2978675.54,40113941.8
136803,899851.76,811849.17
136804,5156748.5,23533930.1
136805,5529159.77,17906010.56
136806,1675256.78,7497066.48
136807,2987782.86,2147876.98
136808,549758.05,2570932.65
136809,3338953.17,11150289.56
136810,3458362.48,37406413.92
136811,1058417.77,1472716.0
136812,1757164.28,4208736.41
136813,2149102.68,6503164.13
136814,740681.21,1280604.14
136815,2432428.45,15873755.3
136901,268448.01,1131229.82
136902,536544.3,4145522.4
136903,663753.75,4089581.32
136904,290115.76,14737702.29
136905,621997.0,5552730.29
136906,97263.91,1368878.2
136907,785134.63,15530614.55
136908,2886751.63,23712763.28
136909,5480597.13,9642617.48
136910,1624224.97,13794316.51
136911,2688660.81,11448056.97
136912,2101107.66,4532688.83
136913,1556813.61,11418283.72
136914,4752919.1,7937320.66
137001,889385.16,645579.4
137002,629319.73,26076034.49
137003,746129.77,1278354.99
137004,281818.49,673964.27
137005,6300750.87,16677881.9
137006,18265755.51,72497150.99
137007,3362090.93,15678230.98
137008,1044305.53,816089.61
137009,2699164.49,5761774.07
137010,3336759.95,14276943.2
137011,106220775.24,58829385.37
137012,82168.94,10707.65
137013,14439284.98,41200404.47
137014,893667.9,4992882.65
137015,1868693.69,2777368.54
137016,2027687.26,5099707.58
137017,1788763.07,4542303.08
137018,5840122.54,21242188.27
137019,34103534.11,57693431.8
137020,27986240.98,28583819.94
147101,5214890.73,8348248.98
147102,155005350.61,417723061.35
147103,8580215.59,12621416.22
147104,2035937.16,21342277.5
147105,951549.11,1100547.04
147106,19513999.22,84975009.37
147107,101445.4,1525464.49
147108,310650826.78,758350433.55
147109,676883.19,535204.1
147110,1095329.41,42524306.93
147111,1624026.0,1596743.66
147112,106081432.33,6097521.59
147113,216729723.55,481980439.78
147114,2274299.34,11239118.67
147115,55572465.16,5981941.93
147116,3285720.1,5493085.44
147117,7133351.37,14283874.46
147118,148394.51,548697.62
157201,1357623.15,2286106.49
157202,961363.87,8212839.04
157203,285139.61,22321.19
157204,75186983.22,30479378.75
157205,1769344.81,9095644.41
157206,536590.52,1568276.61
157207,5729187.87,3548600.89
157208,37529144.36,100798619.07
157209,10959729.47,43507829.62
157210,35703278.5,152007656.48
157211,5469394.08,20384194.91
157212,6806814.07,18858724.85
157213,20858956.71,25684210.3
157214,20112690.71,28596277.4
157215,3086175.09,11096894.79
157216,14141859.54,67384086.34
157217,3042456.47,14338292.64
157218,3170193.09,2746967.19
157219,25512662.92,122697933.47
157220,21286243.03,48623298.47
157221,939804.63,1395443.81
157222,6040030.98,33507464.92
157223,2208787.88,15189219.85
157224,275496.84,1228825.42
157225,5922959.02,67633229.54
157226,8234468.9,19123603.33
157227,777141.64,1145576.89
157228,24318122.35,48446987.13
157229,1257957.05,7513364.21
157301,3724307.55,19255372.86
157302,5965747.58,4817007.93
157303,4079904.99,24139701.21
157304,129392682.09,216765205.87
157305,10743597.85,34381816.6
157306,30858326.47,91006162.94
157307,51962673.23,148820034.23
157308,47610525.65,121274926.83
157309,8031011.76,40418121.35
157310,14057222.48,24730805.47
157311,5031073.59,13220285.21
157312,11193948.93,49418732.41
157313,851323.6,645794.4
157314,18379749.4,20162619.4
157315,15506565.87,51416009.74
157316,2658813.98,7892392.78
157317,1791989.94,6466477.05
157318,129567433.61,166172147.91
157319,12300743.21,8244585.58
157320,28777334.52,23946768.1
157321,3579863.38,11730641.88
157322,2553751.17,4311559.19
157323,7869604.07,44040901.24
157324,4609296.4,13566801.77
157325,1624220.15,13951844.81
157326,159865549.45,186773136.89
157401,949120.95,1759816.17
157402,1305393.63,1387192.93
157403,50901692.45,72372596.18
157404,79337458.55,34982172.44
157405,902394.0,85805.92
157406,218792.81,3160311.11
157407,6024659.87,40843642.56
157408,21736199.26,54951436.74
157409,64804050.69,133752781.11
157410,28180976.71,67290656.83
157411,2525910.98,24807453.14
157412,12955877.41,8672315.31
157413,1146634.88,3482282.99
157414,367982.0,478050.65
157415,4932071.94,7862824.6
157416,829921.07,1595951.96
157417,93194.23,212017.45
157418,7404419.2,6796097.97
157419,9177999.92,18296643.84
157501,413743.0,289375.72
157502,44433881.06,81855932.44
157503,3079958.66,1060853.15
157504,672400.77,5169220.25
157505,820458.33,7167893.86
157506,2003437.93,3546488.66
157507,1805249.23,1221937.46
157508,1382184.91,3317048.43
157601,78846233.81,368947942.11
157602,41046226.44,5367185.94
157603,190918.1,522605.76
157604,26593967.84,67545598.1
157605,7926605.38,7396890.36
157606,29126171.25,120402089.83
157607,43892289.94,66041935.85
157608,4288496.26,11926002.41
157609,1562800.33,1435820.67
157610,13943109.62,53594781.68
157611,344236.91,1828468.6
157612,8723237.25,15441950.26
157613,205501.77,1508070.13
157614,1143779.09,1304614.88
157615,2489476.47,7897768.19
157616,70368271.15,318713014.02
157801,21261348.7,44736495.09
157802,573054.18,344781.2
157803,1369639.25,3078617.91
157804,855087.91,793700.41
157805,51041.89,110460.33
157806,2626836.11,5361073.39
157901,26324464.01,106431715.72
157902,1639101.63,182128.96
157903,2846197.02,4306827.22
157904,204062.23,631993.41
157905,758045.13,658679.59
157906,63167.17,76022.81
157907,3440902.59,7051060.38
158001,80146505.04,256906096.12
158002,1268583.13,799160.24
158003,7893834.92,5373794.85
158004,10072197.28,451908.26
158005,465224.05,9204805.55
158006,133146.0,8062.09
158007,2347264.37,5742908.98
158101,4461550.28,4886165.96
158102,91707.95,1424853.09
158103,1393242.73,796576.46
158104,1716498.64,3564847.37
158105,9987132.44,18805829.23
158106,159723.02,115004.92
158107,8024.0,110769.11
158108,1448207.66,6636965.54
158109,19131.0,482657.27
158110,2567986.72,2283291.34
158111,46659.13,574279.39
158112,2116076.51,5874893.84
158113,702595.56,648504.22
158201,3062912.31,2167342.02
158202,8523526.82,16063052.72
158203,3129935.12,7388571.16
158204,2931215.8,5106217.57
158205,16932272.3,36963192.09
158206,2314973.78,3781943.96
158207,116608120.5,226594926.74
158208,15351456.81,27873025.62
158209,29538098.91,47449772.2
158210,64626.57,1015348.42
158211,4878981.76,2751569.48
158212,11303071.95,10862699.05
158213,428352.54,1807397.5
158214,1421777.88,4779070.75
158215,4593436.65,4709180.37
158301,7428034.91,24976320.11
158302,68471816.33,59781599.14
158303,941903.91,2547922.42
158304,1015687.22,3447097.91
158305,4692875.77,8191677.53
158306,1153863.72,6166489.85
158307,1457683.56,5755767.84
158308,5535054.22,6341312.15
158309,21329637.52,14717850.94
158310,1868899.42,7044473.93
158311,20510196.18,54301507.26
168401,87586.27,3843115.0
168402,3904244.59,8061271.12
168403,4018848.47,4711218.42
168404,5490976.99,5396713.75
168405,4310994.87,8424020.61
168406,6298132.06,30061993.24
168407,23955489.9,33195526.7
168408,80260128.13,226299512.48
168409,182782134.93,430298151.09
168410,1786248.03,2125089.9
168411,383629394.01,951559188.42
168412,47155103.75,56643434.16
168413,199800225.89,349591102.39
168414,369376142.64,404527708.79
168415,164212747.04,360934206.95
168416,2656491.63,8960508.43
168417,2751608.15,14583465.46
168418,209353191.04,180152735.93
168419,77039864.58,128216988.38
168420,1595178.66,8844807.33
168421,113807416.01,272295586.23
168422,36907420.12,85272099.89
168423,28051867.86,30847834.04
168424,51919855.98,71797526.54
168425,15296545.27,36754082.11
168426,48111983.73,99109712.12
168427,18317862.69,40037272.34
168428,61280205.74,87160623.39
168429,75422603.48,143957841.25
168430,41095922.05,74926773.62
168431,536966425.45,1422615571.2
168432,5209418.76,7636160.46
168433,13833078.48,5543594.57
168434,2129415.95,1400319.84
168435,567472.98,623007.0
168436,2663192.41,2120919.42
168437,4065986.65,4759077.48
168438,12908632.74,21964882.03
168439,3103352.59,8940008.32
168440,2107629.82,4601775.54
168441,6378024.39,17161006.06
168442,9186496.86,11045569.25
168443,50309600.99,169881527.63
168444,770479.75,208896.58
168445,1264132.39,1399149.85
168446,106224.0,16544.0
168447,19398356.01,24199520.62
168448,19301488.55,33686576.66
168449,87501.0,95925.51
168450,15680046.51,35020614.45
168451,15597960.24,18691990.48
168452,122671202.28,150119452.82
168453,1276274.72,1302880.91
168454,3305743.66,7854133.82
168455,2883739.63,3834591.91
168456,31660460.61,121725549.78
168457,18850004.56,28773594.36
168458,18268259.7,26525427.57
168459,19034778.21,36123583.6
168460,27044033.14,21694702.33
168461,9120740.48,12083648.38
168462,29528761.55,41116905.29
168463,9911276.56,9724353.06
168464,5868203.66,53762239.61
168465,18571952.32,33038320.76
168466,65235027.84,212845753.84
168467,30501665.83,74669099.27
168468,14592220.67,16760991.13
168469,1141890.83,20135744.93
168470,236275223.1,87467842.99
168471,16304343037.59,4327332594.0
168472,25443151.9,35479972.73
168473,8424300019.26,9498982070.02
168474,38988940.3,53197668.03
168475,4430864.2,24838118.38
168476,3598458.45,6108227.43
168477,61071919.51,153517797.39
168478,10327718.8,10132254.98
168479,540068208.36,1630847907.18
168480,172633347.09,124001995.43
168481,208848257.96,358333092.39
168482,388821543.65,654081796.68
168483,97709047.37,195140480.04
168484,14251227.73,29688758.77
168485,87676000.47,158455216.06
168501,274405426.55,1039981918.78
168502,143302970.03,110161720.89
168503,91378268.49,151027844.33
168504,540039283.32,940496763.39
168505,36125314.18,162226327.69
168506,199106415.68,179223775.17
168507,75369208.42,190128981.48
168508,21702434.41,55364860.87
168509,22368680.31,60682702.55
168510,21495569.78,15059907.44
168511,49342200.64,63262991.35
168512,13338621.89,30662193.08
168513,6895840.57,8499241.79
168514,15669743.9,51724177.25
168515,90719371.64,96910406.95
168516,161634100.98,107020622.57
168517,1053004019.99,583713818.61
168518,167772452.53,399652398.22
168519,83383892.32,148969240.29
168520,102800763.94,20478339.61
168521,348527062.43,773211046.1
168522,335833678.43,421475797.97
168523,332631501.9,697242003.75
168524,642993346.65,180963329.84
168525,1309766758.81,2014182421.06
168526,48483057.57,72340664.12
168527,531642333.12,513863998.34
168528,296570415.02,689383244.38
168529,850924985.15,1094098625.95
168530,2002068.38,7584508.73
168531,127191199.62,170948731.47
168532,644554297.46,990249860.11
168533,212818773.77,282363765.25
168534,594878715.71,1153046716.54
168535,110626421.65,110476073.71
168536,813470796.91,1197273906.17
168537,148468211.69,146984566.05
168538,105550932.32,170940962.28
168539,54216617.72,112609822.25
168540,374647713.65,155585353.7
168541,1895126863.32,3077434096.28
168542,15934814171.37,19423447778.41
168543,336643587.12,385404793.01
168544,221157349.87,509737364.55
168545,12446554.9,10419447.38
168546,7354679.29,13775980.28
168547,19825946.65,29774663.41
168548,49288984.88,78485685.24
178601,0.0,141179.0
178602,28390.0,562428.89
178603,5190.42,5667758.0
178604,58710.0,10330372.69
178605,0.0,25641.0
178606,75859.39,408711.09
178607,1862447.67,9590325.32
178608,402754.79,3910139.92
178609,5922474.43,13235276.35
178701,7838085.69,29726998.08
178702,8356796.29,19087585.26
178703,53482350.93,816798401.4
178704,65116423.84,275351298.4
178705,16315420.18,34762760.99
178706,7538467.76,14190890.38
178707,537151.27,3867523.09
178708,259798541.79,619771087.14
178709,10060916.61,13741946.42
178710,1852229.0,7572725.0
178711,11479999.87,54542558.66
178712,797922.86,7612547.88
178713,175215.53,492020.29
178714,166780005.84,185762586.98
178715,466849.1,2399171.82
178716,17802612.15,25473734.64
178801,331462.0,49541.42
178802,453360204.0,2282424045.34
178803,323636073.86,862992520.08
178804,180340.06,315487.91
178805,13012598.85,9251833.14
178901,363694795.11,1076457303.93
178902,1953268.97,771625.0
178903,40403980.01,12677804.26
178904,60240964.33,25146792.53
178905,646292878.49,281659898.13
178906,3995061.14,39887935.57
178907,214874259.55,13649929.63
178908,5664327.55,1839054.0
189001,154605180.08,167372162.88
189002,57340780.82,66841130.93
189003,6434145.88,25936101.58
189004,5868035.58,24260172.45
189005,4672353.61,3939273.19
189006,126242486.37,243903900.65
189007,33291421.25,26173925.77
189008,17103563.99,39987225.2
189009,155840872.59,204456864.0
189010,22898133.86,158698863.06
189011,23586447.91,18355155.84
189012,3506454.92,19866022.09
189013,58899914.56,181503457.15
189014,35526363.03,83569274.46
189015,85403317.8,148824639.69
189016,3674552.58,2883357.29
189017,29764709.07,15446450.42
189018,698477502.18,313107406.45
189019,7307780.23,35178084.7
189020,2000669.36,11321498.34
189021,346718689.03,90635217.86
189022,37678971.29,92540573.62
189023,8390131.08,34091365.72
189024,9383233.47,17008492.4
189025,36891165.8,71348489.94
189026,119263765.76,113567347.02
189027,199790852.56,179538461.71
189028,16413591.36,28103409.68
189029,7125022.08,10191677.42
189030,336175887.87,631238310.0
189031,201504882.88,328160711.14
189032,210793749.85,147635636.93
189033,64941650.49,100600021.28
189101,78947426.09,294281628.42
189102,138966235.31,194933332.9
189103,1050250.58,798862.16
189104,264774.21,797515.1
189105,11203578.65,12690839.67
189106,3797194.22,4394612.55
189107,1010592.04,19585802.97
189108,102447060.26,34414321.63
189109,996006.91,758477.4
189110,12843866.03,6120918.93
189111,11087929.83,13058721.53
189112,1861703.19,299802.18
189113,1537154.66,3056110.65
189114,31380769.53,64308781.38
189201,845113.93,10483076.13
189202,565860.36,2502078.8
189203,634579.78,2204186.67
189204,153123.0,196877.71
189205,653120.09,3282743.77
189206,442554.29,2704894.88
189207,14532864.07,21955975.4
189208,51006.71,407889.19
189209,7436962.56,13350460.98
199301,4350431.0,47394.0
199302,5765.0,136966.0
199303,1166537.0,2351180.0
199304,22045.0,245341.31
199305,2557668.0,2819416.0
199306,11730104.14,12224522.34
199307,14431.0,671514.0
209401,33750488.76,100480784.83
209402,1433937.0,6066725.57
209403,58329397.55,249076030.49
209404,3147462.5,23488852.36
209405,28907158.91,122266915.02
209406,2716959.96,9379038.18
209501,185181.4,1499384.44
209502,1390047.18,3108375.99
209503,16971909.19,77245553.88
209504,32709617.45,138054825.68
209505,738745.2,9418769.87
209506,20418024.52,90639424.91
209507,14260691.86,32447150.98
209508,6005193.08,1714732.48
209601,79561.55,545342.72
209602,860981.43,1109971.95
209603,7675616.3,15162536.44
209604,28105.0,55780.61
209605,5969911.84,949250.28
209606,6469682.6,10290930.11
209607,32722568.97,21134670.01
209608,13078267.54,46202356.82
209609,3443651.01,6647443.53
209610,161348.87,654098.41
209611,4306701.53,1624655.38
209612,30767516.72,40690042.68
209613,6428652.83,12402586.09
209614,105333.87,252978.05
209615,960967.92,2782456.72
209616,6351016.24,6987602.32
209617,533045.49,2855997.64
209618,128498.08,1613544.74
219701,14437563.93,17202241.08
219702,77528.26,206770.8
219703,1504490.19,4296750.6
219704,421010.43,1005991.57
219705,733936.88,653707.61
219706,2058037.08,4796521.42
