010101,376605.97,5216210.32
010102,5950.0,10269.99
010103,0.0,39784090.43
010104,1405266.0,1675361.14
010105,34911.97,81533929.81
010106,2861831.09,8080461.95
010201,238344.0,18147349.04
010202,1707652.23,32977597.69
010203,1972567.19,123068561.09
010204,1232657.93,26383974.79
010205,4358.97,0.0
010206,1524317.41,12141659.69
010207,7728305.55,94334917.17
010208,44728.02,1996734.6
010209,46465.54,375896.29
010210,266469.9,5182934.59
010301,59734159.36,32840128.8
010302,11654185.72,72273580.15
010303,84063307.17,134123074.53
010304,42414017.42,56742955.05
010305,37282360.65,33765610.16
010306,65220538.37,175090400.69
010307,23263829.83,68372877.83
010401,7998876.05,20807490.82
010402,140209089.89,208761537.3
010403,2855531.61,15446747.34
010404,5540351.22,17604520.09
010405,6537038.55,46664199.34
010406,3444032.03,24172692.15
010407,230714.29,47076303.01
010408,66456.04,1468178.92
010409,1162766.66,5569118.94
010410,8288981.85,29441419.71
010501,36691.0,36677.0
010502,45748.0,245496.0
010504,438682.0,4037745.46
010505,869454.05,66923.44
010506,22473.1,103393.0
010507,565085.69,264722.86
010508,678716.57,443216.82
010509,169666.0,39445.92
010510,43737.67,276326.58
010511,21284117.98,19844619.59
020601,380206.29,104418.98
020602,9200326.0,11151468.69
020603,12117563.21,17669725.91
020604,1539192.33,5601287.02
020701,567610.84,9639792.14
020702,161127.94,10940626.96
020703,1395680.6,14488868.32
020704,557474.6,26830180.55
020705,247673.28,4293447.44
020706,424392.82,10117770.98
020707,9919.98,2857147.09
020708,401158.69,7721286.92
020709,1874837.79,45270280.0
020710,931784.01,8570195.64
020711,430960.17,1354677.69
020712,2499963.94,12032299.08
020713,7227338.72,11110357.37
020714,700256.82,7268893.9
020801,15171990.29,38362842.12
020802,3966225.08,16585025.39
020803,63130.37,10750630.35
020804,1103582.17,16202721.36
020805,4168423.46,23788859.02
020806,4384778.23,10352670.56
020807,2985665.98,18319595.99
020808,4727487.12,33975625.09
020809,978748.74,5498910.95
020810,1901941.63,28477658.21
020811,1158816.07,926994.64
020812,364796.95,502377.54
020813,1574412.16,2454545.18
020814,183161.64,103637.93
020901,15226491.69,36520137.92
020902,3240922.89,15086257.17
020903,5662.5,86972.0
020904,15131313.67,38310602.55
020905,7759367.61,9899342.45
020906,1955262.32,4609092.11
020907,47149489.53,47286534.96
020908,10249697.16,16512145.82
020909,3966180.55,8530432.51
020910,5194013.15,18932913.96
021001,1252422.02,19920531.71
021002,21718.43,0.0
021003,67894.48,57657.49
021004,56969.45,94225.39
021005,11880669.52,1816907.24
021006,20210227.0,105036994.19
021007,0.0,2456.57
021008,345022.03,423821.42
021101,12599659.53,24993654.02
021102,1362046.32,3648139.18
021103,4656072.26,1217210.2
021104,1574479.92,4480834.37
021105,184011.41,529601.56
021106,504234.78,1156551.11
021107,129900.7,7542609.56
021108,1542571.38,7854416.9
021109,410939.21,544019.73
021201,1157342.4,7904912.44
021202,1343135.33,2660977.38
021203,277929.65,19766.0
021204,11008.13,10344.61
021205,485870.54,199488.0
021206,126020.79,389060.25
021207,6050002.81,8969632.84
021208,494343.3,1606623.86
021209,4930528.01,3875396.68
021210,0.0,87468.0
021211,19476558.94,39758461.96
021212,1940333.83,4393828.73
021213,159543.0,353616.26
021214,1214533.8,423591.97
021301,6546302.85,10097329.27
021302,5920644.4,9282151.17
021401,9976236.42,9109498.26
021402,11489.04,190892.76
021403,12885.45,22675.0
021404,1193580.73,2001419.2
031501,105346.18,33337.0
031502,7892.2,96581.55
031503,211798.48,96085.36
031504,2691121.05,2826826.0
031505,10720561.73,5865125.04
031506,63174.67,58331.0
031507,15945484.05,21160865.61
031508,2206049.27,1908273.13
031509,1142138.28,1575086.0
031510,108698.09,2098965.41
031511,169575155.77,287057247.84
031512,12053496.75,12460057.48
031513,31934740.49,52443223.78
031514,7567947.59,10716459.02
031515,33867630.23,22827235.7
031516,57539270.9,22476479.91
031517,21593660.59,10405151.03
031518,6587231.14,1518098.42
031519,31892180.41,68896736.59
031520,4377064.36,5503986.97
031521,383082.18,498046.45
031522,430215.21,193861.0
041601,259103.12,3716773.7
041602,2210223.33,40903693.85
041603,898752.12,8182291.45
041604,12715420.82,88145662.54
041605,12155674.25,63395521.01
041701,17116431.31,56999060.08
041702,2863508.06,20569321.56
041703,142438.61,363987.08
041704,8004473.62,33457657.8
041801,14113386.14,84976993.69
041802,325173.96,4781969.38
041803,9079332.72,10996148.87
041804,78375731.68,4354161.16
041805,47117139.2,8274782.35
041806,110140872.79,54725112.18
041901,235026831.06,32781506.36
041902,20902034.23,30209896.88
041903,248165.84,370266.91
041904,3214695.04,12715250.08
041905,46739787.9,102895874.59
042001,1265554.29,3109525.74
042002,905034.65,793301.15
042003,693144.89,5720960.72
042004,715049.1,5462677.44
042005,6178153.7,24476527.45
042006,4625945.26,8460158.32
042007,1923046.39,7859607.54
042008,14923672.08,53309568.71
042009,14255174.24,34646883.88
042101,106539486.16,53581841.71
042102,1929867.92,3204775.66
042103,47798823.84,49049594.84
042104,3152277.69,14237741.39
042105,583705.52,9275211.49
042106,139011954.38,187037655.58
042201,1757249.08,10923297.09
042202,39349185.65,75315346.95
042203,44444060.82,58351507.8
042204,130414048.11,178845052.2
042205,503996.16,559004.47
042206,494512.25,2104264.34
042207,2236834.38,12751841.27
042208,289840848.92,326281720.28
042209,261507.83,1849224.2
042301,633586.54,1983474.28
042302,7705910.49,14545890.56
042303,537323.71,285736.0
042304,5691875.98,2743688.55
042306,652909.24,2369567.27
042307,0.0,4257.0
042308,131760.92,475222.02
042309,67444592.05,31862793.56
042401,1912941.91,44928612.57
042402,158957306.3,328667157.7
042403,84730105.93,9855023.96
052501,1549953.22,6810561.74
052502,2236.94,8415.0
052503,17377841.6,92849.38
052504,283156.93,375013.49
052505,717480.05,28672367.19
052506,564061.8,2618607.34
052507,416256.26,1360361.6
052508,2233876.87,4537233.36
052509,89251.51,436756.55
052510,383512.2,7178.82
052511,1421875.66,1683829.82
052512,193844.74,147315.88
052513,509899.07,1842202.07
052514,116742.0,143926.15
052515,643760.11,6244537.19
052516,1181887.81,18502754.51
052517,600170.58,36736265.35
052518,1616.0,14261.54
052519,789299.77,1736336.83
052520,1470358.6,668044.62
052521,41282.11,1241273.71
052522,106437.66,8572275.54
052523,9238940.98,84670136.65
052524,1644466.75,1332.0
052525,202332.23,340643.16
052526,853980.22,3516752.11
052527,0.0,1574.0
052528,666521.4,65490.7
052529,155364.39,3290329.82
052530,3324378.73,1117879.8
052601,133848.63,109024.0
052602,7985072.38,3104629.0
052603,100310.68,13580.21
052605,4163.0,852437.0
052606,32462.52,311367.98
052607,0.0,4327.02
052608,2651.72,16961.77
052609,4163509.96,2852255.95
052610,63514.9,77302.0
052611,89455.39,142624.09
052613,173844.99,12233.0
052614,106552.63,12964742.11
052615,1812055.93,4894877.82
052616,2289887.0,7755.93
052617,9672.0,20832.0
052618,144310.59,7425326.29
052619,1011428.87,1186896.1
052620,2286490.69,3392672.36
052621,533595.72,1253501.85
052701,11678640.19,1726672.86
052702,23800.21,466653.56
052703,7964.0,129005.31
052704,751105.52,1110716.66
052705,81201.74,5010.31
052706,308601.41,194225.29
052707,666917506.2,349161324.79
052708,1781465.37,85671.39
052709,126126176.6,9541969329.07
052710,17255380975.67,12215739013.34
052711,403976913.79,91039144.94
052712,11356695.84,7555279.46
052713,346825855.75,2916154.58
052714,26881076.43,914368.91
052715,3960839.08,1321314.13
052716,45277.46,0.0
062801,1210595.83,2349931.74
062802,4527721.72,14953.27
062803,24550772.38,7168494.98
062804,17485353.33,82341840.51
062805,1196126.41,1438464.15
062806,683355.37,3340243.54
062807,1688206.32,4811964.69
062808,354261.95,18058644.9
062809,558466.69,6116640.22
062810,78709.73,79263.69
062811,21239261.72,65110426.29
062812,409304.76,25943051.94
062813,124575.3,65828.67
062814,1505987.14,3399925.2
062815,29253883.28,20339717.74
062816,143852.48,421171.8
062817,1777395.21,6024540.19
062818,1792185.39,8042370.71
062819,276220.38,906410.81
062820,3957157.47,11111746.16
062821,1520230.33,7189967.85
062822,3693585.91,4745161.08
062823,9448455.81,9285831.6
062824,482201.01,1973867.33
062825,15891815.05,27915517.93
062826,1323408.84,11956055.74
062827,4712122.86,8387126.02
062828,486220.42,1837242.96
062829,922399.78,452190.11
062830,632941.06,519597.91
062831,2281489.44,2043205.74
062832,892733.66,1403306.25
062833,8432486.97,13315777.88
062834,2792173.9,4471108.07
062835,6554552.01,9397396.51
062836,3930482.33,23145073.46
062837,9209303.98,982532.82
062838,66554.0,191261.13
062839,1240019.64,4465486.95
062840,663604.3,1131255.37
062841,2556537.08,9122996.1
062842,864610.36,1388842.88
062843,18788396.46,55760885.37
062844,2497994.49,6780054.18
062845,108821.38,209140.56
062846,3420125.52,1782054.01
062847,1951933.92,3166518.6
062848,272118.99,2059793.63
062849,2747618.7,6956243.95
062850,449826.79,9048674.59
062851,1443596.1,4372137.96
062901,250048425.92,75774214.78
062902,1704169656.17,561442932.21
062903,28427219.68,70236268.87
062904,3016495.77,10601437.86
062905,583897727.14,538232679.71
062906,15374680.79,24507024.93
062907,111675109.07,42183782.5
062908,429832.44,5641030.46
062909,101188763.44,225944837.21
062910,209531641.08,9914997.65
062911,7458436.87,9828300.61
062912,13386739.63,28720624.93
062913,270638.68,471441.31
062914,112345486.61,91112284.05
062915,456893459.52,113212961.02
062916,152022721.28,97266820.34
062917,188394425.71,84808094.62
062918,19300366.3,89013457.27
062919,1351705.11,6285385.33
062920,1967907.78,10947442.25
062921,17370942.01,72364102.09
062922,1439721298.39,75722598.09
062923,81107780.99,10118785.79
062924,21487092.13,14404385.57
062925,462654.88,1944487.71
062926,4573587.05,26069520.28
062927,189181.35,266770.63
062928,692958.18,844174.09
062929,40882582.53,78712257.05
062930,1411651678.93,39857119.62
062931,5323147.98,21499725.93
062932,1139503534.75,333450912.43
062933,1786208681.91,159518970.22
062934,656669025.04,68841215.1
062935,549864047.68,9073196.15
062936,84539373.27,221623571.12
062937,150111894.3,49874153.75
062938,306903.15,1758120.49
062939,2691116.13,3445783.16
062940,547413.59,2585678.47
062941,114346457.25,46508278.9
062942,8554943.11,4486662.42
063001,85043718.09,55165206.49
063002,10606575.74,62085339.43
063003,27629006.79,29453668.29
063004,482917329.02,454430664.08
063005,10346594.28,17309068.26
063006,15893333.71,29468882.81
063101,552759.6,259971.42
063102,18738117.36,5094929.91
063103,1762562.29,98557.68
063104,29827959.49,4066800.94
063105,2939920.1,6457865.67
063201,1701427.28,642290.31
063202,23205588.85,8436968.37
063203,3760875.33,2236084.25
063204,124598547.59,244131932.89
063205,5908750.8,1194216.66
063206,106493750.2,84229996.84
063207,2506007.05,14903897.51
063208,163651519.64,104748889.44
063209,42483533.95,22368043.23
063210,19998334.08,12289530.43
063211,1403731.9,884490.17
063212,14798185.3,39260865.42
063213,896783.13,2216147.51
063214,18449001.14,24492941.66
063215,285125862.77,166819847.92
063301,25825169.6,46513429.11
063302,314726687.88,94498659.8
063303,158277096.88,269695995.96
063304,128527538.48,332754233.22
063305,11284868.08,57367556.19
063306,4368543.96,19829921.08
063307,37224914.68,94316536.95
063401,24552360.51,33608444.06
063402,150386372.16,130939921.29
063403,89067063.43,41368707.24
063404,10708486.84,21642300.04
063405,6662389.87,26878417.41
063406,399227.26,2748863.4
063407,929957.95,1223678.0
063501,1287252.32,5480008.21
063502,207671.32,1164575.59
063503,322679.46,1065069.6
063504,516228.45,1373167.94
063505,7059356.25,15128191.92
063506,42972582.0,78722568.55
063507,36701942.64,61377238.45
063601,344850.0,64555.0
063602,4087597.73,10962290.32
063603,16420973.39,3092097.64
063604,2542982.6,5757669.64
063605,441058.07,417642.78
063606,1456765.43,7851013.05
063701,35785082.16,71432890.14
063702,66425864.07,110562059.48
063703,34032001.18,55971670.43
063704,1683631.27,2975482.87
063705,17147287.44,93888304.56
063706,1040783.99,2356658.42
063707,279745474.62,188153793.59
063801,4323152.67,3302909.58
063802,1644025.64,7189024.32
063803,8636.46,104370.09
063804,1639403.71,2201115.54
063805,2200136.03,1177877.55
063806,10157384.07,8344570.42
063807,309834.84,160168.85
063808,136255255.15,145175296.12
063809,78762527.23,37063482.74
063810,71667095.23,22448421.21
063811,543332342.51,332602530.74
063812,37019512.78,32871873.99
063813,880233.77,1986677.91
063814,34165973.41,24746385.78
063815,36437176.09,106703259.65
063816,2159079.96,5222098.9
063817,371443.13,3306786.74
063818,217765651.97,678213832.49
063819,7054459.82,9170311.95
063820,1158773.12,1781181.65
063821,556858.84,5042108.41
063822,38099436.76,67720637.21
063823,218881012.04,203037305.11
073901,1211067770.46,109227586.48
073902,788082575.33,93284415.73
073903,294372609.4,137754877.0
073904,95201983.63,91229097.91
073905,87429855.19,68206225.08
073906,166177331.79,85545183.35
073907,1095149820.76,570358034.9
073908,123839203.22,61165425.96
073909,126782801.19,67229523.84
073910,15388400.04,67645269.03
073911,56387304.06,70355332.83
073912,8070889.3,27806562.28
073913,65377364.21,50584392.44
073914,2496119.75,9565638.98
073915,21874583.78,7693534.7
073916,7016852.6,12863988.18
073917,102134572.73,69437283.05
073918,1888806.57,6667507.71
073919,95984595.6,151366645.34
073920,191091205.19,289946091.67
073921,47193665.71,128212488.82
073922,3128098.49,9072800.91
073923,176469084.88,316911127.68
073924,12684053.07,59885965.23
073925,9026265.08,21480590.85
073926,320191021.48,353476480.69
074001,196404893.28,264762754.34
074002,23905167.53,58210825.56
074003,330015.6,349865.35
074004,291301.71,145967.83
074005,11897070.81,12168435.16
074006,783289.14,2417044.03
074007,5664757.14,1294553.03
074008,7852210.52,9108314.38
074009,34576927.52,37681969.8
074010,46383913.31,63276344.44
074011,133169015.58,236518097.34
074012,5843931.75,24777673.27
074013,2671630.11,7932892.15
074014,18138574.95,7869174.49
074015,5490057.05,11574927.65
074016,113191373.53,160571415.33
074017,4199163.94,3780224.66
084101,2138316.16,1242614.57
084102,47816.29,722791.0
084103,8830407.7,24658353.32
084104,67763504.9,53464291.98
084105,471724.74,314669.42
084106,3315615.07,2969141.66
084107,19949999.57,3628418.29
084108,63450.0,37594.25
084109,1253391.94,1848758.31
084110,125190.43,2885.33
084111,1857847.55,1538460.04
084201,435528.52,973658.87
084202,68540799.69,241541548.29
084203,8240735.59,27172061.77
084204,3286382.36,891667.36
084205,4741445.68,26864144.24
084206,20798.93,117771.0
084301,0.0,16264.0
084302,46262.0,2527450.27
084303,335305.99,2242135.15
084304,355262.0,666879.64
094401,578430.61,9756389.17
094402,4991528.78,5051995.82
094403,6563532.26,8456315.76
094404,383984.34,213659.46
094405,326593.96,638204.81
094406,58840.87,10290.0
094407,62323361.3,92369232.91
094408,7039459.45,11838476.29
094409,13639815.58,16621098.24
094410,3942798.74,3088554.93
094411,15848626.4,17242951.91
094412,39916725.48,93276761.83
094413,5133032.65,4560309.32
094414,277586.53,2123011.69
094415,2868282.43,27117343.82
094416,250553.68,423222.28
094417,1029544.79,795841.26
094418,8570513.69,28294026.9
094419,607308.45,1499878.36
094420,3796656.33,4516560.97
094421,10327032.42,27373590.71
094501,1452.0,2505.0
094502,129328.0,19120.68
094503,599962.66,387798.26
094504,320934.46,713580.92
094601,1095401.59,1831675.7
094602,718762.62,1840589.23
104701,231608.78,3826.0
104702,103549.0,38564.6
104703,5507991.52,4113488.06
104704,0.0,1305259.36
104705,92848.71,3059.63
104706,1820116.34,1433286.66
104707,82240960.44,8203537.82
104801,10423677.57,58784854.54
104802,56433430.45,79771609.54
104803,2083491.11,6428777.35
104804,8241680.37,54249298.83
104805,7904806.3,36205957.23
104806,1477754.85,3036902.7
104807,1102280.69,8304558.91
104808,3980390.98,16711269.04
104809,5167910.28,17857798.17
104810,21292834.78,201438869.43
104811,243802435.47,47594353.65
104812,185232.38,486245.97
104813,13506752.37,5468752.61
104814,1861946.85,1715425.16
104815,9968.0,445552.8
104816,3661961.86,10780844.36
104817,4480895.51,12787915.03
104818,31033000.57,93315224.41
104819,78236706.77,74584455.76
104820,30200804.28,25365433.93
104821,44730069.73,36499557.07
104822,925556.91,1855362.15
104823,44774358.76,94420075.03
104901,451965908.13,226585520.07
104902,48188687.79,26958975.41
104903,16618928.38,2302031.53
104904,199548.62,1173890.54
104905,3140472.26,8660794.32
104906,877299.09,1811002.23
104907,107224906.15,51268938.74
104908,914431.13,2575856.3
104909,700011.18,3199847.0
104910,6318538.77,4458372.65
104911,69473912.88,63871735.28
115001,2971.51,82432.0
115002,583721.0,764664.91
115003,217987.0,255817.83
115004,326291.83,423063.72
115005,118218.0,206981.74
115006,500356.73,524561.75
115007,5077974.21,30776190.01
115101,225065.96,114014.65
115104,4570.0,0.0
115105,6773.0,596029.0
115106,207774.0,1059266.95
115107,36673.99,214093.97
115108,2649.0,72482.0
115109,311792.0,1064404.09
115110,0.0,3987.0
115111,1061042.62,1559788.28
115112,5468611.11,8063796.55
115113,11874.95,25613.0
115201,13500882.13,5747264.0
115202,479529.95,416817.94
115203,1402503.0,18147700.57
115204,2666844.02,2809041.09
115205,3535409.39,19949201.41
115206,1245888.3,3492549.89
115207,4647579.11,9830157.84
115208,32145288.44,57919702.78
115209,20651470.53,15761953.33
115210,10372246.75,17394720.28
115211,8881756.63,7464337.29
115212,4436075.52,10112854.59
115302,4472.0,0.0
115303,17055.63,735406.35
115304,40272.0,0.0
115305,316744.74,634589.99
115306,1028101.0,2125329.0
115307,52756.86,58455.53
115308,73807.75,215917.0
115309,1184572.23,1486933.76
115310,105598.0,562659.25
115311,254013.96,743171.5
115401,2647520.49,3585564.38
115402,192564197.61,37056865.17
115403,940821.55,2747480.24
115404,9765746.43,11783812.74
115405,98772.44,44354.92
115406,476006.0,458336.83
115407,18994171.0,60329855.19
115408,6433334.22,6297226.27
115501,1203820.48,1746404.52
115502,15573876.35,11160828.16
115503,4365033.04,2093521.4
115504,1915331.65,366712.0
115505,119404.63,89690.5
115506,202919.86,440841.93
115507,344823.12,12683.0
115508,3943587.6,4095749.17
115509,10309785.45,11959480.09
115510,3766132.5,1444251.04
115511,547582.0,507060.49
115512,31525154.28,73551211.78
115513,25262252.66,35924696.08
115514,5384804.4,8388827.22
115515,16803938.02,28514707.83
115516,14374731.74,22758520.47
115601,11102582.71,9435903.75
115602,1612462.49,5521733.03
115603,3693475.81,17803614.7
115604,2062411.57,2819231.58
115605,4344960.83,861302.61
115606,25068.0,32941.4
115607,3860706.45,22599583.28
115608,5717184.14,13975333.45
115609,292188.3,1123518.58
115701,3979842.63,6716714.92
115702,3073945.92,9941152.17
115703,4924654.05,17391079.9
115704,2266196.03,4422971.97
115705,894617.33,4571404.67
115801,2399742.53,8150246.01
115802,549216.75,1412018.92
115803,122941.79,562667.51
115804,3339570.83,9945493.48
115805,101374.54,82688.62
115806,13861859.67,30505880.96
115807,8265413.57,11209631.16
115808,624366.94,1180991.6
115809,154856.85,248041.04
115810,6055474.28,19824688.7
115811,369988.09,513847.82
115901,1120212.39,2548538.88
115902,2139163.34,1008365.42
115903,6220758.58,8773875.16
115904,38547.59,146710.91
115905,66075.58,356847.41
115906,8023434.43,28962530.32
115907,731009.74,7403487.04
115908,263693.06,276392.35
115909,519763.69,1411657.42
115910,2073986.4,6309146.12
115911,21712801.23,39032458.95
116001,23060886.1,39746016.64
116002,88830626.86,120233619.91
116101,2264937.69,6367900.71
116102,12791752.84,9078783.14
116103,60917137.73,102302854.1
116104,108581648.97,171742938.03
116105,31933530.51,80760107.23
116106,22490863.94,56038093.41
116107,8243141.25,15376453.65
116108,26767630.33,52532756.16
116109,55231525.25,198573974.7
116110,351278830.04,435792449.54
116111,17362578.72,67009237.15
116112,5932293.56,9247556.37
116113,1050400.04,2145640.13
116114,39296372.12,80284275.05
116115,2995976.34,9971947.38
116116,927488.31,3671877.89
116117,26500845.22,29829181.38
116201,4048620.13,7359801.56
116202,5025129.25,11011661.13
116203,84981978.86,162936262.42
116204,84071574.69,242197453.37
116205,22470517.03,73901088.55
116206,25996764.34,66234402.87
116207,4012408.1,8536683.2
116208,7708020.53,17327182.19
116209,8379826.93,14918244.74
116210,9049973.79,19622763.5
116211,42776625.7,94865251.3
116212,9704801.02,48776220.7
116213,3864349.82,2909456.49
116214,7497549.11,15211879.86
116215,1308412.19,2799629.24
116216,367202.52,1867826.69
116217,9237977.8,20508682.38
116301,2368609.3,6271507.58
116302,24050499.2,56992067.56
116303,2605944.27,5095315.07
116304,4251161.51,10279691.21
116305,4181726.6,13017611.23
116306,1191491.63,3026704.83
116307,8107909.19,32289922.43
116308,742552.73,890125.85
116309,5951363.96,19438506.75
116310,1396788.99,1815603.2
126401,1687698.39,3762205.68
126402,12601590.48,39727817.5
126403,36324738.41,111535929.77
126404,15940493.68,67830413.31
126405,40083983.44,76450185.2
126406,2263353.32,4704178.63
126501,2879.0,79829.5
126502,13486.0,7416.0
126503,15522.0,62057.92
126504,85249.83,253689.57
126505,997336.61,2933060.45
126506,2363042.91,7683099.02
126507,502067.19,897483.09
126601,1191648.19,4957779.23
126602,5643.0,45708.9
126603,610682.45,1001286.36
126701,94705.42,42316.3
126702,241121.22,2946739.02
126703,528734.18,339472.11
126704,247092.83,477507.03
136801,11991.03,176831.78
136802,5074615.81,33316990.17
136803,405063.83,692982.82
136804,6566268.17,34080237.67
136805,6699970.93,22497611.72
136806,5382413.1,9215234.56
136807,3138124.15,2430102.48
136808,797720.69,2920652.49
136809,3384592.84,12368556.9
136810,4862434.72,35481909.42
136811,713898.12,4384165.0
136812,5382024.48,6488220.71
136813,2299003.82,4945735.94
136814,362259.93,1636217.7
136815,5846040.28,19219580.22
136901,88462.82,665249.21
136902,1502921.02,4238402.75
136903,1077629.72,7370783.86
136904,634943.44,11598172.41
136905,308328.51,5155120.83
136906,240367.77,650880.74
136907,959562.64,19821302.76
136908,2853194.21,36778166.05
136909,8841704.29,12684778.65
136910,3117765.63,11531407.89
136911,4538690.43,16078624.48
136912,1403431.2,4076020.69
136913,1243450.11,7434729.91
136914,4239024.22,14001556.86
137001,310654.0,1615336.48
137002,1696614.4,26655127.37
137003,256353.49,1961766.76
137004,42427768.22,864679.58
137005,3904632.59,13694694.81
137006,51420796.4,102139502.43
137007,5449455.51,21030315.58
137008,531319.88,1231086.69
137009,2943788.64,8063392.99
137010,3442254.14,15267877.34
137011,168710221.39,99436951.98
137012,37719.46,91596.85
137013,7803750.84,28258643.46
137014,1708414.77,11429378.29
137015,2709082.3,2915602.77
137016,2043554.53,9541773.93
137017,4566920.93,7221956.15
137018,5852373.05,24662647.19
137019,45206490.48,63075728.73
137020,8301995.69,37403326.4
147101,4853976.48,10447053.21
147102,325429472.05,692633497.73
147103,12718280.34,33808915.21
147104,5687414.39,13461614.9
147105,821483.84,1042448.88
147106,22391573.3,48053473.92
147107,240483.79,1339372.45
147108,653928977.83,820323797.7
147109,731881.11,73908.48
147110,9256315.47,15749582.77
147111,10101365.01,4999423.51
147112,113577239.52,151491957.13
147113,359106794.85,713118704.41
147114,30940297.12,27878637.0
147115,27340683.37,22722337.8
147116,1229845.39,3594060.72
147117,4988978.18,25372397.24
147118,475748.63,162859.32
157201,495239.85,5428621.72
157202,4008364.0,19127717.98
157203,697938.22,430618.44
157204,199443472.47,83555538.74
157205,2564941.35,20513351.28
157206,8473376.28,2464379.08
157207,52426265.02,54779938.9
157208,68190620.95,218775753.04
157209,28419374.93,82096223.66
157210,57397244.26,235280198.01
157211,7638821.35,16611743.87
157212,31435852.54,21985375.88
157213,38626560.2,40999393.07
157214,45378112.74,138091103.13
157215,9031010.92,28106993.81
157216,28935023.62,176677914.78
157217,4812366.44,16922113.6
157218,2486717.09,3850936.51
157219,36392607.37,180859714.58
157220,23947832.86,67731827.59
157221,1609399.63,3499466.91
157222,9203240.49,57355024.71
157223,4606996.45,26830181.94
157224,1192832.08,9178265.8
157225,31857755.48,119791889.4
157226,31768976.07,39143280.61
157227,1070077.63,3813142.29
157228,30629778.45,90699784.47
157229,4307777.58,9751690.77
157301,9104455.55,18711616.87
157302,6168693.95,16983018.43
157303,5442609.53,28872021.94
157304,158447617.55,325137962.6
157305,28711119.35,60488907.38
157306,45252845.47,109866731.24
157307,82409472.24,206161461.55
157308,48776799.87,224542229.36
157309,15393965.96,18228570.57
157310,16198209.95,33787554.77
157311,6880572.33,19471832.79
157312,23456531.63,65325222.44
157313,197436.04,1088540.3
157314,22617059.87,20411749.41
157315,21062908.71,43569316.64
157316,7604912.0,13874904.08
157317,3074564.4,7740472.75
157318,163114723.97,196811164.68
157319,20196990.24,14519850.69
157320,26151167.39,19438644.48
157321,6236277.3,14838442.47
157322,2911242.23,4490980.34
157323,10811205.15,44331974.49
157324,5284769.06,17535934.5
157325,3182169.25,23323879.65
157326,215237752.38,266020943.6
157401,1237115.87,950895.47
157402,2569343.58,3610482.55
157403,111401655.76,170805772.75
157404,120024765.77,40744725.26
157405,462234.13,722848.81
157406,1215031.56,5102989.36
157407,6744319.77,45086577.31
157408,24349269.58,112912126.13
157409,97131325.44,197278003.05
157410,48265163.73,82452378.23
157411,5923582.5,35735876.28
157412,20237999.29,14495354.88
157413,1751583.03,6076819.32
157414,1333374.03,375488.26
157415,8070950.63,6673370.68
157416,462805.66,577061.7
157417,588254.0,695130.87
157418,7285948.31,9408634.68
157419,12789986.44,21020518.88
157501,254237.0,22788.0
157502,43841495.35,106274651.24
157503,4261180.14,9346628.16
157504,2562441.94,1938699.59
157505,1362605.1,9646385.81
157506,2500903.54,6056594.93
157507,2037504.84,2636445.88
157508,1332603.71,3752776.21
157601,105500949.62,339253462.96
157602,52237839.23,6647861.39
157603,1679716.84,2513541.42
157604,31097317.42,65144775.55
157605,9058940.72,7545861.63
157606,35030273.53,153230383.34
157607,50236056.82,57490530.92
157608,3789099.57,16462800.07
157609,3045581.64,4317404.11
157610,21104878.07,53286176.36
157611,689674.96,1037605.61
157612,11266121.37,8889714.67
157613,522547.2,746747.16
157614,1167630.48,1748766.48
157615,1918381.5,9560270.3
157616,102743418.13,280387989.55
157801,18667521.57,38609228.63
157802,245349.91,1244276.41
157803,1307834.17,2463756.92
157804,203257.39,1608208.13
157805,134519.87,120528.32
157806,5238154.6,3772941.09
157901,96369287.38,19487613.63
157902,1379356.82,413355.87
157903,3431762.28,5431681.51
157904,1117297.77,415019.6
157905,967521.82,845387.33
157906,153660.21,38513.94
157907,4368048.3,4225346.67
158001,251291849.34,513202738.52
158002,2130990.67,1827948.94
158003,21137153.82,10764395.38
158004,461877.0,229386.25
158005,2060691.9,12059553.86
158006,111949.68,78063.0
158007,2459168.54,8427754.46
158101,5714617.84,6949505.11
158102,245202.77,5105059.74
158103,3338685.18,2074063.42
158104,4257913.04,1259990.93
158105,18650337.75,27157195.54
158106,42800.04,180321.23
158107,29637.0,2350.0
158108,1707500.87,10692531.69
158109,14845.0,54301.4
158110,702445.79,380843.31
158111,30936.0,262041.78
158112,24402918.72,16395788.12
158113,41373.0,4246669.18
158201,2704819.31,2163444.03
158202,11633631.6,33467449.32
158203,4048012.95,12849143.3
158204,1934499.49,5800686.18
158205,19236823.25,42556829.43
158206,2931730.24,4229006.77
158207,151152767.44,276643154.42
158208,28892630.25,69870967.52
158209,33120284.97,82711931.09
158210,544663.54,1028377.5
158211,2196906.04,4098954.9
158212,15972404.19,28244379.68
158213,283166.87,1922647.01
158214,1896646.17,4409290.73
158215,2257450.36,3997710.61
158301,7749215.94,25516895.86
158302,102979487.52,88516829.34
158303,1057521.35,2518974.72
158304,3048942.49,2495600.31
158305,3748892.02,9043005.7
158306,1719259.85,7474672.49
158307,2968290.84,8449338.57
158308,6092816.01,5905768.38
158309,16851168.78,17455121.98
158310,3743762.62,3908063.24
158311,33340502.58,63373336.41
168401,2635454.63,1538216.55
168402,2530155.77,24572876.2
168403,1135379.13,3430193.53
168404,7490291.67,11517564.41
168405,5762619.77,25978718.93
168406,21925192.9,135844321.77
168407,45095211.26,289648280.78
168408,75650948.71,408345037.77
168409,201497624.67,475894304.27
168410,3588682.11,8991829.31
168411,541465664.17,1737108798.99
168412,53877815.04,96909013.11
168413,241330968.56,407057474.25
168414,441001619.37,608976030.26
168415,191430695.36,343992296.35
168416,6662747.0,33263165.49
168417,6290781.5,15408372.23
168418,207854283.15,264060643.75
168419,107678380.73,208238314.77
168420,2187316.01,7500863.12
168421,164428370.24,336601220.28
168422,43989321.03,98864727.26
168423,26380123.9,36232862.91
168424,64300494.08,95785308.88
168425,24189352.42,45935853.11
168426,94288539.15,147087248.04
168427,25283441.28,68226695.62
168428,162694550.34,127540960.95
168429,99372031.36,282601600.67
168430,100234427.79,84373240.21
168431,789275466.65,1148536241.07
168432,10496615.61,14070204.0
168433,2190076.6,7726613.52
168434,3404453.26,2806668.38
168435,815380.48,1561012.24
168436,5242682.66,3621353.27
168437,6478696.43,5340302.64
168438,18705767.39,29657554.92
168439,8122620.91,22069851.96
168440,2879707.73,8523311.6
168441,9619875.52,23812080.6
168442,18546522.11,20662725.5
168443,79346740.79,147725977.62
168444,1346638.35,936135.38
168445,3173978.2,1495631.76
168446,213844.0,213339.08
168447,26489224.19,17816503.71
168448,30446476.73,30089619.88
168449,5034209.22,1719628.3
168450,14595300.55,33207621.32
168451,20707095.84,35232721.96
168452,135056208.9,200458875.45
168453,961177.02,1555394.16
168454,6599181.78,11837640.91
168455,2485133.41,4227662.41
168456,106645639.32,401003684.22
168457,36055758.42,47157721.32
168458,51165750.92,28588219.4
168459,25390954.92,62728701.94
168460,32245955.96,22269686.73
168461,11716963.04,24282689.51
168462,37581218.8,63254112.03
168463,18655115.36,11526236.86
168464,13424338.72,200060605.58
168465,19286515.43,36168089.09
168466,136736274.78,366984435.82
168467,42362348.38,98832592.49
168468,26164367.31,12038784.21
168469,2057910.1,5923978.46
168470,141096968.18,31641755.09
168471,17001440265.17,5352516385.71
168472,25119610.32,34447198.59
168473,9333322535.26,10852028081.04
168474,41979382.77,74649697.92
168475,9821536.89,26920602.14
168476,11189836.75,6330671.49
168477,91830132.97,189262243.61
168478,11027065.48,17810226.4
168479,784307168.43,2413940322.84
168480,211456190.8,133587879.7
168481,239515066.66,490176346.11
168482,538018823.73,839667795.23
168483,138740439.14,277140143.04
168484,21898691.36,34124537.81
168485,125023998.22,286881148.76
168501,292514925.95,826046839.44
168502,337156232.58,207558345.27
168503,105081121.11,268366962.87
168504,547109909.46,1080844853.81
168505,36894284.81,164618932.35
168506,222903169.33,268450560.09
168507,162132976.0,404663602.23
168508,27183012.86,68314322.3
168509,46681124.84,85082693.01
168510,18982733.99,28600715.72
168511,58674239.98,65958999.96
168512,20153257.19,51395683.86
168513,10435678.68,18547505.62
168514,27906427.22,154966597.22
168515,413054570.6,169678149.83
168516,189062757.15,174061393.2
168517,1023748180.95,1183927506.39
168518,174765714.14,506234956.59
168519,119187778.62,214459810.64
168520,158695183.53,43467427.79
168521,462107423.6,984384482.16
168522,282490547.56,432542007.38
168523,613440347.62,1097253756.94
168524,825346001.36,165051284.44
168525,3445985627.51,4772084230.69
168526,44765509.79,47203372.36
168527,489125949.48,433133109.29
168528,352806246.86,735297392.17
168529,1276074131.75,2135966969.71
168530,3287683.77,7233301.97
168531,174886024.32,254891540.23
168532,588757543.43,1080991641.32
168533,230355266.27,353125208.19
168534,854860549.19,1343382185.45
168535,112614314.43,181320582.19
168536,984167639.12,1607012339.8
168537,197867651.93,237035007.63
168538,180646429.8,294554078.71
168539,58103476.69,148438870.47
168540,362982085.09,175772850.92
168541,3187509327.2,3834021561.72
168542,36364554736.62,30451614563.39
168543,501155435.95,1031945582.05
168544,286335151.68,582219280.77
168545,6035352.5,12138729.09
168546,7012134.31,18275792.87
168547,42777402.83,34467952.92
168548,152477572.18,264854736.68
178601,4106.0,57389.0
178602,91740.0,1108277.0
178603,4000.0,1915290.0
178604,142527.0,285249.0
178605,126734.0,34558.0
178606,248466.13,549680.16
178607,3136312.69,11160748.0
178608,512065.21,3456876.75
178609,21833196.72,28900589.15
178701,10745696.9,43269214.89
178702,8678267.23,16312770.62
178703,227016297.23,1427721642.46
178704,70648370.15,434882933.69
178705,25719795.01,42549030.83
178706,12195259.48,14973053.87
178707,1684564.71,7447741.2
178708,513100965.06,872400306.72
178709,26293480.25,25214462.88
178710,188442.0,5806024.0
178711,17248933.23,62373582.0
178712,1448610.12,9433046.56
178713,154873.5,822801.26
178714,215931773.06,256493953.69
178715,314410.99,2632194.24
178716,31736827.74,34860782.86
178801,33214.31,198883.09
178802,220990780.7,1624305162.97
178803,550922761.44,1671297411.29
178804,896601.53,860448.12
178805,6858148.81,26755775.33
178901,586047985.82,796426396.34
178902,2458668.92,1702512.0
178903,41761034.98,30421280.18
178904,45032568.33,122832370.48
178905,427776902.42,295793469.36
178906,3899436.68,6639408.44
178907,6946557.39,15445185.36
178908,1138947.02,88788.93
189001,163259091.39,309215521.39
189002,79518878.15,79346670.3
189003,26820287.55,29566596.6
189004,7230416.1,22285254.92
189005,5869066.46,10184326.61
189006,105887565.41,192100659.82
189007,17129915.13,30223664.11
189008,34003186.28,50805216.28
189009,170903502.65,256056795.2
189010,45956551.76,422882277.02
189011,39571353.16,32780079.41
189012,4667592.78,23251111.75
189013,582787154.78,513441339.28
189014,30601185.91,124581075.39
189015,91755920.18,182114103.97
189016,3210205.8,6680041.45
189017,17185782.03,22572580.67
189018,852942927.86,650019566.17
189019,17074472.09,48832507.24
189020,3413886.16,10887648.83
189021,602458783.73,194783405.51
189022,86264184.26,156080611.79
189023,13239549.11,42995059.19
189024,15625956.89,22463410.5
189025,43325065.12,19192942.97
189026,167992604.3,174940011.43
189027,323677690.97,238860694.68
189028,25304884.67,20239118.93
189029,12441011.58,21093589.99
189030,484055680.57,1169943336.9
189031,288238485.57,652198351.15
189032,231832101.27,213638588.15
189033,76489133.84,132753939.75
189101,137194704.33,311950319.63
189102,53746024.34,227310116.71
189103,1480407.74,1279357.44
189104,148445.26,72518.4
189105,2536320.41,5795392.1
189106,4151295.15,6388233.79
189107,545897.14,7060156.62
189108,73655565.32,15673945.75
189109,11281216.75,1097782.74
189110,36145936.7,1513597.53
189111,17697055.09,31981633.51
189112,870253.0,1071366.37
189113,1513484.12,4073145.01
189114,58470537.96,87804598.0
189201,1578517.66,13084625.76
189202,599506.65,2673057.84
189203,480824.59,1396312.77
189204,77311.94,180873.95
189205,568655.32,2204832.11
189206,372453.1,1713020.7
189207,6362387.68,20093814.99
189208,420455.93,495051.54
189209,4011327.47,12148267.81
199301,1925935.0,2309665.0
199302,18244.0,658404.0
199303,276583.0,249029.42
199304,294404.0,247704.8
199305,7875857.0,8325562.0
199306,5853682.01,6929948.95
199307,0.0,15943.0
209401,37299926.97,95590815.68
209402,3984443.27,12343604.33
209403,71760824.81,256750417.65
209404,7261973.86,34769204.25
209405,33707219.2,133065300.12
209406,9035551.34,8411737.39
209501,611756.08,1341073.6
209502,5162238.16,4285465.22
209503,20136610.07,63321517.99
209504,69445564.71,145319847.75
209505,1196670.89,5809067.62
209506,24252721.96,106940151.25
209507,25258549.67,49542037.27
209508,1859409.54,1853345.05
209601,82388.68,265454.6
209602,1562811.99,525111.39
209603,7178520.92,25043089.13
209604,56774.04,69975.41
209605,740707.19,2518404.57
209606,7379476.9,8258419.33
209607,22573126.52,18547462.55
209608,12137828.81,46942070.35
209609,4163277.65,6509782.27
209610,237524.05,480494.04
209611,1028920.97,1453832.09
209612,27701641.26,43320685.18
209613,8973845.07,13775525.89
209614,622023.57,538667.61
209615,1293478.5,5068061.37
209616,2608344.93,5248563.87
209617,706451.08,2881307.68
209618,461391.95,3178494.49
219701,18010983.05,59278813.43
219702,2197715.4,232457.15
219703,1574734.11,5930263.9
219704,1368658.87,1757291.92
219705,1166348.37,1560749.31
219706,3203947.43,6274057.58
