010101,11793.0,6031781.54
010102,24428497.24,431297.93
010103,229140161.4,355098.37
010104,419598.07,1535384.1
010105,97403754.46,497144.0
010106,23295730.82,24457135.74
010201,291859.39,821156.27
010202,32946876.39,4314424.93
010203,89592709.96,20215363.59
010204,5477404.55,1429503.94
010205,2163416.72,0.0
010206,1959531.89,22605446.58
010207,562964425.24,218239829.47
010208,55923712.95,1439796.35
010209,7632.24,53612.98
010210,22064710.29,1493792.52
010301,206356183.7,160383494.89
010302,176635825.97,6093873.83
010303,396026290.28,314139236.32
010304,609580786.61,24604506.98
010305,129730058.88,43179978.0
010306,350046234.78,274389151.62
010307,512879822.45,136323399.81
010401,17858623.37,3380003.52
010402,27572491.47,23845315.83
010403,1352591.63,846784.24
010404,557680.93,37232608.57
010405,349247.06,3116214.07
010406,1569261.82,885392.83
010407,40093895.55,1307601.11
010408,4760001.37,121553.16
010409,92152115.39,848203.68
010410,12906976.69,1947984.98
010501,2116777.13,1450013.57
010502,100282492.17,441483.07
010503,9990023.08,147547.84
010504,345833377.52,61851448.68
010505,248376075.23,25333978.73
010506,15887388.86,1693380.33
010507,4616354.47,2506179.82
010508,1505427.29,2626130.39
010509,395609.08,349568.9
010510,3437987.65,244868.99
010511,46684208.73,6289127.37
020601,2104505.08,5945096.12
020602,20822173.76,12130263.82
020603,8428036.63,3092513.95
020604,23422037.63,780724.17
020701,13266988.69,938937.19
020702,3766221.22,2636.14
020703,235309317.18,424326.83
020704,44943291.13,155863.87
020705,1414995.18,90692.96
020706,43105050.45,26625.26
020707,1304086.05,13353.94
020708,12097051.4,1365298.44
020709,219837568.48,8584398.15
020710,341377706.12,17527405.4
020711,184970622.74,283768.8
020712,457252886.86,5040104.12
020713,257264589.17,9560351.87
020714,71050362.75,33417603.11
020801,2380612.28,1395797.63
020802,200230805.23,34048099.29
020803,7442025.64,13023427.98
020804,12411182.34,11570657.51
020805,60972275.85,26426432.83
020806,2730412.65,62181140.6
020807,19334099.59,1409567.37
020808,131529490.91,23424961.03
020809,3255376.83,7553442.84
020810,23358601.14,51393549.77
020811,51610831.38,516630.28
020812,62736098.34,103303.93
020813,35117912.62,13871289.71
020814,1890878.39,81403.41
020901,10868579.11,6574297.38
020902,413330594.37,3152734.68
020903,95943.57,8915.31
020904,102025885.63,3049981.97
020905,755607.0,32704.39
020906,30638927.48,132053.19
020907,538186.31,324851.19
020908,482121.71,3806136.82
020909,4363996.88,1589505.87
020910,66553934.15,2724066.01
021001,954935.76,67043012.0
021002,22967.76,0.0
021003,1334635.42,214319528.71
021004,38958.84,131950.66
021005,513984458.96,14150618.07
021006,724765691.07,574319.84
021007,3005151.24,2118.09
021008,32886228.83,159547.3
021101,46969283.46,3841588.83
021102,3424856.09,5248537.1
021103,5356025.24,650034.7
021104,31089663.32,1503909.97
021105,420789.72,1315818.35
021106,4645184.94,962857.65
021107,421135.12,767732.89
021108,16589875.09,24923301.24
021109,3229012.0,865953.01
021201,77442638.93,688343197.4
021202,222225138.3,903664.71
021203,5531.0,5210.0
021204,317421.59,2359614.84
021205,236086.23,415965713.53
021206,13591023.02,7746551.46
021207,113995543.28,1078353.45
021208,2549205.43,197453.2
021209,68953137.31,37955400.05
021210,3032967.34,451787.05
021211,289162926.22,19807736.47
021212,166686898.41,12103072.87
021213,8194247.73,71474.62
021214,13995051.83,379653.05
021301,17797345.66,7451643.11
021302,90346511.41,25047697.98
021401,47330059.31,16611681.34
021402,586184.08,337874.41
021403,379037.84,290447.58
021404,22242331.43,8219817.4
031501,206578.8,9782837.57
031502,19613.71,48680086.32
031503,19525.57,1042339.32
031504,727615.14,2634540.26
031505,1923939.84,292902.87
031506,469318.02,19986.4
031507,24822515.44,306441138.84
031508,13153059.37,6410310.86
031509,204681.9,19827.07
031510,22744.0,0.0
031511,1384984.44,4430005.17
031512,95434.8,5113436.72
031513,222492.91,15023300.27
031514,17865391.44,33019990.92
031515,45122939.66,72275092.72
031516,877230.69,27947770.03
031517,8015734.47,3795448.28
031518,9574344.48,2473981.98
031519,4117733.6,97963500.28
031520,2356188.82,6932892.41
031521,8289357.17,996591.86
031522,792798.56,719913.22
041601,17786004.61,225789.94
041602,352273553.37,3591319.85
041603,15064560.77,870924.51
041604,871873926.92,5672117.4
041605,375014489.16,10483062.5
041701,99567112.36,18176515.92
041702,12468989.17,9216151.66
041703,609741.66,8032960.33
041704,79079819.45,20439079.05
041801,456204.77,0.0
041803,1662420.32,746911.49
041804,27626704.17,5599076.52
041805,1132576.03,1056693.81
041806,12302581.5,14740056.4
041901,37508031.42,19458438.2
041902,193725666.42,3378815.62
041903,3940547.24,168891.99
041904,11829746.71,2572310.7
041905,84387462.29,9140005.71
042001,41956326.35,749880.41
042002,73587543.76,435391.91
042003,155414068.5,254282.29
042004,40912897.91,8282472.55
042005,397124150.95,7847460.97
042006,26673258.39,615312.19
042007,6619642.41,1714234.43
042008,416267577.4,9628483.19
042009,94922871.63,11228113.07
042101,29187166.02,1386916.86
042102,14129831.59,4187754.28
042103,98495543.69,48363778.14
042104,14209895.36,6020528.23
042105,4295452.63,1177406.75
042106,150631474.82,47972600.44
042201,294485649.58,275453.32
042202,69740155.47,4355617.58
042203,34114695.73,46150717.7
042204,4179381.4,28892437.77
042205,1501812.95,523822.1
042206,24947107.26,1145683.81
042207,16971413.77,928384.85
042208,50322620.06,60905342.46
042209,5992890.45,956772.28
042301,5747572.09,91641163.95
042302,6202724.06,10091772.39
042303,70480283.03,2015376.38
042304,15328375.53,53823218.61
042305,294194.77,0.0
042306,40770891.05,3997330.28
042307,480438.54,1581.44
042308,9551083.01,1414708.31
042309,103080046.27,62204974.52
042401,241792466.64,49191174.67
042402,145040774.68,18138769.85
042403,17616272.5,2836175.83
052501,17543042.03,1052005.07
052502,1366632.27,27506.28
052503,3051926.64,65203150.08
052504,47571724.55,2528025.65
052505,27986639.96,4427948.29
052506,2983095.73,1683360.75
052507,18479343.29,23403334.52
052508,85855844.41,10040251.87
052509,449104.38,2432618.71
052510,110853731.21,14343.73
052511,59563413.91,172295.65
052512,2710604.93,1941402.47
052513,3616949.14,3977569.12
052514,8015425.31,295018.99
052515,3282395.17,62572194.91
052516,53128209.33,60297819.84
052517,29242503.41,1919625.63
052518,10219152.89,340768.69
052519,297921314.09,8138647.4
052520,3748682.26,3571298.83
052521,2940218.39,147108.19
052522,3336865.04,234965.68
052523,223807527.76,12253105.14
052524,2747186.47,192391.46
052525,7060120.26,740509.01
052526,77843456.86,4095377.49
052527,400844.55,19560.86
052528,2698698.52,2654488.79
052529,143511198.0,3912715.38
052530,57089265.65,13488762.09
052601,1992619.04,735194159.55
052602,1786182.97,43424366.01
052603,1971259.57,239523187.23
052605,68907.0,1452563.08
052606,86564161.1,4085391.49
052607,6399244.07,16591659.55
052608,55059549.99,2348359.96
052609,10777525.87,3331146.43
052610,378830.68,6360389.53
052611,1260687.46,0.0
052612,10719.09,0.0
052613,37561366.1,8736800.09
052614,2154620.55,3854284.23
052615,2884858.02,55748698.37
052616,14499.28,0.0
052617,4291301.61,1609098.0
052618,1904840.78,81625.13
052619,1431093.84,874771.73
052620,7153234.42,2834036.97
052621,2285911.18,276007.85
052701,1160326403.93,85686800.2
052702,330373.46,0.0
052703,1502276.33,257107.2
052704,653377961.82,1900180.3
052705,6729.0,0.0
052706,7475680.4,199739.96
052707,27901024.76,40283508.37
052708,32177023.27,13415982.27
052709,835176981.33,1013179714.99
052710,1000635411.96,2309432995.59
052711,268161991.73,662045095.56
052712,256275391.63,9660158.69
052713,111115024.15,180297719.91
052714,368212.78,339025.86
052715,2640975.57,1619411.67
052716,561245793.42,18897922.21
062801,2070055.82,3152459.57
062802,517682.71,3029670.15
062803,9931375.32,30198346.96
062804,361703769.91,20770054.85
062805,99195775.1,5819482.06
062806,1542123.81,125935.17
062807,520441.17,1846157.17
062808,151339.23,253713.92
062809,40751623.08,14266040.07
062810,918550.98,5963337.63
062811,62082030.17,40008452.71
062812,3348211.0,3771280.95
062813,1728512.49,103118.67
062814,3357239.91,31276.89
062815,40381330.32,10176552.83
062816,7513389.79,715663.18
062817,51502741.12,11424010.32
062818,104239608.12,307887278.76
062819,15872939.69,2311339.14
062820,15824615.65,10650893.89
062821,86349833.16,23367176.56
062822,2970730.42,2576354.96
062823,31051088.3,32561874.49
062824,13748134.36,180608.89
062825,186252111.14,36261860.04
062826,43395870.26,2478118.95
062827,72302198.8,19824016.31
062828,22250974.74,781249.91
062829,13429928.11,903555.67
062830,17640061.19,2499397.97
062831,33891227.74,607680.84
062832,12225794.57,558541.25
062833,115907682.66,27297642.58
062834,24665884.2,2987929.61
062835,148855763.15,9739271.92
062836,206659175.4,28388160.51
062837,10832978.97,26518590.58
062838,3082114.92,2166819.17
062839,24200454.58,5413851.36
062840,5148488.34,3158740.47
062841,86196084.98,9517819.73
062842,1499992.97,1758567.44
062843,6470236.13,42449665.01
062844,142582485.75,17079250.8
062845,471944.94,270263.6
062846,187616735.76,7379013.43
062847,856507.39,6632759.7
062848,4669379.63,139299.17
062849,144799795.75,3729465.2
062850,2915099.74,1864711.31
062851,2417265.7,1694964.48
062901,10409874.69,84426908.12
062902,62370083.3,732854089.02
062903,70594663.67,294802961.55
062904,51329653.7,7446976.83
062905,41603013.6,613470428.81
062906,76719576.72,14143663.48
062907,55544268.22,135418709.19
062908,16318908.84,11670247.4
062909,42975160.4,81200837.94
062910,1327053.74,21729258.34
062911,475343.76,387191.44
062912,59497543.57,37392418.8
062913,3878000.44,194534.43
062914,133230471.6,103465214.84
062915,59440279.87,193817935.9
062916,77082324.75,151004261.52
062917,126759125.07,939575837.19
062918,307175323.89,29260402.75
062919,5904888.4,7085020.26
062920,18773949.11,10626786.32
062921,174695625.47,117413660.14
062922,208936866.65,117644149.91
062923,3593046.02,7863288.49
062924,147687574.21,52460805.02
062925,53682361.44,5838904.72
062926,54675036.1,90169304.57
062927,21338236.4,5653818.74
062928,11878698.75,672459.6
062929,30117050.49,286823605.84
062930,147968722.68,99348744.03
062931,83221998.92,26238434.93
062932,211254426.21,36867609.46
062933,394962647.63,381268198.78
062934,213419922.24,86994611.77
062935,91526685.16,11899783.34
062936,354999941.95,67701068.53
062937,125904532.23,10322196.16
062938,58243797.68,651626.63
062939,72789371.67,3564160.08
062940,30565440.13,1471209.73
062941,533454250.46,171484841.11
062942,11847721.32,13703668.93
063001,156321601.85,1684931.09
063002,7915360.19,31695558.84
063003,79780637.21,41365653.17
063004,195205746.87,407335545.61
063005,202620212.17,9072344.04
063006,15724408.4,18341234.97
063101,6655029.6,709986.39
063102,23415654.69,14547798.1
063103,56244839.67,61137.67
063104,88222890.78,400939152.72
063105,56096698.2,1198536899.96
063201,1560001.23,6219484.75
063202,2253009.35,30121161.63
063203,20015367.81,6076435.69
063204,629816934.44,234518924.12
063205,3067565.66,1988810.87
063206,86604148.0,260454336.59
063207,22981394.49,56570847.98
063208,72406081.88,246650676.25
063209,18275582.49,46153377.57
063210,4273947.95,51949565.27
063211,1442327.08,6252272.28
063212,6673531.31,25009308.42
063213,30939017.37,3650710.81
063214,13273813.74,38356098.08
063215,63216187.59,97725362.22
063301,95977452.1,33807131.34
063302,34222116.6,43856324.88
063303,4608248.51,3805319.42
063304,139054481.56,31062513.3
063305,20555867.64,5664974.33
063306,34895663.42,2803877.47
063307,91462648.46,9828590.1
063401,34916498.6,15174387.52
063402,57663395.9,146963746.59
063403,5966760.55,96197301.83
063404,8642904.66,26115730.31
063405,21664977.57,20235049.81
063406,402957008.16,1092902.71
063407,14120965.11,1065813.68
063501,5354296.23,6534443.7
063502,539762.58,7005662.71
063503,9956477.09,8212907.1
063504,8549366.27,14050570.03
063505,7906227.01,38029124.35
063506,60394245.97,206046057.5
063507,18474723.12,28867156.0
063601,2295643.31,0.0
063602,9312616.91,1466459.24
063603,4622932.59,866619.9
063604,402801183.44,599428.66
063605,7001675.72,2412.34
063606,3225928.47,1486498.4
063701,16473949.08,46177099.67
063702,101657768.72,155438371.26
063703,27249514.81,84931575.6
063704,128620.27,315093.9
063705,3715129.29,3996693.98
063706,852059.93,1850016.87
063707,54959789.45,73013994.83
063801,55351037.58,17366966.52
063802,67246051.07,8751674.92
063803,185713.35,16341.87
063804,2080132.7,255247.74
063805,10843203.0,875568.17
063806,195881478.53,6319524.97
063807,645444.91,24952.64
063808,316098210.56,161364897.29
063809,39006390.16,163311141.07
063810,10921713.37,26473428.57
063811,5948701.36,84909518.11
063812,25157196.97,216380970.17
063813,3968845.89,414060.21
063814,9825854.22,54021375.05
063815,13910904.85,126212509.81
063816,12130578.19,6305557.11
063817,1273211.44,15649057.92
063818,40536319.09,190543996.26
063819,1157045.58,4874229.46
063820,452688.48,3984186.96
063821,452245.62,1023096.87
063822,10839953.47,38037586.24
063823,141428959.49,361888243.27
073901,31685024.82,1356289404.19
073902,21204192.73,697321187.48
073903,56448310.79,1788619249.51
073904,45578007.37,797255736.08
073905,45397685.8,39875370.41
073906,7251468.99,170718462.65
073907,119792749.83,1051902732.55
073908,14761050.8,179279102.09
073909,28816778.51,198449166.26
073910,9517912.05,107421518.67
073911,20736527.38,103897002.51
073912,23918074.95,91910995.5
073913,48382132.04,4613326.74
073914,3107266.63,8369800.14
073915,19114447.72,151952358.96
073916,6960048.64,10701507.34
073917,72061783.45,75076266.43
073918,71258648.4,16238977.73
073919,90020636.07,159138305.79
073920,241220972.51,691690750.55
073921,86305159.48,458794419.65
073922,41767918.3,3377268.16
073923,1414318653.63,243839918.86
073924,945244597.13,21086547.05
073925,450851695.08,15598640.02
073926,3538390740.46,611623130.99
074001,4631982.31,101074272.35
074002,35648505.08,511269412.85
074003,1359145.2,4644049.49
074004,384217.61,1042042.9
074005,12450380.68,88340966.12
074006,1673817.78,3194400.32
074007,6433712.81,10916012.76
074008,16816823.6,25759485.3
074009,23829476.07,26797903.67
074010,21567407.08,41242491.08
074011,740963856.97,48862553.47
074012,19928878.51,4000472.95
074013,52936286.77,1819710.61
074014,18234095.87,78052139.04
074015,91018651.25,4208740.83
074016,295041841.2,138051026.07
074017,11878122.09,5487560.28
084101,18168921.19,164938186.6
084102,837390.11,39925674.57
084103,3948131.47,7104918.68
084104,204875128.04,1232529970.69
084105,18741570.5,211976686.49
084106,9935153.87,24125253.07
084107,53567194.02,69099710.37
084108,1492308.48,619145.07
084109,2729847.86,38377570.78
084110,876474.08,2743887.53
084111,2933573.53,9105112.65
084201,58644151.9,362207.44
084202,4891927094.69,27686426.98
084203,2192807375.05,11481927.36
084204,1469710.86,524719.51
084205,52803421.44,4298021.97
084206,2531082.18,15621.0
084301,5938326.31,65057066.3
084302,123634810.64,51253123.84
084303,270769998.75,3149851.36
084304,18289429.75,2216721.53
094401,127207820.95,7916409.81
094402,35761031.32,342014.15
094403,15858423.04,403821139.76
094404,3321512.26,11458519.46
094405,636979.4,501946.48
094406,1348730.26,0.0
094407,228568146.0,409236683.63
094408,48140996.73,150405175.47
094409,96436204.42,25427376.07
094410,5361536.16,23358742.9
094411,6374850.34,221112042.47
094412,160539745.33,377724506.79
094413,7159838.9,7929356.6
094414,213666324.3,1649864.3
094415,21372852.23,4378682.66
094416,1900997.4,627570.8
094417,14268717.59,938095.11
094418,169756802.99,53222698.07
094419,242901641.56,1328105.9
094420,360195481.63,1204395.22
094421,523938732.4,19378216.6
094501,523371.56,3899235.6
094502,115628.63,639467.28
094503,2067537.14,1106080.84
094504,5170305.09,4888205.91
094601,145627142.26,4771019.21
094602,544412415.26,343339.36
104701,153182.8,36689404.84
104702,1140877.76,20069668.77
104703,3323117.45,398092844.41
104704,105153.19,63907260.01
104705,266664.79,77237507.29
104706,3036223.89,9396303.96
104707,852794.94,138932789.49
104801,2700837.5,13404407.49
104802,65345476.13,166305374.31
104803,13777730.74,15958926.27
104804,10156997.39,498578447.97
104805,17694522.96,393203307.97
104806,16925028.42,16044079.04
104807,2488002.7,12717046.21
104808,6910098.84,52539820.14
104809,5688965.63,17109559.14
104810,20519815.84,1057822723.02
104811,51351436.05,187249530.57
104812,1215551.52,3510153.95
104813,5791580.34,26839258.28
104814,13378562.29,5700115.6
104815,35022.57,0.0
104816,6763126.5,5052253.36
104817,43010912.25,4340446.88
104818,84954301.77,23716019.11
104819,512700315.64,168331748.86
104820,451659529.6,8228066.72
104821,42328030.94,160061420.03
104822,3316846.2,2946228.15
104823,192407731.46,122984056.9
104901,422229897.37,127380035.26
104902,16162374.88,30718041.21
104903,107072012.48,346205.15
104904,1125467.38,346068.0
104905,6568414.91,1372076.78
104906,6093415.17,7238050.49
104907,1071162.11,13996454.34
104908,10356046.95,14626276.3
104909,76216016.07,3347832.83
104910,41815735.36,1974909.2
104911,78970284.24,71533523.47
115001,4241282.67,632604.0
115002,283341183.61,1609624.59
115003,38380346.43,1777329.82
115004,68165139.06,1731996.88
115005,90886219.05,2570836.13
115006,7927258.71,344809.65
115007,396476908.5,68409967.59
115101,21581461.75,375639030.18
115102,54793598.72,24289766.26
115103,6645148.11,1600971.05
115104,1067033.66,169940.86
115105,61885678.05,170387309.59
115106,155950896.17,20516586.22
115107,179238494.92,55175066.93
115108,165779853.01,6211747.35
115109,8442362.68,1023440.77
115110,1309296.68,129889.69
115111,37812289.96,118068413.51
115112,90021132.37,250567237.22
115113,2236486.24,928143.72
115201,284262208.19,53692461.69
115202,5995469.93,2679335.0
115203,4033311.77,17229363.07
115204,13972049.78,3532377.23
115205,544807994.26,471715866.64
115206,52139668.18,23591449.09
115207,5094406.21,5581156.63
115208,1663809813.7,509160781.77
115209,980026525.37,577756135.52
115210,225115952.85,115029005.3
115211,46499963.93,56889432.45
115212,24163543.26,16326680.97
115301,3701431.11,53146714.93
115302,1656684.45,20663.08
115303,498006.32,2184614.97
115304,503776.69,38169.33
115305,6385287.46,1262449.64
115306,40609666.25,4035600.75
115307,974933.09,2594248.28
115308,73883697.57,14588558.8
115309,266224173.25,52653020.4
115310,1901730.58,463007.4
115311,77654698.26,9455039.96
115401,35904740.35,43872595.82
115402,133186303.53,638176248.93
115403,127500637.21,31786638.42
115404,16753516.13,15066622.93
115405,137311.91,1012605.25
115406,3940227.29,719590.35
115407,721648879.77,1907095009.31
115408,90549991.27,110033999.37
115501,1732716.18,85933551.33
115502,1706125.99,48224147.61
115503,40886659.39,611426546.28
115504,2069362.3,79072467.85
115505,528421.51,4300644.64
115506,4260426.91,26258630.02
115507,295437.1,1344734.24
115508,180213011.64,43463630.93
115509,418885272.22,191557344.13
115510,43314001.13,75874766.36
115511,7871179.51,1455128.57
115512,130884957.46,158501338.43
115513,776228023.9,190979606.14
115514,117483483.05,83749374.46
115515,195890184.75,153851385.09
115516,309012189.24,189873456.65
115601,38214348.56,47310008.42
115602,8217051.7,12486742.36
115603,83613173.68,222897649.37
115604,9328289.67,16148425.98
115605,5030732.14,4832908.37
115606,12843812.67,10944712.75
115607,50617807.13,23510077.79
115608,90991423.03,5840395.71
115609,16476239.75,3424742.56
115701,217743476.21,1707368.35
115702,73754778.0,10096410.25
115703,155259639.42,10359399.93
115704,3175115.66,568702.7
115705,27696564.89,3360081.6
115801,350356847.27,87094966.5
115802,9051437.26,16234702.77
115803,8022719.64,4214693.89
115804,39280119.39,129983011.2
115805,17099224.69,107371.0
115806,122518747.34,121005644.24
115807,24855571.39,90007455.26
115808,14163119.9,14322102.63
115809,1121041.59,785355.88
115810,92287527.23,30153618.54
115811,3799015.06,12604658.57
115901,19114447.35,4495615.74
115902,45296607.82,39155376.28
115903,144051723.24,989536154.21
115904,1134437.95,185629.15
115905,1119817.62,264465.32
115906,6127762.6,13759656.23
115907,5496428.84,12890920.63
115908,3867324.03,830799.56
115909,6778849.39,679806.37
115910,1122415.39,3161098.35
115911,27234599.09,47193902.55
116001,121695314.32,233717637.75
116002,1189101779.3,900241390.71
116101,86300570.61,1160569.33
116102,106413441.99,858191.75
116103,745526150.87,4744610.65
116104,1214257583.53,23857434.12
116105,547398602.74,4527352.49
116106,329570181.27,13396425.14
116107,624411250.84,2159320.33
116108,1397465541.34,8712614.31
116109,1955370196.58,27203653.74
116110,6690999979.12,141352378.16
116111,723877085.86,7075308.97
116112,541647373.99,1306214.78
116113,127669849.07,742805.05
116114,284138761.05,4818417.5
116115,377306361.91,6433769.93
116116,349236501.41,2327191.6
116117,243317271.68,112631093.58
116201,1700440560.17,21396000.14
116202,1359836442.87,11505805.18
116203,3792929250.5,87684457.81
116204,5381728901.85,113149540.22
116205,1648681949.13,86055458.32
116206,1416830049.18,41046786.47
116207,412365155.72,2799002.62
116208,743852248.59,16167232.27
116209,329805316.78,3123757.12
116210,1194312214.3,5092519.84
116211,1416589816.28,16845094.94
116212,1057937138.43,24731726.56
116213,60160819.3,267423.97
116214,180011197.03,1214972.08
116215,74099180.06,4807086.8
116216,210413884.05,1849873.9
116217,500415076.35,173795009.38
116301,250505048.25,1888607.55
116302,1390259997.55,5391805.55
116303,139466802.04,2757450.33
116304,175388591.99,1407275.22
116305,196594697.4,2276774.6
116306,381363874.95,3342156.33
116307,600378496.47,23339274.87
116308,1333772.25,302699.32
116309,2541860.31,2284726.82
116310,5751043.45,6404931.59
126401,135253435.78,456533.3
126402,3196772465.63,5753324.39
126403,6873466028.8,16513575.92
126404,2467215030.1,2087034.21
126405,421393502.87,1480787.83
126406,632945258.0,306863629.21
126501,4196746.22,158395.97
126502,25427116.7,296567.74
126503,6872665.31,40684.0
126504,45582359.45,68402.82
126505,515292654.3,1580969.94
126506,115167775.61,1672886.54
126507,8601357.79,4320268.59
126601,931757843.22,1253833.88
126602,1995259.89,17221.88
126603,52858151.42,23002592.22
126701,57476010.79,2841675.54
126702,1207712614.35,6005955.81
126703,45148095.63,6268621.21
126704,310203580.03,4951553.22
136801,71794180.05,203192.85
136802,644732449.7,74660538.06
136803,17034316.72,238370.47
136804,62027068.03,32971446.76
136805,17775406.86,33299946.27
136806,19201784.25,9764092.19
136807,6123715.13,806485.71
136808,2986809.78,413541.97
136809,30591939.37,1898286.79
136810,75139950.42,5198010.84
136811,6331378.87,2345389.4
136812,8833811.0,4920208.87
136813,8345966.5,8478949.98
136814,6103036.24,3178658.09
136815,42546299.16,39172489.46
136901,4979774.43,960981.07
136902,100775421.08,25772419.57
136903,9831894.87,18178581.94
136904,9747630.21,1898225.3
136905,1569051.18,794530.58
136906,689664.4,292450.85
136907,21974985.53,2979850.87
136908,48073648.0,12754472.18
136909,14163261.88,31552856.09
136910,42389918.76,6428808.37
136911,475985614.89,2078298.14
136912,269116947.61,900376.98
136913,848058044.34,2236893.89
136914,77772909.5,7906953.56
137001,12452405.16,415847.59
137002,10499023.73,73174086.37
137003,6191032.64,5238289.81
137004,11640652.41,10066070.33
137005,107723117.89,70165085.36
137006,62262928.36,16440288.48
137007,89946156.54,13498834.53
137008,2187654.69,4353478.89
137009,172405261.35,10279172.07
137010,64553466.57,14665825.9
137011,32424356.72,335313204.65
137012,12426878.04,233764.26
137013,318926180.38,23291554.3
137014,9015998.17,31198552.52
137015,15161679.57,8678769.11
137016,31066880.83,2063116.85
137017,11145889.35,4798364.18
137018,37786503.72,18263623.7
137019,97613855.17,162068010.63
137020,42554103.29,41525836.52
147101,94584215.65,3501270.3
147102,294133020.29,377709095.48
147103,26608181.18,14532121.82
147104,48266365.98,20401734.58
147105,18545506.27,1755068.89
147106,85162303.87,26284141.73
147107,58493.0,77873.0
147108,10654922.0,128769177.0
147109,2987.0,0.0
147110,44757546.47,31518498.0
147111,65393.0,0.0
147112,16242407.1,14947512.29
147113,857987565.02,104517980.37
147114,9631455.18,865831.3
147115,6949599.25,6464964.5
147116,54399869.27,5795206.5
147117,337649452.91,20553583.66
147118,2477382.76,5044230.6
157201,201513890.03,5088700.83
157202,635926083.16,29592738.75
157203,5868143.46,4089716.26
157204,32431641.71,332096810.65
157205,13161302.69,34124102.75
157206,102784957.13,1185055.7
157207,305955280.36,54409515.97
157208,437436893.72,359440886.62
157209,52074512.87,894901742.2
157210,62800809.72,795163235.79
157211,11821532.65,137191301.84
157212,7776782.12,145240328.21
157213,16963308.54,100570757.19
157214,86002557.62,77498478.5
157215,8798406.61,35587936.13
157216,42389916.31,65052652.36
157217,90131269.42,96756324.74
157218,11684423.6,37262440.06
157219,20539050.0,617147588.7
157220,19406300.5,102872025.59
157221,817442.66,32513724.9
157222,5412341.75,37560277.98
157223,19769816.08,32918419.42
157224,3196960.74,6905422.63
157225,5657988.07,398884263.33
157226,3936153.77,52188899.37
157227,2993833.81,5594501.44
157228,28350772.68,58426155.98
157229,5138888.5,22427933.53
157301,4854164.48,13906897.19
157302,30913433.92,37798397.0
157303,46041080.64,4463794.52
157304,153382033.61,328310975.98
157305,9368289.95,35321776.84
157306,91810114.22,139168509.04
157307,361266950.55,71264311.55
157308,330201226.02,106292039.31
157309,10357536.09,20269253.95
157310,87653998.88,23579596.11
157311,29646937.25,43176944.28
157312,69405565.28,56202671.96
157313,3635669.87,541345.05
157314,144357557.5,10668445.68
157315,200740252.98,17882935.5
157316,15897445.3,431454.6
157317,119075463.37,5086914.54
157318,440638633.84,192068841.41
157319,29310776.31,4359865.46
157320,26967777.5,69599359.42
157321,291600395.56,12066511.93
157322,9865294.68,5200907.0
157323,1290432078.28,12642785.52
157324,46828576.0,7692416.16
157325,322245830.1,18775773.69
157326,982403563.54,252686184.0
157401,22240.13,208161.93
157402,2715686.69,83590392.82
157403,165663679.97,477082071.79
157404,44440873.21,241461468.01
157405,3638838.89,115491.59
157406,2706650.12,7344329.48
157407,14038150.93,124623504.94
157408,28585837.82,367985812.87
157409,68465112.46,202455454.94
157410,188321274.31,301180644.63
157411,26167369.48,136275296.94
157412,39052665.23,7468698.43
157413,2726539.67,5692841.96
157414,1595561.18,2179236.4
157415,19573979.32,18527344.6
157416,733081.82,3453766.19
157417,1986251.2,59854.56
157418,27713711.7,2752374.05
157419,108694120.92,58922415.24
157501,5870940.95,802569.97
157502,89713425.15,20240323.05
157503,4217701.23,1289087.31
157504,80876.9,10751755.13
157505,1642432.72,11152093.3
157506,1640604.86,16948257.41
157507,214888.0,2619940.39
157508,5253481.2,16820250.0
157601,280523809.08,183643476.61
157602,15333010.47,175253720.17
157603,1640494.19,2606588.32
157604,76395834.92,118047735.22
157605,4725877.56,8570187.07
157606,56475029.58,550397836.26
157607,55621012.55,193284600.99
157608,6817881.19,40893872.79
157609,2615399.82,2612438.12
157610,105800140.94,61857501.41
157611,887020.82,842466.93
157612,21545662.66,9648278.51
157613,173941.09,502637.7
157614,17468445.39,534824.7
157615,121864256.25,3675200.58
157616,224235582.46,55736921.99
157801,214306273.6,4876711.03
157802,396566.56,54760.0
157803,3029141.31,1291440.9
157804,523971.75,1278211.78
157805,48611.69,80084.31
157806,2352041.74,1901156.45
157901,477962327.36,77506872.61
157902,3707940.72,9979214.07
157903,10091303.99,11863916.66
157904,14147031.39,19288656.45
157905,2286587.03,1632665.11
157906,6045038.93,570952.68
157907,63272473.03,13733749.07
158001,332374788.35,7856304.46
158002,3488110.04,100648.0
158003,11568783.93,28946162.38
158004,20668873.29,1370909.02
158005,570862.57,1148136.87
158006,12246816.0,23000.0
158007,26917568.93,5317724.85
158101,36819419.99,13929737.61
158102,15840733.09,4941230.33
158103,70765243.26,12731330.37
158104,247756712.09,2737170.64
158105,7985066.51,12516717.48
158106,15697266.65,160613.08
158107,97404.01,2088525.78
158108,23560768.37,29678168.92
158109,3914943.71,1740495.93
158110,70577729.6,1142334.27
158111,87038181.75,384230.19
158112,50688211.59,10282307.16
158113,1257441.16,1684596.63
158201,119237178.16,793189.79
158202,77125582.38,13079945.24
158203,136957374.26,4778890.61
158204,99170458.45,15229583.94
158205,374230478.89,28107456.18
158206,70118494.72,3292249.93
158207,227527848.97,260789313.47
158208,43773389.92,34267182.19
158209,21535239.67,21076382.32
158210,52490968.75,188379.71
158211,270523032.33,7046625.92
158212,104081148.47,17705417.54
158213,106298072.13,1806770.61
158214,96700397.21,4683367.94
158215,520320381.14,3770263.05
158301,522286850.0,30047607.57
158302,596070424.12,66668906.23
158303,28141945.53,6008189.53
158304,34648486.21,502179.87
158305,123765920.52,4887223.57
158306,277929591.02,4795443.86
158307,18587308.14,3891749.31
158308,98540020.48,131834199.31
158309,24620206.99,18326327.14
158310,13347471.51,6571612.67
158311,57591428.6,37587973.15
168401,2363782.78,300761410.02
168402,35193507.54,184852749.18
168403,5923794.67,24485918.63
168404,32259060.37,177001095.73
168405,3825918.38,6875731.21
168406,48957120.05,197946837.0
168407,30120643.71,191077470.68
168408,138962310.44,260748093.46
168409,198186430.04,455876970.61
168410,25358402.68,37617217.39
168411,542995860.7,695105125.27
168412,31872387.34,76596205.93
168413,274257218.88,398057811.96
168414,1738327039.74,791251477.81
168415,683670983.73,227157937.9
168416,6162481.87,59311663.71
168417,14014876.74,128279775.18
168418,291233658.06,309980434.73
168419,103378409.1,422155135.16
168420,3749599.02,17877482.68
168421,141221726.73,363039277.25
168422,75627716.78,352040828.55
168423,249101078.05,30058801.85
168424,119033897.88,174974903.4
168425,227304687.8,45871703.13
168426,148044766.34,131552187.42
168427,47503627.97,66979169.2
168428,61622101.71,489850228.17
168429,42364322.64,273897951.14
168430,41715564.55,84444942.56
168431,231906485.75,552751334.19
168432,21835817.98,14433480.84
168433,22930221.15,55415417.29
168434,5014194.13,3438910.35
168435,2049267.6,6972376.32
168436,14998874.43,17749062.53
168437,23836176.99,27441409.38
168438,32066566.41,119541522.09
168439,4101651.39,144813352.94
168440,5303415.04,11753314.99
168441,32340197.7,174374351.74
168442,10576582.82,47599089.05
168443,42932275.01,541456714.28
168444,1620109.01,30927329.89
168445,69455591.24,221848141.74
168446,6532711.07,144612669.94
168447,43078439.96,203392223.81
168448,45411132.02,168880847.58
168449,1519020.58,32101118.62
168450,89133006.2,21720939.01
168451,64265094.44,252532319.85
168452,325320656.26,156106089.39
168453,5056682.51,77301055.17
168454,24599642.78,76479097.58
168455,33105735.42,338107519.12
168456,42979676.55,114419314.69
168457,7590916.19,218510419.38
168458,57407841.74,127258548.05
168459,59321367.09,166176352.8
168460,54375417.66,189710477.23
168461,32132020.86,73513409.7
168462,45382402.98,377287438.74
168463,7441990.48,95276466.79
168464,15243874.19,62146184.06
168465,128026132.08,160086911.6
168466,117206264.12,246868914.38
168467,39741911.41,15991883.45
168468,16433652.27,46023148.71
168469,56713390.06,5628495.0
168470,1032840133.03,23135139.41
168471,11208175418.24,2392565759.13
168472,472139708.58,77896373.75
168473,9484768435.75,3291666740.6
168474,98312695.81,290507507.54
168475,18043525.99,82095178.14
168476,23699249.41,6860599.17
168477,137968314.25,958504551.79
168478,3404975.62,87351438.45
168479,254936308.66,2103632546.06
168480,176598870.83,643487757.43
168481,674296099.82,405798546.73
168482,555886386.52,276329958.27
168483,320298940.79,329897546.12
168484,10755948.19,40540649.5
168485,32418914.33,75826804.79
168501,2376289770.91,516681451.82
168502,35833898.5,204596213.75
168503,235415588.07,403241319.71
168504,5547012320.06,1226745327.69
168505,332989703.65,236458800.81
168506,591927546.49,140012658.75
168507,875437309.75,421695701.51
168508,1193590251.95,48763719.06
168509,1321722593.73,25034797.17
168510,254186636.35,34604138.91
168511,106287018.1,111538405.08
168512,119789717.21,57377675.6
168513,543857347.58,1451457.87
168514,10765132.75,141656034.1
168515,63143779.65,236243586.92
168516,3333249358.82,122412593.58
168517,3531816906.26,2162622272.97
168518,2398350694.12,267241711.03
168519,1506673545.2,30739456.51
168520,544339302.24,8914046.61
168521,1491182550.81,70122252.79
168522,2231832064.83,698314331.0
168523,443373961.2,178644300.12
168524,89865633.73,211932228.22
168525,1726926279.81,1242041072.71
168526,130209193.49,75007560.24
168527,4576757698.76,104396462.04
168528,1010500349.97,83558084.89
168529,2126973969.55,1896710608.18
168530,17440652.97,32065074.48
168531,1017105462.82,254841153.84
168532,580983512.6,700729334.96
168533,195930660.22,294229988.26
168534,1281692221.18,854979627.52
168535,63844777.23,144840221.18
168536,2031125261.58,942343688.72
168537,244351407.14,433449833.88
168538,202140406.24,691240291.37
168539,682352542.71,109504439.58
168540,490295594.42,2343898317.11
168541,1490590997.74,1837675051.85
168542,2181377219.49,5350690061.63
168543,709002820.92,278403468.1
168544,2935142776.54,1029315323.79
168545,108168524.24,46517295.54
168546,30529364.88,49403000.03
168547,40534032.57,86526182.85
168548,56093836.8,62133044.43
178601,9723.87,0.0
178602,43325654.4,0.0
178603,49857123.0,361409.0
178604,3837625.74,11534792.0
178605,66161357.12,2775512.08
178606,4646760.72,0.0
178607,46739080.91,47747913.85
178608,16825936.93,7474075.38
178609,448928395.38,10666301.87
178701,63856043.09,55232560.77
178702,36559686.8,68294428.66
178703,24663804.9,543571818.47
178704,43458688.29,90146925.38
178705,32628277.73,99792485.05
178706,6303264.83,15448790.12
178707,3113537.53,4032001.63
178708,696218828.86,893650462.06
178709,3513670.72,8321582.75
178710,3038037.0,0.0
178711,121527818.99,28675063.81
178712,966056445.86,1175787.51
178713,20411576.21,132451.76
178714,615592847.75,237445082.98
178715,423523460.75,5842613.43
178716,221062699.85,26652812.7
178801,507166.0,178394.0
178802,283873318.44,2636955379.99
178803,153639879.77,544579015.37
178804,8174379.53,996989.21
178805,172072.28,46889468.68
178901,1179703621.93,114004013.68
178902,24578863.3,4767830.19
178903,36552009.27,2398804.13
178904,67068128.0,5746217.3
178905,19615457.41,37933975.36
178906,13994426.24,321285423.06
178907,18912897.16,2937033.11
178908,442770.04,59272290.32
189001,191491824.85,249966103.1
189002,98254034.21,84888400.92
189003,339849841.38,63221270.36
189004,589216715.31,2587694.89
189005,268215550.1,11274712.37
189006,1806966084.73,279761449.7
189007,5182907.46,3922220.49
189008,32469013.89,11560735.43
189009,1447790393.05,350003942.28
189010,11240612.96,64021294.38
189011,77437865.83,22661962.47
189012,3456078.91,16267012.36
189013,816342710.75,305799161.05
189014,23428389.0,49624545.84
189015,51296744.79,113895110.43
189016,3601164.59,4017420.41
189017,160760127.31,17525634.29
189018,383255413.0,359411596.6
189019,388629226.5,14493915.22
189020,3383808.2,3496125.06
189021,69933976.52,42848488.0
189022,40994828.7,271094121.02
189023,21480153.23,13046238.76
189024,5709389.21,76790851.25
189025,304783620.87,24076963.6
189026,65743773.97,127397051.64
189027,42147557.31,273506160.75
189028,46380964.86,15814233.63
189029,72398015.55,21677814.13
189030,146769314.22,412346438.67
189031,93761427.68,449672934.97
189032,167075106.8,237012547.17
189033,20513686.21,76968828.16
189101,27831553.6,1852285.78
189102,1674327103.78,14995609.17
189103,48651949.2,162467.99
189104,6475555.52,840265.94
189105,560665452.41,5639467.59
189106,61738216.56,4689728.6
189107,78419514.8,8552564.24
189108,132520064.09,173219145.45
189109,35412879.76,11617842.23
189110,29675187.15,30339719.8
189111,112265235.16,46760624.22
189112,6226357.25,1938746.6
189113,196020751.55,24934999.46
189114,113378758.36,79875203.98
189201,42215095.75,6344824.32
189202,68718487.46,475260.8
189203,1313271.28,611395.0
189204,9056743.11,28519.2
189205,11263903.52,1369549.86
189206,18751884.88,207826.81
189207,149595961.96,5917693.14
189208,58938820.79,2703865.74
189209,74124690.26,38310914.22
199301,7554890.0,0.0
199302,2243773.0,20381.0
199303,8092889.2,258377.23
199304,5196801.34,253283.72
199305,3886552.88,57401.8
199306,28211818.1,842725.82
199307,3972274.65,97307.94
209401,1642838353.65,59619432.51
209402,8825167.05,13049520.18
209403,3401105876.43,79319286.89
209404,993077147.37,4562368.66
209405,3900806365.75,55273078.53
209406,18414092.03,28403426.38
209501,150144209.7,746997.92
209502,1080352575.33,10042385.36
209503,8130505708.9,68870219.71
209504,2523316646.66,84626808.41
209505,1190598298.13,2913298.52
209506,2412603074.96,71084976.39
209507,332339757.68,34584474.78
209508,4845336.27,2258095.49
209601,13394017.81,739017.49
209602,28293921.81,927383.99
209603,626749865.62,10438332.48
209604,4513094.33,36675.02
209605,67880188.17,116463.33
209606,86127830.37,83971519.08
209607,144640272.65,195571100.85
209608,271710325.09,37991335.49
209609,138146251.54,3533394.38
209610,18849528.99,520276.12
209611,34331195.77,761049.55
209612,87606063.75,20135593.67
209613,270671449.1,3952235.94
209614,917467.92,166100.62
209615,385205776.66,5536524.19
209616,20123202.06,6455495.88
209617,196349665.37,1731531.1
209618,44266012.52,444030.78
219701,41691981.91,5493830.67
219702,436981.13,80018.85
219703,3374870.78,1310841.49
219704,7115274.45,8578160.95
219705,13342821.43,1404799.26
219706,162732280.91,2564908.31
