010102,108786.02,78095.15
010103,166814.93,0.0
010104,89942.0,6749.0
010105,3804.0,10236.38
010106,823932.43,1544.0
010201,34561.13,0.0
010202,22519.94,40251.0
010203,382122.16,0.0
010206,9776.68,2247.0
010207,41623.68,4767.04
010210,168948.0,0.0
010301,0.0,1074.0
010302,65015.63,164767.72
010303,64864.18,1305930.01
010304,4242.68,12608.21
010305,912877.13,0.0
010306,8144.0,2106.0
010307,13965.0,0.0
010401,0.0,42513.51
010402,5672.98,11427017.4
010403,0.0,12953.11
010404,0.0,130166.0
010405,248896.19,325388.93
010406,1394.32,153334.59
010407,0.0,18400.99
010504,14565.02,0.0
010506,3082.0,0.0
010508,5511.72,0.0
010511,72536.85,0.0
020601,10607.94,6219.33
020602,66862.55,10125.0
020603,347914.0,0.0
020604,65734.44,7976.0
020701,535350.91,20054.0
020702,32827.17,0.0
020703,164277.34,18940.68
020704,11222.51,0.0
020705,1366.39,0.0
020706,0.0,1124.0
020707,8216.15,0.0
020708,745307.84,1135.0
020709,213658.72,2354.0
020710,8041.01,1365.35
020711,64824.0,0.0
020712,44964.31,1294.0
020713,1215646.54,1088.73
020714,1360935.26,55472.86
020801,16670.87,0.0
020802,20327.08,547679.61
020803,0.0,259195.99
020804,1843376.58,9992.22
020805,11621.89,33913.0
020807,17474.91,0.0
020808,10524.71,1479.0
020810,12814.86,0.0
020813,16485.07,2638.0
020814,2550.0,0.0
020901,0.0,79379.8
020902,625230.46,13401328.29
020904,2871.0,37888.36
020909,9057.65,0.0
020910,9621.0,15058.52
021001,77174.16,173840.36
021005,459892.1,2820.6
021006,446235.48,1559504.67
021007,789737.68,0.0
021008,1677513.57,0.0
021101,0.0,596219.88
021102,16149.41,0.0
021103,46129.0,406119.5
021104,9665.82,25985.0
021105,1055.84,0.0
021106,19628.15,24818.56
021107,2465.0,0.0
021108,6363.7,107490.69
021201,1761.0,0.0
021202,269463.17,28748.98
021203,0.0,21149.0
021207,905225.77,0.0
021209,110272.87,144716.87
021211,36647.37,53450.58
021301,176703.16,22249.0
021302,5195.0,100066.0
021401,1526.0,0.0
021404,0.0,1701.0
031507,158046.04,83806.42
031508,132555.0,34259.38
031509,0.0,12045.45
031510,5914.14,0.0
031511,8168.61,1175747.91
031512,11567.91,855753.9
031513,14619.7,100738.69
031514,15334.33,1067.7
031515,166721.69,100686.61
031516,211987.61,0.0
031517,0.0,216827.82
031519,320803.21,739173.72
031520,52417.57,21216.39
031521,39302.56,1172.29
031522,0.0,174676.82
041601,0.0,6124.0
041602,4295.38,381955.25
041604,38129.53,508905.01
041605,9548.0,32000.93
041701,17386.97,9436837.78
041702,4892.76,642747.15
041704,161955.15,1282723.37
041801,0.0,19351.12
041804,84378.45,0.0
041805,28623.72,3512.0
041806,0.0,158855.64
041901,152254.45,4590393.13
041902,13104.0,350875.29
041904,70800.47,60113.51
041905,257201.6,305682.66
042001,5334.48,42906.43
042002,0.0,141530.92
042003,5380.37,0.0
042005,31562.32,357614.19
042006,1167.61,0.0
042007,11545.62,45532.93
042008,1225.1,120701.84
042009,61979.16,314606.11
042101,87811.0,3873221.18
042102,0.0,26351.77
042103,1072.3,342736.41
042104,7523.0,9422123.27
042106,164795.21,4253672.12
042201,69907.76,14652.86
042202,127742.74,196562.55
042203,2220.04,7480.1
042204,30112.91,43230.83
042205,0.0,1607.0
042207,142316.18,4120.0
042208,14454.58,372494.17
042209,196434.45,0.0
042302,17635.0,10301.0
042303,0.0,2189.0
042304,8454.84,0.0
042306,1114100.95,30602.0
042309,27532.03,39321.8
042401,83801.49,275187.29
042402,13370.0,4665601.93
042403,7537.11,299268.04
052501,32573.11,1105725.58
052507,1620.0,25525.55
052508,3261.48,35954.65
052509,0.0,31938.88
052511,18007.0,0.0
052513,387475.0,0.0
052514,5369.89,0.0
052515,0.0,11217.6
052517,1779.81,0.0
052520,2200.18,38783.46
052522,0.0,1607126.06
052523,0.0,30492616.15
052525,0.0,6502.0
052526,0.0,3392.0
052527,0.0,3419.0
052530,8075.61,1114930.0
052616,1660.0,0.0
052701,0.0,22604.0
052703,1706.1,0.0
052706,0.0,15433.84
052707,0.0,4229.3
052709,0.0,6315.23
052710,4393309.43,163215684.77
052711,0.0,918029.17
052712,1579.0,101032.61
052713,14323.99,599011.9
052714,18606.0,0.0
052715,18940.0,363767.8
062801,0.0,10157.57
062803,16097.82,977440.06
062804,574369.0,20108.72
062806,0.0,14442.62
062807,0.0,45189.32
062808,0.0,1061.25
062809,0.0,3245.21
062811,0.0,70688.87
062814,0.0,1524.0
062815,72320.9,1999560.68
062818,12774.64,0.0
062820,0.0,2219864.92
062821,0.0,5905.32
062825,0.0,14370.0
062826,0.0,43668.0
062827,0.0,133086.72
062828,0.0,52635.69
062830,30752.0,12126.0
062831,0.0,237973.81
062832,0.0,6145.35
062833,42799.0,115152.63
062834,0.0,26215.0
062835,16051.0,803739.88
062836,7435.0,108116.51
062837,0.0,382313.37
062838,0.0,7140.63
062839,95530.0,15000.04
062840,0.0,5730.34
062841,0.0,8267.0
062844,7197.55,0.0
062847,10472.0,22824.12
062848,0.0,11079.0
062849,20539.34,170501.82
062851,4555.33,2118.0
062901,1588266.37,26436.93
062902,4210.41,0.0
062903,3945.0,358703.23
062905,15853.63,5051.79
062906,7276.0,33027.0
062907,0.0,6381.82
062909,0.0,58597.58
062912,9074.29,1338.61
062914,12579.0,52046.0
062915,5915.0,148390.55
062916,0.0,56667.0
062917,0.0,8691.83
062918,139858.39,68511.09
062919,0.0,84493.0
062920,0.0,31381.0
062922,144783.14,875548.49
062923,13865.08,63653.0
062924,0.0,12039.42
062929,0.0,56553.19
062930,0.0,225663.31
062931,0.0,69267.0
062932,18467.61,0.0
062933,0.0,269741.9
062935,10952.0,0.0
062936,0.0,7793.13
062937,9646.0,0.0
062939,0.0,81141.0
062941,38784.0,0.0
062942,0.0,50399.0
063002,447117.0,1719988.28
063003,32140.0,153433.0
063004,94958.29,18309800.6
063005,142743.0,738990.87
063006,0.0,21779.0
063102,9265.09,3495704.85
063103,4106.28,9772.05
063104,0.0,112777.55
063105,96686.88,3145091.84
063201,1230.0,0.0
063202,12459.0,44214.02
063204,3408.0,636697.25
063205,0.0,14838.02
063206,154858.1,372998.85
063207,3577.0,0.0
063208,6248.96,1162490.26
063209,1370.15,413903.99
063210,2219.27,312527.58
063211,0.0,5872.58
063212,0.0,105952.0
063213,0.0,3441.0
063214,0.0,270340.54
063215,5476.0,225266.86
063301,1905.0,351087.72
063302,2408.42,196128.84
063303,59149.0,1806495.54
063304,68817.0,1308333.34
063305,0.0,1082142.16
063306,0.0,482133.7
063307,2083.0,288783.25
063401,28430.22,3042873.67
063402,220573.71,1205547.08
063403,25536.43,55580.25
063404,1094.5,15410.89
063405,2742.05,296639.96
063406,0.0,44161.89
063407,0.0,11439.0
063501,0.0,7079.16
063505,0.0,65196.46
063506,13848.43,337668.84
063507,0.0,37837.0
063602,0.0,38361.64
063603,0.0,71197.0
063605,12699.95,3719.0
063606,0.0,4549.84
063701,297648.0,6212.0
063702,107238.0,102085.0
063703,1894.0,108528.65
063704,0.0,2447.0
063705,3761.0,3342.0
063707,1411.0,34050.97
063802,0.0,20459.91
063804,0.0,2100.76
063806,17888.91,0.0
063808,427204.31,1840757.48
063809,0.0,40759.93
063810,0.0,20832.22
063812,0.0,4858.92
063813,0.0,25147.6
063814,0.0,129980.31
063815,1825.0,0.0
063816,0.0,32726.76
063818,49176.0,0.0
063819,0.0,98741.27
063820,0.0,2639.05
063821,0.0,3262.92
063822,14477.0,249398.87
063823,58457.01,363588.43
073901,63459.3,1139687.49
073902,0.0,390159.28
073903,0.0,55196.89
073904,0.0,981318.24
073905,0.0,19056.0
073906,26920.17,245733.73
073907,157440.74,413622.35
073909,85645.81,68425.25
073910,0.0,1885.0
073911,1486.17,53625.04
073912,6036.87,117074.71
073913,0.0,12395.65
073914,0.0,33786.94
073915,7638.21,0.0
073916,0.0,20575.89
073917,121016.14,1021746.89
073918,0.0,58929.53
073919,24156.0,104068.77
073920,34511.73,851940.75
073921,0.0,94283.97
073922,0.0,18804.29
073923,116665.25,4638864.85
073924,468143.81,740814.68
073925,3357.24,26240.6
073926,61616.0,593084.18
074001,53439.71,0.0
074002,291463.17,2858.0
074004,1408.0,0.0
074007,0.0,4159.8
074008,0.0,14346.07
074009,9786.5,62986.0
074010,3072.22,50711.88
074011,105476.41,6006510.22
074012,1690.0,473497.08
074013,0.0,295264.92
074014,4164.92,0.0
074015,116796.48,16944.35
074016,419453.97,110404.41
084101,28545.19,11671.17
084102,313924.03,0.0
084103,587501.28,0.0
084104,51015.04,0.0
084105,3189582.0,0.0
084106,1763872.0,0.0
084107,9713.0,0.0
084108,0.0,3394.0
084109,8931.0,0.0
084202,7662.0,501139.7
084203,1333.0,63971.43
084204,0.0,5366.0
084205,28622.0,17157.0
084303,8625.0,0.0
094403,615404.86,0.0
094405,0.0,46175.3
094407,100417.34,1309478.72
094408,0.0,48583.98
094409,0.0,45423.74
094410,0.0,4579.0
094411,146756.39,0.0
094412,8086.74,1394070.4
094413,12337.96,1345.0
094418,30329.66,146612.67
094420,295931.33,29374.96
094421,7587.75,13957.64
094601,88889.02,363360.29
094602,15689.38,38072.0
104801,0.0,90743.66
104802,685360.97,916299.79
104803,21755.86,391844.0
104804,0.0,232515.39
104805,1163.88,872468.22
104806,0.0,4101.0
104807,9619.12,5033.53
104809,0.0,131725.52
104810,32469.23,1026983.62
104811,18853.05,668665.25
104812,0.0,3129.58
104813,0.0,19062.66
104814,7006.66,0.0
104816,0.0,37708.18
104817,1875.48,2522.0
104818,2910.78,640869.28
104819,105826.86,424692.8
104820,36435.89,667329.26
104821,6739.0,447794.56
104822,19054.23,13450.0
104823,27536.27,687031.96
104901,61072.55,752658.02
104902,0.0,168092.0
104903,0.0,4006.38
104905,4297.0,0.0
104907,792681.0,86982.0
104909,0.0,50977.0
104910,1178.0,8803.62
104911,240651.0,511860.57
115101,0.0,49864.0
115103,31476.0,0.0
115109,0.0,1129.83
115111,0.0,278662.0
115201,217475001.37,0.0
115202,492215.11,0.0
115204,151050.0,20605.07
115205,51688.15,0.0
115206,0.0,3155.0
115207,514695.65,46782.31
115208,484076.62,5855122.82
115209,223377.54,310903.39
115210,0.0,242644.05
115211,0.0,96473.16
115212,10829.0,315753.51
115303,52465.61,0.0
115401,0.0,53975.35
115402,19133.56,5056.15
115406,0.0,44302.75
115407,25251.0,236010.68
115408,0.0,2216.0
115501,0.0,596907.79
115503,49834.0,13560.0
115508,18472.39,127752.46
115509,368321.0,190870.63
115511,0.0,132581.61
115512,0.0,71665.42
115513,5018.0,594667.57
115514,3510.0,81393.28
115515,0.0,61318.11
115516,111156.0,3932292.96
115601,0.0,51416.23
115602,3831.83,0.0
115603,7778.31,145010.1
115604,0.0,10395.84
115607,0.0,272506.03
115608,0.0,264990.0
115609,0.0,9617.0
115701,0.0,26944.7
115702,1768.0,20920.65
115703,101651.92,0.0
115705,0.0,46423.74
115801,44207.18,233816.0
115802,0.0,23715.31
115803,0.0,6233.0
115804,0.0,36919.68
115806,10430.0,8142.51
115807,0.0,3916.0
115808,0.0,61038.0
115809,0.0,14844.0
115810,0.0,1404643.0
115903,6038.0,302352.8
115906,0.0,2914.0
115907,1217.0,0.0
115909,0.0,1144.0
115910,23871.0,0.0
115911,92457.0,2815.0
116001,66834.0,0.0
116002,84445.0,58492.0
116101,0.0,17197.0
116102,3045.0,80356.0
116103,0.0,1564797.0
116104,3931.0,77628.0
116105,5337.0,148919.49
116106,0.0,39271.98
116107,720023.0,69599.86
116108,585105.0,194454.45
116109,0.0,1516274.03
116110,1776.0,86576.0
116111,0.0,150800.7
116112,1685.0,638409.75
116113,0.0,12454.0
116114,0.0,1410042.0
116115,0.0,23090.05
116116,2796.0,4888.0
116117,4230.0,28889.82
116201,0.0,44503.0
116202,1965.0,29257.0
116203,135033.0,3041503.9
116204,88036.0,382543.7
116205,9393.0,452944.38
116206,1058.0,38011.0
116207,3229.0,130686.68
116208,2750.0,8201.0
116209,0.0,205175.96
116210,7696.0,107639.0
116211,29959.0,273367.0
116212,5533.0,9081.0
116213,2808.0,5151.26
116214,5189.0,31776.0
116215,0.0,5106.0
116217,2948.0,128960.53
116301,2805.0,159680.0
116302,6469.0,1614832.32
116303,25697.0,136079.3
116304,145053.51,103795.31
116305,18601.43,904504.99
116306,0.0,49213.09
116307,4295.88,42451.07
116309,62222.59,598920.37
116310,0.0,2570.78
126401,1404.0,1219643.81
126402,25826.15,2274497.32
126403,17634.0,690006.57
126404,0.0,461516.96
126405,1130.0,210067.93
126406,0.0,23144.0
126504,0.0,58250.0
126505,11355.0,69564.0
126506,4902.0,8881.77
126601,0.0,31070.28
126702,0.0,3957.2
136802,0.0,6061.7
136804,0.0,29190.0
136805,0.0,82110.0
136806,0.0,71766.0
136807,0.0,67781.44
136808,0.0,192365.0
136809,0.0,52052.42
136810,0.0,26311.48
136811,0.0,1240.83
136812,0.0,6265.65
136813,0.0,3822.0
136815,0.0,2354.0
136901,0.0,8809.92
136902,48246.51,84562.16
136903,0.0,8567.6
136904,0.0,13817.0
136905,0.0,28467.55
136907,0.0,302849.89
136908,14369.83,1445777.51
136909,13606.05,69112.83
136910,0.0,507591.35
136911,0.0,44310.62
136912,6230.73,42330.27
136913,14880.0,26483.46
136914,378563.85,74530.65
137001,1123.12,0.0
137002,0.0,7954.77
137004,0.0,2373.12
137005,23816.2,57878.25
137006,0.0,6462.0
137007,0.0,8743.86
137008,0.0,3747.16
137009,0.0,95541.06
137010,0.0,528562.03
137011,0.0,78265.71
137013,22056.14,131341.55
137015,0.0,8253.0
137016,0.0,50787.39
137017,0.0,7129.98
137018,2823.0,122024.0
137019,5681.9,225970.67
137020,10281.61,1846.64
147102,5476232.0,365897.0
147103,94658.77,318789.0
147106,1688295.0,7887.0
147108,272531286.0,0.0
147110,5396.0,0.0
147112,13901.0,0.0
147113,202859.0,34825.0
147114,0.0,10575.0
147116,4078.0,24317.0
147117,27610.0,26136.62
157204,176797.87,3521.0
157207,6257.95,345255.03
157208,6765.64,460895.83
157209,2042.0,1553219.86
157210,182643.06,2870286.82
157211,0.0,7642.97
157212,0.0,8279.0
157213,161095.81,762830.27
157214,18255.42,2415961.68
157215,6039.0,288619.2
157216,65322.0,1502726.62
157217,0.0,379977.33
157219,0.0,112444.19
157220,0.0,27608.63
157222,0.0,379544.16
157228,32681.79,1585.64
157302,0.0,294735.07
157303,0.0,16513.0
157304,24906.14,441502.69
157305,12592.0,41857.3
157306,100817.24,908792.16
157307,3883.91,232447.33
157308,125701.38,2866786.13
157309,62153.0,197128.98
157310,13184.89,243224.21
157311,3153.0,9829.0
157312,2582.0,36362.25
157313,0.0,6538.14
157314,0.0,96819.93
157315,26680.0,141377.25
157317,0.0,610774.34
157318,69411.96,708746.18
157319,2962.0,13479.0
157320,30779.32,66576.73
157321,15955.97,18952.51
157323,38451.0,971483.8
157324,0.0,28739.45
157325,0.0,33726.45
157326,32522.98,1252104.28
157403,28773.0,0.0
157404,87868.37,24356.0
157405,8000.0,0.0
157407,50996.25,7760.26
157408,0.0,2867.0
157409,0.0,45763.0
157411,53169.26,0.0
157413,0.0,3113.0
157415,0.0,4796.0
157417,0.0,2050.0
157601,0.0,27975.0
157602,15882.52,0.0
157604,243604.09,496539.75
157606,159558.85,514463.33
157607,0.0,59940.33
157610,7020.0,629379.68
157611,0.0,35374.0
157612,0.0,8483.0
157614,0.0,16564.43
157615,0.0,474889.02
157616,1263.0,251074.59
157801,0.0,2513.72
157901,226932.7,0.0
157902,132160.62,0.0
158001,34077.23,0.0
158007,0.0,15270.99
158201,0.0,66391.04
158202,4377.0,11818.39
158203,1310.0,2621.0
158204,0.0,14368.0
158205,11433.37,533764.49
158206,8536.0,133894.48
158207,15202.0,1098668.46
158208,0.0,9875.0
158209,0.0,1337.0
158210,0.0,34149.0
158211,0.0,51327.01
158212,2360.0,110737.5
158213,0.0,13861.31
158214,0.0,4558.0
158215,0.0,17867.0
158301,3225.0,437687.94
158302,56953.0,253822.44
158303,3336.87,13791.09
158304,1280.71,21459.84
158305,0.0,4133.0
158306,8066.0,67792.0
158307,1538.0,68212.0
158308,0.0,16488.0
158309,3089.0,255772.12
158310,0.0,77322.79
158311,0.0,231138.29
168402,0.0,42893.89
168404,0.0,2162.0
168405,2246.0,14722.0
168406,0.0,443815.0
168407,172777.0,238937.52
168408,136960.0,1998039.18
168409,133243.0,2584635.79
168410,49755.94,6199672.47
168411,2004.0,172301.0
168412,0.0,233606.0
168413,59254.0,1924327.24
168414,265927.0,1389708.03
168415,324288.04,789792.38
168416,0.0,5838.0
168417,39125.0,308677.12
168418,15856.0,712625.66
168419,21665.0,665875.7
168420,0.0,1712.73
168421,39202.0,553233.16
168422,7854.0,581268.25
168423,61565.0,218645.7
168424,57684.0,722937.93
168425,7570.0,160008.13
168426,1209676.0,781990.87
168427,40239.0,95957.05
168428,78457.0,1160853.22
168429,4138306.0,10304801.23
168430,494393.21,1906724.49
168431,905330.96,4694635.11
168432,57084.0,413039.18
168433,4493.0,228902.77
168434,6880.0,12356.0
168435,0.0,2956.0
168436,0.0,277673.0
168437,7601.0,224994.5
168438,252868.0,3403662.08
168439,103868.0,9104.0
168440,0.0,5542.67
168441,21775.0,80129.92
168442,1063.0,9106.0
168443,11155.36,408756.57
168445,0.0,125347.89
168446,0.0,273190.58
168448,140190.0,469136.57
168450,5631.61,5318.18
168451,0.0,88609.93
168452,0.0,165593.03
168453,0.0,10982.61
168454,0.0,1442.0
168456,1342.0,0.0
168458,0.0,1512.0
168459,6749.0,130883.0
168460,0.0,1336.0
168461,0.0,7762.38
168462,25691.0,90227.38
168464,33298.0,31996.45
168465,4493.0,46702.34
168466,2730.0,63254.0
168467,17150.0,77291.47
168468,24622.0,30117.0
168469,0.0,17206.84
168470,10852.0,75688.4
168471,1586476.53,7530231.2
168472,51074.0,82668.0
168473,7101065.84,1928269.24
168474,57584.0,1728079.95
168476,0.0,72290.0
168477,0.0,460365.08
168478,0.0,8536.0
168479,65748.0,2313647.9
168480,50104.0,68287.45
168481,14885.0,697616.11
168482,12092.0,219042.0
168483,2387.0,839191.55
168484,7591.0,118197.09
168485,21422.0,1086877.8
168501,89557.0,5683061.53
168502,141352.0,7149676.18
168503,614611.0,410815.46
168504,1458582.21,6286332.39
168505,12933.0,19877.0
168506,523201.78,633188.29
168507,24230.0,465035.94
168508,62292.0,61736.0
168509,21134.0,65788.94
168510,0.0,1548.0
168511,23946.0,143158.58
168512,1117.0,173180.29
168513,0.0,326780.78
168514,50175.0,88856.0
168515,12515.0,312054.76
168516,9126.0,165748.91
168517,337451.04,4245119.45
168518,277270.0,501754.57
168519,241311.0,33751.64
168520,50339.0,38288.0
168521,185893.0,61914.09
168522,20904.0,64121.0
168523,92103.43,118023.92
168524,129269.0,491160.41
168525,21201.0,5285894.1
168526,28414.0,55808.0
168527,980429.0,2017219.67
168528,243724.0,616379.33
168529,89250.78,2563562.28
168530,2561.0,76644.0
168531,3557.0,32256.0
168532,24438.0,130496.0
168533,13393.0,12279.0
168534,0.0,101553.0
168535,0.0,77923.99
168536,173920.71,2881253.66
168537,42668.0,2701118.16
168538,1262.0,358501.79
168539,20363.0,244580.92
168540,159810.26,267938.0
168541,167582.0,1964734.11
168542,12029634.0,1814490.4
168543,9165.0,453004.84
168544,125347.02,4590420.54
168545,0.0,927492.18
168546,0.0,5379.75
168547,0.0,10531.0
168548,0.0,39394.0
178607,0.0,6800.0
178608,13985.0,28741.17
178609,10591.0,22576.7
178701,4990.17,567766.88
178702,22592.0,1616563.3
178703,451345.73,11544648.78
178704,787648.77,10290696.59
178705,1007160.0,938240.14
178707,0.0,16850.74
178708,95841.03,4155539.43
178709,13491.0,46078.0
178711,389862.0,1708657.37
178712,0.0,492049.25
178714,18666.0,6520650.05
178716,154529.73,2855340.84
178802,372821.0,13198716.0
178803,3753.0,7794086.93
178903,7645.0,159880.0
189002,0.0,1120.0
189004,0.0,49428.0
189006,26756.0,59228.0
189007,0.0,1512.0
189008,1631.0,12003.0
189009,27575.0,914036.5
189010,2246.0,107583.7
189011,0.0,2438.0
189013,0.0,11064.0
189014,63346.0,220861.0
189015,437032.0,808431.38
189016,0.0,5803.0
189017,16008.0,85251.22
189018,143390.26,2386024.98
189020,0.0,43050.0
189021,0.0,28148.0
189022,154691.0,533167.25
189023,0.0,2697.0
189024,0.0,66567.0
189025,0.0,8492.0
189026,56116.0,178082.12
189027,56048.0,485228.89
189028,3554.0,161295.73
189029,0.0,25124.0
189030,42697.62,94267.47
189031,4909.0,72059.0
189032,88379.0,110038.61
189033,2564.0,3034.0
189101,0.0,13210.0
189102,7791.0,529890.0
189103,1150.0,51148.06
189105,0.0,73584.22
189113,5747.0,1373.0
189114,0.0,3630.0
189202,2587.0,0.0
189203,2010.0,0.0
189206,356376.01,1127.0
189207,1106.0,0.0
189208,0.0,2080.69
189209,5288.0,0.0
199301,0.0,27517.0
199306,0.0,8475.0
199307,0.0,1340.0
209401,45057.88,467581.34
209402,0.0,83563.0
209403,116186.28,980873.4
209404,1194.0,7167.0
209405,32281.0,1459724.24
209406,0.0,181946.43
209501,0.0,20141.17
209502,38034.0,29209.84
209503,71079.21,252576.87
209504,1600.0,49851.96
209505,59004.93,10684.0
209506,12860.22,81524.43
209507,24467.0,220374.0
209508,0.0,23265.71
209601,0.0,1839.5
209602,0.0,5655.0
209603,0.0,121629.36
209604,1352.0,0.0
209605,0.0,2253.0
209606,0.0,5132.0
209607,0.0,2510.0
209608,1685.0,584325.52
209609,0.0,24529.3
209610,5558.22,12846.0
209611,0.0,19201.0
209612,52240.0,19627.0
209615,0.0,21809.46
209617,0.0,75897.38
219701,32872.0,8501.86
219703,72594.27,4385.0
219705,270494.62,0.0
219706,3749339.0,1512.0
