010101,107729.98,356806.92
010102,0.0,1230674.69
010105,0.0,986166.43
010106,48223.4,22863.12
010201,0.0,21770190.0
010202,0.0,4629303.28
010204,0.0,3732342.27
010206,0.0,302538.97
010207,21929.31,1412493.46
010208,333422.02,0.0
010301,2349646.11,3543566.65
010302,34921129.54,4403773.99
010303,9283083.56,27327541.31
010304,26730935.02,1547194.15
010305,10602140.39,3831557.92
010306,68161869.46,599825.25
010307,44383273.69,2093543.15
010401,1616933.0,0.0
010402,635544.39,6349970.39
010403,1424264.0,15213.0
010404,196538.0,1984422.92
010405,259385.98,102938.71
010406,17084848.77,8886072.3
010407,0.0,29235.54
010408,0.0,732388.01
010409,9005.0,706732.45
010410,0.0,12251.0
010501,369773.11,3532.0
010502,59277.81,362412.21
010504,29846.0,85951.52
010505,48806.0,58134.78
010508,1352183.88,0.0
010509,3761706.14,106235.0
010511,25252.3,28852.25
020601,1663135.0,1316809.89
020602,2291513.98,5490604.12
020603,1469110.37,154634.12
020604,2426791.89,65032.09
020701,3383562.54,13700035.98
020702,2871896.2,3829.98
020703,569693.32,3410046.96
020704,19855.42,0.0
020705,2514911.51,0.0
020706,4070.42,0.0
020707,1300.0,0.0
020708,56443.48,31000.0
020709,3756916.07,82513.16
020710,604837.08,1066856.22
020711,271742.91,29907.06
020712,4960104.61,179746.06
020713,81666.33,9582235.51
020714,5617.12,56340.13
020801,149033.54,383107.71
020802,2521818.15,3970508.89
020803,0.0,5119552.37
020804,112414797.74,759077.38
020805,11770778.41,169660.13
020806,102342.94,402380.67
020807,5172556.44,15014.28
020808,2234022.68,45394.0
020809,1763139.95,39655.4
020810,1951662.73,9519.64
020811,966066.16,443255.81
020812,29441.09,0.0
020813,3605442.34,2583565.02
020814,263063.24,10139.01
020901,43952.55,15336079.84
020902,65411.0,15976027.18
020904,4225057.13,745727.49
020906,2511.0,22351.8
020907,0.0,165830.67
020908,0.0,2153.0
020909,2771.02,995844.84
020910,2761555.42,1006895.76
021001,12286.48,111775823.01
021003,0.0,65907785.88
021005,811493.43,7736000.01
021006,0.0,5721350.87
021007,3206.0,681779.96
021008,2953.0,61299.87
021101,9141413.23,1439267.0
021102,1427615.18,50190.73
021103,3975868.79,38857.21
021104,7470.16,16906.72
021105,0.0,11710.15
021106,8152.0,30181.33
021107,0.0,746298.8
021108,95283.62,1270220.51
021202,22303.0,1360277.57
021206,47373.0,29878.01
021207,1689.0,8076448.88
021208,1211.95,22635.27
021209,334096.14,6121013.49
021210,0.0,437862.15
021211,3522683.51,980539.68
021212,2603920.69,786029.69
021214,0.0,275332.77
021301,19546.0,816616.78
021302,795840.0,2319165.01
021401,17914.27,260126.27
021403,0.0,58440.0
021404,1038799.55,126288.2
031501,0.0,50000.0
031503,7620.0,3270.16
031504,0.0,8960.21
031505,198660.0,5409.0
031507,662080.0,96029810.27
031509,667924799.51,3388467.05
031510,15014476.85,6947163.01
031511,0.0,23074062.6
031512,180403.76,2818577.78
031513,220329.0,4091278.13
031514,519951.65,0.0
031515,116161747.45,84652849.29
031516,4589537.47,4409470.34
031517,14760261.42,1898676.0
031518,349286.69,69872.12
031519,1705370.94,3207152.94
031520,471782.0,616827.28
031521,0.0,19513.0
031522,287096.23,0.0
041602,22337.0,16713.0
041604,9750003.84,3186403.76
041605,0.0,164225.0
041701,2046992.87,114131994.54
041702,730241.26,4670164.15
041703,294475.0,3650289.66
041704,5720753.29,1650807.25
041801,0.0,9199293.25
041803,0.0,3019.34
041805,44028.0,1352550.3
041806,19983338.46,1447669.91
041901,1724825.12,10183402.84
041902,26992018.37,394955.34
041903,0.0,1400.32
041904,188660.65,998715.09
041905,17641832.77,2682171.83
042001,207170.48,81433.45
042002,30433871.01,49390.0
042003,0.0,600030.6
042004,137378.54,559764.82
042005,4201143.52,1722543.85
042006,67446.0,22914.13
042007,297938.49,1201712.56
042008,2803570.76,2028025.93
042009,2383933.77,3407673.4
042101,174864.0,7032347.65
042102,1414432.68,1369771.91
042103,4237629.4,1745311.81
042104,194577.86,16267.07
042105,415345.01,18888.0
042106,6422840.34,24448777.95
042201,331617.22,24190.4
042202,35404674.34,1888178.93
042203,143850.71,454486.32
042204,6680302.84,517497.06
042205,1465780.35,0.0
042206,874142.0,2199.42
042207,0.0,2292235.59
042208,8213453.3,4684254.94
042209,29617.01,9693.65
042302,0.0,947532.17
042304,2314888.0,53846292.13
042306,7508268.4,113423.29
042308,0.0,1000.0
042309,10266500.76,2512701.89
042401,1519484.27,12260949.33
042402,20845871.0,24009901.98
042403,5682258.42,2862024.06
052501,33225400.71,876953.88
052503,0.0,83013516.75
052504,0.0,46642.13
052505,4799325.84,702215.28
052506,496831.41,241460.6
052507,49803.17,5988019.83
052508,352037.37,3002999.19
052509,1014059.6,254187.63
052510,40400713.32,1131.09
052511,1395884.7,1049355.89
052512,16987.82,22912.23
052513,321920.88,112221.97
052515,8138196.49,6563362.05
052516,254394.98,1154885.68
052517,832645.04,6223067.21
052518,0.0,16884.67
052519,2892.0,289867.78
052520,9483702.3,635793.76
052522,468331.38,0.0
052523,84358506.18,4446463.42
052524,33294.0,723986.79
052525,102309.0,41857.01
052526,522338.96,522989.3
052528,2640.0,49991.35
052529,0.0,15031492.3
052530,42785.55,1225053.41
052601,1208638.23,537687.16
052602,0.0,2513.0
052606,0.0,282348.47
052610,0.0,25327.42
052615,0.0,245566.43
052618,0.0,81681.0
052619,8526.44,0.0
052620,3269682.89,0.0
052621,111204.0,65615.5
052701,0.0,501436.48
052702,102095.0,22417.96
052703,0.0,1065011.36
052704,0.0,237397.32
052705,0.0,2736.4
052706,35601.18,8351.46
052707,43079114.24,31683580.16
052708,0.0,121362.0
052709,1062664710.96,521583102.45
052710,605876086.02,1200291145.81
052711,16334.0,312180326.72
052712,12417.0,11414696.73
052713,0.0,12649041.18
052714,313962.0,0.0
052715,170280.29,63167.33
062801,214236.26,918189.34
062802,0.0,1969135.78
062803,2814.0,2589659.04
062804,663570.0,2133986.79
062805,1175.0,81193.99
062806,13933.0,20560.38
062807,169211.0,4521472.97
062808,18401.0,2374.51
062809,236048906.94,19643380.96
062810,0.0,42679.51
062811,104137.0,2847946.0
062812,0.0,7007.0
062814,1946.03,93503765.93
062815,160578.03,2680289.36
062816,0.0,23979.91
062817,0.0,437089.38
062818,97388.0,5921150.4
062819,2447.0,21656.16
062820,0.0,7810.19
062821,144855.49,557182.79
062822,0.0,3367.0
062823,136772.19,3061536.66
062824,0.0,36465.29
062825,276052.0,675273.29
062826,39007063.86,126805.34
062827,292692.65,1304315.89
062828,41029.35,139181.35
062829,0.0,113996.79
062830,0.0,122604.8
062831,9972.0,138515.76
062832,28764.0,201080.52
062833,1296954.33,5088497.82
062834,15843.0,4470093.19
062835,98200594.65,1938573.15
062836,10708308.7,18276288.66
062837,4084.0,121075.38
062839,226530.0,622762.23
062840,0.0,309940.72
062841,40927.0,250263.83
062842,11918.0,185428.95
062843,0.0,1068897.06
062844,163373.0,432113.47
062845,2665.0,2000.0
062846,0.0,8077.48
062847,156438.0,156442.35
062849,75151.07,677273.74
062850,0.0,21714.34
062851,35020.0,114205.95
062901,0.0,147676.02
062902,365478.0,5606940.82
062903,49782.0,2577852.43
062904,20182.0,199794.4
062905,76383.95,8534872.84
062906,0.0,377230.93
062907,0.0,290288.36
062908,0.0,281374.0
062909,54112.46,3043032.65
062910,0.0,10636.58
062912,66154.0,1631223.76
062913,0.0,48679.0
062914,1574.0,1937482.62
062915,213586.16,8437078.82
062916,11393.67,1905855.01
062917,3174054.84,2609177.34
062918,106548.0,1661836.38
062919,1017.88,24959.85
062920,52302.0,1943352.21
062921,30636.0,721174.5
062922,109634.0,3058441.07
062923,28969.0,1263627.82
062924,14460.0,1039870.49
062925,179127.07,1429159.45
062926,0.0,38741.63
062927,0.0,61597.09
062928,4598.0,43803.05
062929,449651.56,9367734.06
062930,81229.78,631596.59
062931,0.0,1376116.65
062932,0.0,2949254.98
062933,81440.1,4580730.37
062934,37185.0,4627374.65
062935,0.0,1775269.36
062936,26086.0,931019.18
062937,2000.0,220801.27
062938,0.0,30576.0
062939,0.0,314515.93
062940,0.0,133674.18
062941,46396.0,17060881.72
062942,70536.0,422889.8
063001,61186.0,71129.0
063002,1877007.0,9729823.37
063003,1116777.75,49756360.71
063004,11446941.27,178056052.75
063005,1682590.71,1227993.43
063006,312771.0,8192213.32
063101,0.0,168648.7
063102,62812.16,22460541.9
063103,167660832.37,38926.0
063104,343518.0,1845024.6
063105,313931723.48,4293613.54
063201,22305.99,314105.74
063202,12560.08,313634.77
063203,51094.54,280081.33
063204,266212.85,10627837.69
063205,1000.0,33401.54
063206,866168.53,8161278.18
063207,136620.08,13668302.64
063208,2288612.51,6380995.61
063209,10171250.31,3426408.1
063210,2795074.43,897273.0
063211,16901.95,570847.02
063212,938575.14,2171084.72
063213,1621901.91,1378632.18
063214,2124246.9,3866777.27
063215,87404.01,14885082.9
063301,6246944.0,743377.15
063302,2675043.77,17013758.44
063303,6436567.78,14834740.28
063304,6673901.69,14666455.43
063305,11163178.02,12455938.64
063306,2397962.46,2700992.36
063307,5531538.67,8574391.57
063401,4273253.87,5658442.54
063402,15237002.7,21969459.19
063403,473786.57,7372024.45
063404,5850.78,1960566.9
063405,17249.44,552008.07
063406,2151975.41,412443.56
063407,0.0,257871.17
063501,0.0,2124612.97
063502,0.0,18579.05
063503,0.0,118730.69
063504,6872.0,16287.61
063505,110938.67,3661234.24
063506,2431876.61,16992251.63
063507,1841787.0,4074129.56
063602,1450073.0,27178.78
063603,337884.71,8541.0
063604,0.0,121712.08
063605,2336748.33,15618.0
063606,0.0,143001.26
063701,0.0,1481163.68
063702,12622.0,2464532.85
063703,5464.0,1923793.03
063704,33923.0,8186.4
063705,0.0,7603.52
063706,2407.0,32592.0
063707,425706.0,5645659.27
063801,0.0,125942.52
063802,40355.47,2256610.34
063803,252226.0,541159.82
063804,78885.0,81180.8
063805,34898.03,161554.28
063806,5001.0,225922.69
063808,3023077.94,25090744.43
063809,2077370.55,14037276.91
063810,494740.39,710421.72
063811,439095.11,9228252.48
063812,1547487.54,1752070.79
063813,11054.0,112817.77
063814,536179.11,2254452.35
063815,17261.95,1206274.78
063816,208097.07,1356169.78
063818,0.0,340460.53
063819,2188327.96,608710.98
063820,92917.0,126579.48
063821,7090.0,462908.03
063822,1615585.62,6558101.62
063823,1592411.65,22525034.52
073901,1333395.0,99396980.2
073902,402443.26,29484777.14
073903,606127.33,19554691.56
073904,921502.63,30222638.96
073905,7217511.65,2969092.79
073906,374936.47,12756715.87
073907,6476984.78,67048510.25
073908,276961.32,12619891.71
073909,3284639.13,24224402.42
073910,53810.02,1589160.08
073911,16227.47,3369684.97
073912,972142.97,5106416.25
073913,82036.97,341265.16
073914,0.0,366843.12
073915,3316906.54,1177977.69
073916,169823.52,1586425.71
073917,27645925.84,36077296.06
073918,99453.81,1450507.61
073919,1662741.06,22236949.39
073920,8997888.09,61185845.29
073921,4505925.73,15690296.56
073922,6459613.88,4067925.79
073923,11325618.35,63565673.62
073924,2315077.91,5243015.92
073925,2874114.31,3569226.68
073926,59312201.47,154405862.84
074001,1092642.89,11997595.01
074002,1486440.76,10320099.27
074003,0.0,96545.57
074004,31648.37,70075.83
074005,376758.0,2565376.06
074006,7711.0,1021807.78
074007,3017.0,1598647.01
074008,153194.05,4535093.81
074009,16938014.86,7030351.73
074010,1098735.0,8801463.97
074011,32767962.37,10705320.7
074012,2411536.29,1136443.63
074013,1352.26,730019.14
074014,29934.0,649252.58
074015,1043958.8,2136621.86
074016,43711593.28,22503766.68
074017,234298.0,362601.87
084101,1284726.25,1363618.43
084102,464191.46,3102062.56
084103,120168.88,4443377.03
084104,10427660.49,138167682.85
084105,3916279.73,5647067.64
084106,1351614.81,5260762.46
084107,210050.0,4646007.37
084108,1140377.15,1052124.7
084109,2048444.64,23492286.05
084110,584459.05,125367.34
084111,106652.4,5118125.34
084201,4432341.11,477751.43
084202,38845314.08,7853110.48
084203,21787239.81,2538688.54
084204,62103.74,98043.78
084205,5945008.09,5732243.59
084206,0.0,1380.0
084301,0.0,1571.0
084302,60369.0,395265.39
084303,14042.0,196381.9
084304,59390.0,36191.99
094401,23086.57,23646.8
094402,42848.24,182666.33
094403,47972.01,4824045.1
094404,0.0,40626.76
094405,0.0,258000.0
094406,2822.0,2955.49
094407,959009.49,90931800.84
094408,5507238.25,11551841.06
094409,240244.54,1072399.21
094410,2849635.98,1651936.28
094411,1270759.87,8046204.83
094412,1415740.36,1352157.55
094413,0.0,989808.85
094414,1261076.71,27674.33
094415,1830988.45,4594355.7
094416,0.0,6185.0
094417,22055.39,226834.73
094418,6160135.96,4887944.75
094419,1772804.27,227012.65
094420,383100.84,511569.58
094421,1192814.32,2304583.23
094501,4487326.76,2251.0
094502,378043.69,3272.0
094503,5167252.12,373964.95
094504,1658338.72,241439.55
094601,33107.61,340939.42
094602,123805.46,414366.78
104701,0.0,64620.33
104703,174294.49,38865389.76
104704,312433.05,7019017.36
104706,12921508.94,145323.38
104707,186065.57,2918147.38
104801,120415.81,10920898.6
104802,3299654.22,22852974.87
104803,9310508.73,1109072.97
104804,740135.47,22910807.08
104805,753337.72,16551595.1
104806,3352.0,977040.86
104807,0.0,1207494.98
104808,108217.86,318310.32
104809,26957.89,3440763.55
104810,4822594.99,23307225.94
104811,5584414.2,51526578.35
104812,26248.0,192264.21
104813,227117.0,1861489.38
104814,15177.0,672657.11
104816,456142.0,1527100.2
104817,38809.18,817398.78
104818,49184450.16,4216740.92
104819,21217647.77,29641769.87
104820,15743639.2,2415668.2
104821,1497560.43,12734023.53
104822,33554.8,473293.32
104823,4563280.49,8219520.56
104901,1798908.64,13459693.91
104902,792300.08,6997956.92
104903,0.0,14088.0
104904,0.0,4040.0
104905,8133.0,113997.85
104906,36129.0,23136.03
104907,1161607.62,4769285.0
104908,101836.0,1630098.04
104909,36141.0,72345.55
104910,109576.86,87401.26
104911,3832505.21,8748445.55
115002,0.0,1596099.65
115004,2354559.0,371663.19
115005,1957.0,404905.0
115006,521000.0,344138.4
115007,139391.0,6175560.75
115101,145058.58,175317.0
115103,9618.28,1637.61
115104,31790.0,28700.0
115105,9543.0,779436.8
115106,244968.0,12529765.83
115107,441965.0,5920149.84
115109,332017.0,17731.0
115111,186856.55,9571033.58
115112,714368.07,30361066.35
115113,5125.0,298635.08
115201,578338.58,19371872.27
115202,818775.9,179538.79
115203,42172.0,648227.45
115204,117398.21,3467104.75
115205,7770976.4,22448620.64
115206,89245.0,2257848.0
115207,0.0,21050.14
115208,21866855.19,202141576.8
115209,49612690.07,418106175.95
115210,687810.0,20209880.91
115211,2017648.79,41641541.8
115212,157083.63,12653420.42
115301,47740.72,5306576.51
115302,0.0,5131.0
115303,0.0,645402.08
115304,26053.8,283032.15
115305,0.0,8476.0
115306,15886675.22,763514.19
115307,57615.0,115310.67
115308,1229.0,14694.29
115309,679242.57,14695923.12
115310,3495.35,546467.59
115311,0.0,477298.27
115401,1973534.32,19746820.75
115402,793502.49,18539906.38
115403,85713.0,3834371.68
115404,337925.74,2780898.04
115405,0.0,133166.0
115406,425441.0,141237.25
115407,2408551.57,93456485.01
115408,691438.91,17912338.36
115501,323578.04,2624861.4
115502,46761.08,3055479.81
115503,4109.0,5479546.79
115504,0.0,4375864.55
115505,229186.78,852647.38
115506,319817.0,1820148.21
115507,0.0,1000.0
115508,381549.53,13133017.9
115509,4355846.26,16662710.01
115510,4715709.72,6155460.77
115511,144764.89,913160.52
115512,983706.87,52281649.74
115513,320269.38,23560083.72
115514,44636489.03,47239136.39
115515,875750.81,46089710.59
115516,2940465.58,37548997.13
115601,2224813.43,1326628.51
115602,116541.51,1489999.41
115603,1153256.95,48732798.88
115604,3596294.74,1628997.63
115605,1005186.66,1251885.23
115606,0.0,71065.34
115607,7617434.59,1448144.24
115608,2600977.96,2725459.44
115609,3591338.07,741208.52
115701,4544041.04,140897.05
115702,341120.01,699248.65
115703,263618.34,1146329.28
115704,8576.86,127564.67
115705,197954.59,1218005.3
115801,227492.28,23615976.29
115802,77531.39,2924357.7
115803,0.0,19866.0
115804,8716270.86,13859633.2
115805,439776.87,3964.0
115806,1374710.61,23020760.56
115807,3745027.91,19559026.95
115808,2711214.76,10067198.09
115809,0.0,195703.0
115810,2864579.59,12616392.43
115811,86410.0,1162791.8
115901,9301.0,511900.09
115902,0.0,2965927.2
115903,1502351.9,47980048.34
115906,87313.0,3249758.03
115907,19287.17,13297110.98
115908,0.0,182822.57
115909,21618.0,218024.89
115910,0.0,269709.13
115911,1715128.85,5577519.24
116001,112489.08,6719562.34
116002,14839170.07,143827819.87
116101,3264804.91,815827.6
116102,3272745.45,344765.21
116103,23983755.01,1745010.11
116104,46914620.02,2338772.34
116105,24484039.47,1014574.58
116106,33318693.31,842597.98
116107,26219651.87,8860497.36
116108,135839417.66,28090460.91
116109,268625320.12,38557033.28
116110,293327804.33,41037191.8
116111,26769325.05,2536191.69
116112,77222787.59,12873870.13
116113,596345.93,35240.0
116114,18526337.3,6820950.35
116115,23592126.07,11667416.68
116116,9056402.22,2311572.61
116117,4250646.09,23390237.58
116201,61269938.02,4275558.13
116202,32978324.04,1752794.76
116203,898680115.65,27997740.42
116204,738304163.67,22404307.32
116205,141683823.33,4465879.42
116206,65335361.71,2981838.56
116207,16463215.77,6998194.6
116208,24057899.02,16919945.2
116209,30141098.79,1289308.96
116210,64599201.28,13364264.12
116211,260573874.06,29158080.63
116212,226274451.24,56052773.68
116213,15140.18,57579.44
116214,2111285.56,925163.84
116215,1578111.33,194953.3
116216,1290225.28,2382123.98
116217,5301362.01,162999685.45
116301,1049997.54,2055194.44
116302,57933596.43,11049433.39
116303,45161693.06,1158761.04
116304,33465203.85,4752256.34
116305,8569299.77,4458120.62
116306,8691130.35,2335012.07
116307,29112276.98,15769929.58
116308,1209466.66,636107.42
116309,7119016.04,51415646.44
116310,4712264.19,4064449.48
126401,1285048.95,534003.15
126402,12699205.35,2433555.87
126403,344967928.65,8423190.85
126404,4896552.13,1702590.84
126405,2312346.92,737849.05
126406,163227074.49,92271673.94
126501,1948.0,1255.0
126502,0.0,23477.0
126503,131050.84,15327.66
126504,3352.0,4113.3
126505,5347789.55,831083.69
126506,5139896.09,423366.45
126507,60989.32,109130.06
126601,136249.68,949671.1
126602,0.0,9147.43
126603,5617442.63,151169.75
126701,0.0,29000.0
126702,503218.0,521115.5
126703,392479.0,375489.09
126704,2220866.76,121067.16
136801,412140.98,0.0
136802,8775364.0,6418698.38
136803,28362.28,28000.0
136804,534640.15,2710733.15
136805,513471.35,2938997.87
136806,131984.6,2037819.06
136807,707512.79,1358881.27
136808,0.0,24431.27
136809,290731.51,298743.53
136810,12167651.76,1711406.71
136811,283648.87,4231.66
136812,32382.0,441123.77
136813,6861.0,1035147.15
136814,10057.0,13001.0
136815,387661.13,3762192.8
136901,1065270.64,4825.0
136902,133679.44,8923254.68
136903,36544.0,2843977.81
136904,2861182.3,18087.26
136905,328197.5,500823.44
136906,34298.35,1971.75
136907,1464726.6,5308203.27
136908,34951219.39,7185389.34
136909,63470.4,444822.01
136910,10956316.93,5767341.4
136911,11426578.25,1181348.3
136912,3432364.73,479809.59
136913,3098571.29,434197.95
136914,1574037.74,703296.04
137001,0.0,18893.98
137002,23970.0,265897.51
137003,2375.0,762723.93
137004,52060.0,41075.9
137005,36733.0,4428302.72
137006,26413.0,542883.8
137007,137840.44,2648527.06
137008,0.0,5674.25
137009,105738.63,1720169.59
137010,2315667.38,9305151.94
137011,656546.16,1286059.32
137013,1386192.01,9632957.35
137014,713714.0,53773.78
137015,82580.73,258377.6
137016,547089.01,914063.11
137017,7178.0,488498.04
137018,111439.0,577481.97
137019,4744153.46,8327454.97
137020,2356402.19,851280.92
147102,439125.75,696898.87
147103,2511.0,281941.0
147104,0.0,121571.38
147105,0.0,21000.0
147106,124120.0,2451615.5
147107,0.0,1713.71
147108,1359161.23,2438621.88
147110,0.0,158121.2
147112,3667851.0,0.0
147113,52379593.88,64937776.08
147114,104530.79,197830.0
147115,15159.0,2981748.94
147116,3119.0,13813.0
147117,4591702.98,2460697.07
157201,615396.0,10444.65
157202,27642.0,661197.74
157204,14861262.59,346158.49
157205,0.0,116974.89
157206,0.0,43991.27
157207,216835.81,47499299.5
157208,442394.68,109714777.81
157209,7051561.29,16835399.16
157210,103130371.98,68741924.51
157211,75248.07,3391751.07
157212,39287.99,2615884.1
157213,952218.0,11155774.46
157214,36743535.69,17623083.2
157215,92098.87,1179250.86
157216,20621692.96,27481222.06
157217,10660116.2,5977369.66
157218,90940.0,445729.0
157219,69426.0,5469860.71
157220,3767.0,1254053.46
157221,0.0,2935.0
157222,79867.53,657664.46
157223,1008.0,1186200.93
157224,5412.0,218351.0
157225,0.0,731128.2
157226,31488.92,1865860.18
157227,0.0,1530155.0
157228,1161056.81,15794935.64
157229,314466.66,471607.77
157301,289663.19,54581.74
157302,1509482.68,2990113.16
157303,14530.0,2294316.9
157304,7538260.07,75587549.41
157305,1950924.87,6351906.18
157306,21043639.93,15059209.53
157307,7648905.7,31740217.14
157308,44193130.94,15661391.81
157309,3487131.55,5398588.86
157310,8631423.4,10309957.43
157311,2450152.57,3107160.64
157312,1457898.07,3151232.25
157313,2015.18,192727.81
157314,493571.26,4629148.36
157315,330014.08,7442617.85
157316,387217.99,310890.01
157317,41990.05,1171162.62
157318,2120157.57,18441082.29
157319,28486.0,198517.69
157320,33158468.65,5305518.91
157321,1466764.25,13211311.95
157322,0.0,2458895.2
157323,2147537.26,3711796.13
157324,3088853.68,5012667.64
157325,3720161.9,1152881.25
157326,27429660.33,48302666.86
157401,0.0,173515.75
157402,799595.0,66252.0
157403,3587587.79,15121492.52
157404,57939847.39,1693248.5
157406,12562583.0,74541.37
157407,103744.14,7644750.74
157408,1084273.0,147502431.68
157409,332798.29,711701.76
157410,1231778.0,5330921.85
157411,2956396.54,2353467.47
157412,173724.75,3181284.51
157413,776253.67,1990076.99
157415,186007.77,2610527.64
157416,0.0,307800.35
157418,24029.8,153087.84
157419,2894229.55,4612926.16
157502,0.0,30525.78
157503,4004035.16,0.0
157504,13195.0,17360.27
157505,0.0,377646.72
157506,0.0,116531.95
157507,0.0,22395.38
157508,10478.0,349409.02
157601,1548517.33,20179782.44
157602,10348505.18,72405.59
157603,0.0,79415.1
157604,10058744.19,6990904.96
157605,0.0,5772803.84
157606,1075572.81,15510332.06
157607,801227.3,15286093.82
157608,37716.02,954841.2
157609,44867.0,952220.7
157610,5384734.28,3986774.74
157611,0.0,5712.0
157612,2753069.93,5235895.99
157613,0.0,19711.0
157614,446051.61,3487327.7
157615,212902.53,1830574.86
157616,10753037.13,9193997.53
157801,842125.95,12226478.82
157802,197937.73,0.0
157803,22985.0,245862.0
157804,0.0,3090.0
157806,27638.05,46175.31
157901,478623.14,28171522.76
157902,1065953.74,35000.0
157903,0.0,18063.0
157904,1000.0,73085.09
157905,5243.0,125976.29
157906,10044.0,11654.71
157907,1195712.69,823676.52
158001,98112.87,176725.67
158002,322389.42,19619.0
158003,1500691.61,865936.29
158004,9794.98,0.0
158005,3767.0,10094.0
158006,0.0,6960.0
158007,2040.0,223528.96
158101,42689.0,87172.03
158104,15480.0,41329.0
158105,434561.0,21656.13
158108,202250.0,98841.19
158110,0.0,352248.66
158111,25278.0,0.0
158112,167597.0,230713.0
158113,0.0,9000.0
158201,66644.98,525466.1
158202,541202.1,2424113.75
158203,1645789.34,2300280.65
158204,19856.48,820632.61
158205,2110423.93,11498532.85
158206,24072.0,529302.77
158207,6064765.58,22764578.68
158208,545273.24,1623265.06
158209,0.0,287892.01
158210,100385.27,224406.47
158211,343994.07,538694.64
158212,2226.0,5053568.52
158213,87163.0,283431.99
158214,52560.58,355826.7
158215,428639.76,1789237.67
158301,9923965.51,9146435.64
158302,11534087.45,19692713.43
158303,41150.0,490226.47
158304,69080.47,108302.5
158305,109332.0,478883.0
158306,242560.29,434232.42
158307,21221752.91,2797623.29
158308,1181618.93,21823575.3
158309,3240568.65,11941819.17
158310,44255.43,273360.46
158311,1128692.0,1928523.23
168401,71337.0,21662.0
168402,236921.0,3800695.63
168403,49966.0,5822170.1
168404,3023.0,55039.0
168405,40915.0,1875749.54
168406,280368.0,1324773.8
168407,7239759.25,6851657.96
168408,2466928.28,26177124.51
168409,43453484.51,78770618.84
168410,14239.0,137910.46
168411,24005054.56,88844247.71
168412,796228.45,7093489.05
168413,7991655.44,44814218.86
168414,7466826.68,51669587.17
168415,16745371.7,29317127.34
168416,62199.0,569953.26
168417,2880166.2,3054596.41
168418,11201010.86,63111616.36
168419,10145299.36,39845955.67
168420,114855.0,1056618.04
168421,26434560.93,58103330.51
168422,2213354.29,41092272.17
168423,681255.2,2965671.43
168424,1930712.11,12280904.98
168425,571202.57,7222712.9
168426,372460.0,20585962.24
168427,518387.0,16152311.0
168428,2460929.84,25117959.48
168429,15880325.96,49782887.49
168430,1853008.14,11009353.55
168431,24621271.5,60598758.98
168432,113261.0,2381966.55
168433,1826419.08,6845280.9
168434,287175.0,3547886.37
168435,0.0,42626.76
168436,1831611.74,2258792.99
168437,7455.0,855334.86
168438,5128346.27,15985333.62
168439,525024.86,6303834.59
168440,19508.0,4886863.14
168441,1613777.68,14521198.43
168442,161835.6,3264095.25
168443,2186723.42,16628033.68
168444,83670.0,997719.19
168445,473389.0,5678739.46
168446,7562.0,3642678.21
168447,675494.47,9859516.39
168448,8012630.89,14178765.06
168449,0.0,309063.57
168450,435705.53,18956040.12
168451,1237277.76,24210611.39
168452,5927911.91,32282558.29
168453,858356.67,14817502.92
168454,81167.0,463469.69
168455,488314.68,3694012.38
168456,19954.0,5671428.57
168457,13379.0,4048359.93
168458,25279.0,4135224.54
168459,10602.0,4120967.64
168460,69583.0,2453168.02
168461,29429.41,2253525.16
168462,504353.81,13868542.8
168463,90026.0,2962139.4
168464,92939.0,6698294.37
168465,722294.38,10059228.74
168466,1409727.98,18009572.21
168467,513324.18,6046080.9
168468,1302007.0,2304250.75
168469,0.0,4943.0
168470,165852.0,2770125.17
168471,56232985.65,196915114.11
168472,985120.97,6347621.74
168473,7970064.29,99503861.18
168474,3003267.2,21680112.08
168475,10437.0,1480919.54
168476,3036.0,390320.39
168477,2054730.96,40898741.72
168478,235943.69,4544871.86
168479,10613021.33,120037892.77
168480,5500627.39,33019589.88
168481,12806386.58,53836147.32
168482,311130.68,14797283.65
168483,4786164.18,32652394.57
168484,348724.76,4446468.24
168485,3605135.09,7937569.43
168501,31721605.08,28092657.44
168502,3230245.0,12075906.38
168503,6727636.32,2830159.79
168504,123134397.84,91024999.78
168505,2156039.25,2873875.18
168506,989472.53,2511857.75
168507,20364464.27,12872547.18
168508,167111.0,4986355.63
168509,310768.8,5681432.02
168510,0.0,292321.81
168511,25299880.39,21866670.43
168512,22178685.07,20266508.11
168513,8980035.37,1016651.58
168514,175305.7,2285215.26
168515,1595675.92,13664001.23
168516,14320076.98,17702361.76
168517,158611556.32,73569370.27
168518,25223505.31,13573659.51
168519,2251.0,151151.54
168520,19593.0,1213042.29
168521,89757.02,3909180.27
168522,63843.0,547352.06
168523,402715.89,10135292.52
168524,2438177.98,27565775.11
168525,5405534.67,137325830.56
168526,1680166.09,982478.23
168527,52849.0,5221601.76
168528,1851704.48,12705251.93
168529,10886503.39,75078449.39
168530,7156203.65,11531962.55
168531,109520035.41,17914383.79
168532,12157996.4,18440382.86
168533,8126670.71,34130171.24
168534,38966579.5,28266998.63
168535,17358989.86,47086868.53
168536,385191353.88,349872576.71
168537,49154530.3,71675358.66
168538,110203137.4,253707196.98
168539,14969932.64,12391656.99
168540,145049.0,12132530.5
168541,2110956.0,25605424.83
168542,110503149.06,141557518.36
168543,6308210.9,9491642.04
168544,735709957.22,213466245.6
168545,390992.86,3322437.87
168546,179700.0,2354284.27
168547,4903127.11,38793519.0
168548,1734405.24,2695689.68
178602,0.0,1371168.0
178603,0.0,3359.0
178605,30891.0,0.0
178606,0.0,5340.0
178607,51984.52,3862989.45
178608,7547.0,993656.86
178609,1249115.84,3936695.54
178701,4362896.41,46263144.91
178702,922295.2,7064705.92
178703,11439653.78,385001331.98
178704,7323878.63,189984003.84
178705,214803.0,14794282.7
178706,80355.0,13007440.47
178707,1281948.74,10696326.86
178708,201387622.25,205859571.05
178709,188128.43,923662.08
178711,499323.44,3324605.06
178712,16220968.64,745958.41
178713,48237.66,322084.28
178714,8717722.11,16663542.57
178715,4926.0,372725.15
178716,17919089.41,9343559.29
178802,11962096.0,27678495.0
178803,3753467.87,26740277.71
178804,98363.94,136271.0
178805,41762.0,139415.0
178901,411669.0,0.0
178902,9323617.89,759627.0
178903,20429293.55,10216774.42
178905,80795.0,0.0
178906,1427070.08,1242897.74
178907,79537.0,405193.36
178908,4818.0,60598.0
189001,557223.52,2802455.97
189002,76935.29,303355.54
189003,24675.48,4004625.79
189004,330121.39,4091813.14
189005,0.0,91425.74
189006,267271.0,930858.34
189007,7362.72,423906.02
189008,12348.0,377915.1
189009,218688.89,17836195.34
189010,25853.0,4863470.9
189011,0.0,1090414.14
189012,0.0,71455.0
189013,4564944.95,2383243.73
189014,2214858.03,6069369.31
189015,6521951.28,15872356.89
189016,12096.0,205519.59
189017,845436.57,3042094.3
189018,77630478.09,59187835.77
189019,981461.37,4298722.76
189020,369535.2,687472.98
189021,7587049.76,17992105.44
189022,522067.73,21267380.54
189023,30545.69,16254378.4
189024,561598.41,1811784.79
189025,532552.4,2105759.26
189026,16026643.58,16482207.0
189027,1697207.87,18400538.46
189028,27287079.4,12616242.22
189029,3322481.59,959938.81
189030,1941542.03,15651531.25
189031,4233349.73,23892461.55
189032,33538532.28,26616626.92
189033,419225.21,850648.3
189101,279655.0,607870.0
189102,1058908.0,3132293.48
189103,5022.0,20335.9
189104,5898841.0,42070.22
189105,3796.0,301171.56
189106,4216261.06,341970.3
189107,5984545.15,628314.51
189108,0.0,18925.73
189109,1455662.0,37001.0
189111,1494.0,26002.52
189113,7153365.03,4133843.22
189114,150722.0,53441.41
189201,11507.0,124868.14
189202,4134.0,126595.86
189203,2255.0,0.0
189204,6765.0,1729.0
189205,0.0,21357.26
189206,45054.75,126453.46
189207,3244.0,232847.21
189208,5224.03,5585.66
189209,15094.07,195276.45
199303,70311.0,62262.84
199304,0.0,109965.98
199305,0.0,15063.71
199306,0.0,159057.0
199307,19912.0,7129.0
209401,62016114.22,12783134.54
209402,1543698.94,4405758.91
209403,27790661.99,17447004.16
209404,6091063.18,1141719.3
209405,17284719.53,15215526.04
209406,5591402.69,4073752.97
209501,4055.0,126125.49
209502,13926.0,270900.27
209503,10812005.64,4263215.38
209504,956447.58,2848222.68
209505,1205900.34,1396506.95
209506,13390659.29,6393109.12
209507,6081231.58,1058327.93
209508,50222.0,372900.57
209601,157525.0,19655.65
209602,38785.28,903326.07
209603,983571.74,2420003.28
209604,0.0,25181.63
209605,7533.0,78268.68
209606,437143.87,20868902.06
209607,2593140.37,14011632.59
209608,2867949.78,4178633.7
209609,161891.22,643765.56
209610,49374.76,189185.08
209611,19549.0,284947.34
209612,21364049.62,15274517.98
209613,8204327.37,4244396.06
209614,158184.57,405816.67
209615,501804.2,341883.56
209616,101699.0,588918.31
209617,1226.0,391395.07
209618,12821.42,180739.55
219701,47567.4,162063.4
219702,0.0,5000.0
219703,31587.0,26362.0
219704,47716.0,8787.0
219705,46031.0,0.0
219706,1108624.0,0.0
