010102,0.0,174285.0
010103,0.0,3200.0
010104,0.0,7126.0
010105,0.0,131546.0
010106,82869.0,3620.0
010201,0.0,24000.0
010202,0.0,513364.0
010203,0.0,2590632.0
010206,0.0,3767.0
010207,0.0,251368.0
010209,0.0,12358.0
010210,7561.85,10979.0
010301,238777.0,25798.0
010302,2958243.09,26365.0
010303,4916439.09,1996126.0
010304,27668.34,8359.0
010305,116172.64,1237698.0
010306,14803401.21,657067.0
010307,71037087.64,616430.0
010401,0.0,1395.0
010402,2426.22,334938.0
010403,0.0,2200.0
010404,0.0,114393.0
010407,0.0,225625.0
010408,0.0,83979.0
010409,0.0,4416.0
010504,0.0,13703.0
010505,15000.0,951386.0
010506,0.0,21054.0
010508,9666.39,37354.0
010510,0.0,67419.0
010511,1839.98,166000.0
020601,0.0,161826.0
020602,144017.44,154578.0
020603,0.0,1671.0
020604,0.0,1814.0
020701,0.0,344232.0
020703,0.0,18155.0
020704,0.0,16879.0
020709,20573743.0,41492.0
020710,3549.99,22000.0
020711,110180.57,44346.0
020712,147454.47,1046174.0
020713,239152.63,1076499.0
020714,0.0,58140.0
020802,424938.56,1743146.0
020803,0.0,14796.0
020805,0.0,373702.0
020806,0.0,94518.0
020807,0.0,30077.0
020808,8640.23,476914.0
020811,19082.48,152337.0
020812,17161.21,0.0
020901,0.0,5101661.0
020902,18623.67,55480.0
020904,3087.9,22392.0
020909,1554.15,0.0
020910,45377.0,19785.0
021001,0.0,12299461.0
021002,0.0,10835.0
021003,0.0,69950.0
021005,325283.62,20360712.0
021006,29094.53,15242939.0
021007,0.0,13447.0
021008,0.0,104412.0
021101,0.0,5875824.0
021102,0.0,13012.0
021103,0.0,7530.0
021104,0.0,137700.0
021106,0.0,18700.0
021107,0.0,742068.0
021108,0.0,99196.0
021201,15165.54,8534514.0
021202,0.0,103504.0
021207,82286.89,1375057.0
021208,0.0,549278.0
021209,142035.0,238339.0
021211,1922226.06,128721.0
021212,570708.53,72676.0
021213,3853484.65,39640.0
021214,0.0,73194.0
021301,10900.56,3650.0
021302,110935.81,103241.0
021401,1941.27,6783.0
021403,4191.75,0.0
021404,174398.73,31000.0
031501,0.0,1635.0
031504,0.0,144820.0
031507,0.0,4172534.0
031508,0.0,1063.0
031509,0.0,123122.0
031511,0.0,13167.0
031512,12555.32,0.0
031514,0.0,1334062.0
031515,0.0,61513.0
031517,0.0,42342.0
031518,0.0,12755.0
031519,0.0,250701.0
031520,0.0,205568.0
031522,0.0,81600.0
041601,226482.61,214598.0
041602,0.0,94793.0
041604,1687526.93,167657.0
041605,1652873.57,10283.0
041701,0.0,1401119.0
041702,0.0,89607.0
041703,0.0,10576.0
041704,366763.29,581869.0
041801,0.0,451281.0
041803,0.0,23485.0
041805,0.0,2354.0
041806,15600.67,292676.0
041901,1766236.17,27957.0
041902,74174.02,250618.0
041904,0.0,23410.0
041905,116902.88,798905.0
042004,0.0,145721.0
042005,26219.89,9542.0
042007,0.0,12295.0
042008,8748.45,407974.0
042009,33742.59,60670.0
042101,16062.81,55553.0
042102,0.0,20916.0
042103,140935.29,392025.0
042104,23343.78,0.0
042105,0.0,1750.0
042106,117774.42,134734.0
042201,98996.15,0.0
042202,3256.26,815402.0
042203,0.0,2470436.0
042204,0.0,38752.0
042206,0.0,64881.0
042207,0.0,772944.0
042208,227563.19,1449321.0
042209,0.0,4275.0
042301,0.0,840313.0
042302,0.0,146223.0
042303,0.0,24745.0
042304,0.0,9520849.0
042309,7614.8,1411708.0
042401,25561.83,1595269.0
042402,120884.0,2360013.0
042403,45425.23,2149064.0
052501,3262.84,596693.0
052503,0.0,429598.0
052504,269342.48,0.0
052505,944895.62,0.0
052506,117790.11,24697.0
052507,355023.89,15559.0
052508,2001.62,248629.0
052509,11202.0,0.0
052511,130919.05,0.0
052513,1496.17,36899.0
052515,2859.44,464419.0
052516,485946.79,0.0
052517,7407.64,0.0
052519,13097326.63,4392.0
052520,0.0,180527.0
052522,0.0,15060.0
052523,2468449.84,786882.0
052524,0.0,264804.0
052525,2513.09,91118.0
052526,77321.42,0.0
052528,0.0,14836.0
052529,34805.49,0.0
052530,257890.77,132375.0
052601,443666.78,72514688.0
052602,0.0,1971204.0
052603,127610.99,0.0
052607,650018.99,0.0
052608,118959.5,3919084.0
052610,0.0,16080.0
052611,108180.0,0.0
052613,112000.0,0.0
052614,43209.98,54000.0
052616,540891.0,0.0
052618,2115.7,0.0
052619,1090831.17,0.0
052620,0.0,100907.0
052701,10283241.57,7162724.0
052704,0.0,3001260.0
052706,0.0,78447.0
052707,18084.36,0.0
052708,0.0,520448.0
052709,0.0,144102249.0
052710,76445485.93,46296984.0
052711,714037.62,14385.0
052712,48373.15,52225.0
052713,0.0,162890.0
052714,0.0,4703.0
052715,0.0,3857.0
052716,547538.0,0.0
062803,65170.01,1849054.0
062804,0.0,371080.0
062805,0.0,42916.0
062807,31324.96,4722.0
062808,56700.62,0.0
062809,0.0,19223.0
062810,0.0,53767.0
062811,41121.29,32491.0
062813,0.0,18000.0
062814,0.0,5360.0
062815,37259.44,1170925.0
062816,16221.56,0.0
062817,0.0,489607.0
062818,14308.7,1170850.0
062819,0.0,64615.0
062820,0.0,6096.0
062821,0.0,16260.0
062822,0.0,11907.0
062823,181150.92,27631.0
062824,0.0,26120.0
062825,3500.0,58193.0
062826,4780.95,465711.0
062827,22970.92,67841.0
062828,0.0,319460.0
062829,0.0,28877.0
062830,0.0,45836.0
062831,0.0,2866.0
062832,5413.28,37260.0
062833,91686.86,278908.0
062834,0.0,39542.0
062835,45363.58,2730.0
062836,273780.09,1130513.0
062837,102705.25,4759.0
062839,15198.47,2220.0
062840,0.0,1840.0
062841,0.0,88129.0
062842,37524.76,37416.0
062843,0.0,27993.0
062844,0.0,2300.0
062846,2708.0,0.0
062847,63152.47,1750.0
062849,132669.4,23020.0
062850,0.0,51380.0
062851,7918.42,15845.0
062901,20992.82,2140.0
062902,268523.38,858712.0
062903,143014.31,449962.0
062904,777173.05,4998491.0
062905,184228.64,913210.0
062906,0.0,37213.0
062907,62085.58,267997.0
062908,20039.34,16800.0
062909,289836.27,5595.0
062910,60397.58,87988.0
062911,0.0,34459.0
062912,27505.78,284814.0
062914,36418.19,349095.0
062915,451950.56,1173903.0
062916,669924.58,389537.0
062917,663997.6,1466626.0
062918,71685.8,36810.0
062919,0.0,742954.0
062920,30140.34,21650.0
062921,156165.4,1426703.0
062922,1198231.14,3419432.0
062923,125280.39,42014.0
062924,81032.63,299972.0
062925,15991.4,201449.0
062926,0.0,28226.0
062927,160997.13,7075.0
062929,857223.91,48972.0
062930,87419.0,104591.0
062931,0.0,339903.0
062932,0.0,1883.0
062933,97545.99,574928.0
062934,194551.09,2688180.0
062935,77880.0,34486.0
062936,18502.0,44724.0
062937,42133.0,4500.0
062939,1860.0,59453.0
062941,3082298.0,1652424.0
062942,94895.0,4703635.0
063002,942377.0,209638.0
063003,42914.0,34775.0
063004,4694771.0,4172098.0
063005,98870.77,527453.0
063006,147615.0,103545.0
063101,2900.17,3711.0
063102,316898.21,5128522.0
063103,0.0,146493.0
063104,0.0,48360.0
063105,0.0,2790357.0
063201,0.0,468261.0
063202,0.0,5218.0
063203,18643.0,76139.0
063204,2596712.04,1029924.0
063205,3438.41,0.0
063206,89832.91,224944.0
063207,72269.54,264098.0
063208,292931.39,1658117.0
063209,47968.09,222228.0
063210,0.0,78971.0
063211,17329.0,0.0
063212,23667.68,89684.0
063213,6712.9,58259.0
063214,21596.29,113731.0
063215,212435.25,337676.0
063301,233453.0,48791.0
063302,0.0,675719.0
063303,8774.0,85895.0
063304,70722.38,300320.0
063305,10336.13,155192.0
063306,128579.67,37620.0
063307,24221.28,56011.0
063401,197215.41,1500838.0
063402,414955.87,764968.0
063403,46758.27,118122.0
063404,3105.07,5530.0
063405,96750.86,20643.0
063406,1530.62,20626.0
063407,0.0,43803.0
063501,80654.05,47088.0
063503,0.0,29150.0
063505,3092.16,2328.0
063506,473473.55,394409.0
063507,12375.0,324281.0
063602,3435.61,177080.0
063603,330668.0,7000.0
063604,29680.72,0.0
063606,56067.56,11953.0
063701,46282.0,154362.0
063702,8009.0,1265141.0
063703,2695.23,667993.0
063705,0.0,19486.0
063706,7177.0,1512.0
063707,132245.43,98163.0
063801,7426.38,792478.0
063802,0.0,92993.0
063805,0.0,33708.0
063807,0.0,1000.0
063808,125222.36,2294828.0
063809,65926.28,151486.0
063810,2493.45,93542.0
063811,11542.65,270994.0
063812,98104.5,459110.0
063813,0.0,1236.0
063814,15603.29,264214.0
063815,0.0,503390.0
063816,0.0,7063.0
063817,18604.25,0.0
063819,25245.98,147359.0
063820,50547.37,37315.0
063822,68503.0,265281.0
063823,3327047.5,2106247.0
073901,15499543.88,3464087.0
073902,10922098.28,589233.0
073903,9879207.88,288896.0
073904,7262080.79,2689991.0
073905,225382.28,245277.0
073906,605693.66,251565.0
073907,2796282.1,17035693.0
073908,189336.46,646964.0
073909,233828.4,327337.0
073910,1079621.89,96869.0
073911,889056.36,0.0
073912,359767.56,516731.0
073914,0.0,15052.0
073915,578668.07,61688.0
073916,15970.68,23805.0
073917,170673.52,794406.0
073918,576058.74,5809932.0
073919,1123480.46,173764.0
073920,3758549.83,4232535.0
073921,2363621.92,1702625.0
073922,41095.79,66123.0
073923,670901.67,1873210.0
073924,333932.0,1200834.0
073925,200487.16,338947.0
073926,2532803.74,1911581.0
074001,4789.77,342531.0
074002,1154905.72,1454624.0
074003,6499.66,147203.0
074004,0.0,754338.0
074005,8783.84,23378.0
074006,1491.71,1847.0
074007,1356.18,0.0
074008,43507.09,186442.0
074009,171850.03,384179.0
074010,1499624.81,4459899.0
074011,18792517.43,6282111.0
074012,454715.52,1254904.0
074013,1948597.53,90432.0
074014,135437.0,71500.0
074015,102721.17,104573.0
074016,684958.43,323360.0
074017,12257.75,4980.0
084102,0.0,103017.0
084103,7498.98,0.0
084104,2030437.99,1282520.0
084105,0.0,1382029.0
084106,54804.0,233078.0
084107,88759.0,172179.0
084109,3720.0,0.0
084111,148746.44,2334.0
084201,34053.0,0.0
084202,1089804.68,1035980.0
084203,128551.0,3247.0
084204,46628.0,1902.0
084205,28597.0,0.0
084301,53892.14,99759.0
084302,21260.0,28892.0
084303,10837.0,35240.0
084304,88011.0,58208.0
094401,628553.24,621777.0
094402,13867.95,21142.0
094403,5693533.48,392337.0
094404,1426.29,0.0
094405,0.0,24486.0
094406,2536062.3,0.0
094407,667909.9,306365.0
094408,1132.94,850059.0
094409,40892.67,75992.0
094411,67394.6,16539.0
094412,1066.41,762127.0
094413,0.0,12162.0
094414,4554.07,0.0
094415,24890.91,110909.0
094417,0.0,22294.0
094418,0.0,261374.0
094419,11700.0,5528.0
094420,3355.86,368211.0
094421,53887.3,43400.0
094502,14855.9,0.0
094504,2425.13,0.0
094601,349846.51,4582.0
094602,241445.81,0.0
104701,0.0,3600.0
104703,0.0,122040.0
104704,0.0,184772.0
104707,0.0,986011.0
104801,1004647.7,197906.0
104802,310363.05,14674373.0
104803,17113.53,150680.0
104804,1065192.42,461713.0
104805,1457213.83,122888.0
104806,0.0,57700.0
104807,8855.77,2325.0
104808,11373.07,43756.0
104809,35915.98,535805.0
104810,2715099.5,629744.0
104811,199239.48,466194.0
104813,0.0,372686.0
104814,191906.3,283544.0
104816,1361.75,7200.0
104817,6345.26,0.0
104818,141228.03,53055.0
104819,878503.46,1443951.0
104820,129900.1,179929.0
104821,164077.61,126832.0
104822,0.0,4686.0
104823,175594.75,2016912.0
104901,1106922.74,282210.0
104902,9712.02,179926.0
104905,0.0,28391.0
104907,129132.0,0.0
104908,229881.0,0.0
104909,3395.0,0.0
104910,5113.87,0.0
104911,430135.78,67753.0
115001,64000.0,0.0
115002,740287.0,0.0
115003,1695093.0,0.0
115004,44988.0,68146.0
115007,124925.0,219122.0
115101,0.0,15398.0
115102,0.0,65465.0
115103,3102.17,0.0
115105,0.0,996555.0
115106,0.0,42762.0
115107,19219.0,5922820.0
115109,3900.0,52380.0
115111,559321.0,4184083.0
115112,1297881.0,19226536.0
115201,11612.57,939309.0
115202,6468.3,0.0
115203,0.0,30040.0
115204,4765.0,10380.0
115205,202984.69,3748410.0
115206,16020.38,53440.0
115207,9181.17,5625.0
115208,1560918.48,4219371.0
115209,3027176.08,1093672.0
115210,538525.41,320990.0
115211,36924.0,377796.0
115212,334784.42,337652.0
115303,0.0,15000.0
115306,308564.0,29568.0
115308,0.0,111169.0
115309,172549.0,421492.0
115311,3925.84,12662.0
115401,991087.97,255822.0
115402,5723240.48,3997141.0
115403,27543.51,263293.0
115404,126331.31,23721.0
115406,59878.0,2384.0
115407,25472473.05,12214712.0
115408,2518403.0,796006.0
115501,62877.64,250913.0
115502,0.0,76283.0
115503,1449541.99,153600.0
115504,0.0,9457.0
115505,1911.43,39991.0
115506,43673.93,135615.0
115508,41647.44,352633.0
115509,2627712.96,767607.0
115510,1812.7,0.0
115511,22902.0,0.0
115512,16413008.68,513094.0
115513,5122067.58,1787605.0
115514,925254.12,838542.0
115515,3099415.33,1511496.0
115516,4224717.03,1410589.0
115601,63233.43,1685682.0
115602,16090.68,98523.0
115603,565745.46,2038395.0
115604,125514.8,26545.0
115605,180334.17,88137.0
115606,10920.0,2289.0
115607,1718627.83,1159232.0
115608,4099319.74,411772.0
115609,2120.93,8000.0
115702,3216.0,74808.0
115703,53987.76,113907.0
115704,0.0,1200.0
115705,11176.23,18219.0
115801,1060575.73,825379.0
115802,753190.78,861457.0
115803,5035.0,2597.0
115804,433193.48,119077.0
115805,5200.0,0.0
115806,259792.0,534501.0
115807,71372.0,109868.0
115808,142596.0,6652.0
115809,38658.0,0.0
115810,734796.0,182122.0
115811,16840.0,150432.0
115901,47705.42,5452.0
115902,705342.88,4532998.0
115903,6256381.39,1773224.0
115904,33802.51,0.0
115905,0.0,46946.0
115906,212543.61,42721.0
115907,140462.0,59515.0
115909,3050.67,12075.0
115910,22063.0,269373.0
115911,22420.0,653379.0
116001,2489240.64,509281.0
116002,7269213.47,1778198.0
116101,37171.0,5598.0
116102,418286.0,0.0
116103,779272.0,534460.0
116104,621926.0,138619.0
116105,61776.0,83917.0
116106,741669.0,27374.0
116107,18471.0,1837057.0
116108,72506.0,909595.0
116109,506527.0,1506699.0
116110,1851562.0,2537568.0
116111,456307.0,222942.0
116112,237774.0,114895.0
116113,166004.0,1253.0
116114,26066.0,31434.0
116115,406056.0,831177.0
116116,80261.05,101282.0
116117,154264.0,32280.0
116201,20199243.0,305216.0
116202,9172810.0,166486.0
116203,47916004.0,10782180.0
116204,5494109.0,5353395.0
116205,1006042.0,357984.0
116206,1114066.0,28953.0
116207,247583.0,49485.0
116208,242311.0,75823.0
116209,271850.0,7226.0
116210,578642.0,48012.0
116211,4142848.0,293193.0
116212,61425.0,60253.0
116213,0.0,7663.0
116214,178269.0,43865.0
116215,327711.0,32522.0
116216,38726.0,1271.0
116217,2985760.0,1302011.0
116301,877951.61,2192437.0
116302,373407.25,523793.0
116303,3624.0,89045.0
116304,83317.0,186075.0
116305,344062.98,256346.0
116306,132742.46,77714.0
116307,495608.09,110315.0
116308,27091.0,0.0
116309,706495.12,344730.0
116310,338584.96,11241.0
126401,0.0,394108.0
126402,183706.66,1971098.0
126403,594721.0,528927.0
126404,1367239.0,493203.0
126405,41276.13,95787.0
126406,236792.02,41031.0
126502,1182.0,0.0
126504,11941.0,0.0
126505,290095.0,39311.0
126506,165170.0,28442.0
126507,3802.0,0.0
126601,54267.77,142678.0
126701,0.0,155200.0
126702,11887.03,311137.0
126704,122898.59,0.0
136801,2432.38,0.0
136802,56498.65,183909.0
136804,999670.86,266853.0
136805,82452.02,106480.0
136806,8588.78,81087.0
136807,0.0,59905.0
136808,20239.67,2429.0
136809,14383.13,35669.0
136810,17184.41,13945.0
136811,3703.3,741163.0
136812,2403.0,213220.0
136813,2330.69,41990.0
136814,0.0,318574.0
136815,24865.0,38114.0
136901,13744.46,11545.0
136902,4252.57,150112.0
136903,43738.01,174142.0
136904,0.0,14054.0
136907,4271.84,160644.0
136908,4984.42,1296725.0
136909,31347.29,16951.0
136910,26004.56,274517.0
136911,10343.38,68616.0
136912,4469.95,76020.0
136913,18512.16,26259.0
136914,318973.31,4238.0
137001,0.0,8084.0
137002,0.0,78490.0
137003,0.0,35202.0
137004,0.0,482733.0
137005,15983.27,115768.0
137006,78464.44,0.0
137007,108521.79,167212.0
137009,102354.3,773331.0
137010,15777.93,504217.0
137011,16237575.38,4207023.0
137012,0.0,19595.0
137013,345842.68,62556.0
137014,78117.0,0.0
137015,24028.0,2211.0
137016,2424.86,74895.0
137017,0.0,13958.0
137018,31816.66,15336.0
137019,97058.47,1075006.0
137020,54277.1,237880.0
147102,4361412.94,4129935.0
147103,7250.0,319265.0
147104,10823.0,0.0
147105,7798.0,49256.0
147106,668157.0,131043.0
147108,6053539.0,4592.0
147110,0.0,1121686.0
147113,442432.0,172533.0
147114,2237.0,8329.0
147116,45465.0,45567.0
147117,1145128.0,27401.0
147118,1582564.0,0.0
157201,10538721.54,0.0
157202,978655.23,7221775.0
157204,1737059.09,19685.0
157205,1830.77,1646239.0
157206,317206.82,0.0
157207,5293589.84,0.0
157208,3651998.67,12352835.0
157209,775996.18,1230528.0
157210,2969544.23,1919394.0
157211,83036.99,126838.0
157212,768769.19,15864.0
157213,4869.82,2265338.0
157214,431330.46,3999833.0
157215,42202.24,839864.0
157216,3093109.46,812426.0
157217,218451.86,675423.0
157218,37085.61,71672.0
157219,1090519.99,8155446.0
157220,146879.59,810121.0
157221,928295.17,3245.0
157222,19455.54,925857.0
157223,719722.19,531879.0
157224,0.0,31386.0
157225,4015.47,2297557.0
157226,296373.78,505126.0
157228,37271.06,364349.0
157229,22917.56,9730.0
157301,65172.43,0.0
157302,40807.74,192177.0
157303,80730.31,16651.0
157304,135560.25,3508352.0
157305,148353.2,3240.0
157306,10561555.67,1904664.0
157307,3314355.03,2050640.0
157308,242581.72,1042199.0
157309,881765.7,419132.0
157310,290812.67,323929.0
157311,929760.61,77871.0
157312,616509.12,930311.0
157313,1396.56,19050.0
157314,164132.96,173429.0
157315,97681.39,61535.0
157317,117494.27,0.0
157318,663605.67,207916.0
157319,12454.8,17517.0
157320,123999.94,73238.0
157321,381288.05,106458.0
157322,18118.56,36742.0
157323,956445.62,157748.0
157324,72422.0,80239.0
157325,83177.85,59861.0
157326,4170192.83,699545.0
157403,3963358.66,2530324.0
157404,62035.68,2993343.0
157405,0.0,8688.0
157407,241749.4,500243.0
157408,340038.03,160415.0
157409,87202.0,333231.0
157410,392268.22,117181.0
157411,434599.17,121391.0
157412,6179.0,8570.0
157413,1647933.64,7372.0
157414,6833.26,19351.0
157415,15738.0,11394.0
157416,2199.0,0.0
157418,5137.0,72987.0
157419,112105.81,1915849.0
157502,0.0,191677.0
157505,0.0,112510.0
157506,0.0,113521.0
157507,17860.0,11787.0
157508,0.0,14300.0
157601,3981692.84,7997406.0
157602,0.0,1421546.0
157604,152715.73,397316.0
157605,180394.14,15339.0
157606,258297.83,1300598.0
157607,1335066.05,441732.0
157608,10184.5,40712.0
157609,6591.17,0.0
157610,23807.63,364720.0
157612,0.0,24956.0
157614,240775.29,222390.0
157615,405896.1,44321.0
157616,320897.28,293539.0
157801,1340064.5,805163.0
157803,2245.79,0.0
157901,651769.03,886811.0
157904,5646.52,0.0
157905,0.0,220084.0
157907,0.0,11040.0
158001,0.0,80889.0
158003,7122.61,8645.0
158004,0.0,2520.0
158007,1041.0,0.0
158101,40308.0,74661.0
158102,0.0,20237.0
158103,0.0,23201.0
158104,0.0,295645.0
158105,0.0,608733.0
158107,0.0,2272.0
158108,0.0,10218.0
158109,0.0,1392.0
158110,0.0,63077.0
158111,0.0,148130.0
158112,0.0,61778.0
158113,13120.0,0.0
158201,152715.14,129151.0
158202,15249.86,123277.0
158203,15112.0,36861.0
158204,15059.29,15344.0
158205,239713.37,53969.0
158206,2345.0,98766.0
158207,395217.0,245812.0
158208,82662.0,86377.0
158209,111760.0,34907.0
158211,38996.0,31329.0
158212,91766.0,0.0
158213,37400.0,22853.0
158214,378470.99,4912.0
158215,228004.45,35652.0
158301,53464.51,145364.0
158302,615123.37,180689.0
158303,154122.39,21265.0
158304,741641.21,105997.0
158305,205999.03,13545.0
158306,32818.59,9280.0
158307,39525.0,0.0
158308,487740.08,119063.0
158309,39588.38,61276.0
158310,0.0,24438.0
158311,603446.14,914874.0
168401,2670.0,0.0
168402,84925.59,263983.0
168403,73646.0,65021.0
168404,25626.51,0.0
168405,0.0,102880.0
168406,8943138.0,127843.0
168407,670282.62,144998.0
168408,1185317.82,2735069.0
168409,913192.0,2258719.0
168410,460905.0,25115.0
168411,7474.0,188682.0
168412,240236.0,142228.0
168413,1111402.57,2011146.0
168414,1060064.63,5050171.0
168415,4277316.6,1531776.0
168416,506423.0,44434.0
168417,1047279.41,7337.0
168418,6854848.31,4458456.0
168419,2332545.89,3747495.0
168420,34312.0,0.0
168421,1683140.16,3182874.0
168422,224080.0,5403093.0
168423,421355.4,91917.0
168424,439214.64,702995.0
168425,76992.6,103824.0
168426,1195906.83,181463.0
168427,1150681.1,839416.0
168428,1964547.62,429016.0
168429,3942557.23,5100165.0
168430,1888841.0,993810.0
168431,939632.3,1766745.0
168432,72519.34,928564.0
168433,0.0,2882938.0
168434,0.0,27647.0
168435,0.0,12000.0
168436,10914.84,5541333.0
168437,2665.0,1505486.0
168438,267693.0,391264.0
168439,0.0,295364.0
168440,24844.0,0.0
168441,490754.0,87217.0
168442,4776.0,211350.0
168443,276943.0,1154638.0
168444,532319.0,4990.0
168445,199797.0,155930.0
168446,878451.78,1170.0
168447,248816.0,367215.0
168448,448586.0,794283.0
168450,1431428.43,65762.0
168451,1468235.35,493183.0
168452,605028.0,1701409.0
168453,25674.92,6472.0
168454,8225.91,5817.0
168455,52118.98,438675.0
168456,0.0,94105.0
168457,170705.0,25900.0
168458,1065559.67,18732.0
168459,129548.85,2552308.0
168460,43696.0,492435.0
168461,7276.57,90891.0
168462,364533.54,766501.0
168463,4045.0,0.0
168464,0.0,238462.0
168465,1965.93,81218.0
168466,108919.0,130971.0
168467,21561.0,435606.0
168468,23354.0,20977.0
168469,10918.19,0.0
168470,210009.35,930057.0
168471,30797681.0,5250967.0
168472,302739.0,38306.0
168473,7073976.0,2341642.0
168474,383847.98,495504.0
168475,390863.0,1683.0
168477,836412.33,4103439.0
168478,8266.0,189703.0
168479,2253090.0,2558248.0
168480,2406726.71,498093.0
168481,1352194.0,2312775.0
168482,1613414.0,1440816.0
168483,155904.49,592429.0
168484,99908.0,45408.0
168485,41907.0,808524.0
168501,969884.19,2313834.0
168502,2239939.0,7219675.0
168503,3485.0,177086.0
168504,20188981.73,4498102.0
168505,687866.74,8452514.0
168506,556467.78,76144.0
168507,4629043.96,3245921.0
168508,9878379.0,161873.0
168509,366093.08,736324.0
168510,0.0,18740.0
168511,184249.0,65122.0
168512,654209.0,47580.0
168513,41086.48,375088.0
168514,1068.0,827723.0
168515,350022.0,361703.0
168516,1627649.36,1491691.0
168517,6720760.0,4579475.0
168518,1155506.0,1233391.0
168519,208181.0,59938.0
168520,208400.0,1329269.0
168521,4802857.0,383524.0
168522,2458927.0,1231225.0
168523,2051725.43,88031.0
168524,760472.0,269913.0
168525,14131387.0,588287.0
168526,248436.0,259813.0
168527,2292646.42,3124324.0
168528,5771936.17,6654550.0
168529,20207691.0,9170755.0
168530,10095.0,82822.0
168531,9441517.0,271376.0
168532,3069982.0,500700.0
168533,262299.0,138724.0
168534,2769363.0,1126372.0
168535,649931.0,272849.0
168536,1650596.0,3995803.0
168537,492904.0,1850114.0
168538,546306.0,731570.0
168539,1279452.25,2242663.0
168540,24926944.52,1104761.0
168541,3017852.0,2913570.0
168542,25701509.0,4224573.0
168543,2527258.0,2257832.0
168544,18670933.27,8779702.0
168545,6219.17,1862130.0
168546,6381.61,15764.0
168547,100133.0,2708697.0
168548,61250.0,85823.0
178602,0.0,644000.0
178603,0.0,2036000.0
178605,0.0,4564992.0
178606,7439.51,116000.0
178607,31498.52,258606.0
178609,1462066.85,194515.0
178701,44045.94,5530224.0
178702,8406422.85,15368869.0
178703,31240145.61,77171074.0
178704,17820472.16,23362615.0
178705,708407.55,4406845.0
178706,2721.25,56500.0
178707,4845.68,5717.0
178708,6482311.64,3002381.0
178709,141382.46,14400.0
178711,306045.51,1580321.0
178712,50311.33,718214.0
178713,0.0,20470.0
178714,171687.55,63227.0
178715,0.0,1840.0
178716,2496044.19,893986.0
178803,8666.0,416686.0
178804,1452.0,0.0
178805,2089.0,0.0
178901,51127158.69,675474.0
178902,7659.24,143809.0
178903,221839.0,70000.0
178904,0.0,87700.0
178906,0.0,3735.0
178907,11178.5,0.0
178908,204590.2,0.0
189001,2125533.0,2707825.0
189002,253767.0,111920.0
189003,406075.0,80079.0
189004,79502.0,44557.0
189005,44697.0,14492.0
189006,983844.0,61152.0
189007,26610.0,133089.0
189008,20250.0,12784.0
189009,1393189.0,463301.0
189010,56499.0,87016.0
189011,0.0,45485.0
189013,2070630.0,61880.0
189014,32258.0,413127.0
189015,11335.0,37376.0
189016,3616.0,5334.0
189017,33173.0,155853.0
189018,2597803.18,2641635.0
189019,38417.0,308378.0
189020,0.0,248074.0
189021,13437.0,161014.0
189022,379991.0,264301.0
189023,56410.0,1883.0
189024,0.0,246140.0
189025,76904.0,152927.0
189026,299191.0,479803.0
189027,27386.0,958906.0
189028,12269.0,23040.0
189029,18695.0,6005.0
189030,276150.0,1214458.0
189031,118258.0,1797830.0
189032,292293.0,684111.0
189033,22999.0,55859.0
189101,123417.0,562871.0
189102,484008.0,815740.0
189103,9658.75,17270.0
189105,15684.91,111862.0
189106,25948.0,0.0
189107,9014.0,10003.0
189108,0.0,45173.0
189109,0.0,22776.0
189111,44513.0,8393.0
189113,105116.0,218338.0
189114,131609.0,253326.0
189201,1731321.04,3135.0
189202,284353.0,19171.0
189204,43650.0,20708.0
189205,0.0,76601.0
189206,42739.0,18328.0
189207,530445.0,117860.0
189208,2257.0,0.0
189209,181002.0,395638.0
199303,0.0,97200.0
199305,0.0,35850.0
199306,1380.0,18750.0
209401,227618.27,468867.0
209402,3515.0,282505.0
209403,841970.3,1750013.0
209404,8810.56,1334148.0
209405,505236.17,1141408.0
209406,17383.78,1020736.0
209501,137815.67,10471.0
209502,1278.0,4083.0
209503,473819.28,318011.0
209504,85507.44,136609.0
209505,3206.0,22069.0
209506,216504.14,930669.0
209507,528563.0,75309.0
209508,11870.0,8168.0
209601,119981.03,16737.0
209602,307118.0,0.0
209603,426665.22,93739.0
209605,13203.0,1155.0
209606,552766.0,2251503.0
209607,685806.0,1039676.0
209608,522289.72,279532.0
209609,115241.38,8674.0
209610,9072.21,0.0
209611,113193.0,7215.0
209612,22364.0,27055.0
209613,152566.0,137264.0
209615,428854.34,14996.0
209616,31261.0,0.0
209617,9965.7,259145.0
209618,19710.0,0.0
219701,131580.46,0.0
219703,1500.0,0.0
219704,45233.0,3296.0
219706,0.0,3760.0
