010101,0.0,6000.0
010102,0.0,91800.0
010103,0.0,343673.0
010104,0.0,3040.0
010106,0.0,1405.0
010202,0.0,1847690.0
010203,0.0,39757358.0
010204,0.0,9122.0
010206,0.0,69962.0
010207,0.0,1128343.0
010208,0.0,1581.0
010301,0.0,11147.0
010302,1036.0,1309.0
010303,2796592.1,2045031.0
010304,0.0,98337.0
010305,923575.0,11793236.0
010306,602906.13,554450.0
010307,26183082.86,1555387.0
010401,0.0,1341140.0
010402,0.0,1316322.0
010404,0.0,488821.0
010405,0.0,944575.0
010406,0.0,163196.0
010407,0.0,631349.0
010505,0.0,3178828.0
010507,0.0,6065.0
010508,63956.0,9482.0
010510,41000.0,0.0
010511,32060.49,0.0
020601,0.0,1433229.0
020602,0.0,33290.0
020604,0.0,18444.0
020701,0.0,25646.0
020702,1017.57,78720.0
020703,95192.06,2066253.0
020704,10754.81,141133.0
020706,0.0,11964.0
020709,257816.37,298732.0
020710,0.0,9000.0
020711,936804.68,301341.0
020712,1326761.0,8469304.0
020713,260966.78,341524.0
020801,0.0,3000.0
020802,3464575.0,774720.0
020803,0.0,2385.0
020804,0.0,2178.0
020805,0.0,180879.0
020806,0.0,6095.0
020807,0.0,10400.0
020808,0.0,1611972.0
020809,0.0,14400.0
020810,291053.97,8000.0
020811,0.0,30780.0
020813,0.0,52852.0
020901,2671.82,15793326.0
020902,88712.2,0.0
020904,0.0,1660890.0
020905,0.0,41680.0
020909,0.0,36779.0
021002,0.0,358135.0
021003,1800.73,7593.0
021005,0.0,12946730.0
021006,51741.26,25858211.0
021007,0.0,1320.0
021008,0.0,559876.0
021101,0.0,35305525.0
021104,0.0,3137.0
021106,0.0,50734.0
021107,0.0,469235.0
021108,434919.72,136366.0
021201,0.0,15244796.0
021202,0.0,243862.0
021206,0.0,61869.0
021207,1941660.67,107894.0
021209,188522.0,58293.0
021210,0.0,3000.0
021211,1055157.0,3983781.0
021212,389209.25,54240.0
021214,0.0,28157.0
021301,118693.42,18157.0
021302,363175.0,122360.0
021401,345435.0,2800.0
021404,43674.86,688987.0
031504,0.0,88512.0
031505,0.0,2492.0
031507,0.0,30214988.0
031508,0.0,12352.0
031509,0.0,5693.0
031511,0.0,15649.0
031513,0.0,6600.0
031515,16500.0,1549936.0
031517,0.0,107281.0
031518,165455.79,7640.0
031519,10003.05,19646.0
031520,0.0,472013.0
031521,0.0,348824.0
031522,0.0,10100.0
041601,0.0,447185.0
041602,0.0,158743.0
041604,59035.4,1068284.0
041605,1299341.0,34829056.0
041701,0.0,185444.0
041702,13678.26,365319.0
041703,0.0,22853.0
041704,0.0,1319663.0
041805,0.0,35688.0
041806,0.0,949061.0
041901,4444.19,10953.0
041902,15380.05,1067957.0
041903,1847.78,15600.0
041904,37556.43,205411.0
041905,19739.99,2221178.0
042001,2237.33,12263.0
042002,0.0,150868.0
042003,1181.32,0.0
042005,6583.43,197850.0
042007,0.0,3303.0
042008,0.0,537833.0
042009,75107.37,1886992.0
042101,169181.0,934574.0
042102,0.0,187408.0
042103,35729.64,318634.0
042104,11816.48,10307.0
042105,0.0,6120.0
042106,54325.36,762715.0
042201,3964.71,10296.0
042202,70967.6,1121389.0
042203,0.0,2043672.0
042204,0.0,462236.0
042205,0.0,4320.0
042206,6816.79,35598.0
042207,0.0,4024019.0
042208,19147.0,1331808.0
042301,0.0,615250.0
042302,0.0,31283.0
042304,13370.89,3153610.0
042309,35606.14,847820.0
042401,0.0,7076493.0
042402,144750.0,9551638.0
042403,0.0,4777453.0
052501,0.0,1809691.0
052502,299491.5,0.0
052503,0.0,65681.0
052504,3040978.59,0.0
052506,52292.59,0.0
052507,29676.56,3660.0
052508,0.0,33400.0
052512,0.0,10585.0
052513,0.0,6055.0
052515,0.0,27894.0
052516,12492.86,168890.0
052517,2171.18,0.0
052518,20667.52,0.0
052519,5823996.73,77762.0
052520,0.0,43172.0
052522,0.0,36305.0
052523,23510.47,3218023.0
052524,0.0,413347.0
052525,0.0,5060.0
052526,2023782.41,0.0
052528,0.0,90033.0
052529,78229.53,0.0
052530,37575.79,77303.0
052601,68546294.37,10328489.0
052602,0.0,14520.0
052603,1270684.23,0.0
052604,23207.03,0.0
052606,39227.66,0.0
052607,9403541.45,2571228.0
052608,46340487.48,45178812.0
052610,0.0,30745.0
052611,892049.0,0.0
052612,7155.71,0.0
052613,6723233.0,0.0
052614,647365.94,0.0
052615,622823.44,0.0
052616,16353296.0,0.0
052620,112527.25,0.0
052621,0.0,106852.0
052701,145054140.99,19993967.0
052702,35885.19,0.0
052703,0.0,118336.0
052704,0.0,1042858.0
052706,11745.77,0.0
052707,12631.98,6223.0
052708,0.0,1962648.0
052709,0.0,281979334.0
052710,89629664.61,682302667.0
052711,2470605.55,600150.0
052712,232593.67,121715.0
052713,0.0,819098.0
052714,0.0,1400.0
052716,4756646.0,203239.0
062801,0.0,1326.0
062802,0.0,313606.0
062803,228076.73,1638384.0
062804,2316097.19,576070.0
062805,0.0,42500.0
062807,1471231.58,46000.0
062808,177985.09,1033.0
062809,18508.39,59293.0
062810,0.0,45728.0
062811,77663.31,103656.0
062814,4578.17,0.0
062815,840601.57,785175.0
062817,50188.74,77210.0
062818,0.0,10355556.0
062819,0.0,170498.0
062820,0.0,20447.0
062821,0.0,10731.0
062822,0.0,12652.0
062823,318665.46,33572.0
062824,0.0,59619.0
062825,2280311.89,2008967.0
062826,0.0,826812.0
062827,0.0,776727.0
062828,0.0,176175.0
062829,0.0,13253.0
062830,0.0,21208.0
062831,0.0,2960.0
062832,0.0,8265.0
062833,57775.99,188106.0
062834,0.0,22819.0
062835,19990.24,605395.0
062836,425303.06,6702234.0
062837,292670.77,0.0
062839,4502.86,34196.0
062840,0.0,32803.0
062841,6300.0,82002.0
062842,0.0,28944.0
062843,267460.0,4313.0
062845,0.0,1880.0
062847,26594.22,6592.0
062849,74811.0,0.0
062850,1342.0,1303.0
062851,0.0,5518.0
062901,1175434.13,12385015.0
062902,90530.25,2418863.0
062903,108457.24,2529.0
062904,286234.61,583882.0
062905,324638.53,14186474.0
062906,0.0,138567.0
062907,52592.87,249447.0
062908,13929.0,241905.0
062909,0.0,11867.0
062910,162328.21,16816.0
062911,0.0,11400.0
062912,0.0,266969.0
062913,0.0,5400.0
062914,1273030.88,609274.0
062915,116723.85,2593771.0
062916,1372259.73,1981389.0
062917,4990481.67,3798774.0
062918,259568.58,255350.0
062919,0.0,3080.0
062920,0.0,50533.0
062921,252918.94,476179.0
062922,723268.6,3128524.0
062923,61701.41,96537.0
062924,650322.0,194729.0
062925,25216.66,18967.0
062926,1056.0,76394.0
062927,127313.0,16344.0
062929,11248950.16,575627.0
062930,21837.97,215173.0
062931,101922.0,104909.0
062932,101096.0,63380.0
062933,1600283.0,2136179.0
062934,480481.0,559275.0
062935,7234.0,114872.0
062936,774138.0,48150.0
062937,63787.0,34433.0
062938,0.0,6280.0
062939,5338.0,32750.0
062940,77776.93,0.0
062941,1623255.0,1659631.0
062942,1569551.0,5513741.0
063001,0.0,1545.0
063002,5068119.0,166210.0
063003,0.0,106236.0
063004,2689552.0,15386403.0
063005,15032.0,187447.0
063006,150010.0,1247978.0
063102,3731737.02,8684310.0
063103,0.0,17786.0
063104,0.0,41420.0
063105,378445.88,214950.0
063201,0.0,16449.0
063202,1198.68,0.0
063203,10955.0,102681.0
063204,762330.64,1518681.0
063206,522617.19,1349040.0
063207,38454.0,4446.0
063208,44158.12,3258065.0
063209,34633.0,205985.0
063210,0.0,856900.0
063211,0.0,2680.0
063212,129595.36,33706.0
063213,12017.0,54278.0
063214,257124.52,285408.0
063215,553446.63,405876.0
063301,206971.0,354199.0
063302,0.0,501439.0
063303,0.0,38560.0
063304,68792.0,639515.0
063305,94857.0,509484.0
063306,4056.0,58635.0
063307,60590.25,138888.0
063401,0.0,4694322.0
063402,1118000.58,5161525.0
063403,93212.18,79875.0
063404,12571.16,8577.0
063405,25815.85,220953.0
063406,21695.0,93797.0
063407,5737.0,0.0
063501,1392.0,26020.0
063503,0.0,51947.0
063504,0.0,50774.0
063505,30090.66,174246.0
063506,302546.78,2160106.0
063507,0.0,147042.0
063602,4874447.19,288396.0
063603,230745.0,21000.0
063606,17009.91,11294.0
063701,12035.0,486328.0
063702,0.0,1685205.0
063703,2974.0,1938129.0
063707,609590.0,292337.0
063801,0.0,2332096.0
063802,0.0,90286.0
063805,0.0,66612.0
063806,2985.06,32748.0
063807,0.0,1549.0
063808,44509.02,1897976.0
063809,478161.54,161150.0
063810,233718.06,125913.0
063811,61746.88,506754.0
063812,282887.55,925994.0
063813,0.0,2488.0
063814,170119.31,364315.0
063815,0.0,1328004.0
063816,198487.55,4948.0
063818,623747.0,1800.0
063819,1108.98,109410.0
063820,0.0,123490.0
063822,656272.0,107594.0
063823,1550114.89,928303.0
073901,21742703.29,4247977.0
073902,3047753.73,952853.0
073903,5291203.08,1452074.0
073904,3652426.8,1292855.0
073905,701346.16,950490.0
073906,3415931.54,320493.0
073907,13430318.1,2228113.0
073908,219562.78,202748.0
073909,730823.34,326627.0
073910,514350.52,145744.0
073911,228066.62,87833.0
073912,1467295.79,657469.0
073913,0.0,12699.0
073914,10249.0,250290.0
073915,321895.21,81366.0
073916,61792.11,928530.0
073917,454482.94,5695605.0
073918,338856.51,15500094.0
073919,1669668.85,791665.0
073920,4157543.08,6556423.0
073921,2031761.61,2692949.0
073922,54668.85,165204.0
073923,867738.24,5384171.0
073924,86127.34,3728801.0
073925,18982.45,1119113.0
073926,3396019.89,4694530.0
074001,0.0,6446255.0
074002,1382044.21,3213786.0
074003,0.0,237268.0
074005,22833.09,22521.0
074006,24193.0,4375.0
074007,0.0,13094.0
074008,29761.08,242545.0
074009,141109.94,1112844.0
074010,2696003.02,5320764.0
074011,4850235.77,14649722.0
074012,2801977.38,1025453.0
074013,1012002.28,751160.0
074014,501380.0,13079.0
074015,6091.41,203300.0
074016,1056518.83,405672.0
074017,3999.0,0.0
084101,0.0,2843682.0
084103,0.0,450328.0
084104,231844.0,2479626.0
084105,0.0,31560.0
084106,0.0,40408.0
084107,38603.0,478978.0
084109,4427.0,0.0
084111,0.0,94798.0
084201,0.0,2116.0
084202,172643.0,1693053.0
084203,130828.0,345172.0
084205,6581.0,12802.0
084301,4878.0,135842.0
084302,0.0,37200.0
084303,0.0,2454154.0
084304,1992.0,209337.0
094401,15849.72,0.0
094402,8456.22,19975.0
094403,10429281.67,98303.0
094404,9134.99,0.0
094406,1495775.33,0.0
094407,6765064.92,730469.0
094408,122723.0,768143.0
094409,24856.9,987580.0
094410,86453.8,77933.0
094411,6439.05,273680.0
094412,0.0,890383.0
094413,0.0,899528.0
094414,1149.0,0.0
094415,0.0,82105.0
094417,18731.0,0.0
094418,114667.77,645664.0
094419,195676.0,124204.0
094420,0.0,119238.0
094421,323615.2,13470.0
094502,118812.23,0.0
094503,0.0,4353.0
094601,49319.0,3911.0
094602,27984.0,0.0
104701,0.0,4200.0
104703,392360.18,2928766.0
104706,3188.37,516217.0
104707,160104.43,132523.0
104801,1136085.95,1047575.0
104802,475267.77,2809769.0
104803,0.0,22259.0
104804,272954.13,522199.0
104805,31982.0,115083.0
104806,1753.34,39992.0
104807,0.0,18032.0
104808,154841.54,79642.0
104809,23543.9,71567.0
104810,6903727.74,1928039.0
104811,381940.52,446224.0
104812,1128.0,0.0
104813,0.0,625230.0
104814,10332.95,577067.0
104816,119654.29,121704.0
104818,343006.78,334847.0
104819,30800.17,5783633.0
104820,41049.17,562695.0
104821,48327.0,210868.0
104822,0.0,37954.0
104823,102730.81,322289.0
104901,4746432.1,116677.0
104902,1123.95,60135.0
104903,15677.53,0.0
104907,11444.0,9461.0
104908,268390.0,0.0
104909,0.0,1373.0
104910,6332.0,13823.0
104911,783941.54,2080160.0
115001,3201.0,0.0
115002,2157421.0,0.0
115003,1071789.0,0.0
115007,77589.0,224244.0
115105,1077.0,0.0
115106,0.0,20088.0
115107,0.0,456213.0
115108,0.0,7896.0
115109,0.0,36580.0
115111,19189.0,2949774.0
115112,50555.0,1879469.0
115113,0.0,23659.0
115201,0.0,21407756.0
115202,0.0,16349.0
115203,14717.0,150618.0
115204,0.0,30408.0
115205,67730.87,1034875.0
115206,3790.0,236809.0
115207,10459.42,72640.0
115208,263379.0,2356838.0
115209,1199103.42,2358353.0
115210,262795.0,694676.0
115211,557102.84,231668.0
115212,53485.0,77459.0
115303,2013.34,0.0
115306,0.0,18300.0
115308,0.0,48676.0
115309,34545.0,68269.0
115310,0.0,18765.0
115311,24508.0,31220.0
115401,160786.0,90393.0
115402,2971880.4,4212613.0
115403,0.0,273350.0
115404,29935.0,268122.0
115406,3727.0,2255.0
115407,2522401.96,47282325.0
115408,168533.0,5457.0
115501,31389.75,199368.0
115502,1641872.43,0.0
115503,3055453.84,3971894.0
115504,0.0,552166.0
115505,85061.96,0.0
115506,0.0,64280.0
115507,0.0,2436.0
115508,10186.0,1369109.0
115509,830787.88,3141463.0
115510,11634.39,5695.0
115512,785403.0,1075376.0
115513,392063.0,4296762.0
115514,89290.45,5995733.0
115515,229123.0,1517095.0
115516,70139.0,278741.0
115601,79135.05,5625967.0
115602,249558.0,72514.0
115603,448969.9,1296300.0
115604,27102.0,199875.0
115605,83497.0,11982.0
115607,350903.38,709526.0
115608,125908.0,1556182.0
115609,238808.46,38627.0
115701,0.0,1632.0
115702,0.0,17217.0
115703,0.0,54214.0
115704,16239.27,17847.0
115705,45459.0,56521.0
115801,780887.0,1363004.0
115802,0.0,209019.0
115804,507523.0,799207.0
115806,152701.0,795437.0
115807,60848.0,548738.0
115808,66063.0,62721.0
115809,59472.0,28403.0
115810,751521.0,802670.0
115811,20992.0,47240.0
115901,205004.15,38302.0
115902,275739.23,2268021.0
115903,660037.42,3230700.0
115905,0.0,2902.0
115906,38709.0,119978.0
115907,542483.0,138316.0
115909,0.0,35568.0
115910,591371.0,850098.0
115911,133986.0,529356.0
116001,204860.0,3288701.0
116002,2532970.0,3900725.0
116101,7115.0,52397.0
116102,50388.0,70442.0
116103,291904.0,4403161.0
116104,1237464.0,1613213.0
116105,19841.0,850426.0
116106,3000.0,18705.0
116107,0.0,350712.0
116108,6980.0,4192816.0
116109,594610.0,5940913.0
116110,4147737.0,2204185.0
116111,7393.0,218256.0
116112,533866.0,138613.0
116113,2022.0,0.0
116114,0.0,2392.0
116115,56092.0,2946393.0
116116,768237.0,1191920.0
116117,92879.0,541543.0
116201,10076704.0,2435270.0
116202,22868309.0,135738.0
116203,19859318.0,196057.0
116204,21315441.0,263825.0
116205,622674.0,45595.0
116206,1118404.0,13757.0
116207,16076.0,73734.0
116208,4759.0,42061.0
116209,103169.0,57415.0
116210,836811.0,21700.0
116211,2369614.0,308540.0
116212,3484.0,252733.0
116213,2593.23,20018.0
116214,1108.0,345097.0
116215,25251.0,1664.0
116216,8207.0,23434.0
116217,380135.0,377858.0
116301,297571.27,2105420.0
116302,50049.0,621962.0
116303,3349.0,165949.0
116304,950418.0,35426.0
116305,0.0,6134458.0
116306,211751.81,263872.0
116307,46649.0,237540.0
116309,5593439.35,3113813.0
116310,158869.64,0.0
126401,13314.0,794533.0
126402,35002.0,1846851.0
126403,148532.0,2057551.0
126404,33717.0,795219.0
126405,72871.0,1780678.0
126406,5599.0,662843.0
126504,0.0,28280.0
126505,241830.0,178352.0
126506,59097.0,476598.0
126507,12631.0,1377.0
126601,0.0,749124.0
126701,0.0,10185.0
126702,118127.0,295476.0
126703,42788.0,0.0
126704,39170.0,5000.0
136802,68886.52,3586172.0
136803,0.0,3881.0
136804,685396.48,120217.0
136805,1404640.71,16792.0
136806,21942.44,335161.0
136807,11879.56,311052.0
136808,0.0,18556.0
136809,0.0,429633.0
136810,2719.67,437309.0
136811,0.0,587939.0
136812,3042.4,203594.0
136813,94639.8,8201.0
136814,0.0,65640.0
136815,82782.12,18296.0
136901,0.0,43315.0
136902,57847.7,561220.0
136903,56412.7,51889.0
136904,0.0,139131.0
136906,0.0,139923.0
136907,0.0,704741.0
136908,11111.11,7931215.0
136909,2035.0,12012.0
136910,53074.43,410362.0
136911,38678.09,521175.0
136912,0.0,38222.0
136913,18957.0,8635.0
136914,279551.69,44349.0
137001,4186.9,0.0
137002,103691.87,55281.0
137003,0.0,23669.0
137004,0.0,412798.0
137005,5407558.7,327264.0
137006,0.0,2296.0
137007,30651.63,125866.0
137008,0.0,45206.0
137009,63134.61,1214497.0
137010,90652.65,365896.0
137013,21672.79,960186.0
137014,0.0,1582.0
137016,0.0,281737.0
137017,0.0,42253.0
137018,543819.15,103839.0
137019,207854.29,355247.0
137020,1997883.0,68408.0
147103,55218.0,101528.0
147104,13818.0,0.0
147105,54378.0,0.0
147106,1595378.0,0.0
147108,15741127.0,0.0
147112,0.0,32820613.0
147113,6890.0,0.0
147114,6453.0,0.0
147115,186420.0,0.0
147116,0.0,1352.0
147117,227355.0,19230.0
157201,20689534.74,11332421.0
157202,13371252.82,3624883.0
157203,307574.25,0.0
157204,6577455.46,1838405.0
157205,0.0,7157.0
157207,7357616.12,0.0
157208,26073920.23,8433550.0
157209,5909941.72,1958516.0
157210,22490523.11,6949245.0
157211,11714.69,242647.0
157212,351815.62,502036.0
157213,0.0,654990.0
157214,625695.92,1377390.0
157215,213805.46,142637.0
157216,1960223.45,1876120.0
157217,78682.59,617197.0
157219,1857906.85,13342504.0
157220,196739.54,328198.0
157221,115545.36,2713.0
157222,74099.0,2136435.0
157223,392766.83,103088.0
157225,431801.67,2238870.0
157226,119483.8,73088.0
157227,60626.65,35134.0
157228,163247.66,1842749.0
157229,535533.42,144000.0
157301,0.0,6492.0
157302,53546.25,688532.0
157303,135129.78,54603.0
157304,6942911.51,5480835.0
157305,120713.0,16622.0
157306,5253134.98,2603967.0
157307,3916445.14,1094750.0
157308,5222344.28,5247880.0
157309,129531.0,363221.0
157310,587388.75,573240.0
157311,169534.82,679836.0
157312,3309107.47,5936554.0
157313,3788.44,11241.0
157314,21523.74,388794.0
157315,84625.81,204866.0
157317,3396.35,111098.0
157318,2269480.98,114728.0
157319,62413.97,7691.0
157320,1687444.82,315734.0
157321,29324.36,2003761.0
157322,6340.0,398363.0
157323,208916.58,4968684.0
157324,58846.15,287740.0
157325,64531.88,348477.0
157326,2486955.23,553302.0
157403,1720329.55,3309094.0
157404,0.0,1854328.0
157405,927113.0,6504.0
157406,0.0,1250.0
157407,30159.0,533205.0
157408,182241.85,63430.0
157409,91953.0,418784.0
157410,100631.0,150450.0
157411,411597.94,113377.0
157412,20953.0,3074.0
157415,3590.0,0.0
157418,0.0,8000.0
157419,21384.0,97117.0
157501,10224.0,0.0
157502,7383646.0,0.0
157505,0.0,37204.0
157506,360000.0,1201415.0
157507,1304.0,80828.0
157508,22219.0,35912.0
157601,14741282.15,431171.0
157602,9065.24,805349.0
157604,77526.0,2017995.0
157605,2522.0,12050.0
157606,721363.82,1831956.0
157607,1332630.79,974218.0
157608,52969.0,48910.0
157609,0.0,13136.0
157610,73815.0,731857.0
157611,0.0,1760.0
157612,213945.28,69175.0
157613,0.0,8922.0
157614,9220.0,923300.0
157615,299758.0,182138.0
157616,354514.0,39580.0
157801,2636792.67,1567.0
157802,0.0,14114.0
157806,27990.0,1400.0
157901,14276704.87,0.0
157902,43366.99,0.0
157903,59927.96,0.0
157904,0.0,7800.0
157905,0.0,3088.0
157907,13103.32,27188.0
158001,0.0,188293.0
158007,15411.0,0.0
158101,167449.0,21163.0
158102,0.0,35956.0
158104,0.0,9316.0
158105,0.0,92341.0
158106,74254.0,0.0
158107,10841.56,0.0
158108,10977.0,141345.0
158109,15999.0,106282.0
158111,0.0,27902.0
158112,0.0,5175.0
158113,11473.0,40996.0
158201,113386.1,67568.0
158202,244285.0,199115.0
158203,33999.0,8560.0
158204,26671.0,0.0
158205,52034.0,607812.0
158206,15883.0,83896.0
158207,1403304.0,280085.0
158208,64926.0,81731.0
158209,146667.0,28666.0
158210,2689.0,106404.0
158211,9562.0,41137.0
158212,69540.0,56141.0
158213,12541.0,34214.0
158214,370627.0,23125.0
158215,34091.0,90557.0
158301,758658.0,697790.0
158302,2289550.65,1067176.0
158303,694653.28,85992.0
158304,1354.0,470587.0
158305,41620.36,7713.0
158306,1787.0,85673.0
158307,7373.0,4155.0
158308,214437.0,278303.0
158309,0.0,347942.0
158310,366317.0,4750.0
158311,1776952.19,1453190.0
168402,0.0,216112.0
168403,106119.0,24295.0
168404,58005.0,249328.0
168405,0.0,651539.0
168406,63765.0,92038.0
168407,875342.0,135972.0
168408,4324546.0,1858954.0
168409,2505096.0,1165734.0
168410,33874.0,124678.0
168411,404538.0,7085.0
168412,533579.0,104518.0
168413,2078286.0,6418583.0
168414,6065989.61,12007571.0
168415,4879742.0,1636360.0
168416,3000.0,300048.0
168417,173000.0,1826856.0
168418,3115807.42,16017772.0
168419,2215440.0,2423363.0
168420,54842.0,879442.0
168421,18413279.0,3412457.0
168422,564203.0,1707829.0
168423,101606.0,575198.0
168424,225099.0,731002.0
168425,307093.0,246032.0
168426,383134.48,885224.0
168427,2425792.6,616707.0
168428,1382923.0,1528351.0
168429,9079244.25,10416405.0
168430,191415.0,2219290.0
168431,9122690.64,3501222.0
168432,88523.0,248312.0
168433,18096.0,804811.0
168434,98909.0,74992.0
168435,0.0,11596.0
168436,0.0,3211537.0
168437,0.0,454813.0
168438,105085.0,4822998.0
168439,57533.0,1942738.0
168440,4631.0,24206.0
168441,66500.0,129018.0
168442,79770.0,97696.0
168443,2307761.0,2904826.0
168444,94082.0,0.0
168445,126622.0,1067829.0
168446,94122.0,6920.0
168447,2178338.0,595218.0
168448,351629.0,955290.0
168450,1116727.43,2902914.0
168451,414339.0,1561477.0
168452,588252.0,1844190.0
168453,59880.0,285624.0
168454,314119.0,2617343.0
168455,282200.0,648128.0
168456,330624.0,150615.0
168457,1830164.0,16109.0
168458,2733581.0,401502.0
168459,1893301.0,140325.0
168460,2980.0,202943.0
168461,598015.0,202106.0
168462,947740.0,804454.0
168463,0.0,145615.0
168464,83202.0,1313768.0
168465,6293.0,468321.0
168466,1555608.0,153831.0
168467,131496.0,28747.0
168468,221928.0,328511.0
168469,0.0,4554.0
168470,269222.0,274062.0
168471,29054561.0,22108051.0
168472,219045.0,34119.0
168473,17193215.0,908800.0
168474,1066896.14,9255645.0
168475,1641.0,57423.0
168476,14573.0,2072.0
168477,2720523.0,4544866.0
168478,1317.0,5500.0
168479,5425136.0,5178676.0
168480,2234117.0,173491.0
168481,7501980.0,2511790.0
168482,795128.0,1516771.0
168483,1921880.0,1147868.0
168484,123226.0,211585.0
168485,561663.0,572174.0
168501,1904980.0,2441535.0
168502,15182.0,2130436.0
168503,323807.0,99483.0
168504,15297010.0,7386277.0
168505,550493.0,92377.0
168506,230361.0,1587288.0
168507,2759605.01,2409566.0
168508,26610.0,86755.0
168509,406220.0,609723.0
168510,9606.0,84257.0
168511,671475.0,306838.0
168512,2712136.0,67993.0
168513,2488.0,3613057.0
168514,690286.0,572924.0
168515,333987.0,321661.0
168516,598986.13,2817222.0
168517,11797124.0,6158082.0
168518,2308020.0,1532395.0
168519,68176.0,55829.0
168520,1265.0,0.0
168521,1117905.0,6203627.0
168522,57207.0,47043.0
168523,225578.0,786769.0
168524,556272.0,1740643.0
168525,30047254.0,3541757.0
168526,89562.0,64400.0
168527,289860.0,456897.0
168528,8582477.0,17759744.0
168529,23099917.0,933042.0
168530,428775.0,0.0
168531,879657.0,351882.0
168532,776414.0,440739.0
168533,187276.0,276897.0
168534,1226666.0,250890.0
168535,430978.0,111649.0
168536,2631278.0,889071.0
168537,20264802.0,2858577.0
168538,540540.0,2017237.0
168539,693711.0,460190.0
168540,638680.0,398251.0
168541,1441709.0,397984.0
168542,15786718.0,4048353.0
168543,1083500.0,738123.0
168544,11670608.61,6608797.0
168545,5614.0,225647.0
168546,102801.0,88621.0
168547,478810.0,96828.0
168548,3293.0,16735.0
178601,1660.0,45326.0
178602,0.0,180750.0
178603,0.0,250255.0
178606,0.0,475574.0
178607,471219.0,126964.0
178608,0.0,112323.0
178609,220397.06,39994.0
178701,1385459.93,1721696.0
178702,875973.97,4316034.0
178703,164080785.0,7810939.0
178704,9127349.73,33523285.0
178705,0.0,1776181.0
178706,50900.0,1529200.0
178707,61551.0,49944.0
178708,8127127.83,4930371.0
178709,21613.0,7723.0
178710,323155.0,0.0
178711,104663.0,640722.0
178712,1828.0,2228484.0
178713,0.0,153696.0
178714,610698.0,1778763.0
178715,44234.0,28368.0
178716,27821.2,735801.0
178802,0.0,330015.0
178803,2452854.0,980657.0
178901,5865.0,4915042.0
178902,0.0,9600.0
178903,20030.0,1353298.0
178905,0.0,51327.0
178906,0.0,28070.0
178907,8168.0,9393.0
178908,0.0,105295.0
189001,560000.0,1889302.0
189002,159891.0,307319.0
189003,50967.0,11000.0
189004,3964.0,105269.0
189005,0.0,24000.0
189006,106260.0,94656.0
189007,68723.0,9000.0
189008,11908.0,48223.0
189009,27217.0,0.0
189010,205393.0,204148.0
189011,1912.0,19500.0
189013,3405525.0,259366.0
189014,17037.0,62169.0
189015,10985.0,454759.0
189016,92021.0,31336.0
189017,65964.0,123764.0
189018,9596731.0,6426010.0
189019,98259.0,713368.0
189020,15930.0,6832.0
189021,680785.0,88392.0
189022,382979.0,2644442.0
189023,220310.0,134755.0
189024,75173.0,136499.0
189025,21669.0,109276.0
189026,73538.0,329400.0
189027,491987.0,1226889.0
189028,43760.0,1042802.0
189029,61763.0,75962.0
189030,205181.0,518214.0
189031,692667.0,654742.0
189032,2067120.0,504696.0
189033,206747.0,127844.0
189101,18455.0,0.0
189102,176966.0,223568.0
189103,0.0,187952.0
189105,3837.0,277078.0
189106,11295.0,2000.0
189107,11340.0,0.0
189109,0.0,1134.0
189114,35542.0,52331.0
189201,140695.0,253463.0
189202,78039.0,37171.0
189205,63676.0,59047.0
189206,15282.0,130114.0
189207,622375.0,706089.0
189209,342602.0,54555.0
199304,0.0,11000.0
199306,45500.0,20000.0
209401,3633721.76,815262.0
209402,31270.0,118449.0
209403,1009123.01,6247873.0
209404,127575.0,2677069.0
209405,181952.0,1623542.0
209406,33818.27,731492.0
209503,82376.69,89132.0
209504,88283.0,515782.0
209505,4694.0,19187.0
209506,388803.0,971699.0
209507,941160.0,364655.0
209508,2268.0,0.0
209601,0.0,6017.0
209602,18363.0,13072.0
209603,316595.73,428422.0
209604,176177.0,0.0
209606,92262.0,2824065.0
209607,50642.0,3741354.0
209608,187201.0,777102.0
209609,73513.0,61560.0
209610,4057.22,6273.0
209612,94714.0,6763.0
209613,9788.0,2467347.0
209614,0.0,48623.0
209615,35084.0,76610.0
209616,45380.0,47481.0
209617,0.0,324030.0
209618,0.0,8891.0
219701,760051.91,1161180.0
219702,0.0,16000.0
219703,0.0,909000.0
219704,1187.0,0.0
