010105,0.0,14760.08
010106,0.0,15044.0
010201,0.0,7573.91
010202,41247.88,73251.12
010203,0.0,9584.03
010204,0.0,22758.75
010206,0.0,147667.93
010207,7889.0,2543255.15
010210,0.0,638003.56
010301,0.0,3376.0
010302,65093.54,43017.13
010303,83807.78,61786.27
010304,1967.0,25543.83
010305,1409.0,106441.43
010306,213665.85,318997.26
010307,0.0,10413.0
010401,0.0,318003.66
010402,0.0,1437072.87
010403,0.0,190528.47
010405,0.0,169618.58
010406,0.0,418988.67
010407,0.0,114574.91
010408,0.0,2327.06
010409,0.0,22318.93
010508,0.0,1715.74
010511,0.0,1033.63
020601,0.0,10241.0
020602,1022.0,250071.5
020603,0.0,11600.0
020604,0.0,11757.0
020701,0.0,570145.73
020702,0.0,78129.42
020703,1598.22,485228.29
020704,0.0,79441.22
020705,0.0,120575.4
020706,0.0,171075.64
020707,0.0,2986.73
020708,0.0,5584.11
020709,284512.47,289562.38
020710,0.0,13006.18
020711,0.0,4241.0
020712,2530.0,2139.25
020713,0.0,81127.64
020714,4380280.1,3151808.33
020801,80459.09,1320.0
020802,0.0,6350.47
020803,1236499.08,0.0
020804,154906.39,86555.96
020805,11343.52,9804.92
020806,0.0,308419.96
020807,1293.7,46777.64
020808,0.0,246209.18
020809,4020.71,5132.4
020810,34982.35,11644.57
020811,0.0,2607.93
020812,0.0,32558.01
020813,0.0,7424.62
020901,0.0,17224.55
020902,0.0,38150.24
020904,0.0,19306.29
020906,0.0,5772.83
020907,0.0,4751.84
020908,42757.16,1237.0
020909,0.0,4152.07
020910,442183.71,31897.75
021001,0.0,9085811.88
021005,0.0,1583672.32
021006,4476362.48,1676635.51
021008,0.0,3033.4
021101,10313078.8,66809.71
021102,3839.06,6679.25
021103,113607.57,221028.29
021104,0.0,47444.02
021105,0.0,1304.7
021106,17108.64,1108.91
021107,5333.0,145607.93
021108,31625.0,0.0
021201,0.0,833719.84
021202,0.0,32344.65
021204,0.0,5869.52
021207,0.0,1291.0
021209,0.0,64363.48
021210,2547.0,8074.0
021211,0.0,42183.73
021212,0.0,16134.49
021214,0.0,17916.0
021302,0.0,6755.0
021401,0.0,9660.0
031504,1131.0,0.0
031507,0.0,1162397.79
031509,0.0,88122.23
031512,0.0,59793.46
031515,0.0,33432.8
031516,3798.48,244298.2
031517,3743.09,1359752.94
031518,0.0,37608.0
041601,1057.0,1356675.49
041602,0.0,224536.91
041604,0.0,21171.45
041605,12345.24,39628.35
041701,57235.0,2519536.76
041702,0.0,35064.76
041703,0.0,335902.01
041704,1208.0,373148.29
041805,0.0,45728.36
041806,0.0,413548.55
041901,0.0,907307.38
041902,29399.06,95976.98
041904,0.0,641276.07
041905,6434.53,1653721.71
042001,0.0,5651.1
042002,0.0,43237.25
042003,0.0,16738.22
042004,0.0,485338.13
042005,0.0,189088.71
042006,0.0,35343.03
042007,4743.29,21042.55
042008,0.0,154398.02
042009,11962.62,347030.43
042101,0.0,214656.15
042102,0.0,281830.77
042103,11812.69,63077.51
042104,1572.72,213907.13
042105,0.0,236123.22
042106,49810.82,2359830.45
042201,102568.31,173213.33
042202,1751972.37,5048132.89
042203,1110207.99,2250643.06
042204,109696.25,477994.91
042205,0.0,39931.16
042206,0.0,128814.06
042207,1401.47,44876.06
042208,67126.72,680661.52
042209,0.0,69614.41
042301,0.0,2703.0
042302,337067.12,16378.0
042304,0.0,643829.0
042306,0.0,4358.0
042309,2970927.35,2388214.5
042401,6152.46,61565.72
042402,17245.0,2672869.0
052501,0.0,124559.48
052505,1509.0,360464.88
052506,0.0,52500.0
052508,0.0,4406.84
052512,0.0,30615.81
052515,0.0,93586.62
052516,0.0,58978.08
052517,709173.09,431477.52
052520,0.0,56012.39
052521,0.0,46422.57
052522,0.0,1190.8
052523,49276.04,2535303.54
052524,0.0,1618.34
052526,0.0,2049.58
052530,0.0,1832.82
052620,0.0,12480.0
052707,0.0,3402.0
052710,66432.47,23024898.25
052711,0.0,7120664.44
052712,0.0,3679.89
052713,0.0,60799.7
052714,117724.0,817451.88
052715,19846.29,32874.02
062801,0.0,112216.46
062804,0.0,14441.52
062806,0.0,8161.77
062807,0.0,28127.62
062811,17493.46,97498.03
062812,0.0,15677.12
062815,0.0,28151.13
062818,0.0,9097.0
062827,0.0,18491.65
062828,0.0,37304.83
062829,212059.0,0.0
062833,0.0,4106.9
062834,0.0,1135.91
062836,0.0,22549.39
062843,0.0,2277.0
062849,0.0,9678.6
062851,0.0,5887.0
062901,0.0,5841.34
062902,0.0,1596.0
062903,0.0,144162.34
062905,0.0,23439.97
062907,0.0,4666.0
062914,0.0,6052.04
062915,0.0,4340.84
062917,0.0,1520.6
062918,0.0,15740.81
062919,0.0,41376.0
062922,0.0,5296.75
062923,41843.77,1087.05
062924,0.0,208805.0
062929,0.0,78461.0
062931,0.0,17691.0
062933,0.0,3776.3
062934,0.0,2329.0
062936,0.0,201614.0
062937,0.0,66465.0
063001,0.0,1542.0
063002,0.0,157931.71
063003,0.0,19504.0
063004,9490.71,721853.3
063005,0.0,74334.64
063006,0.0,115109.12
063101,0.0,2297.15
063102,0.0,273443.27
063105,0.0,431545.94
063203,0.0,5528.0
063204,0.0,1206.0
063205,0.0,4179.0
063206,0.0,59651.93
063207,169754.0,2642.0
063208,0.0,1368782.51
063209,0.0,295251.06
063210,5055.0,1503659.93
063211,0.0,70309.14
063212,0.0,267627.15
063213,0.0,5234.0
063214,2369.03,587733.1
063215,0.0,150788.4
063301,0.0,3069.0
063302,2841.0,64383.59
063303,3661.0,88539.71
063304,1006.0,48724.56
063305,0.0,83388.82
063306,0.0,264904.04
063307,0.0,66170.37
063401,0.0,318706.31
063402,9324.42,601167.96
063403,0.0,28054.77
063404,0.0,17919.79
063405,0.0,48204.55
063406,0.0,155773.95
063407,0.0,1581.0
063501,0.0,24754.0
063503,0.0,1354.0
063505,0.0,31624.11
063506,0.0,156667.09
063507,0.0,24925.89
063601,0.0,7250.0
063602,0.0,287865.19
063603,0.0,2759.0
063604,0.0,27133.78
063605,0.0,94908.81
063606,0.0,5017.0
063701,0.0,21262.86
063702,0.0,2835.0
063703,0.0,52672.89
063704,0.0,16712.0
063706,0.0,5876.0
063707,0.0,121231.28
063802,0.0,2811.0
063805,0.0,40393.73
063807,0.0,1964.62
063808,0.0,1508776.04
063809,0.0,98616.93
063810,0.0,2173.0
063811,5251.0,61560.73
063812,0.0,8479.32
063813,0.0,21227.38
063814,0.0,211538.27
063816,0.0,65646.16
063819,0.0,93257.76
063820,0.0,53295.38
063821,0.0,1655.0
063822,1162.0,269172.59
063823,0.0,69638.29
073901,0.0,11519.58
073902,0.0,16133.0
073903,10877.14,120635.0
073904,0.0,37406.89
073905,0.0,24910.0
073907,0.0,65549.73
073909,0.0,8804.22
073910,0.0,18060.0
073911,0.0,561921.61
073916,3008.0,83985.64
073917,125638.57,305702.85
073918,0.0,145238.31
073919,3585.12,164763.04
073920,144871.71,662398.21
073921,34350.0,65616.61
073922,0.0,56531.64
073923,523151.34,1034626.86
073924,8525.48,341987.84
073925,99776.4,343237.6
073926,4819.93,192007.54
074002,0.0,3446.0
074003,0.0,1719.43
074005,0.0,1442.18
074008,5836.0,9035.0
074009,0.0,56165.65
074010,1481.0,45721.0
074011,0.0,758878.81
074012,0.0,139393.01
074013,1332.0,25839.62
074014,0.0,104189.2
074015,0.0,83635.45
074016,34645.0,117643.74
074017,0.0,36111.0
084104,0.0,30508.0
084201,0.0,14201.79
084202,0.0,52103.96
084203,1526.0,32523.74
084205,0.0,2178.24
094402,3969.49,6933.83
094403,0.0,392796.52
094404,0.0,1137.89
094407,0.0,1557918.27
094408,0.0,37321.29
094409,0.0,1783947.89
094410,0.0,1854.2
094411,0.0,90170.17
094412,1674.0,471842.26
094413,0.0,1091.03
094414,0.0,11738.8
094416,0.0,3637.0
094417,0.0,11382.47
094418,5988.0,470560.92
094419,0.0,21347.15
094420,3460.0,54629.45
094421,34335.0,197098.38
094504,0.0,6733.0
094601,0.0,16542.42
094602,0.0,28681.21
104707,42668.85,12091.0
104801,0.0,209761.71
104802,1852.0,85859.35
104803,0.0,137148.86
104804,14216.0,777784.42
104805,0.0,265951.86
104806,0.0,50403.36
104807,319039.46,1274.74
104809,0.0,5906.03
104810,0.0,60996.56
104811,0.0,92348.0
104813,0.0,5870.54
104814,0.0,5315.0
104816,0.0,4985.24
104817,0.0,85052.3
104818,5394.44,262253.58
104819,2391451.87,1611781.3
104820,0.0,224512.33
104821,0.0,553393.59
104823,0.0,148749.53
104901,14631.0,298674.48
104902,112291.0,202189.64
104903,0.0,24861.63
104904,0.0,55418.18
104905,4398.0,14506.73
104906,0.0,1063.0
104907,0.0,413553.53
104908,0.0,8234.73
104909,0.0,60099.2
104910,0.0,103395.91
104911,5037.0,114781.6
115007,0.0,28968.0
115109,0.0,5147.0
115201,0.0,2006.4
115202,0.0,4036.0
115204,0.0,9507.0
115207,0.0,15044.12
115208,0.0,249472.09
115209,0.0,16121.16
115210,0.0,9152.0
115211,0.0,10298.0
115212,0.0,1997.0
115307,0.0,4537.0
115401,0.0,7320.0
115402,0.0,2654.01
115403,0.0,8878.94
115406,0.0,1969.0
115407,0.0,130284.18
115503,0.0,4658.0
115504,0.0,6580.0
115509,0.0,11012.9
115512,0.0,8771.96
115513,0.0,39817.68
115514,0.0,4283.93
115515,0.0,22512.05
115516,0.0,11010.0
115601,0.0,71523.64
115602,0.0,2948.0
115603,0.0,2333.0
115604,0.0,3395.78
115607,1642.0,76747.04
115608,0.0,111522.53
115609,1989.0,92490.98
115701,0.0,6903.0
115702,0.0,71203.1
115703,0.0,27267.93
115704,0.0,6917.02
115705,0.0,187433.48
115801,0.0,7602.0
115802,0.0,2976.36
115804,0.0,27195.0
115805,0.0,1775.0
115806,0.0,37004.0
115807,0.0,12757.0
115808,0.0,18110.0
115810,0.0,5150.0
115811,0.0,10665.0
115901,1006.0,1265.0
115902,0.0,1170.0
115903,0.0,43544.0
115906,0.0,25817.0
115907,0.0,11249.0
115909,0.0,1437.0
115910,0.0,2012.0
115911,0.0,4353.0
116001,0.0,6585.0
116002,0.0,43954.0
116101,0.0,12397.0
116103,1209.0,5358.0
116104,0.0,26151.0
116105,0.0,8776.48
116106,0.0,28763.15
116107,0.0,7631.0
116108,0.0,44759.0
116109,57631.0,535891.71
116110,0.0,59524.15
116111,6000.0,4402.0
116112,0.0,15883.0
116113,0.0,1873.0
116114,0.0,13031.0
116115,0.0,21145.78
116116,0.0,2645.0
116117,0.0,20548.49
116201,0.0,30244.0
116202,0.0,1147.0
116203,11145.0,100954.0
116204,40191.0,73911.06
116205,13107.0,127275.82
116206,17360.0,54345.4
116207,0.0,13144.0
116208,0.0,2438.0
116209,0.0,9533.11
116210,4568.0,24079.0
116211,50073.0,72839.52
116212,0.0,72847.0
116214,0.0,9735.0
116215,0.0,7784.0
116216,0.0,20518.86
116217,0.0,27738.11
116301,0.0,15151.38
116302,0.0,117479.45
116303,0.0,153684.23
116304,0.0,54516.33
116305,0.0,10390.58
116306,0.0,155294.04
116307,1450.0,66408.09
116308,0.0,43103.0
116309,0.0,5626.32
116310,0.0,2621.8
126401,5328.0,88996.1
126402,0.0,347550.0
126403,0.0,71230.0
126404,0.0,64163.63
126405,3423.0,95990.0
126406,0.0,1568.0
126501,0.0,1167.0
126504,0.0,14416.0
126505,0.0,53976.01
126506,1274.0,23535.53
126601,2992.87,69064.97
126602,0.0,4310.0
126603,0.0,7251.01
126701,0.0,6638.0
126702,0.0,38700.9
126704,0.0,22215.62
136802,0.0,277573.06
136804,1579.0,17905.98
136805,0.0,52129.7
136806,0.0,82344.09
136807,0.0,148861.92
136808,0.0,84276.42
136809,0.0,81702.65
136810,3890.68,94820.45
136811,0.0,6181.87
136812,2935.0,0.0
136813,0.0,1115.0
136814,0.0,1324.0
136815,0.0,28885.0
136901,0.0,3931.01
136902,0.0,1216.16
136904,0.0,52470.02
136905,0.0,102744.03
136906,0.0,12319.62
136907,0.0,108301.99
136908,5243.0,1606408.5
136909,0.0,12259.09
136910,0.0,340893.09
136911,1281.0,53614.2
136912,0.0,131457.18
136913,0.0,34745.67
136914,0.0,30857.47
137002,0.0,14012.0
137003,0.0,29705.74
137004,1441.0,75346.97
137005,18504.48,91386.16
137006,0.0,6962.07
137007,19504.19,58196.91
137009,0.0,53316.7
137010,23286.0,1653388.7
137011,0.0,3796.94
137013,1477.0,58471.35
137016,0.0,112410.95
137017,0.0,12538.7
137018,0.0,14035.0
137019,2756.0,10031.1
137020,0.0,13133.73
147103,0.0,11070.0
147108,791280.0,0.0
147112,289635.0,40120.0
147113,44750.0,72481.0
147114,0.0,13385.0
147115,0.0,9698.91
147117,0.0,29565.0
157204,811648.17,460315.97
157205,0.0,1173.36
157206,0.0,1943.99
157207,6031.83,9344.0
157208,0.0,361370.64
157209,1704.77,1369610.68
157210,1761642.01,1553834.55
157211,2037.0,24889.17
157212,19465.13,33889.91
157213,0.0,102351.89
157214,0.0,3926192.52
157215,0.0,2959.62
157216,0.0,42007.17
157217,0.0,55422.25
157219,0.0,31281.61
157220,0.0,2456.79
157221,0.0,1223.26
157222,0.0,19057.86
157223,2585.02,1845.89
157224,0.0,11698.51
157225,0.0,14971.0
157228,3154.03,9964.26
157229,0.0,45745.49
157301,0.0,35846.0
157302,0.0,1139.66
157303,1401.0,7546.44
157304,2387.41,100526.98
157305,0.0,6980.92
157306,2702.0,174517.48
157307,52234.93,56379.12
157308,10837.0,170986.5
157309,12555.0,215908.99
157310,4685.0,32519.99
157311,26354.0,268056.37
157312,0.0,91570.67
157313,0.0,37048.37
157314,25698.64,155400.48
157315,2092.0,220088.59
157316,0.0,23334.26
157317,118290.9,331344.94
157318,105348.0,163506.08
157319,0.0,18774.89
157320,0.0,19539.39
157321,12365.0,429980.25
157322,0.0,6974.51
157323,33395.0,33381.96
157324,0.0,107933.77
157325,0.0,119544.28
157326,103033.0,195866.24
157403,0.0,10660.0
157404,110641.86,220644.0
157407,0.0,9709.82
157408,0.0,42345.0
157409,0.0,3914.42
157410,0.0,1175.0
157411,0.0,99739.21
157412,0.0,209939.35
157413,0.0,92545.87
157415,0.0,24368.0
157418,0.0,9903.0
157419,0.0,136536.21
157505,0.0,230783.0
157601,0.0,1368.45
157602,49609.07,0.0
157604,0.0,58037.55
157605,0.0,1351.47
157606,7528.0,23316.52
157607,82087.0,130508.0
157608,0.0,4902.0
157609,0.0,13368.88
157610,709505.44,885696.33
157611,0.0,229315.0
157612,7776.0,102438.41
157613,13426.0,7565.0
157614,0.0,30096.0
157615,1317.0,117550.14
157616,15278.0,174100.21
157806,0.0,12233.51
157905,0.0,2508.0
157907,0.0,4610.0
158102,0.0,1289.0
158108,0.0,7275.0
158112,0.0,19833.61
158201,0.0,44475.38
158202,0.0,60228.27
158203,7874.0,33062.4
158204,0.0,36541.63
158205,144371.55,149377.07
158206,1050.0,67150.0
158207,4737.0,19585.44
158208,0.0,7663.0
158209,0.0,2020.0
158210,0.0,4764.57
158211,0.0,4741.0
158212,0.0,34900.04
158213,0.0,15513.66
158214,0.0,6010.0
158215,4190.0,14864.0
158301,0.0,96505.53
158302,14802.08,216628.99
158303,0.0,44636.29
158304,13736.62,48244.92
158305,0.0,2645.67
158306,3050.0,25770.65
158307,0.0,6464.0
158308,0.0,8711.0
158309,0.0,271496.17
158310,0.0,23194.46
158311,11180.08,61312.98
168401,0.0,3463.0
168402,2011.26,8186.0
168404,0.0,11029.0
168405,0.0,14447.0
168406,0.0,10191.0
168407,330321.0,170533.03
168408,92291.0,3946.0
168409,128854.12,394471.12
168410,0.0,5277.81
168411,1495.0,11108.0
168412,0.0,26437.91
168413,241494.0,124288.89
168414,29800.0,90761.35
168415,39122.0,192818.8
168416,0.0,3028.0
168417,9389.0,10245.0
168418,22629.68,396340.77
168419,24693.0,299729.35
168420,0.0,13312.69
168421,1751.0,145501.93
168422,0.0,50983.0
168423,4581.0,38571.0
168424,14881.0,62567.53
168425,14829.0,43136.65
168426,132193.0,268772.04
168427,20126.0,91157.39
168428,0.0,83969.69
168429,365882.0,632027.0
168430,71047.0,289049.0
168431,34097.42,237691.0
168432,0.0,24141.46
168433,0.0,72475.0
168436,0.0,24468.0
168437,3407.0,50064.75
168438,0.0,44357.34
168439,0.0,1212.0
168441,4664.0,52714.68
168442,0.0,23458.0
168443,7185.0,258542.24
168445,5341.0,0.0
168448,0.0,1587.0
168450,13658.0,516718.67
168451,0.0,11849.0
168452,0.0,68643.0
168453,0.0,1776.0
168454,0.0,11517.0
168455,0.0,16757.0
168456,0.0,3572.0
168458,0.0,16782.0
168459,4657.0,8351.36
168460,3623.0,15177.0
168461,0.0,24567.0
168462,3220.0,283768.0
168464,0.0,7134.87
168465,16176.0,57068.0
168466,1111.0,284063.19
168467,5810.0,48123.34
168468,0.0,13356.0
168469,0.0,1776.0
168470,0.0,21685.0
168471,276406.07,406341.69
168472,0.0,101409.13
168473,39557.06,383014.39
168474,4714.0,145059.03
168475,0.0,2676.0
168477,0.0,7400.0
168479,33013.0,155551.33
168480,0.0,2297.0
168481,8457.84,82363.72
168482,0.0,98629.15
168483,35794.0,96665.99
168484,5561.0,78663.37
168485,43744.0,7980412.4
168501,82558.0,83183.77
168502,150944.0,12862.32
168503,180122.0,360260.3
168504,15579.0,93940.99
168505,0.0,2541.0
168506,4226.0,123989.78
168507,30189.0,302409.19
168508,6192.0,129553.92
168509,13006.0,43757.14
168510,0.0,6014.0
168511,4136.0,37697.0
168512,0.0,40223.29
168513,0.0,42027.8
168514,1111.0,12595.62
168515,144432.0,103047.9
168516,6056.1,89690.93
168517,53445.0,437017.42
168518,24665.0,16186.33
168519,1157.0,19485.0
168521,4571.0,44394.37
168522,0.0,4773.0
168523,0.0,13459.0
168524,55605.0,240425.55
168525,126148.0,1433582.59
168526,0.0,122317.0
168527,13616.0,23027.87
168528,7187.0,499841.39
168529,12611.74,190037.18
168530,0.0,6947.0
168531,0.0,92081.22
168532,2550.0,13574.0
168534,5621.0,42603.0
168535,0.0,24782.39
168536,44831.0,71559.13
168537,14723.0,85473.3
168538,3891.0,531127.12
168539,1984.0,34263.0
168540,0.0,1328.0
168541,0.0,207251.8
168542,0.0,201311.29
168543,24871.0,79175.41
168544,12400.0,77355.76
168545,0.0,9113.31
168546,0.0,16428.0
168547,0.0,6718.92
168548,0.0,5047.0
178601,143914.0,0.0
178603,0.0,2033.0
178607,0.0,51980.0
178608,0.0,6611.0
178609,46345.0,40865.82
178701,0.0,176213.0
178702,0.0,64974.34
178703,201524.0,476193.85
178704,18519.0,1224852.48
178705,73000.0,130531.0
178706,1481.0,0.0
178707,0.0,4500.0
178708,8251.0,85577.57
178709,0.0,2839.19
178711,161427.0,237407.81
178712,0.0,78512.07
178713,0.0,2665.0
178714,0.0,8254.6
178715,0.0,16877.0
178716,8413.82,118980.59
178802,11408250.0,3070681.0
178803,86000.0,56717.81
178805,0.0,8291.0
178901,5066257.25,41619585.66
178902,0.0,14199.95
178903,15062753.0,4679350.0
178904,0.0,13949018.0
178905,17744244.56,1070348.0
178906,0.0,1580.0
178907,29388.0,44863.0
178908,8708212.53,0.0
189001,0.0,34119.05
189002,1208.0,7919.0
189003,7131.0,13929.35
189004,1172.0,32353.69
189005,0.0,5833.0
189006,0.0,12081.0
189007,0.0,7201.0
189008,0.0,31942.0
189010,0.0,5133.0
189011,0.0,5240.0
189012,0.0,11729.0
189013,2063.0,3156.53
189014,6239.0,27155.0
189015,29610.47,20997.0
189016,0.0,12925.0
189017,0.0,23643.02
189018,63598.0,77109.47
189019,0.0,28789.07
189020,2281.0,30723.04
189021,0.0,25246.0
189022,0.0,189310.0
189023,5018.0,32769.0
189024,3602.0,2663.0
189025,0.0,19813.56
189026,8654.0,28410.06
189027,5550.0,48983.71
189028,0.0,10143.0
189029,1006.0,6234.0
189030,36409.0,30535.0
189031,7210.0,43462.67
189032,0.0,48734.12
189033,0.0,17568.56
189101,0.0,832078.0
189102,10733.0,37815.0
189105,0.0,50834.64
189106,0.0,7182.0
189107,0.0,3825.0
189109,0.0,7078.0
189113,0.0,3337.0
189201,1667.0,2773.0
189202,0.0,15830.0
189206,0.0,33803.0
189207,0.0,32164.1
189208,0.0,6737.0
189209,0.0,4516.63
199302,0.0,44035.3
199303,0.0,1693.0
199304,0.0,6003.0
199305,0.0,10497.0
199306,0.0,4029.0
209401,43185.03,346722.93
209402,1992.0,41181.93
209403,360439.79,538208.99
209404,2075.28,163299.77
209405,58022.36,383643.32
209406,0.0,705984.24
209503,0.0,243702.94
209504,0.0,88086.31
209505,0.0,63722.86
209506,15686.0,49248.6
209507,22126.0,65221.0
209508,0.0,7543.2
209601,0.0,1479.0
209603,7382.19,49829.93
209605,0.0,3911.67
209606,0.0,6814.0
209607,0.0,14182.62
209608,3271.0,26298.71
209609,0.0,29299.46
209610,0.0,9638.06
209611,0.0,17601.0
209612,0.0,74929.0
209613,0.0,27889.0
209615,0.0,20819.0
209616,0.0,2131.48
209617,0.0,15339.63
209618,0.0,6676.0
219701,3019.0,31093.46
219702,0.0,1457.0
219703,70675.0,0.0
219705,1145676.0,0.0
219706,0.0,1069799.0
