010101,325501715.19,287606111.86
010102,135990764.3,1465045159.85
010103,29086736.12,309864079.13
010104,23130302.37,12896209.06
010105,115876255.1,30143653.0
010106,54435969.37,77952186.5
010201,1541230012.8,1244329418.36
010202,1061677748.29,1303116947.42
010203,1334678212.08,887933919.85
010204,11290794.94,288262534.75
010205,30356709.29,2633533.61
010206,682853569.42,95149317.06
010207,1722268282.03,42897810.84
010208,9957619.03,34230103.45
010209,8165676.66,3369450.55
010210,122814168.81,118340553.81
010301,28788264.64,69513257.81
010302,237780059.58,962729153.44
010303,1159678080.72,447335601.49
010304,679239266.57,1996206450.36
010305,87512133.64,171849458.04
010306,455461992.93,3943265871.16
010307,214675901.79,442514674.08
010401,29397214.49,13295628.23
010402,192685291.99,43824185.56
010403,17334889.27,11879741.79
010404,145716911.96,99504123.37
010405,9388775.03,64450795.88
010406,188784292.39,820516784.21
010407,125845566.15,14979149.55
010408,49409073.13,10896421.97
010409,8010931.95,168181190.47
010410,3278543.24,14801240.61
010501,850068.9,1479831.84
010502,1356886.3,8384032.4
010503,484956.61,1951225.29
010504,248801303.49,84074737.92
010505,39654567.28,176801907.33
010506,31662535.76,8234020.65
010507,1983623.78,3581178.74
010508,7042440.02,15807500.31
010509,1569017.22,1582114.21
010510,14540922.76,3572947.01
010511,157853643.79,178363777.07
020601,13561696.36,181339214.54
020602,118898309.88,353613334.08
020603,24617834.79,940208537.89
020604,111324172.01,90812486.89
020701,125736160.36,108143243.68
020702,130995508.01,835114641.42
020703,106546389.57,219922292.47
020704,220095193.63,83026697.62
020705,240799748.25,49150014.08
020706,92678601.7,43005386.91
020707,11490087.15,234115370.76
020708,30920794.33,58214337.7
020709,298342394.94,1077754594.92
020710,159541361.5,317430488.9
020711,4416931.27,21062950.62
020712,139466873.56,114116240.68
020713,310489921.22,161938172.55
020714,19932840.74,89440208.18
020801,9000415.51,437136459.03
020802,1212338485.41,174819200.17
020803,11506735.77,1159761331.08
020804,41470389.59,496197132.99
020805,745664290.37,230267780.99
020806,547729668.72,597095039.39
020807,103791261.57,305959764.05
020808,505509833.05,155894571.04
020809,339731663.92,102869163.78
020810,230957702.28,257075053.26
020811,86680794.92,161737708.99
020812,7508092.4,6451722.71
020813,190094757.79,87476715.67
020814,4618069.59,2136217.49
020901,193633394.36,1477754813.36
020902,37925496.02,160317669.26
020903,843478.32,1895930.11
020904,34169279.95,224578632.38
020905,8047104.73,146313824.49
020906,1533966.88,19746367.0
020907,440814.8,7882004.15
020908,1274626.11,13565247.33
020909,2338470.33,27139420.12
020910,16124062.78,70448269.68
021001,3903817297.9,289370166.82
021002,3060068.14,15456946.04
021003,84106903.81,76874863.5
021004,10259223.58,215132128.85
021005,5156948070.5,119249550.74
021006,782380156.61,169974145.31
021007,603118292.84,42771.83
021008,40236166.81,16680480.05
021101,87413617.71,68032350.18
021102,51046703.68,17323227.55
021103,112807688.92,39390838.43
021104,260704685.67,53233630.51
021105,37267903.07,5250978.71
021106,9195802.61,7657541.86
021107,44668374.54,56795846.73
021108,55538022.09,60016155.84
021109,9925160.59,100699951.91
021201,5797401864.61,27183493.18
021202,231065056.98,10617551.59
021203,62253.16,28096.33
021204,22828976.2,19022051.45
021205,69631136.55,46957757.75
021206,112810469.34,34115019.06
021207,83549875.02,128039843.48
021208,115897949.36,6592675.56
021209,446152740.55,216093929.27
021210,31438576.95,19008631.27
021211,87091063.21,138109902.34
021212,19429509.21,52118972.09
021213,7808486.38,553716.09
021214,464340683.7,22209199.83
021301,21475700.48,40210193.22
021302,298374731.73,408337633.03
021401,488452.11,12066929.69
021402,404754.59,206962.18
021403,3820793.53,9407806.24
021404,22811506.57,33998059.76
031501,61877470.29,3025053.67
031502,345462250.37,10925573.22
031503,5548572.83,337706.83
031504,49218321.31,22633226.09
031505,5049399.38,19884535.49
031506,9202257.96,2224516.03
031507,514421922.85,13037508.39
031508,4734807.36,19325662.19
031509,7535090.43,438714860.9
031510,917823.31,16003662.23
031511,6641450.88,67304089.76
031512,192513009.65,26451754.07
031513,4704711.81,248205688.25
031514,51824547.03,200892609.99
031515,387770585.55,114786117.68
031516,128565220.92,78094431.93
031517,116079928.46,32206404.48
031518,147059416.32,4404065.73
031519,178342975.59,259651891.35
031520,23578674.15,75015383.36
031521,8130359.06,15752918.66
031522,14972065.65,1111932.6
041601,225829879.76,22981676.77
041602,450557542.46,477135632.43
041603,16694431.34,3894188.87
041604,248138940.82,755377672.93
041605,92609168.78,1434787773.2
041701,69209171.02,529695022.41
041702,287772334.16,151608967.01
041703,45683028.78,117300893.23
041704,261600944.59,902054692.58
041801,5695637.91,537374927.67
041802,1381233.08,8948939.23
041803,30900703.46,96345829.76
041804,50609566.53,138857954.92
041805,24022218.0,174540717.02
041806,488593292.62,881709433.86
041901,485272386.3,274285706.75
041902,163706354.78,415173007.78
041903,2760090.42,3814393.88
041904,304656206.94,230449233.13
041905,661035803.73,1368113900.84
042001,37204657.56,196724720.07
042002,101170858.71,53481801.27
042003,5899376.24,101635504.27
042004,412160008.82,422697569.46
042005,442174087.11,543938102.14
042006,7235317.62,20352649.78
042007,43324185.35,70698925.56
042008,383029556.89,772627131.64
042009,689709265.09,795258951.37
042101,147101452.03,266891635.6
042102,56606276.5,123309634.69
042103,541685447.99,494529055.47
042104,349287082.73,137125346.64
042105,92858087.73,21257343.0
042106,1992402581.27,656886088.32
042201,42992722.18,369065125.36
042202,350494622.83,508193615.58
042203,165842415.84,2614024531.79
042204,582697898.6,2625244815.8
042205,4886775.3,20017240.36
042206,42472931.37,101204851.34
042207,109527684.34,185926342.17
042208,557220896.74,3206539926.42
042209,10735250.55,68426229.58
042301,246220774.53,66006801.28
042302,92158723.91,31771395.57
042303,538332879.5,24402224.28
042304,1218018312.75,29781385.16
042305,941283.47,139442.51
042306,40124133.13,109212931.77
042307,3086471.33,221734.18
042308,79182276.44,10409109.51
042309,1751458257.41,420780245.36
042401,1558096695.44,679310846.07
042402,2632906772.74,588531726.32
042403,322098302.34,18418371.63
052501,41191110.5,151076410.49
052502,533179.74,273641.83
052503,44192763.05,34181038.08
052504,11727410.5,24708561.38
052505,127436568.6,28613914.12
052506,16448565.97,4282477.88
052507,575882902.74,21150367.24
052508,234148423.84,22200612.11
052509,1983669.99,627720.72
052510,11939349.21,62855052.4
052511,7439933.91,57623385.72
052512,40223341.11,683187.92
052513,16338435.07,18893352.61
052514,983657.45,8257614.21
052515,5470932.84,44277406.94
052516,33820121.52,35031502.72
052517,33492405.76,106553590.63
052518,6941655.08,26784507.12
052519,51529354.38,112837608.78
052520,43784239.03,90230744.53
052521,14167942.5,25134823.7
052522,9179938.14,18471075.04
052523,89070944.35,1007546356.85
052524,3858455.49,1840393.53
052525,6438759.19,11721280.61
052526,38599828.77,32960572.05
052527,19355.33,0.0
052528,17547251.39,5072728.23
052529,11231948.81,86734542.21
052530,51516844.01,113301916.08
052601,247895866.22,325713374.17
052602,8232270.22,30271594.05
052603,78789011.66,106619980.35
052604,6547142.15,458367.63
052605,1960985.57,180692.83
052606,8255212.59,224273660.23
052607,114776711.61,662560.86
052608,259194676.93,37992905.63
052609,2534567.31,258828.0
052610,4526118.34,8796121.03
052611,3017878.29,23038782.62
052612,21858.49,74270780.0
052613,107665037.79,38272367.77
052614,6361302.96,96050070.52
052615,36451832.91,101596137.31
052616,40764438.07,30897251.37
052617,4772037.76,12156177.41
052618,8312246.63,20028042.0
052619,11170295.32,30345537.22
052620,326835716.74,237826956.79
052621,11622637.04,7429646.08
052701,1729123640.02,605556136.8
052702,5248112.95,10201501.52
052703,3019305.01,158363789.1
052704,80958675.98,236149352.35
052705,872097.57,34167.0
052706,2842166.56,5727876.07
052707,536230437.87,439739951.96
052708,12516460.87,15489165.54
052709,252856947.79,78238010860.85
052710,6036862801.57,19373600424.41
052711,2194232977.51,14111590822.42
052712,153876764.65,213725242.22
052713,1277529735.56,406050436.04
052714,31288060.63,34333146.4
052715,24482765.1,46930911.22
052716,330160514.03,1160326397.4
062801,57264647.04,128541697.74
062802,2646975.01,1078976.46
062803,153479928.72,164401003.89
062804,533219101.89,385013507.51
062805,30430833.64,24943483.31
062806,11546232.82,9548905.09
062807,15073784.55,33863649.75
062808,9102923.64,6898400.11
062809,118662452.74,49440924.52
062810,74068145.53,20457367.41
062811,228148841.18,279183090.31
062812,98640544.83,15505363.09
062813,24211494.44,2969358.75
062814,69124026.6,631664893.06
062815,309149793.46,109474398.84
062816,12925690.89,9607588.59
062817,15552835.03,57609211.78
062818,385342484.28,679638667.63
062819,28293651.95,35047599.2
062820,11016183.76,56864710.51
062821,50882604.64,110675631.69
062822,7055755.62,20654372.2
062823,54184575.21,233834202.43
062824,3032032.81,6768435.4
062825,175981104.21,184367331.64
062826,154294705.38,87874569.79
062827,123864367.35,122783507.81
062828,62983648.3,39967683.22
062829,25262146.23,194316383.16
062830,16822946.25,13713205.97
062831,10270822.08,11782518.56
062832,17706435.54,7566235.66
062833,76765994.36,122329964.57
062834,16828456.7,60104608.53
062835,139918946.76,131786835.71
062836,612329252.7,147266116.49
062837,91199034.84,7995799.07
062838,2962057.08,4885189.65
062839,60820008.66,13914139.8
062840,137116882.48,36142323.1
062841,55482420.08,98166635.94
062842,64378966.32,21560989.95
062843,382272175.41,35948044.99
062844,1435685901.39,2177121290.8
062845,27758751.29,31766243.97
062846,28861688.28,82892273.63
062847,28840056.59,44107355.74
062848,16672514.99,4809408.12
062849,53637542.05,109868194.84
062850,93479564.2,25881691.15
062851,30827003.77,27975511.52
062901,502981767.22,449301597.26
062902,1607538478.95,923094804.2
062903,1052737504.75,330963721.93
062904,98950872.72,37434433.52
062905,1030191387.06,1016701977.53
062906,94904264.28,88115158.83
062907,482059541.64,127267433.05
062908,105734996.44,38613669.73
062909,646838920.43,1470075604.13
062910,264282723.83,34002752.69
062911,32650916.24,7520996.68
062912,161613492.13,161342941.03
062913,8805871.01,6784535.17
062914,339918389.7,366788974.1
062915,928092659.75,322321771.26
062916,617825314.79,369022520.74
062917,573812538.54,245023667.25
062918,485826648.13,1307575398.63
062919,46828732.24,32349429.24
062920,146309117.51,81877316.64
062921,626513179.08,582533769.69
062922,683525636.95,981947664.2
062923,154589141.12,95393129.84
062924,378767213.66,567891578.7
062925,32573317.37,166855617.51
062926,673055823.04,150266460.16
062927,14501333.4,31311971.59
062928,80537388.36,90961108.55
062929,559482869.45,45864988.95
062930,615317741.99,414489197.79
062931,417680708.24,1439002304.92
062932,792425951.68,1477858769.14
062933,2383065501.22,9093868979.24
062934,797739564.23,6861762171.3
062935,394063887.15,833559425.92
062936,386733820.74,552787125.72
062937,1356537578.78,944118261.12
062938,10808133.31,40398579.59
062939,45787448.66,400039047.35
062940,39463760.14,49683130.16
062941,1412859914.76,1122570106.5
062942,62521602.99,21232039.2
063001,169695252.97,156802742.99
063002,4192645008.49,2101331972.26
063003,797597335.59,387000003.13
063004,12038161811.33,18536830934.7
063005,469140968.05,214068540.73
063006,618707849.35,742041710.56
063101,10379301.44,14462547.12
063102,227921335.42,806577781.79
063103,90891581.64,9847424.17
063104,221053207.26,795886935.61
063105,1535816440.41,133064426.43
063201,11625641.6,8734173.68
063202,15568272.65,9546192.67
063203,43819268.02,47055216.27
063204,612801314.91,763988142.43
063205,26311995.42,4216355.36
063206,1095527132.11,535180888.17
063207,208162693.84,78251119.91
063208,811943352.92,331343521.39
063209,347856147.64,94877340.53
063210,69523239.36,21070363.91
063211,9718689.14,5008684.67
063212,204551621.85,138365507.3
063213,30120949.44,64405729.95
063214,329434178.43,129385990.74
063215,731485370.84,312195061.01
063301,333994741.24,308993753.27
063302,793656526.67,166155550.08
063303,444255916.16,898903031.1
063304,1647775318.21,1195426285.18
063305,638310055.87,257070191.32
063306,286781621.76,122609101.89
063307,574316601.45,352027997.05
063401,267846647.51,222886684.82
063402,1387121748.73,691456853.63
063403,562533842.61,98888608.35
063404,235090686.27,73063803.6
063405,185157669.12,45340397.64
063406,94195297.01,422818006.25
063407,36643961.76,69889984.1
063501,13449175.95,439223485.86
063502,69224616.57,67188564.79
063503,103977522.93,114594808.99
063504,258863898.1,47003818.64
063505,163578945.12,55877239.29
063506,653810384.05,202204033.67
063507,309616698.34,274503514.08
063601,15198897.21,34726838.82
063602,107645622.85,40437703.86
063603,176532347.07,68752745.59
063604,28271536.2,170041668.61
063605,3757094.3,9349467.3
063606,27034160.47,17109102.26
063701,491687984.87,577471033.32
063702,1412440928.94,801661704.39
063703,284470363.95,160649868.07
063704,9484363.65,8216361.0
063705,94071743.85,149576144.23
063706,88603933.37,188724165.26
063707,560235819.63,457173461.06
063801,122490435.61,73074219.54
063802,173493123.78,73159712.22
063803,21740109.83,2333932.98
063804,30419115.64,26236083.05
063805,15022135.48,6332719.79
063806,69258707.05,37410579.91
063807,13222849.32,6972770.86
063808,1474566492.1,554393338.55
063809,296852569.5,137210057.6
063810,144737526.2,31759341.19
063811,1315284464.43,193690245.54
063812,254050257.85,131085741.57
063813,20911480.71,12770510.41
063814,100760841.62,27977777.3
063815,1372813851.64,710487916.93
063816,110617510.76,27447862.26
063817,132412491.67,74161625.56
063818,899207066.03,1073111953.0
063819,71599441.43,6515158.86
063820,64789393.82,7872776.97
063821,171846100.16,39531709.18
063822,2966426274.78,874738895.6
063823,1976338204.55,797568252.82
073901,2547158488.8,1719067887.18
073902,1346864346.29,343936134.85
073903,819536134.73,608459332.7
073904,1117999015.78,496362982.81
073905,471333838.48,150741806.88
073906,884931537.36,347045485.56
073907,2906509528.08,1157650072.75
073908,677555584.79,361527822.27
073909,677055112.19,295370696.53
073910,529113733.35,219681714.32
073911,585931412.44,208206883.52
073912,680595953.66,232172662.6
073913,226254562.82,227476138.98
073914,60461064.11,123991461.12
073915,270331544.08,193831040.61
073916,154654303.39,345773513.94
073917,1167335135.24,715061395.42
073918,143165592.51,377863828.75
073919,1377193887.85,514284918.81
073920,2902472287.63,2050991133.23
073921,1183275993.65,878246239.39
073922,57634521.06,153936105.54
073923,3222259443.29,2917619542.4
073924,480944297.73,1642833413.57
073925,219163821.28,1030634830.64
073926,4341217345.39,4297469717.16
074001,36392498.63,757713953.82
074002,1361247696.46,785664206.78
074003,3986796.84,27658525.65
074004,12867191.86,22833706.75
074005,329156616.19,216019700.26
074006,28394894.94,21728409.39
074007,14754476.6,19197188.45
074008,191066145.65,108541827.89
074009,788732379.68,511416759.91
074010,241621486.37,306310440.56
074011,2264044068.05,4715937748.15
074012,97054578.8,128306886.58
074013,15203924.7,64861491.01
074014,56993260.65,71137388.05
074015,70610348.27,931081773.1
074016,1605144642.57,1812769723.36
074017,15447114.04,11562175.94
084101,1433747977.45,77328074.82
084102,41608205.19,4854077.02
084103,80284895.83,5615218.53
084104,772643009.29,843222546.13
084105,12151202.56,27746663.77
084106,2969602.91,18444023.91
084107,57593592.88,48453758.21
084108,1557567.8,14029211.63
084109,163599148.77,5712144.08
084110,22736402.99,5260729.16
084111,6712060.8,6286015.57
084201,28401556.54,160779108.42
084202,323816549.83,2841460682.77
084203,73839918.4,2212518735.6
084204,4114774.93,1481664.36
084205,126923609.06,236377107.88
084206,3183639.6,13294060.79
084301,157658408.72,61782213.9
084302,20612191.57,38007093.59
084303,18443481.74,242660036.61
084304,2209477.4,2216675.48
094401,243314321.1,90697913.94
094402,4723797.55,9902250.0
094403,1231502373.87,260155354.23
094404,22051138.54,13425701.79
094405,5773699.37,1370507.1
094406,31551746.6,23383433.84
094407,1820614017.2,6957583112.78
094408,482247823.95,470655874.79
094409,220697119.07,824307901.95
094410,141488727.61,1378042965.8
094411,167209138.29,799532032.45
094412,173898427.11,1275728054.28
094413,25736136.09,14425681.69
094414,15689503.66,477121481.74
094415,64104267.15,178789140.82
094416,58970816.65,139946527.12
094417,22791305.29,45166181.8
094418,314060520.5,1815841383.77
094419,6322235.22,95515683.35
094420,15121651.81,515429731.38
094421,133919613.86,919652179.45
094501,909571.76,1231130.45
094502,631884.74,1315354.36
094503,8888111.52,126739926.81
094504,15557025.8,76083532.48
094601,7977298.23,34633989.21
094602,5275306.6,387531180.57
104701,26503819.21,48954215.18
104702,340440732.85,18095899.6
104703,2227917554.02,2078754526.46
104704,128237528.99,103198699.29
104705,86504768.94,87572256.31
104706,142594455.77,15354632.61
104707,1206552801.4,68934374.22
104801,340078756.66,3201638981.85
104802,687022516.68,3067730367.93
104803,223170953.02,236937857.71
104804,1636855799.62,620121082.9
104805,376305599.44,438487570.28
104806,24995075.74,103988243.48
104807,46365909.11,27845180.8
104808,193897331.84,40313348.87
104809,132444493.53,55009684.68
104810,1635473599.64,2350352680.96
104811,1452011810.72,965079788.78
104812,4217558.32,3606184.76
104813,36167365.41,78035146.11
104814,36538265.36,193981036.4
104815,1916099.55,219522.74
104816,91187489.75,56843171.99
104817,72602234.84,81858370.58
104818,1037308945.41,1052658295.39
104819,1499075352.2,1157967374.72
104820,175013300.29,486288973.23
104821,528010141.96,226329463.47
104822,17510747.9,9469268.89
104823,744501786.05,692242035.93
104901,2283127983.15,1825132454.0
104902,1015814156.44,310314293.48
104903,30075134.63,225664470.79
104904,33628315.56,9052541.87
104905,19283546.73,56014047.25
104906,20721547.0,11007313.06
104907,130808616.37,47219924.76
104908,89136232.82,85299957.57
104909,145979674.25,172446141.4
104910,30436463.28,124979561.92
104911,890541883.65,1010999697.43
115001,122896.26,169064.57
115002,230814.56,328139.09
115003,2113687.38,397889.38
115004,1457280.05,2582014.75
115005,449184.88,512218.68
115006,223489.56,1180052.84
115007,16705493.93,239058953.67
115101,20774368.79,33612270.73
115102,18551290.47,6154572.25
115103,2791736.6,3294254.57
115104,116456.09,511459.37
115105,27571907.85,19465594.39
115106,2304135.11,17234674.98
115107,4113994.87,34607412.45
115108,762617.09,4939659.46
115109,1209571.77,11238864.8
115110,22848.0,238493.05
115111,25269321.45,50829614.79
115112,48637668.35,138761566.91
115113,185000.16,423995.83
115201,2104730367.13,22713461.01
115202,33355035.88,7425626.6
115203,10370328.22,900028.11
115204,19259036.7,8427757.6
115205,275872170.39,316971394.65
115206,15302748.19,32602298.67
115207,19531230.98,26449146.76
115208,521985205.97,704786240.54
115209,942368227.66,618231966.11
115210,77882078.85,211265538.28
115211,135606036.18,180130545.49
115212,21297403.04,20576104.2
115301,2112635.94,13868848.38
115302,171813.33,335108.73
115303,1207120.06,342571.23
115304,588044.43,448528.73
115305,1534321.24,6749374.39
115306,640279.6,2596970.88
115307,364723.53,9180374.69
115308,4086606.18,7457207.86
115309,16703410.65,80418138.16
115310,4199723.1,23253298.06
115311,18899978.02,6723483.81
115401,74764286.79,33338759.78
115402,738911806.08,1074690933.42
115403,78645932.45,46461688.99
115404,154023634.23,66224663.82
115405,3395782.28,680670.64
115406,8789559.33,8157550.6
115407,710577249.12,679122919.22
115408,157111298.26,87157753.22
115501,58565758.27,43039337.04
115502,333488989.44,8909431.05
115503,363103168.99,406628300.33
115504,35595379.46,41382162.67
115505,33004991.95,9322153.6
115506,12392789.06,5679973.95
115507,5095624.08,888569.53
115508,73749567.1,19943715.32
115509,100372994.39,151041123.9
115510,5900818.9,49926090.9
115511,10872235.47,24413631.91
115512,174124547.89,55579456.23
115513,201785373.07,89545186.43
115514,102055415.98,34113721.53
115515,99918181.81,158815238.31
115516,58788917.58,136676015.47
115601,132615338.91,108309331.65
115602,67786739.23,41642080.27
115603,819482323.64,439300632.96
115604,36122091.44,16328688.87
115605,3682247.17,9688431.7
115606,16088280.76,85248553.11
115607,67297769.69,153992799.87
115608,18887914.79,29866095.03
115609,19377887.75,66568143.15
115701,14901348.1,547223652.36
115702,52192133.15,389013185.38
115703,557144294.23,460514587.16
115704,70101843.13,41514423.38
115705,64691582.14,68522519.99
115801,111849505.3,158136832.87
115802,4950443.2,21945894.55
115803,8992913.59,1984069.25
115804,61893476.82,37335451.31
115805,6822082.0,6792559.53
115806,398551512.03,217334817.12
115807,115530188.82,32899078.27
115808,24594893.82,67914306.48
115809,1664182.6,5149800.54
115810,31912697.61,111292149.35
115811,105549505.94,11668589.29
115901,13779800.86,13084321.41
115902,113395337.74,127252263.46
115903,647086713.06,334112483.7
115904,3731495.92,20417539.38
115905,5012845.89,11374422.56
115906,154566902.87,89331028.09
115907,148835427.2,38625236.26
115908,2920500.84,8374057.04
115909,18933877.46,21754394.39
115910,20636887.3,25702836.07
115911,300279394.57,265743361.59
116001,172835712.77,211016832.93
116002,725785086.89,933972090.68
116101,40496510.43,304223778.65
116102,13143256.64,425641624.67
116103,122431449.73,963819127.19
116104,215084991.2,1954005487.89
116105,58944173.89,1732324454.2
116106,132859607.09,1175041099.08
116107,141485895.99,978066755.59
116108,117199135.96,2095611094.49
116109,712254117.01,3308332762.16
116110,471584632.39,10642025215.75
116111,16455882.43,1352655464.03
116112,71447156.04,483569177.01
116113,10090254.06,137374926.98
116114,129025116.79,483142854.9
116115,293763521.15,1035629439.54
116116,39589199.51,337454097.91
116117,212724738.49,148653058.04
116201,64559380.01,1390703118.36
116202,29650843.86,1179665528.52
116203,543845431.76,7397502459.32
116204,463420932.7,9851354859.56
116205,86716226.05,2957360429.59
116206,60975943.64,2503498439.31
116207,21370023.91,462787205.67
116208,54818273.44,808153549.66
116209,10326985.75,523290154.48
116210,92928951.49,887666505.78
116211,122608134.42,1108491544.54
116212,260159441.53,1609013027.45
116213,1801339.5,29214393.91
116214,4895865.02,165210358.16
116215,11137341.59,181380865.79
116216,13196513.73,88350531.22
116217,278332511.72,93312521.56
116301,35844305.15,374344265.14
116302,194111863.92,2147886033.64
116303,39567568.29,591728200.01
116304,31560383.83,333913972.49
116305,33784971.44,263432953.57
116306,46590588.85,322500310.25
116307,292365427.73,1253392382.05
116308,7587861.92,3058153.41
116309,295415851.64,24221498.26
116310,52838411.99,36502392.53
126401,14387254.9,71541650.22
126402,69593962.07,1713061355.11
126403,194724917.13,8738900066.08
126404,45358630.06,1107743627.88
126405,29329413.95,153808878.45
126406,203618423.64,321177899.31
126501,2478612.89,6199297.25
126502,1273511.76,10512417.14
126503,5446378.04,14999711.59
126504,4391793.47,47410455.01
126505,43986093.76,565136121.52
126506,64972213.0,321844344.77
126507,7215976.48,12258232.15
126601,7735792.67,240292665.47
126602,1581002.69,11896139.19
126603,3295127.03,12060222.72
126701,3875381.82,25002753.62
126702,15971707.49,724212801.86
126703,4474069.97,54319185.88
126704,15149346.8,327687733.24
136801,2636799.15,7252948.68
136802,28156502.39,1334397069.31
136803,4819911.02,81204588.76
136804,159413939.23,182281686.85
136805,214178659.65,338836585.65
136806,188912806.83,87561284.22
136807,129304510.59,70769850.13
136808,11079474.93,3456611.41
136809,60023556.93,132281895.63
136810,83919280.19,358384240.38
136811,18114470.4,23392137.14
136812,16021966.63,5114658.97
136813,123979570.62,165560230.29
136814,16382820.67,10318144.59
136815,350448972.46,282888048.84
136901,7890706.42,5670865.94
136902,154642165.29,150621114.21
136903,107508823.0,127414899.79
136904,13575549.01,17327709.77
136905,5080361.9,24271737.31
136906,3273542.64,633899.7
136907,11153598.82,186789424.49
136908,26830870.07,1255772654.74
136909,241210413.47,166693764.13
136910,66672469.93,483884020.11
136911,23439861.43,311790341.9
136912,24793411.33,365453802.68
136913,20080678.92,625672763.93
136914,89752402.92,130189891.0
137001,19367814.0,12299465.08
137002,138474357.38,65255939.6
137003,135269514.24,60355968.36
137004,36196037.85,22822328.99
137005,377117299.72,86755291.46
137006,90759395.49,151863460.76
137007,600214332.38,698089730.64
137008,34706767.04,149074045.38
137009,481065464.33,413721906.77
137010,174982156.77,624705041.28
137011,197523366.93,236803542.32
137012,289222.14,1948154.57
137013,177612386.79,971515391.2
137014,96153743.63,10448112.52
137015,16981789.69,7233563.8
137016,23452737.84,49259053.93
137017,127274644.02,54594471.68
137018,34235267.36,183884101.21
137019,652637586.27,607283439.52
137020,98890753.51,119659250.41
147101,35899517.51,282881190.17
147102,3319483700.89,12225918826.41
147103,220297429.99,608757551.4
147104,41158953.35,51672761.06
147105,70482626.32,62801215.99
147106,295309602.4,749480576.27
147107,6068423.03,1014257.46
147108,2924524321.42,2631024200.31
147109,2897714.65,398763.53
147110,1202683535.28,2902888531.9
147111,3153597.21,3035219.36
147112,970793698.34,273452042.43
147113,2002458686.8,6223335775.52
147114,25607020.43,55612965.26
147115,246836970.26,143332873.72
147116,141743065.15,180872988.95
147117,107908102.57,445510722.63
147118,4571783.17,13644787.13
157201,5049927.87,524406282.88
157202,66411620.11,710464102.02
157203,4030638.44,196462631.97
157204,1265402023.85,423049554.99
157205,74678568.67,114975364.02
157206,34303047.09,11186805.21
157207,28936095.73,1276480816.58
157208,417940527.64,1399846330.65
157209,294301155.56,592332836.81
157210,577111066.96,1318426594.15
157211,241717400.78,170662687.42
157212,142812923.05,89847324.1
157213,55761629.68,1024052682.97
157214,153320482.3,471831776.02
157215,63546362.35,111662033.62
157216,190151243.45,295429605.91
157217,128908129.57,393058968.57
157218,46594554.85,313502597.0
157219,279661512.73,488926498.6
157220,196259687.7,116730818.68
157221,5434407.72,94668877.92
157222,99696146.9,216642988.13
157223,64884049.03,95557084.72
157224,29234717.33,222248541.88
157225,348983545.03,637722347.51
157226,134645439.2,96879651.44
157227,21064262.31,198691686.82
157228,215154229.23,380027658.6
157229,44949522.06,107229955.28
157301,41779436.31,86413280.1
157302,94895721.7,164069148.25
157303,67216382.42,14818074.14
157304,673196691.54,953421751.27
157305,121291918.42,450571523.37
157306,582019627.18,1189786004.51
157307,875450136.08,710953197.85
157308,558054555.61,1475421520.93
157309,131855669.7,127131159.83
157310,202942888.11,280570307.57
157311,145392791.65,118962389.49
157312,177457072.33,390761532.46
157313,6737957.34,12691306.36
157314,97166403.53,252800181.11
157315,163259394.06,302320436.64
157316,6867629.53,15713783.02
157317,54587596.3,522445911.86
157318,2028917747.88,2145699175.61
157319,37499078.81,33131199.43
157320,314113859.95,777287081.35
157321,216816664.22,1182809133.53
157322,161916767.15,146476235.07
157323,149480978.61,1324822476.14
157324,60300312.74,200035296.44
157325,128671407.28,297528381.8
157326,3028916394.53,2100057483.91
157401,4844606.71,1921862.32
157402,42368346.68,369252644.94
157403,110250202.71,1697066330.84
157404,560588333.57,144143382.77
157405,9058312.92,2567569.3
157406,31561489.61,15791159.97
157407,119296942.49,132917734.4
157408,299654236.45,522495118.74
157409,192284002.36,228827942.39
157410,116233946.92,152297807.61
157411,146088595.0,326888001.75
157412,148079000.22,134402848.1
157413,65224413.83,24037792.63
157414,6727788.39,3192916.57
157415,42883775.39,46186633.07
157416,3466350.23,844199.94
157417,1949628.78,3199640.03
157418,10064595.54,121493315.07
157419,225191656.6,304663816.27
157501,3652298.98,10727925.19
157502,79709854.98,604868910.69
157503,56098312.77,19874304.85
157504,28866082.9,70669069.11
157505,197993013.05,113095390.41
157506,129145025.4,52241770.14
157507,43244475.32,45809473.47
157508,122822370.49,54669895.22
157601,465440314.74,4317646481.0
157602,515460707.93,415171504.13
157603,42364763.66,15205491.28
157604,266614895.94,473210474.78
157605,89299329.7,229693538.54
157606,1825695852.24,1354332687.41
157607,407608124.54,510835438.66
157608,193048645.89,76900224.27
157609,72684439.28,28139474.63
157610,177621538.83,403856134.24
157611,16061458.19,3745326.14
157612,221018929.06,131938405.32
157613,46408391.33,5208491.08
157614,16585125.22,37496785.29
157615,57232694.18,535841591.88
157616,928288973.85,866581634.62
157801,27468228.85,130598884.46
157802,23438848.24,1864531.81
157803,6298467.71,1603052.91
157804,3614887.71,5761241.66
157805,3401006.29,336124.64
157806,12152334.19,11056548.84
157901,14752484.09,890251174.09
157902,10038173.32,10156277.58
157903,9490440.45,51047815.61
157904,16734677.72,4973492.32
157905,24109091.22,5636428.1
157906,8268658.95,27111599.68
157907,33569110.83,126124941.32
158001,21881870.42,106253501.51
158002,8236831.17,906224.65
158003,14338609.72,2110760.41
158004,4831540.16,380943.43
158005,4285423.79,2485904.54
158006,276203.03,30082.98
158007,9508776.52,54703122.23
158101,61932948.62,42126254.38
158102,30698481.97,19110247.44
158103,259113819.33,103110823.37
158104,78588135.16,217849419.57
158105,76772309.06,131733080.32
158106,2663422.21,12428635.21
158107,1412342.31,2101638.22
158108,450064309.06,185587208.84
158109,85831334.28,51375331.73
158110,2422863.89,6189687.59
158111,5480336.17,24707571.4
158112,97445154.48,125706267.54
158113,26266229.35,15821922.4
158201,23905385.23,152258932.79
158202,179690283.17,336519558.71
158203,129502278.66,163377251.15
158204,124875120.72,257467093.53
158205,358312530.17,654607251.55
158206,30695954.92,113256362.82
158207,1330281082.72,1391681390.43
158208,183979233.47,177085955.36
158209,179331348.53,286491083.32
158210,8530012.6,47444884.95
158211,45144538.05,309740012.79
158212,504056040.57,212031011.51
158213,10432560.94,60767458.63
158214,18117202.69,112886473.01
158215,21563438.35,430907541.14
158301,693341406.89,1077782914.35
158302,1695082272.69,2701515009.14
158303,34177413.58,72066667.8
158304,9470947.1,32051641.37
158305,49418103.12,143834673.09
158306,29600337.35,471344813.68
158307,86628629.85,58363283.61
158308,107560851.58,122579560.57
158309,319595134.7,194118723.25
158310,50625309.62,52297916.02
158311,169400310.92,68334892.17
168401,330172003.33,106546043.71
168402,136669086.3,716511120.86
168403,52863732.38,83127954.67
168404,87027715.57,129210211.25
168405,83408936.06,27137866.61
168406,341662083.67,699805833.79
168407,6622071259.38,8249617529.42
168408,2702906799.55,1623388043.99
168409,4674548614.03,5095005653.15
168410,34721013.62,33089605.7
168411,19520094881.07,11997985388.89
168412,711498293.25,760127879.14
168413,3790972836.38,2816321680.8
168414,3796358666.84,4638485049.49
168415,1977596754.81,2266915576.88
168416,163687662.02,83924517.39
168417,257178034.59,108116116.2
168418,2050984373.93,1948822540.18
168419,2278858315.76,1520778362.42
168420,45293591.27,66446345.55
168421,4264101670.66,2809634270.54
168422,875475626.63,1472660993.22
168423,164322518.98,308361813.03
168424,1506071875.91,910976985.55
168425,268557956.85,511182620.57
168426,334689508.59,837659951.66
168427,566573492.41,744491801.6
168428,1092703175.79,1457086276.34
168429,2186316262.73,2208682167.81
168430,609621999.29,348673461.45
168431,5276360105.84,3063077684.45
168432,282612857.44,281283962.32
168433,1476960446.82,661764980.79
168434,76643624.55,32086352.73
168435,21307058.23,16517772.97
168436,259985368.98,273718843.03
168437,83219610.14,41714862.12
168438,480777509.4,522655721.96
168439,216502446.93,279906294.16
168440,65121746.4,112229463.11
168441,317371172.6,411105315.5
168442,229713912.05,231514219.75
168443,863118172.76,1410306652.33
168444,16913494.13,21045739.76
168445,99149206.78,133077241.42
168446,33197107.52,41017194.91
168447,89154572.54,142557035.89
168448,128731458.08,320998245.55
168449,13492186.63,26106742.27
168450,420556781.35,357216556.64
168451,387748733.21,335160345.61
168452,190435705.42,569549166.06
168453,20823741.22,19647727.03
168454,105536770.78,206884411.38
168455,256610592.23,180731056.55
168456,1040346742.69,467039645.5
168457,194352683.81,723945378.67
168458,129944405.62,454636139.09
168459,154351272.13,257835456.19
168460,202460049.48,293056014.17
168461,121158456.11,152011665.33
168462,422075998.14,547844497.82
168463,73710547.83,119215090.31
168464,352966184.98,339219454.15
168465,216612121.62,871054325.03
168466,1370019877.85,1219628938.26
168467,640137328.58,1004860953.94
168468,100905972.34,64767153.93
168469,15349783.14,39135106.6
168470,185888572.3,869532818.98
168471,21148020169.85,50378846225.38
168472,316265373.09,746873189.52
168473,16211283378.89,24880988652.27
168474,559118609.61,579947067.62
168475,253713984.85,105395801.93
168476,196928549.99,130761408.53
168477,899820085.74,1530476339.56
168478,37656411.57,77647470.39
168479,6903338269.98,3481208708.26
168480,852417649.13,1454998960.39
168481,4456988700.68,5122120429.44
168482,1431826003.15,1406859419.73
168483,2713890443.23,3167974503.51
168484,377301155.9,206145328.79
168485,719272860.76,417483525.93
168501,1793294714.72,4124450315.19
168502,2110281649.03,1056777832.97
168503,921398005.11,1114049781.71
168504,3191741357.94,6541199895.1
168505,315014701.07,728638609.75
168506,628703842.71,450275083.99
168507,840269613.82,1716850461.56
168508,282969085.48,1258073874.18
168509,525981500.05,1830563716.35
168510,58088459.62,351102051.18
168511,1311447217.5,1932683984.99
168512,991432944.28,1670653993.33
168513,113766167.33,216457604.67
168514,589582229.46,341054450.99
168515,680608691.21,719568039.46
168516,609657172.51,4022754912.12
168517,8442935473.05,11660882947.74
168518,1455111896.07,2816282512.39
168519,224673898.05,1689003227.53
168520,93674104.12,729239976.76
168521,485805328.0,9569506820.85
168522,160318615.21,444531653.13
168523,1138335144.88,2666826177.87
168524,3810753955.95,1392212653.18
168525,4210932086.9,16809627500.04
168526,1341553975.54,958972793.21
168527,1052617737.79,5440726294.41
168528,1270309993.6,10552087701.1
168529,4201999971.86,4480080161.96
168530,113563805.21,106224461.59
168531,1038787407.75,1488217726.08
168532,1301074717.19,1506805998.83
168533,678016259.86,702525496.77
168534,2342479075.25,2075615058.34
168535,392660984.77,327044081.61
168536,6463816113.05,5245786883.51
168537,1572051931.34,2962293562.81
168538,1789608556.17,1261945756.41
168539,820164123.92,1346739724.71
168540,2299093497.17,1034810813.39
168541,3494166129.25,3284815227.08
168542,34820026502.83,22507202352.09
168543,3698583761.73,2272944549.56
168544,4908067618.43,8658565114.39
168545,252486186.62,227290851.65
168546,236561987.05,135846559.41
168547,452479245.34,91398312.55
168548,591921397.11,274781161.87
178601,2490628.09,52763389.93
178602,242249625.12,396501843.01
178603,6518328.51,149539735.91
178604,46337910.83,16746774.17
178605,11519201.33,36030114.47
178606,77209915.56,42578781.6
178607,546308029.93,656224728.08
178608,26185960.59,17133855.84
178609,134711398.35,142648583.16
178701,2208849016.93,3215711645.62
178702,306759432.84,738427758.75
178703,20557963103.16,115024183407.49
178704,6859199404.15,16564999961.58
178705,451267215.59,271364821.43
178706,294994362.14,11413277.79
178707,156534107.02,420595013.51
178708,27450745595.16,30996100682.68
178709,73355596.03,119692089.73
178710,683724242.82,271221786.94
178711,675156035.02,2458824659.09
178712,80490899.39,924114993.99
178713,62858183.2,224783987.28
178714,301668822.3,915072747.6
178715,12986526.11,184598810.22
178716,1072423196.22,770434889.31
178801,8827586.12,8667281.66
178802,29838846729.67,15557753099.38
178803,12388988158.86,5048189134.36
178804,27218034.07,12148979.88
178805,253163234.96,245337794.73
178901,305007349.69,1871429070.48
178902,26276841.85,3242056.09
178903,589518017.79,1249002960.03
178904,42656626.88,3472890.74
178905,749336969.81,60161571.23
178906,187563806.73,35179094.9
178907,40082793.86,199333866.2
178908,17682432.42,208730.75
189001,1584756101.32,894599324.29
189002,311327096.08,618539711.5
189003,68199248.6,677488272.53
189004,199657647.16,834743940.06
189005,124207243.08,322414980.98
189006,400989364.8,1246338397.02
189007,94133193.83,68807623.19
189008,80358794.29,87491110.51
189009,549465763.27,1002018667.62
189010,384251769.23,1654493261.2
189011,70809465.02,210663757.15
189012,136883965.09,163140895.78
189013,1300713819.05,786523658.56
189014,1534962853.72,709792765.11
189015,882653170.43,514832634.78
189016,13808145.84,44804226.6
189017,214840224.58,201543258.2
189018,10357056871.29,7767810729.21
189019,563661645.01,819894993.11
189020,145014323.37,72226071.03
189021,4020855573.83,2675632633.11
189022,1958568706.51,1984560900.64
189023,199946823.48,214495612.49
189024,290234597.89,102172189.2
189025,250282582.35,360829226.88
189026,1563601936.23,951964617.97
189027,4004593925.03,2193473237.38
189028,277311180.58,254947992.84
189029,419695771.75,526265478.9
189030,4006687052.15,1561739562.62
189031,3656629582.66,1949103614.02
189032,3459480617.92,3444964557.48
189033,268053364.51,73114063.36
189101,76926268.93,484731693.12
189102,122590726.53,1746522069.36
189103,3127354.22,16906804.92
189104,6227552.39,34997570.86
189105,15449340.72,281567434.65
189106,29192791.45,48758192.96
189107,37404554.53,110491282.25
189108,10962018.91,17689055.24
189109,8747236.88,15297941.82
189110,3191796.38,5182507.45
189111,4646775.6,18381132.08
189112,3177867.45,5753830.31
189113,4579330.09,60876661.44
189114,22411976.24,51993530.27
189201,11922269.29,247556301.92
189202,49992804.89,145108023.6
189203,3081130.48,16015253.63
189204,875823.1,13040741.36
189205,38004241.74,91589010.63
189206,28905786.48,119901440.64
189207,102699362.3,407119660.59
189208,6805679.68,31413385.22
189209,142735981.15,194184890.8
199301,228976460.68,27304546.25
199302,30137528.15,146717394.39
199303,45024239.27,270292876.09
199304,27645810.16,90783643.19
199305,133772849.34,166407963.27
199306,958689031.72,365984505.65
199307,1542580.35,18788125.75
209401,2226972915.48,8839074626.12
209402,227069589.12,200540220.74
209403,1428650639.12,10508536147.77
209404,178778489.54,958436019.11
209405,688376196.87,3935408356.96
209406,245723634.67,361300311.89
209501,38369761.92,313672451.05
209502,28066497.56,382449214.7
209503,400741807.17,5546686727.67
209504,1094042888.64,4313155957.88
209505,68755157.25,912716371.45
209506,1559737702.02,3323829814.59
209507,93874406.01,384624997.99
209508,67029001.72,122937774.29
209601,4147319.64,23170540.43
209602,48910867.37,98167745.0
209603,245515083.38,833521119.95
209604,2668312.71,1183768.67
209605,5230338.85,25388895.8
209606,92825253.06,47320240.84
209607,101210276.66,29563156.58
209608,280256176.61,893252668.62
209609,32526307.83,149752184.75
209610,12505590.9,31141781.61
209611,11643575.5,48379848.75
209612,181159319.22,225442323.58
209613,86283178.0,143628304.0
209614,4623097.05,6579775.92
209615,20970440.32,135839646.66
209616,37358982.63,91437181.03
209617,10413021.32,60050748.01
209618,11947718.08,31634615.21
219701,1736842700.67,2864614124.75
219702,72228519.97,76851615.03
219703,229882530.36,360530254.75
219704,41967357.55,21739264.15
219705,56832305.16,56072139.45
219706,388160079.34,1255613610.35
