010101,953881.03,66380.41
010102,0.0,41435.34
010103,0.0,4815179.05
010104,79293.0,5045.0
010105,296265.95,1670966.29
010106,694218.21,693913.67
010201,1234762.04,5000.0
010202,0.0,3325787.24
010203,38313.55,29068347.92
010204,0.0,3994893.14
010205,0.0,195099.78
010206,91039.44,1300340.47
010207,4988559.44,3098168.35
010208,654094.39,337126.44
010209,4525.07,1158318.41
010210,1014955.3,3133621.68
010301,1696875.2,5405985.32
010302,68285175.31,1050583.92
010303,15216348.29,22286133.69
010304,4822666.9,1665927.54
010305,7068875.95,703660.8
010306,1414572.7,3070800.2
010307,2797712.89,9995908.83
010401,9267973.29,3746164.06
010402,1144529.61,8093078.29
010403,9245541.19,5056889.78
010404,797138.22,654148.21
010405,1916506.44,2004568.63
010406,5940669.57,33360920.61
010407,1875022.41,3300674.34
010408,906783.79,300341.64
010409,3276881.21,83960.68
010410,10549.94,0.0
010501,1000.0,0.0
010502,0.0,290080.97
010503,0.0,26887.19
010504,3733110.03,16786707.31
010505,17470.26,298766.81
010507,2391.81,2209.23
010508,36593.02,58546.1
010509,343944.27,8722.0
010511,444739.07,166980.08
020601,12898.47,86007.36
020602,465670.14,15953403.96
020603,42139.9,4009759.12
020604,36989.97,990133.33
020701,55687.02,5591458.53
020702,29795.61,1767817.44
020703,49697.73,3518416.23
020704,545219.23,476357.93
020705,75516.02,225081.11
020706,31004.0,1729177.82
020707,248518.41,621241.44
020708,23565.0,331387.15
020709,1185228.55,3208062.59
020710,243828.58,1478720.64
020711,60619.61,201493.27
020712,621676.63,7025540.06
020713,34463.89,3110482.2
020714,0.0,51350.0
020801,1025.0,166800.62
020802,731375.19,5272981.61
020803,122757.18,20604024.72
020804,25958.64,605010.88
020805,1537638.69,14820133.82
020806,30971.1,1150852.87
020807,142534.19,1190980.61
020808,364747.9,7990832.69
020809,83336.86,3381112.03
020810,7876.0,738840.32
020811,302013.41,2408467.74
020812,23772.25,516255.72
020813,131168.82,1200885.39
020814,0.0,7201.72
020901,3482323.01,15551511.82
020902,501074.81,494400.03
020903,0.0,16229.0
020904,855729.41,2227772.81
020905,3832.17,12305.91
020906,11218.69,18801.86
020907,8973.21,32575.23
020908,7563.88,204694.24
020909,39573.81,85043.1
020910,1250009.6,817033.14
021001,20428670.2,3472427.59
021002,0.0,6632.55
021003,230255.53,5821901.29
021004,0.0,52395.61
021005,23936279.51,7886469.95
021006,289027.23,4455161.41
021008,26760.94,384035.7
021101,504164.73,300904.99
021102,46681.83,263297.21
021103,830465.77,933019.25
021104,293808.34,213972.49
021105,0.0,212920.35
021106,154410.48,56315.78
021107,2506573.61,1545681.07
021108,134724.51,576625.28
021109,26403.14,141882.78
021201,5747099.89,21426846.54
021202,60752.69,883484.18
021204,2965.22,101075.72
021205,4048804.54,5525.3
021206,3188566.39,152374.92
021207,336512.59,1114564.12
021208,13510.28,260792.01
021209,674182.01,8677470.36
021210,37667.0,741894.05
021211,4589104.84,2439134.65
021212,122161.74,697149.01
021213,16510.48,8504.84
021214,15013.58,1227309.84
021301,57310.0,33568.92
021302,282943.25,1952510.22
021401,51573.83,105254.94
021403,0.0,24038.24
021404,34959.27,87059.07
031501,1542293.35,33439.53
031502,5099.39,0.0
031503,0.0,7509.0
031504,10066.0,53522.15
031505,20357.48,27763.11
031506,6413.0,0.0
031507,646069.3,3972328.91
031509,1218208.6,2102571.95
031510,54742.23,44232.59
031511,178326.69,712473.35
031512,6232852.6,2863037.65
031513,0.0,88701.19
031514,713444.31,3172197.12
031515,98832.48,336894.26
031516,1968634.82,1224783.1
031517,6820319.03,2717863.91
031518,1386117.64,2329514.82
031519,751142.28,1276022.47
031520,21507.86,306723.26
031521,0.0,50336.81
031522,26701.34,0.0
041601,4106801.0,8280107.96
041602,20718854.19,6081533.5
041603,0.0,130167.39
041604,18272613.08,7107036.67
041605,49173.59,1396651.13
041701,122861764.51,29478825.84
041702,52026.2,919564.88
041703,301763.0,0.0
041704,6072425.47,11534958.39
041801,187538.0,11372493.85
041803,89237.19,51314.05
041804,156580.57,2004259.79
041805,513123.57,433061.1
041806,27990018.21,30147795.41
041901,9904578.66,18509177.23
041902,1385741.83,3287607.45
041903,22388.13,1000.0
041904,1215889.61,4672533.51
041905,23049798.64,40055267.84
042001,1237277.18,4674282.43
042002,474415.89,6092224.12
042003,199282.81,1183077.17
042004,136770.85,1345023.7
042005,3749911.26,13354740.99
042006,7057.37,58895.92
042007,2410819.41,4598072.72
042008,1356799.27,13263127.81
042009,1314744.61,12159399.05
042101,1061303.09,9571887.98
042102,7025281.27,3522600.9
042103,39416961.81,13884405.74
042104,15766063.76,4129005.95
042105,5606411.59,3453270.85
042106,21176375.24,69863865.17
042201,4176569.44,7313714.6
042202,9057808.6,34749963.07
042203,12476666.05,8205239.4
042204,11021477.95,10632063.65
042205,1062835.74,52588.47
042206,42233.72,85989.12
042207,759162.16,700027.84
042208,9995727.04,14922720.88
042209,319392.97,186102.6
042301,1153878.37,3118897.0
042302,484363.52,146663.18
042303,4209224.81,70256.74
042304,7384832.73,19280044.43
042306,1690069.68,187855.34
042307,1894.18,8941.0
042308,161065.63,9032.74
042309,6565130.85,38624120.4
042401,8064254.37,14870724.63
042402,101694506.03,2177932.95
042403,3199.46,98411.27
052501,2601319.06,4165201.65
052503,441019.81,196741.08
052504,13727.6,63169.77
052505,457007.9,3386595.17
052506,50085.59,131049.98
052507,76488.31,979842.83
052508,1063249.63,3438161.17
052509,367814.91,90269.62
052510,1401.0,11124.62
052511,2305.99,7091.37
052512,16708.4,284529.19
052513,0.0,37340.2
052514,16780.06,44390.55
052515,10453325.76,633180.83
052516,481120.35,2339228.68
052517,21271172.3,4829765.11
052518,40503.66,69844.35
052519,95576.81,432638.28
052520,235627.21,2765933.22
052521,236505.42,204108.38
052522,5883227.21,629621.33
052523,83982616.35,16793695.11
052524,13408.61,0.0
052525,3095.0,21024.11
052526,4958.55,249927.53
052529,0.0,921088.02
052530,58837.47,336359.58
052601,0.0,200378.28
052603,0.0,154968.0
052606,83569.16,4435541.01
052610,0.0,3738.55
052614,166004.47,5533.25
052615,0.0,4381.29
052617,0.0,35992.54
052618,0.0,1072490.99
052619,18771.4,10881.0
052620,14813056.1,887518.5
052621,11001.26,929751.17
052701,237470.94,9307018.31
052702,2530.0,3571274.66
052703,20655.31,2542769.24
052704,151743.04,1883179.27
052706,0.0,20996.24
052707,40999.79,1174657.42
052708,16643.68,53004.47
052709,6524.53,27844825.19
052710,361147355.85,289931116.88
052711,182904158.73,53179070.27
052712,2641905.02,1786403.25
052713,17912051.92,11422498.93
052714,698074.42,13251.24
052715,1918261.64,5083503.2
052716,14571928.6,117310681.49
062801,12884.93,6001.78
062803,12264491.51,87934.78
062804,3774361.02,1768518.31
062805,12804.0,23282.26
062806,50834.46,80556.57
062807,77147.29,34156.08
062808,36070.31,6093.85
062809,18255.69,87044.64
062810,1352.23,15408.81
062811,1768742.67,2136028.65
062812,25619.74,145700.6
062813,1586.0,0.0
062814,154967.78,9055.06
062815,92749.82,1306143.03
062816,0.0,36039.18
062817,2602.56,103208.85
062818,156497.05,11185374.12
062819,75342.96,115705.46
062820,0.0,22513.7
062821,37505.67,529064.33
062822,2826.0,38320.22
062823,40416.95,241707.63
062824,1969.0,6238.61
062825,15299.0,771637.99
062826,0.0,78260.68
062827,71702.96,549815.22
062828,30623.56,249078.97
062829,89192.57,7169.25
062830,0.0,45211.9
062831,0.0,17055.13
062832,17349.4,221949.89
062833,42735.06,1698549.7
062834,31424.15,127494.93
062835,219527.49,10391115.08
062836,261092.76,8252095.61
062837,1551.0,118811.94
062838,1933.0,140013.61
062839,2759.58,153040.12
062840,25471.89,2553233.41
062841,1755.0,727460.02
062842,2200.61,201615.09
062843,0.0,231736.49
062844,18732.6,335354.63
062845,0.0,66071.76
062846,0.0,2423.0
062847,8592.55,114977.66
062848,0.0,27176.0
062849,1105.2,58758.03
062850,0.0,9357.0
062851,38456.0,246403.6
062901,2945379.89,23778188.14
062902,49906.41,28203404.39
062903,1410248.72,1881693.53
062904,166576.13,88094.01
062905,262524.99,2430773.29
062906,3412.12,137682.43
062907,4411.77,109234.06
062909,27762.62,3239780.23
062910,0.0,34937.54
062912,92121.09,527912.56
062914,34317.55,380964.79
062915,87119.27,2235940.52
062916,104322.99,490852.04
062917,8583.63,1827992.08
062918,325683.88,4083216.29
062919,0.0,42612.08
062920,1197.0,926489.74
062921,11442.91,544835.18
062922,2489618.71,5976046.58
062923,50930.18,176737.15
062924,405209.72,2777425.94
062925,152507.64,142174.48
062926,5094.0,289863.07
062928,0.0,68598.25
062929,177371.89,2909376.61
062930,876907.9,3099097.8
062931,33007.35,908687.56
062932,2337897.0,1417920.71
062933,2666241.79,7161234.92
062934,744540.0,1737998.04
062935,17555906.3,1504516.99
062936,42518.52,2467696.1
062937,209342.03,406984.9
062938,0.0,12067.0
062939,0.0,223375.69
062940,1391.0,158681.25
062941,145733481.17,30835290.45
062942,105270.78,459390.66
063001,6385.22,257995.33
063002,4725955.86,27193622.21
063003,3079575.82,3503458.86
063004,104014990.79,286838582.48
063005,3631798.94,6707681.88
063006,256971.21,12077781.13
063101,15231.97,40534.52
063102,49012951.96,5601058.97
063103,0.0,77782.35
063104,83406.42,13208907.58
063105,47921850.71,15796745.29
063201,81507.14,31087.1
063202,32406.32,687446.79
063203,49971.38,768357.68
063204,286003.5,4108322.57
063205,13576.39,244208.31
063206,4281517.34,5641929.61
063207,103534.16,3039550.77
063208,9405679.65,39189984.47
063209,1495789.47,9638915.48
063210,36175.83,770884.1
063211,22266.43,108759.26
063212,99020.18,2394943.46
063213,122515.94,1684396.08
063214,3865082.92,19310904.02
063215,711076.82,11655236.72
063301,733305.27,468209.17
063302,900626.86,26073815.43
063303,112978.64,14404199.33
063304,3201212.78,44056098.51
063305,1615698.61,18186336.46
063306,1852389.24,4914479.85
063307,883380.95,24004534.11
063401,220717.72,2777500.75
063402,24011948.43,79430595.3
063403,500722.17,6570354.7
063404,20400.28,1090669.72
063405,2034073.08,4091600.75
063406,1873641.96,2383689.31
063407,94445.28,1121567.32
063501,176552.36,367117.12
063502,104439.28,19074.94
063503,70387.73,1324641.66
063504,344057.86,275904.78
063505,15367.0,738131.17
063506,1841716.68,11474997.77
063507,400678.57,1818284.86
063601,0.0,15755.4
063602,362514.0,3136736.08
063603,101447.51,3594679.61
063604,36902.83,921141.37
063605,1102121.75,145388.8
063606,68783.67,376482.0
063701,260668.74,7014766.29
063702,573858.36,4145085.71
063703,149714.71,2138451.57
063704,6661.52,8284.64
063705,5991.61,162597.98
063706,1012755.1,373215.02
063707,393631.36,2843659.79
063801,12896.7,189002.98
063802,471683.25,621927.67
063803,0.0,8374.96
063804,16314.18,288262.41
063805,0.0,34390.93
063806,0.0,100526.13
063807,0.0,17583.27
063808,5953924.47,26595886.25
063809,205878.9,9440065.89
063810,20567.31,363405.21
063811,1748614.37,2103027.57
063812,35053.3,1519560.87
063813,23498.24,537863.82
063814,662225.53,3620776.15
063815,812994.43,11069896.73
063816,430113.63,2268985.75
063817,0.0,9261.77
063819,429527.92,650166.61
063820,438302.76,2762615.21
063821,17886.57,458764.94
063822,1516138.91,13496277.28
063823,4890513.91,40984263.94
073901,63940266.96,28375615.5
073902,1069948.82,10691905.11
073903,42111789.06,13443792.01
073904,3877759.61,11609638.9
073905,319972.3,3734435.77
073906,294218.7,4781621.78
073907,9543037.49,20151685.36
073908,40955.1,1613118.3
073909,597329.67,11725755.49
073910,86702.81,3080162.97
073911,57380.65,2494185.19
073912,101691.02,4764678.2
073913,0.0,86172.67
073914,16492.0,464465.04
073915,637815.79,307521.04
073916,2026530.46,29351718.7
073917,10089659.16,40404123.14
073918,342388.4,2577584.4
073919,11934940.41,10678176.08
073920,8919376.18,54340449.53
073921,6466001.14,28165283.98
073922,9215720.83,13381910.16
073923,19568212.03,51777542.65
073924,1211850.94,17617834.3
073925,5064296.73,28262867.04
073926,13483761.36,51716553.02
074001,0.0,70255.22
074002,399440.01,3497714.19
074003,1148.0,37175.36
074004,122369.22,57759.78
074005,223166.73,4460899.35
074006,130703.34,1022872.3
074007,0.0,7251.05
074008,493588.13,6546620.74
074009,1063177.72,8190130.15
074010,740884.87,4719419.1
074011,1771126.44,43559235.54
074012,352048.49,2552925.68
074013,44717.2,141334.88
074014,51532.97,843424.27
074015,94998.69,1778222.99
074016,5466161.66,15460819.68
074017,169522.06,469854.96
084101,21863111.68,19650747.8
084102,1073634.25,240180.28
084103,43675.6,28209.31
084104,35521129.79,64166806.05
084105,547276.7,4494100.1
084106,123518.19,5204556.9
084107,153416.1,2308818.98
084108,17415.61,28438.19
084109,13238.36,399750.69
084110,6549.73,0.0
084111,82261.47,378947.68
084201,15902.06,206935.76
084202,5997734.59,23047712.2
084203,12843185.13,6227024.72
084204,9818.99,95888.56
084205,498656.34,1284452.65
084206,2358.0,34000.0
084301,703916.0,559087.0
084302,4713770.3,4511160.67
084303,3138727.1,813141.71
084304,47285.63,15266.0
094401,7723306.07,566925.42
094402,1114753.99,556474.89
094403,33469525.63,4662283.92
094404,280448.96,457830.17
094405,0.0,4186.93
094406,149144.57,1065705.99
094407,135983385.34,61194614.76
094408,36345555.67,13183798.62
094409,29698601.89,11267507.23
094410,10268075.3,24818536.45
094411,827173.31,21626245.23
094412,5720663.41,5779496.06
094413,4142139.11,565841.35
094414,47058.45,241391.29
094415,1673538.23,5096001.14
094416,196198.42,1072158.94
094417,1220748.95,154210.72
094418,24353552.09,32301435.72
094419,366365.47,684649.85
094420,1035648.75,1342686.39
094421,5937379.19,7882588.17
094501,0.0,8869.11
094503,50095.94,1579296.59
094504,30964.59,473041.91
094601,122073.41,370907.22
094602,2272350.84,1469037.22
104701,13336914.46,1000.0
104703,0.0,33580.79
104704,10432.16,37775.15
104706,0.0,424840.91
104707,3427883.39,10042357.17
104801,1316328.05,17516700.89
104802,740757.0,24690744.12
104803,153981.08,432540.72
104804,1772075.18,10924608.62
104805,50117495.21,8168642.73
104806,66350.6,821493.89
104807,71575.42,90919.81
104808,4860136.01,3703140.69
104809,272655.38,5944751.65
104810,1648908.93,60552672.42
104811,5244124.4,39055945.95
104812,75046.73,373908.18
104813,211029.6,1956277.93
104814,786965.91,648964.63
104816,73190.23,2182250.38
104817,933636.41,879871.72
104818,619485.92,72409562.95
104819,20090124.3,36183638.05
104820,4215643.44,5472634.83
104821,1556610.39,6158520.44
104822,362006.15,190933.88
104823,12459628.78,7333333.01
104901,9003065.92,13040400.3
104902,29729070.88,10833343.26
104903,167197.07,800592.79
104904,0.0,6100.77
104905,346290.25,470964.15
104906,119826.66,222658.51
104907,398154.0,1900858.0
104908,23319.39,587314.73
104909,111505.06,397390.13
104910,329904.8,353084.42
104911,3624568.09,17966546.56
115006,0.0,36954.2
115007,75807.98,3355325.09
115101,317664.87,1307922.6
115102,0.0,2110.33
115103,49260.94,31160.44
115105,32379.86,5508492.18
115106,165451.61,3026154.72
115107,4296199.56,4803631.56
115109,8626.95,36726.17
115110,0.0,2665.0
115111,232847.4,9092556.72
115112,7187582.07,33489980.25
115113,1721.0,50078.16
115201,1398.0,1345093.17
115202,245752.67,126118.29
115203,20282.09,121833.32
115204,1048798.03,281814.35
115205,958077.85,11897954.13
115206,2635682.15,1258113.75
115207,3846800.48,352901.41
115208,3128686.53,19997848.42
115209,2440387.95,15685214.49
115210,931126.2,5573126.2
115211,968401.34,4024018.54
115212,200581.99,1772920.13
115301,0.0,18236.3
115302,0.0,26499.23
115303,0.0,2457.74
115305,0.0,60059.17
115306,6859.08,361449.75
115307,0.0,63300.84
115308,0.0,81038.83
115309,643379.98,4255336.3
115310,3288.59,35914.05
115311,0.0,185730.85
115401,233802.95,4249860.5
115402,12116590.01,19813288.32
115403,301500.25,561052.64
115404,25936.13,576850.07
115405,0.0,16639.0
115406,549582.5,33618.46
115407,991049.53,19442190.19
115408,283338.25,11018352.63
115501,3389.74,1303979.24
115502,0.0,5283650.34
115503,37636.19,2438640.68
115504,60454.35,10321400.75
115505,116841.56,152123.0
115506,9775.65,1231172.85
115507,0.0,429000.0
115508,46990.13,1551711.56
115509,4900497.54,5414352.67
115510,5489822.96,1573472.52
115511,163151.23,227662.63
115512,1027330.88,4086294.97
115513,352142.7,1492936.52
115514,458228.71,1727661.06
115515,2391125.02,8780783.29
115516,1293721.82,4956462.63
115601,518950.2,4120459.44
115602,1863056.95,2691870.67
115603,1216923.3,9308052.04
115604,77353.77,605906.75
115605,3026.0,26695.51
115606,1437568.52,594505.17
115607,798079.8,2919242.51
115608,83021.22,2163943.03
115609,349303.91,343109.69
115701,149289.63,818765.97
115702,98657.54,1514495.05
115703,621890.48,3731672.87
115704,9251.91,142427.19
115705,53291.62,331185.64
115801,548426.38,6845839.26
115802,0.0,4952.25
115803,1089.08,15882.82
115804,43690.04,1053657.88
115805,18517.0,0.0
115806,263609.4,8433563.08
115807,361045.34,3039184.93
115808,129024.15,625103.96
115809,1425.0,13779.88
115810,280864.48,1119692.89
115811,34370.95,871984.54
115901,3448.39,79070.26
115902,4177.0,29363.15
115903,9116434.64,28539348.67
115904,7120.13,610929.93
115905,7673.0,461621.1
115906,84024.34,1681037.85
115907,198999.79,830273.22
115908,20182.92,100451.78
115909,3122825.0,178367.65
115910,18507.85,529014.12
115911,390751.27,3547258.3
116001,315944.72,3327185.94
116002,1671802.02,34662417.34
116101,758136.01,921345.52
116102,4691460.41,1138402.35
116103,3119897.5,3480121.85
116104,12955752.82,7383786.58
116105,2035683.94,2012754.02
116106,1684825.81,1111231.97
116107,11047762.89,4348641.99
116108,21672944.82,9815640.98
116109,40869428.02,34145323.66
116110,118017990.62,46795385.87
116111,7661841.13,4148928.53
116112,11498181.36,8945806.34
116113,110035.85,70129.68
116114,1915906.91,1901149.98
116115,23166929.86,12761524.07
116116,1317727.08,1330171.52
116117,4572123.77,10538663.67
116201,10711063.98,7378150.33
116202,12582630.12,9624662.76
116203,124429141.82,25644900.85
116204,101725601.8,41900187.96
116205,9708182.98,6855383.04
116206,13083395.95,6382942.87
116207,1227012.54,4053938.61
116208,1595895.75,7013136.52
116209,1719099.55,2893158.12
116210,3875600.07,6287708.33
116211,5673086.56,11906805.97
116212,8635453.97,11430948.82
116213,13275.17,140127.13
116214,383409.45,1841351.98
116215,229647.48,909088.59
116216,18177.35,522278.3
116217,1401612.76,18172944.66
116301,3098048.95,3812719.91
116302,10488290.13,11301889.39
116303,124251.48,2467614.39
116304,1529457.34,2015466.1
116305,747106.11,1623358.2
116306,1132339.73,3591204.24
116307,3237524.67,6870432.44
116308,100969.55,10278.66
116309,631927.17,1375179.93
116310,286816.41,323914.69
126401,423170.47,1151121.14
126402,3673656.05,12973307.35
126403,102480486.68,71697523.87
126404,4704741.16,10293216.58
126405,9464927.25,10038234.91
126406,46713463.8,37050991.01
126501,0.0,2549.4
126502,0.0,19000.0
126503,5179.0,70121.88
126504,7408.0,128956.1
126505,2388597.46,3383494.17
126506,1453064.31,1874517.12
126507,412249.83,15674.7
126601,448100.77,4060147.8
126602,34518.22,26215.17
126603,120194.0,117342.29
126701,0.0,6084.0
126702,284150.56,2941835.06
126703,0.0,2270.0
126704,40859.01,144995.35
136801,393745.4,372569.72
136802,7479420.98,16562311.5
136803,0.0,37880.15
136804,114866.78,5163434.08
136805,765667.49,4964097.73
136806,11126309.15,5170160.87
136807,578721.89,6874127.78
136808,1326694.22,1062425.61
136809,52092.67,8916172.56
136810,1342316.89,21179805.11
136811,739421.19,803220.8
136812,40793.84,182462.87
136813,155136.15,1440926.91
136814,0.0,645498.23
136815,121059.15,1217156.15
136901,1316.28,45234.75
136902,558687.83,5871101.6
136903,155902.82,1400989.98
136904,17873821.73,8815699.65
136905,14570542.72,8552788.48
136906,3576.0,247208.24
136907,87885.9,9294386.54
136908,10688351.48,58030629.61
136909,18179.0,297459.55
136910,4660229.22,10474851.97
136911,6414450.89,4985514.81
136912,231434.34,2860058.63
136913,973838.26,2682202.48
136914,2053756.61,762907.24
137001,9004.02,147832.72
137002,6939.75,1416683.9
137003,2949092.02,959216.08
137004,45512.89,115530.87
137005,326579.36,5226856.75
137006,53585.82,738533.17
137007,2064560.96,4207738.12
137008,136084.79,1824033.14
137009,145754.12,3543769.81
137010,42703042.39,9552330.68
137011,7516.87,104147.25
137013,4506193.87,18169109.04
137014,3449.01,63482.29
137015,11271.78,181804.76
137016,462690.83,1410044.72
137017,5763097.3,1002324.93
137018,42188.76,487317.68
137019,8236498.53,11327526.8
137020,236151.33,960265.08
147101,0.0,68989.0
147102,0.0,7474.56
147103,6000.0,43181.47
147104,0.0,31077.0
147105,0.0,21150.0
147106,109737.05,278304.45
147107,0.0,568126.38
147108,4106137.03,35093100.47
147109,0.0,3304.0
147110,192503.92,251567.24
147111,0.0,2094.0
147112,12943038.62,0.0
147113,33523225.01,5850706.71
147114,164320.9,2428518.05
147115,1641541.0,1174623.96
147116,3116.6,24701982.91
147117,53464.54,1232717.39
147118,6232.0,6278.0
157201,81370.72,1328374.12
157202,244695.83,2942458.37
157203,7139.0,46950.0
157204,32568582.72,835556.34
157205,25656.19,208384.16
157206,4867.0,40654.0
157207,1833054.9,2625437.29
157208,3526726.76,60555954.4
157209,1035976.81,9807179.19
157210,3530583.52,27378018.56
157211,314466.79,5767862.12
157212,281339.46,3259633.29
157213,64713.22,21618267.96
157214,846803.02,33317853.43
157215,592336.1,8701492.12
157216,2583195.15,39362625.01
157217,334253.3,10284596.71
157218,0.0,23150.0
157219,132408.88,15137016.91
157220,54771.38,3950693.62
157221,0.0,16694.0
157222,61412.47,3754300.26
157223,36568.0,616788.51
157224,54843.09,170382.66
157225,252918.03,8039361.29
157226,30786.71,1197433.04
157227,246355.74,791486.13
157228,507251.82,3723165.12
157229,18611.66,1046548.34
157301,33719.93,178461.38
157302,1971655.9,10638105.11
157303,92100.72,10443827.96
157304,14340385.55,20958801.22
157305,275191.98,1450562.07
157306,9090381.65,27781541.17
157307,13677613.83,19017794.6
157308,34657123.95,106191709.56
157309,3221100.85,5154123.48
157310,2680559.81,9329394.39
157311,972330.31,2598113.64
157312,932896.14,5802580.26
157313,85538.66,63716.27
157314,1373364.27,32937605.84
157315,1750095.12,4874125.13
157316,31373.98,379217.14
157317,559170.18,574647.14
157318,5485942.46,24446560.29
157319,6954.14,142176.35
157320,4723969.31,4494196.24
157321,15684134.96,13555432.58
157322,758200.75,12155553.95
157323,693816.33,18294290.97
157324,821231.01,7382593.78
157325,4602011.83,6447266.38
157326,31909019.46,37018779.81
157402,7394.12,21839.0
157403,83515.54,415567.8
157404,8550887.64,8596.02
157405,0.0,68617.0
157406,0.0,48604.64
157407,106479.36,4442312.37
157408,420088.91,5360536.71
157409,510577.22,5084943.65
157410,3667.0,117322.52
157411,445582.19,11112343.08
157412,185386.06,6016670.4
157413,453024.15,502536.66
157414,3188.0,39897.16
157415,233309.76,466299.98
157416,3720.0,2017834.69
157417,0.0,2000.0
157418,10666.72,1078942.7
157419,1032405.86,1467992.57
157502,15966.0,122399.53
157504,21422.29,438550.66
157505,8209.43,640809.3
157506,31279.0,104129.15
157507,0.0,19504.0
157508,10925.48,58616.62
157601,1178775.8,34957200.37
157602,8440462.94,404912.48
157603,0.0,109830.73
157604,8993254.97,30272491.82
157605,36524.84,5078791.74
157606,21046426.58,13201679.13
157607,29366625.95,10305271.61
157608,895371.48,1220812.8
157609,159364.1,432265.13
157610,2185809.35,26152101.24
157611,170032.0,90558.88
157612,1019203.28,4170450.84
157613,5628.0,75507.8
157614,266017.97,2226011.07
157615,197401.18,1522900.93
157616,24594228.26,13921691.97
157801,18864.25,428905.15
157802,244384.85,0.0
157803,1757.53,29842.14
157804,21662.23,83248.1
157805,1042.88,0.0
157806,64565.17,165789.15
157901,34962.05,946847.5
157902,171366.41,0.0
157903,18237.0,27395.31
157904,19659.88,34257.19
157905,49927.33,200206.81
157906,6346.0,3608.86
157907,1529258.22,275610.42
158001,10741.0,295020.81
158002,4337.0,0.0
158003,26466.32,102932.65
158005,0.0,1063.0
158006,0.0,2262.0
158007,0.0,18612.22
158101,5609.0,31441.37
158102,0.0,13705.0
158103,0.0,6297.0
158104,106636.0,130738.84
158105,0.0,224173.46
158106,0.0,34857.0
158108,0.0,27779.85
158111,0.0,238177.38
158112,6038.86,42189.59
158113,0.0,92741.72
158201,233546.98,2437530.55
158202,772892.82,2449821.76
158203,237868.02,2826114.76
158204,1546790.41,2506430.9
158205,1440702.39,11283568.34
158206,102061.98,1403120.91
158207,6227471.32,15775333.3
158208,1924198.49,3074981.46
158209,513048.65,1780966.99
158210,53810.41,365330.49
158211,35203.86,2159305.24
158212,182207.0,3485718.36
158213,14517.73,572333.72
158214,75154.62,927611.19
158215,288863.04,1596408.63
158301,1690818.37,9605470.71
158302,5275316.57,45252821.46
158303,182944.86,2484824.08
158304,131826.34,334040.46
158305,221861.53,1111904.63
158306,89197.66,2019612.6
158307,1341355.58,962132.02
158308,942986.01,6518682.32
158309,3778146.87,5910130.02
158310,108479.51,622792.6
158311,499756.59,5962735.88
168401,1851210.0,0.0
168402,13133894.01,3972611.97
168403,4716861.7,24787474.19
168404,3573498.03,917673.26
168405,199421.93,3593100.8
168406,2079718.89,2983888.64
168407,197861.18,6801371.81
168408,7779609.07,14675263.6
168409,17599728.51,24468954.96
168410,442824.03,1312378.44
168411,18477506.62,25248323.05
168412,1831245.84,11446779.79
168413,7159871.89,53665324.32
168414,19010518.64,44087208.93
168415,3654095.39,46224414.19
168416,548886.22,8251235.34
168417,3095985.63,14572359.1
168418,13969464.63,95248529.78
168419,4809724.82,47389099.13
168420,117293.44,424741.3
168421,4259589.23,46802946.0
168422,4728679.89,62262136.76
168423,301348.01,5171541.71
168424,4404195.33,20930563.03
168425,1571788.32,10220958.76
168426,7770932.43,33263416.34
168427,577895.71,23239696.99
168428,2682934.97,26097104.88
168429,3632249.91,80007130.37
168430,2725725.55,11975443.99
168431,19676944.23,38684289.67
168432,3878131.75,9916421.71
168433,2927772.42,22551296.56
168434,3047721.02,2498258.97
168435,231143.72,835970.64
168436,568263.92,6607192.12
168437,289311.9,578312.37
168438,2320063.88,28414466.93
168439,9780641.3,6261285.44
168440,693100.71,2042632.41
168441,1704022.85,7809813.8
168442,826598.74,2588570.38
168443,5877455.04,28688705.26
168444,29856.0,1573023.46
168445,616123.29,6108055.08
168446,555018.16,1413711.98
168447,533165.23,5820869.91
168448,1535844.03,2967585.51
168449,893582.84,4877.9
168450,2686650.21,26240051.15
168451,3336021.67,9667434.65
168452,2311835.93,9472777.48
168453,482867.85,2557259.33
168454,244567.82,3021841.91
168455,1256238.05,971111.84
168456,1081.0,2114363.9
168457,3411613.11,2728096.37
168458,330165.54,3222861.24
168459,4632100.54,6813207.61
168460,1385056.45,3321738.28
168461,282101.47,1848698.6
168462,1612048.71,14198243.63
168463,994193.58,2396541.32
168464,644120.79,7499841.31
168465,2692961.31,22277227.85
168466,13516339.83,11306786.63
168467,1405648.21,16586323.5
168468,245204.88,2059013.0
168469,16840.35,125605.39
168470,410788.87,4861944.8
168471,16731331.48,222149803.68
168472,314271.06,8545386.86
168473,8433272.21,70049639.07
168474,8299999.54,46269601.02
168475,1409343.07,2378904.01
168476,1268925.43,5203165.82
168477,29961162.99,19030000.47
168478,41168.84,6394976.73
168479,11901043.9,81130677.56
168480,15539924.61,10728695.13
168481,13849110.57,83150270.58
168482,12864463.88,12352612.14
168483,3663507.42,26774264.85
168484,416079.26,3828281.82
168485,940354.26,11856298.59
168501,22277802.06,16800791.63
168502,943511.29,12527092.02
168503,10204105.31,6244941.61
168504,110219426.35,32127569.45
168505,158346.97,1267124.27
168506,244705.21,3480755.36
168507,5068703.23,15502567.2
168508,501609.26,13848621.68
168509,443955.91,17835774.79
168510,24408.0,1341118.63
168511,4539533.38,7450819.51
168512,474075.04,5750538.12
168513,2190747.01,1091903.91
168514,855925.42,4740196.14
168515,5346557.22,10899141.74
168516,23167050.21,63684992.16
168517,64700921.67,83738640.31
168518,1490764.47,11723873.37
168519,110463.34,2371370.21
168520,92039.0,1183177.99
168521,1272900.49,19777952.28
168522,35174.0,418829.75
168523,848660.64,6489980.6
168524,8345642.02,45604981.97
168525,18390982.98,113552138.72
168526,277206.09,53269458.27
168527,1564679.71,16643845.87
168528,2627696.75,30259383.61
168529,13146179.81,31368241.2
168530,291002.8,3234089.98
168531,4069422.63,15146103.61
168532,92929232.62,119892466.26
168533,17045651.43,21093096.19
168534,1684055.52,4092438.62
168535,6664904.36,9224267.75
168536,21295040.38,58848570.29
168537,15339407.4,25333577.92
168538,5515530.27,20925553.27
168539,1079403.29,12565508.11
168540,553357.0,917160.91
168541,33450376.12,31287285.19
168542,2912677.08,26152205.93
168543,1379293.09,25165717.78
168544,93447539.83,81397037.97
168545,718520.28,1065858.6
168546,1409846.88,6761602.05
168547,677334.21,10837561.36
168548,756783.54,1662673.82
178601,1444013.0,1413463.0
178602,6719.28,0.0
178604,0.0,4976830.06
178605,0.0,52268.0
178606,1794763.43,152932.85
178607,4782766.65,18271079.4
178608,69460.65,1083584.7
178609,302966.44,849352.22
178701,2873424.27,79842733.52
178702,576987.36,27268018.6
178703,3034196.04,833955579.69
178704,6021114.72,230892788.24
178705,6504755.14,31585803.96
178706,0.0,829903.64
178707,710983.73,1250512.24
178708,62813360.73,97189182.37
178709,226550.6,307962.61
178710,0.0,127458.0
178711,165483.29,22236938.09
178712,268640.77,7720598.12
178713,135592.13,1198962.5
178714,2436219.0,2975409.31
178715,159855.0,1821226.46
178716,14529807.91,47092323.59
178801,0.0,4714.0
178802,958922.59,140900232.63
178803,5271314.29,3957607.36
178804,2037.0,37946.11
178805,4041.0,16645.0
178901,541953412.41,340765618.21
178902,6375.0,703660.46
178903,5326400.04,91420701.78
178904,2520014.0,986458.11
178905,773349.0,2067659.1
178906,409000.92,506410.92
178907,369453.0,1250499.82
189001,335707.3,2827678.86
189002,170945.15,591382.58
189003,631523.97,5177693.8
189004,355525.55,7184037.66
189005,38604.75,417496.31
189006,237923.53,4231097.51
189007,995895.0,431065.69
189008,256670.88,713423.66
189009,1243563.25,4761451.93
189010,510065.05,3344925.09
189011,220189.7,1262205.36
189012,0.0,642247.33
189013,620019.98,1763618.02
189014,333318.15,3369786.22
189015,294023.84,2601789.0
189016,59839.52,546247.22
189017,193538.99,2372110.64
189018,3850108.53,53178481.23
189019,372632.61,8938681.68
189020,52751.04,555451.4
189021,2479599.15,14877409.17
189022,617408.23,14608152.38
189023,83146.83,1067759.44
189024,558885.44,1566790.93
189025,728374.21,2550671.43
189026,3470922.88,16542335.9
189027,700347.81,23589216.33
189028,963981.95,11418950.86
189029,138133.95,1238397.48
189030,1283203.32,14781073.82
189031,3650260.82,17318273.49
189032,52115188.6,18342574.35
189033,293411.21,2204728.53
189101,10203.0,713317.89
189102,191299.97,7053905.85
189103,21992.0,151286.68
189104,8959.0,20962.43
189105,171776.2,1407599.52
189106,1033.0,28618.35
189107,1688024.91,667783.96
189108,0.0,3502.0
189109,19549.0,52163.3
189110,0.0,24761.0
189111,0.0,7178.0
189112,1053.0,1249581.21
189113,1679396.0,615463.2
189114,23668.0,199892.29
189201,167797.09,633996.63
189202,128053.43,308189.29
189203,0.0,111445.1
189204,0.0,60270.17
189205,113210.27,103342.36
189206,20023.0,145823.15
189207,190679.08,945458.62
189208,4187.0,16613.63
189209,66833.78,486035.81
199301,426776.57,2994.0
199302,7001702.74,45416.13
199303,46629.0,574409.65
199304,0.0,263592.25
199305,186844.54,515520.72
199306,3151395.51,1013399.48
209401,103094028.65,70646576.15
209402,2034015.89,4370182.6
209403,71085415.74,176844866.78
209404,7314100.87,15217069.24
209405,6362646.87,48799607.07
209406,5427030.17,8742206.8
209501,34210.08,721265.56
209502,549784.43,2962765.49
209503,1385866.21,20691528.04
209504,3269287.68,26172462.11
209505,237859.84,6898728.68
209506,3106521.06,18494214.64
209507,60263.22,2065860.53
209508,169707.77,175704.55
209601,13017.79,66788.11
209602,3640850.44,83029.26
209603,1015804.05,5357164.05
209604,0.0,18585.83
209605,8364.0,58190.81
209606,277734.01,7199943.65
209607,3035604.48,4360089.82
209608,1122219.98,4446863.17
209609,2143966.34,1075450.48
209610,18668.81,126958.73
209611,59391.27,590449.49
209612,133400.87,1457961.21
209613,96299.67,1592621.7
209614,0.0,49941.38
209615,74541.09,982729.73
209616,4636.47,79797.33
209617,9955.9,404479.96
209618,2313.16,277950.95
219701,824167.93,2105772.86
219702,14628.07,22000.0
219703,60380.12,902934.31
219704,105467.08,34862.89
219705,14973.0,41197.05
219706,26449.0,38125.0
