010102,1240.0,0.0
010105,1144.0,11637.0
010106,9433.67,72840.0
010301,254673.5,1540.0
010306,13220.58,0.0
010307,123928.11,0.0
010402,0.0,5162.0
010403,0.0,26449.0
010406,0.0,7209.0
010509,2000.0,0.0
020601,2483.0,0.0
020602,56592.72,0.0
020603,2929847.97,6349.0
020604,1951.64,0.0
020702,36528.0,0.0
020708,296874.91,0.0
020710,43861.96,19950.0
020711,15643.17,0.0
020712,13988.19,0.0
020713,4566558.36,605315.0
020714,21875.94,0.0
020801,16633.97,0.0
020802,1091491.05,0.0
020808,0.0,9422.0
020810,17726.94,0.0
020901,12684942.68,33616.0
020902,53459706.72,91856.0
020904,3867681.71,4580.0
020909,43069.93,0.0
020910,80391.24,102063.0
021003,4257.0,0.0
021005,373802.74,8626236.0
021006,2294771.17,0.0
021008,1229.0,1470.0
021101,22303.95,572063.0
021103,3375.0,0.0
021104,7259.0,32077.0
021105,3220.6,0.0
021107,0.0,649775.0
021201,1052914.61,0.0
021202,2012145.98,0.0
021206,479670.21,0.0
021207,529686.88,7132.0
021208,7488.94,0.0
021209,56009.56,479895.0
021210,0.0,10000.0
021211,62330.55,0.0
021302,53008.7,20010.0
031507,16137.0,0.0
031508,1395.0,0.0
031512,46282.0,0.0
031514,0.0,206518.0
031515,24745.9,0.0
031517,1620.0,0.0
041601,0.0,13660.0
041602,1913.0,0.0
041701,46038457.85,10000.0
041702,17393.0,12564.0
041703,2983.4,0.0
041704,0.0,13035.0
041806,0.0,4972.0
041901,7532.0,1396.0
041902,31779.0,0.0
041905,28315.62,22803.0
042001,80009.15,5320.0
042002,4963.0,0.0
042005,181168.09,0.0
042007,66996.0,11200.0
042008,137374.0,16526.0
042009,0.0,2740.0
042103,120533.28,94428.0
042104,0.0,52740.0
042106,18446.31,35438.0
042201,9302.0,0.0
042202,3097.0,0.0
042203,9022.0,17658.0
042204,4894.4,7565.0
042205,0.0,136700.0
042207,453235.66,6162.0
042208,3092019.54,399443.0
042302,76120.0,0.0
042305,5737.51,0.0
042306,2806336.13,8037.0
042401,350122728.3,4393208.0
042402,125135.0,870075.0
042403,1587891.1,0.0
052505,0.0,2766.0
052508,0.0,4874.0
052510,2425.11,0.0
052513,0.0,7081.0
052517,3722.0,0.0
052523,72018.55,34647858.0
052525,2179.88,0.0
052701,1198200.44,0.0
052703,0.0,8646.0
052704,9440.0,0.0
052710,76215.0,28147.0
052712,614183.39,15329.0
052714,7841.0,0.0
062801,0.0,26013.0
062804,0.0,12975.0
062807,0.0,1139.0
062809,0.0,3699.0
062817,0.0,5600.0
062820,0.0,24000.0
062827,0.0,29320.0
062833,0.0,2417.0
062834,0.0,3000.0
062835,1742.0,0.0
062836,3313.4,99760.0
062839,43136.0,0.0
062842,0.0,5766.0
062902,1051.0,0.0
062903,1466.13,26274.0
062904,9338.99,0.0
062905,0.0,20000.0
062907,4605.0,4000.0
062909,30304.0,0.0
062915,0.0,11000.0
062917,0.0,23000.0
062918,0.0,30300.0
062923,2832.0,0.0
062924,0.0,38500.0
062925,0.0,1656.0
062929,0.0,185000.0
062934,0.0,18000.0
062935,0.0,7473.0
062938,0.0,10839.0
062941,0.0,13302.0
062942,1926.0,0.0
063001,0.0,8755.0
063002,6274.0,1115156.0
063003,29299.0,196544.0
063004,162085.9,3790041.0
063005,0.0,77909.0
063006,5471.0,357258.0
063102,54639.88,30529.0
063104,0.0,609000.0
063105,79402.11,10844997.0
063201,0.0,3101.0
063204,5169.0,130033.0
063207,0.0,1847.0
063208,7430.49,12000.0
063209,3084.38,212514.0
063214,0.0,21611.0
063215,0.0,9463.0
063301,2572.0,1201.0
063302,3343.0,276394.0
063303,1576.0,12998.0
063304,127737.22,39558.0
063305,0.0,18921.0
063306,0.0,15078.0
063307,2801.0,2882.0
063401,226289.75,349896.0
063402,10219.0,106296.0
063403,0.0,2091.0
063405,0.0,240836.0
063503,0.0,5063.0
063506,0.0,3790.0
063507,0.0,2131.0
063702,0.0,27081.0
063703,0.0,16960.0
063705,0.0,1000.0
063707,0.0,5576.0
063802,0.0,5671.0
063807,0.0,11610.0
063808,7276.0,271278.0
063811,0.0,5921.0
063812,9508.96,0.0
063814,0.0,2246.0
063816,0.0,13000.0
063822,0.0,21780.0
063823,0.0,34378.0
073901,0.0,275141.0
073902,0.0,320523.0
073904,0.0,150222.0
073907,0.0,30559.0
073909,0.0,159162.0
073911,0.0,27000.0
073915,0.0,1840.0
073917,7293.0,56481.0
073918,1622.0,0.0
073919,19237.0,67022.0
073920,5439.0,72926.0
073921,2419.0,63249.0
073922,0.0,4427.0
073923,288933.14,93237.0
073924,42817.0,11530.0
073925,0.0,38833.0
073926,5788.81,319985.0
074001,1761913.17,34835.0
074006,0.0,1078.0
074008,0.0,11418.0
074009,6177.0,54241.0
074010,0.0,15148.0
074011,1823513.22,6945285.0
074012,9723.0,51747.0
074013,17830.0,20207.0
074014,0.0,62251.0
074015,55345.72,17792.0
074016,1376.37,288020.0
074017,0.0,3000.0
084101,554527.81,0.0
084102,13183.0,0.0
084103,411401.67,0.0
084104,21740.0,35569.0
084106,68226.0,0.0
084201,2368.0,0.0
084202,14187.0,376403.0
084203,0.0,9846.0
084205,0.0,2391.0
094403,30980.56,0.0
094404,5571.57,1812.0
094407,506385.03,1472.0
094408,2581.0,0.0
094410,12390.0,40230.0
094411,51663.0,128443.0
094412,546565.17,149540.0
094413,6164.0,0.0
094414,0.0,5752.0
094415,0.0,4313.0
094417,1137.46,0.0
094418,81205.35,117968.0
094420,263351.69,0.0
094421,356957.73,130432.0
094501,5268.0,0.0
094601,3867.22,0.0
094602,6827.72,0.0
104707,3722.0,3512.0
104802,0.0,55967.0
104804,1436525.0,37535.0
104805,1254.0,65735.0
104806,0.0,9088.0
104810,7074.0,0.0
104811,0.0,279095.0
104812,0.0,30000.0
104813,52315.0,10344.0
104817,0.0,1143.0
104818,0.0,24855.0
104819,604661.91,55168.0
104820,0.0,185586.0
104821,127410.0,539765.0
104823,98953.19,617601.0
104901,27997.38,1357554.0
104902,3274.0,0.0
104903,0.0,6196.0
104906,0.0,18658.0
104907,500835.53,4708781.0
104908,0.0,2341.0
104910,0.0,6627.0
104911,1378.25,381708.0
115007,0.0,298997.0
115105,0.0,6846.0
115112,0.0,11549.0
115201,3926659.0,74492.0
115202,24754.47,10450.0
115204,39644.0,53818.0
115205,36126.37,7216.0
115206,6470.0,18873.0
115207,40651.0,15122.0
115208,746979.74,328007.0
115209,1413850.41,305300.0
115210,21131.0,1495.0
115211,89053.0,32101.0
115212,53544.75,56483.0
115306,0.0,7008.0
115309,0.0,148278.0
115401,0.0,41313.0
115403,2982.87,0.0
115407,50724.0,2043620.0
115408,39832.0,4810.0
115505,0.0,96374.0
115511,0.0,260420.0
115513,616036.29,2351661.0
115514,170016.0,14333.0
115515,0.0,425947.0
115516,163956.3,418270.0
115602,0.0,13930.0
115604,11423.38,12710.0
115607,84634.0,81651.0
115608,25463.0,69155.0
115701,1277.0,160620.0
115704,0.0,4566.0
115705,16628.0,0.0
115806,11103.0,55338.0
115807,0.0,1951.0
115903,0.0,8000.0
115906,12877.0,218498.0
115908,0.0,11598.0
115910,0.0,23042.0
115911,0.0,78663.0
116002,329255.83,956477.0
116101,81567.0,10102.0
116102,5065.0,0.0
116103,1676166.25,148939.0
116104,1640283.98,6962.0
116105,2201200.85,77492.0
116106,627981.59,1297.0
116107,1754712.98,3198.0
116108,1739838.43,58160.0
116109,6774131.74,21582.0
116110,7533.0,77864.0
116111,2220.0,0.0
116112,162623.94,4926.0
116114,0.0,36149.0
116117,0.0,276329.0
116201,304444.0,5835.0
116202,28020.36,5980.0
116203,9391032.85,324007.0
116204,1959136.72,252738.0
116205,11185435.76,90726.0
116206,661521.2,12521.0
116207,1483523.24,17544.0
116208,598000.46,8274.0
116209,51592.4,22798.0
116210,0.0,2899.0
116211,96503.0,118784.0
116212,0.0,83142.0
116214,15135.0,182724.0
116217,0.0,17812.0
116301,110258.5,476848.0
116302,11684785.98,107309.0
116303,956981.0,214320.0
116304,599683.0,52722.0
116305,696699.84,63177.0
116306,0.0,1000.0
116307,70230.59,36557.0
116309,105460.56,1362277.0
116310,4236.0,28574.0
126401,3073.0,67676.0
126402,21572.0,540360.0
126403,27633.0,85918.0
126404,18617.0,441707.0
126405,6399.0,246124.0
126406,0.0,20575.0
126505,3776.0,5468.0
126506,7171.0,0.0
126601,14923.0,352231.0
126703,0.0,34732.0
126704,0.0,38543.0
136802,1773.07,0.0
136804,11913.0,36732.0
136805,0.0,6752.0
136811,3669.0,0.0
136813,0.0,33066.0
136815,0.0,21993.0
136902,0.0,41596.0
136903,0.0,70296.0
136908,0.0,16514.0
136909,0.0,1562.0
136910,10358.12,0.0
136911,18629.54,201806.0
136912,3153.44,2637.0
136913,9593.79,0.0
136914,1425.0,3611.0
137003,0.0,15000.0
137007,0.0,17364.0
137009,0.0,35695.0
137010,106336.0,900499.0
137013,1507.0,0.0
137017,0.0,11307.0
137019,0.0,13167.0
147103,158514.52,3624.0
157204,9472.92,0.0
157208,0.0,48895.0
157210,125963.0,835907.0
157211,1909.0,0.0
157213,1037.0,0.0
157216,0.0,235278.0
157217,35074.78,11181.0
157222,0.0,1331.0
157226,0.0,1844.0
157228,84500.0,0.0
157229,0.0,2000.0
157301,1035.0,50696.0
157302,16854.0,88695.0
157304,0.0,99231.0
157306,0.0,114277.0
157307,4938.0,1968555.0
157308,5487.0,2933723.0
157309,2641.0,66177.0
157310,3432.0,8443.0
157311,10894.67,59559.0
157312,0.0,250708.0
157313,3066.0,3239.0
157314,27470.34,39841.0
157315,22589.0,329260.0
157317,2420.28,68438.0
157318,1309.0,419086.0
157320,0.0,31843.0
157321,6508.0,56691.0
157322,1085.0,3859.0
157323,1835.0,113941.0
157324,12656.83,0.0
157325,0.0,61738.0
157326,38309.67,1510166.0
157403,5380.0,5882.0
157404,96431.8,0.0
157407,14726.0,19738.0
157408,0.0,67473.0
157409,5385.0,0.0
157411,0.0,8430.0
157412,0.0,1000.0
157419,2204.0,0.0
157508,0.0,222789.0
157602,51980.07,1048.0
157604,0.0,7086.0
157607,16964.0,179123.0
157610,0.0,66154.0
157612,7319.0,43658.0
157616,0.0,1849.0
157802,7154.35,0.0
157901,0.0,205274.0
157907,0.0,96697.0
158104,0.0,2173.0
158201,7961.0,13780.0
158202,0.0,30624.0
158204,8135.0,54846.0
158205,40772.59,534017.0
158206,13202.0,65932.0
158207,35167.38,469225.0
158208,0.0,1133.0
158209,0.0,11385.0
158210,0.0,3000.0
158211,0.0,1357.0
158212,0.0,3196.0
158213,1384.0,0.0
158215,17899.0,0.0
158301,0.0,26388.0
158302,361908.46,327916.0
158303,0.0,4649.0
158304,0.0,3148.0
158305,0.0,34042.0
158307,0.0,2000.0
158308,0.0,14112.0
158309,0.0,427742.0
158311,0.0,5294.0
168402,7600.0,114322.0
168403,21919.0,462869.0
168404,1132.0,0.0
168405,0.0,93259.0
168407,10857.0,110686.0
168408,15272.32,1236795.0
168409,7037.0,682874.0
168410,34743.0,526580.0
168411,59383.0,1050.0
168412,4993.0,434043.0
168413,44959.0,1955521.0
168414,75839.0,1607551.0
168415,18922.0,905752.0
168417,0.0,108264.0
168418,12692.48,99112.0
168419,35219.0,1023235.0
168421,6894.0,1055443.0
168422,42636.0,1561265.0
168423,0.0,9199.0
168424,3025.0,159447.0
168425,0.0,7870.0
168426,661960.0,1103204.0
168427,1269.0,596782.0
168428,38832.0,543356.0
168429,1570242.45,1182463.0
168430,1406.0,0.0
168431,73175.46,2192079.0
168432,0.0,88955.0
168433,1970.0,75765.0
168434,0.0,622270.0
168436,4842.0,164946.0
168437,69372.32,91404.0
168438,58497.0,2341992.0
168439,13160.0,2031.0
168440,84554.0,45219.0
168441,60225.0,316707.0
168443,59170.0,255392.0
168445,9741.0,0.0
168448,0.0,124774.0
168449,0.0,8827.0
168452,8707.0,126891.0
168453,0.0,1000.0
168455,5225.0,16817.0
168458,8272.0,11361.0
168459,6576.0,52973.0
168460,27040.0,4797.0
168461,0.0,3660.0
168462,11595.0,0.0
168464,23048.0,37208.0
168465,0.0,69660.0
168466,0.0,163880.0
168467,0.0,6491.0
168469,0.0,9073.0
168470,10692.0,11607.0
168471,76727.0,3124975.0
168472,0.0,2639674.0
168473,63758.42,3249468.0
168474,147265.0,356794.0
168475,0.0,3274.0
168476,0.0,1325.0
168477,3087.0,218574.0
168478,36628.0,45805.0
168479,54863.0,1353839.0
168480,11776.0,10485.0
168481,2000.0,113293.0
168482,0.0,36414.0
168483,12601.0,986332.0
168484,1526.0,133850.0
168485,0.0,217966.0
168501,33939.0,758643.0
168502,11895.0,1005435.0
168503,3013.0,101215.0
168504,0.0,310232.0
168505,0.0,290362.0
168506,35446.0,1101390.0
168507,1357.0,157378.0
168508,4917.0,8999.0
168509,0.0,2314.0
168510,4653.0,0.0
168511,12417.0,240469.0
168512,0.0,29613.0
168513,1288.0,8228.0
168514,0.0,182265.0
168515,2363.0,17728.0
168516,1589.0,56817.0
168517,242332.0,9967442.0
168518,5064.0,103749.0
168519,4221.0,2000.0
168520,0.0,214472.0
168521,1387.0,61991.0
168522,3945.0,3968.0
168523,0.0,17930.0
168524,0.0,60237.0
168525,14161.0,1681775.0
168527,17090.0,2513018.0
168528,104657.69,553522.0
168529,40163.48,294402.0
168530,3794.0,14909.0
168531,0.0,16000.0
168532,0.0,1655.0
168533,1060.0,0.0
168534,121000.0,1092.0
168535,12993.0,848219.0
168536,12042.0,2395236.0
168537,0.0,359273.0
168538,0.0,552625.0
168539,9435.0,256049.0
168540,0.0,99875.0
168541,3000.0,29195.0
168542,299330.0,3485.0
168543,7107.0,147144.0
168544,3475.0,1018200.0
168545,10455.0,99700.0
168546,0.0,24572.0
168547,0.0,24684.0
168548,0.0,78088.0
178602,96242.0,0.0
178608,0.0,4974.0
178609,0.0,6276.0
178701,1155166.46,4555580.0
178702,725940.75,1597024.0
178703,545998.7,15725899.0
178704,523271.28,19642866.0
178705,133171.14,1764953.0
178706,15107.0,0.0
178707,1221.0,289932.0
178708,316764.17,7907175.0
178709,148758.0,118574.0
178711,48606.0,1214804.0
178712,76383.0,78412.0
178714,5463.0,36820.0
178716,255983.32,843133.0
178802,16440.0,40842.0
178803,42890.0,153058.0
178903,7406.71,162619.0
178907,0.0,20309.0
189001,0.0,1052.0
189003,0.0,1173.0
189004,0.0,2500.0
189005,0.0,2883.0
189006,112993.0,167540.0
189008,0.0,27854.0
189009,22633.0,313170.0
189011,0.0,36013.0
189014,6083.0,49433.0
189015,37045.13,116916.0
189016,0.0,21855.0
189017,3892.25,1827.0
189018,22473.0,1743158.0
189020,0.0,8140.0
189021,0.0,79455.0
189022,0.0,63000.0
189023,0.0,40292.0
189024,15997.0,20210.0
189025,0.0,20424.0
189026,20510.0,54478.0
189027,1166.0,181432.0
189029,1861.0,16652.0
189030,0.0,401672.0
189031,11287.0,285470.0
189032,0.0,58841.0
189033,0.0,43224.0
189102,0.0,12450.0
189104,2228.0,0.0
189105,0.0,6120.0
189208,3961.0,0.0
189209,56431.0,14850.0
199303,0.0,9941.0
199306,0.0,5542.0
209401,16101.12,315305.0
209402,4897.0,29753.0
209403,225045.94,2079544.0
209404,97384.12,76948.0
209405,7802.0,92946.0
209406,10244.0,1001706.0
209503,0.0,17299.0
209504,3290.0,18404.0
209505,2144.0,14058.0
209506,1088.0,20960.0
209507,2147.0,7541.0
209508,2870.0,0.0
209603,0.0,59353.0
209608,4998.0,1000.0
209610,0.0,10000.0
209611,0.0,4000.0
209612,0.0,11525.0
209615,0.0,12910.0
209617,0.0,26912.0
219703,1609.0,6968.0
219706,7000.0,0.0
