010101,224882.0,614310.66
010102,0.0,174082.09
010103,0.0,367465.77
010105,17148.0,4225905.73
010106,134826.82,15828.62
010201,0.0,462081.39
010203,507262.74,8459870.12
010206,0.0,1941679.27
010207,478433.13,39151.66
010208,22855.35,7982.0
010209,0.0,3160932.79
010210,0.0,544102.0
010301,552672.66,1562.46
010302,45084711.04,502947.0
010303,60163580.19,74507496.93
010304,134348544.83,1441437.29
010305,4906663.14,282508.62
010306,791044080.96,2682296.33
010307,1992359.03,112697.0
010401,710323.45,21773.7
010402,2513874.6,4051329.06
010403,34518.0,367165.79
010404,1514.64,147043.7
010405,0.0,113513.34
010406,122064.73,1787070.62
010407,156956.02,1058467.94
010408,0.0,46003.98
010409,0.0,454508.5
010501,0.0,1438.0
010502,0.0,638567.91
010504,4590.93,816334.08
010506,9603.9,3267.0
010508,9700.0,0.0
010510,328098.77,1475.36
010511,5531008.76,4224085.75
020601,130650.43,655383.01
020602,2001786.9,6330070.94
020603,575622955.68,301242.1
020604,4715919.48,282935.25
020701,93205.38,44427.26
020702,325618.79,0.0
020703,4532023.51,5184506.52
020704,56659331.8,16019.0
020705,283183.5,0.0
020706,66712.67,0.0
020707,59858.84,0.0
020708,215953.3,11030.0
020709,1546740.58,107037.21
020710,64968653.27,654255.76
020711,30670.0,461809.61
020712,1128269.74,456480.85
020713,7237369.85,18839130.32
020714,18824438.13,8320.0
020801,6232.6,3000.0
020802,36945.25,2892697.16
020803,2534056227.46,959111.0
020804,90221429.45,119344.0
020805,2493559.48,4029592.22
020806,315635.67,15042564.93
020807,3719630.81,1049291.93
020808,22039.76,35461158.07
020809,21987.61,4747893.94
020810,1272410.93,2162254.47
020811,19454682.05,130678.04
020812,78483.31,30225.4
020813,314747.51,1284536.0
020814,1474.0,0.0
020901,25269346.31,3820707.34
020902,913881.38,292737.03
020903,0.0,23849.34
020904,3660857.23,421961.38
020905,2388.0,0.0
020906,75333.51,23736.73
020907,2771.0,100116.58
020908,67057.72,12597.0
020909,117010.11,287420.43
020910,132064.13,365547.47
021001,0.0,214669548.89
021003,204534.74,12988767.2
021004,63959.22,152112.84
021005,5575359.86,84106182.8
021006,2432375.11,1807542.53
021007,0.0,8287310.38
021008,734195.4,966798.56
021101,195070.38,15439695.91
021102,593859.76,97643.26
021103,165572.84,244896.01
021104,492297.7,5594690.09
021105,28304.12,89787.71
021106,1623759.8,142850.42
021107,10673.0,11505896.47
021108,188502.85,5882025.18
021109,0.0,177964.53
021201,610643.78,1906502.84
021202,65798.16,174979.72
021204,8025.51,599534.29
021205,10826.16,0.0
021206,0.0,176621.93
021207,132576.61,2399078.8
021208,200518.66,25972.23
021209,295033.29,8085862.08
021210,0.0,168597.31
021211,1856440.53,199833.77
021212,606304.27,51606.15
021214,31805.9,20916.5
021301,8200.0,98117.69
021302,655891.18,4205647.73
021401,726722.05,1534.27
021404,609810.11,225214.54
031501,8076.0,17310.07
031504,11973514.91,86864.44
031505,0.0,72540.45
031507,21915522.54,128769808.07
031509,126120.16,2438997.67
031511,211953605.21,30815.0
031512,90159.86,19988919.13
031513,10182460.51,3637.05
031514,0.0,375986.52
031515,491995.31,2989194.56
031516,28004557.84,139639.46
031517,8717026.89,2441820.92
031518,5527.72,139902.69
031519,5420915.68,151731.18
031520,108533.39,461695.52
031521,1978.0,278966.01
031522,0.0,17391.2
041601,188914.66,212172.45
041602,334584.4,3364710.26
041603,0.0,24743.0
041604,950924410.08,1364060.1
041605,18396024.4,1513139.12
041701,16153581.17,4274067.16
041702,3081.0,7539096.94
041703,8794.05,0.0
041704,56158070.44,36830673.44
041801,244014482.29,1570256.0
041802,210506.62,0.0
041803,27146724.39,82566.0
041804,29796134.2,0.0
041805,6643050.77,92650.67
041806,9199525.5,22492882.91
041901,281671.07,14345174.16
041902,1047213.96,866237.46
041903,34178.37,49133.68
041904,506535.21,12752465.18
041905,9018968.62,38907188.27
042001,3534807.78,307826.84
042002,0.0,4897180.35
042003,4303.9,127798.68
042004,754416.6,2798916.83
042005,23937655.02,3101011.79
042006,37832.12,50678.87
042007,26221882.44,9801800.83
042008,108473024.25,17032159.14
042009,66572836.3,3533947.13
042101,127187572.37,17817877.89
042102,2006823.41,1501783.06
042103,1185297.3,6546978.56
042104,148354.71,4529080.58
042105,2146105.67,1334376.77
042106,2223006.19,77150182.07
042201,296861.01,9823.43
042202,1373830.96,25554818.24
042203,456674.82,5842156.33
042204,137410.64,10381427.33
042205,0.0,8628.61
042206,130086.9,44412.03
042207,21072119.26,3147964.48
042208,1704854.53,3977096.77
042209,0.0,77472.24
042301,67591862.26,3183271.03
042302,0.0,21959.96
042303,0.0,33558.9
042304,0.0,104321335.7
042306,51455.03,0.0
042308,122123.79,1772991.21
042309,16102455.0,38521538.71
042401,45677550.42,1891133.23
042402,1531072.31,544598.44
042403,13618.92,887416.89
052501,79650.0,205190.03
052503,410061.93,310285.51
052504,13276.0,89186.12
052505,55145.0,47069.54
052506,0.0,65671.67
052507,0.0,871148.34
052508,12876.9,1061449.38
052509,0.0,993057.52
052510,0.0,317465.87
052511,0.0,98513.12
052512,0.0,120630.0
052513,222237.94,7614.77
052514,0.0,311184.16
052515,1848003.69,40710.64
052516,3862.19,281253.98
052517,9982.0,28543.29
052518,0.0,570547.4
052519,0.0,432610.43
052520,0.0,553864.75
052521,0.0,8977.0
052522,0.0,18156.61
052523,852095.15,8326350.95
052524,0.0,3349183.42
052525,0.0,5089.4
052526,12811.67,780110.94
052528,0.0,227567.57
052529,7968.91,375099.09
052530,42033.24,1088088.95
052603,2709584.0,0.0
052608,144843.24,0.0
052610,0.0,4642.16
052616,0.0,7000.0
052617,7121.66,0.0
052620,30574.98,32817.35
052621,0.0,1000.0
052701,0.0,5437213.57
052702,2535.95,2029.76
052703,146165.36,869291.74
052704,0.0,695097.04
052706,0.0,1289.57
052707,162206454.27,2724374.39
052708,0.0,88788.66
052709,10751145672.47,5719.53
052710,1014403714.82,555578487.61
052711,81168821.65,254378868.62
052712,59462.9,9793457.01
052713,14393.64,0.0
052714,6700.0,2621.11
052715,120330.66,297672.32
052716,2312897.0,36283042.09
062801,0.0,601799.91
062803,0.0,4083755.99
062804,176951.98,403862.6
062805,0.0,17659.0
062806,0.0,708577.29
062807,0.0,48582.41
062808,0.0,40125.76
062809,0.0,2629885.25
062810,0.0,368067.31
062811,267560.33,1314994.03
062812,0.0,2734.98
062813,0.0,6884.0
062814,0.0,317435.24
062815,1725.0,939549.91
062816,0.0,59862.03
062817,0.0,636463.78
062818,0.0,383971.45
062819,0.0,153729.27
062820,0.0,19121.01
062821,0.0,1207006.02
062822,18784.0,47990.0
062823,0.0,463255.55
062824,649796.24,139229.88
062825,51660.0,163853.34
062826,0.0,268069.23
062827,11654.27,1001065.25
062828,20639.85,2146752.57
062829,0.0,168597.91
062830,0.0,47941.41
062831,0.0,266393.78
062832,54540.0,2934778.99
062833,59620.55,9087638.3
062834,4510.0,7457169.25
062835,86290.84,16668180.89
062836,12783.39,2514699.74
062837,0.0,77255.27
062839,20737.2,600935.95
062840,31626.46,9457.38
062841,0.0,350637.61
062842,55120.71,119650.76
062843,8436.0,52423.63
062844,81720.04,455789.77
062846,0.0,3891.58
062847,0.0,510174.61
062849,0.0,1180321.03
062850,0.0,109400.79
062851,11866.0,85928.44
062901,9428.0,44939.65
062902,95154.96,1719007.61
062903,108598.28,1910881.01
062904,72552.93,2199620.61
062905,104119.21,4230187.54
062906,44130.0,417525.38
062907,1482.0,378973.86
062908,2893.0,123239.18
062909,12859.0,759494.14
062910,0.0,203490.41
062912,0.0,649840.29
062914,440646.75,2591774.19
062915,46695.3,7740063.65
062916,60074.68,1964646.1
062917,38356.83,4054310.1
062918,598192.85,6964799.56
062919,0.0,293774.14
062920,0.0,1116055.06
062921,66271.45,2718221.47
062922,253764.42,10598703.56
062923,32950.26,2390940.68
062924,26615.0,1734835.38
062925,0.0,317870.43
062926,81950.12,1225806.38
062927,1258.0,380658.7
062928,0.0,111574.22
062929,310629.84,972444.4
062930,62790.0,4024642.51
062931,627848.21,22108083.08
062932,6631.0,1413613.56
062933,181326.0,5702110.05
062934,21502.0,2200158.06
062935,0.0,324619.84
062936,712579.86,9926888.74
062937,7029.39,436016.73
062938,42868.0,274106.55
062939,168480.99,1209182.28
062940,0.0,110118.17
062941,224853.26,11207366.36
062942,63219.0,33794.62
063001,0.0,93731.0
063002,634905.48,18721312.61
063003,809766.0,7081476.19
063004,34086746.92,413920166.07
063005,91444.0,4863202.88
063006,451974.0,13088527.97
063101,44117.06,3033302.12
063102,531133.29,43036719.45
063103,0.0,768896.07
063104,99424.0,72619885.68
063105,379848.73,52735168.03
063201,5737.0,301642.83
063202,108870.56,435889.29
063203,3711495.62,366395.32
063204,124952.18,8756578.33
063205,3645.99,95002.66
063206,2011558.4,6176525.57
063207,565575.29,1502632.68
063208,1389002.79,15465866.24
063209,271961.81,2641408.48
063210,34149.47,196208.9
063211,0.0,1272382.15
063212,13640.41,1490020.93
063213,62418.76,1474877.11
063214,3427913.99,2754363.31
063215,294001.26,9446005.53
063301,751829.29,3267974.41
063302,495778.19,13904875.69
063303,14454057.54,30576836.77
063304,2413199.92,56830165.79
063305,688228.83,28298741.18
063306,121971.43,20200327.45
063307,556119.19,23750910.79
063401,7661731.05,21670045.07
063402,7634520.04,50555904.73
063403,175096.49,1616440.92
063404,30145.02,1429327.14
063405,64384.61,3382820.7
063406,7535.12,819624.93
063407,28728.53,595336.2
063501,0.0,73664.35
063502,0.0,10343.29
063503,2806909.61,1047571.53
063504,26306.91,1723701.24
063505,9199.57,580900.98
063506,2277606.35,9754007.47
063507,330443.33,2660851.02
063601,0.0,110888.58
063602,3935.0,2308153.74
063603,0.0,946466.45
063604,2645.0,157331.4
063605,96462.62,762749.52
063606,68523.0,59284.86
063701,314942.0,3986601.86
063702,70032.0,378865.39
063703,9225.0,530736.71
063704,14974.0,5659.0
063705,5751.0,0.0
063706,15361.47,1221327.32
063707,80363.27,679940.83
063801,9329.75,73693.57
063802,5751.0,586466.19
063804,0.0,245854.79
063805,0.0,18805.61
063806,36745.41,608728.89
063808,23453239.7,140347541.59
063809,15369.34,4999793.55
063810,44059.83,1184382.24
063811,152216.86,836637.65
063812,81625.88,3561131.46
063813,0.0,80031.57
063814,60674.75,726183.81
063815,151348.58,1928300.66
063816,326076.72,2044536.13
063817,111956.0,10109308.41
063818,2100.0,36933.0
063819,0.0,1790316.0
063820,19957.94,211292.94
063821,0.0,509282.75
063822,159579.53,5480555.27
063823,3618211.65,31901193.42
073901,675495.32,165400706.37
073902,992972.7,86552773.76
073903,80854.68,12193195.26
073904,202122.22,37371600.55
073905,70264.12,4247870.52
073906,472365.16,11555109.7
073907,3383631.16,24147009.09
073908,11793.26,735622.95
073909,897553.77,10171416.53
073910,3927.87,961557.29
073911,27162.29,1050435.0
073912,162256.76,6580540.81
073913,16885.0,512516.23
073914,0.0,189810.73
073915,5104441.22,1747415.65
073916,297708.6,2541954.05
073917,3668319.98,14786304.8
073918,15402.99,2565988.75
073919,718595.64,19719947.27
073920,27606377.0,51922046.44
073921,22673044.35,15220292.4
073922,770739.49,2781985.69
073923,14078288.23,55477354.31
073924,7881395.28,18189402.89
073925,190462.52,5701855.84
073926,1679740.66,42242226.89
074001,2575199.39,229308.54
074002,132458.73,9386340.41
074003,0.0,91888.21
074004,0.0,141826.02
074005,18327.14,3883366.33
074006,18409.14,703257.34
074007,43006.37,4241.61
074008,11537.69,1597649.62
074009,223352.22,7226043.28
074010,36547.23,6850139.98
074011,42478342.16,97219623.66
074012,172589.14,8652186.39
074013,7866.45,4169054.5
074014,31269.0,1156417.36
074015,1023300.49,3622095.81
074016,602189.71,16100540.17
074017,0.0,292579.74
084101,909979.89,0.0
084102,2505.0,0.0
084103,526660.69,286087.7
084104,5356204.17,1227871.09
084105,264915.65,90512.0
084107,2657193.0,76860.17
084109,294474.66,14859.13
084110,0.0,195757.45
084111,0.0,269155.98
084201,93309.0,499500.72
084202,832641.17,33245853.03
084203,525030.96,2319216.67
084205,566383.33,433292.95
084206,0.0,2836.0
084302,0.0,2814.01
084303,54722.21,9061.89
084304,0.0,73446.0
094401,13595842.11,0.0
094402,201916.02,3965.2
094403,33878310.75,33402.08
094404,10266.0,0.0
094407,68637815.69,252850.13
094408,7767563.77,1315621.8
094409,4169611.96,1915082.11
094410,33998647.23,2482324.48
094411,10087879.86,20212311.09
094412,38347183.39,455069.84
094413,266791.26,171762.79
094414,12735.69,669058.8
094415,105554.84,225992.82
094416,74448.0,22590.56
094417,156431.19,4504.54
094418,1948841.1,1581289.0
094419,13465.62,305973.78
094420,605574.2,623814.19
094421,27145946.31,1648551.73
094502,6475.0,19296.41
094503,1425.0,5724.93
094504,0.0,57778.31
094601,14423.21,167178.01
094602,123468.04,843182.51
104702,0.0,26758.93
104703,0.0,6548053.86
104704,0.0,55000.0
104706,0.0,66450.28
104707,6063252.8,2920511.53
104801,79301.36,23417501.05
104802,172873.33,61362660.29
104803,2476109.56,11267695.49
104804,5858814.56,29115632.94
104805,5722556.39,15439058.57
104806,0.0,591972.46
104807,267094.63,91151.35
104808,1563350.21,491922.67
104809,5668.9,1940973.64
104810,541868.96,31338295.07
104811,869542.56,30183868.58
104812,0.0,40946.04
104813,22540.17,691844.76
104814,12626.59,208493.17
104816,0.0,729930.97
104817,35785.0,235789.13
104818,11393537.65,81370332.01
104819,8911123.64,10751413.17
104820,8480510.71,9660699.54
104821,923793.17,5495216.85
104822,33523.0,425180.84
104823,335587.61,5424535.32
104901,2515442.85,54348878.85
104902,112280.84,6448719.67
104903,5213.0,333276.62
104904,12000.0,2938.93
104905,42800.0,57236.11
104906,1703029.0,178229.29
104907,110000.0,4515801.2
104908,152665.42,597538.54
104909,25611.53,490134.6
104910,7121.6,179198.11
104911,16604207.74,16596971.4
115007,7549.0,25009.07
115101,1422.28,136394.92
115102,6352.0,0.0
115103,0.0,149407.11
115105,12769.31,976218.37
115107,195032.49,1534.37
115109,0.0,14136.47
115111,4300.0,6438.76
115112,87463.78,1117986.05
115201,0.0,817996.43
115202,0.0,3577.4
115203,0.0,4820.0
115204,12093.15,256444.41
115205,24261.3,813661.32
115206,0.0,415758.7
115207,1331.85,158010.63
115208,221307.9,2850123.43
115209,3599308.58,23272161.49
115210,95954.73,1993742.9
115211,4191448.94,11638138.02
115212,2642.0,266952.19
115303,2734.0,3848.55
115305,15451327.57,31641.05
115306,1680.0,0.0
115307,0.0,13035.33
115308,0.0,11976.82
115309,23451.0,48283.4
115310,1030.0,36034.02
115311,0.0,3688.0
115401,865985.15,1056473.21
115402,8386073.77,11837324.99
115404,0.0,241206.34
115405,0.0,8767.0
115406,2955.0,23886.48
115407,2155218.91,25092846.16
115408,107369.0,90487.83
115501,4146.0,10599401.69
115502,0.0,10606280.92
115503,48653.97,11221003.57
115504,0.0,127053.35
115505,0.0,291872.77
115506,0.0,809047.08
115507,0.0,184607.32
115508,0.0,2833879.53
115509,4120721.3,5486487.31
115510,0.0,32014.35
115511,1049.0,286639.99
115512,47243.0,1476324.85
115513,7853908.75,9523145.25
115514,172812.06,1570292.49
115515,405439.08,3172665.99
115516,193834.99,180076.45
115601,405745.51,383873.1
115602,639362.19,328837.86
115603,61475.42,12667023.66
115604,1235.0,115150.82
115605,26846.96,63517.85
115606,134526.65,2456220.07
115607,416173.44,3717187.42
115608,574778.0,3416050.62
115609,3594.02,283288.78
115701,5360.0,97775.12
115702,35666.68,580742.93
115703,23443.38,2131435.61
115704,2505.78,105814.81
115705,68382.82,1570197.48
115801,461714.51,3873778.64
115802,161475.66,76903.0
115803,0.0,1890.08
115804,101270.82,662134.09
115805,28467.8,30727.45
115806,35488.0,1625098.04
115807,12076.0,639527.08
115808,1258.64,149036.1
115809,0.0,2608.0
115810,1860.0,426261.92
115811,19251280.55,1994404.44
115901,0.0,74603.1
115902,0.0,4926511.14
115903,421747.27,5806170.47
115904,0.0,19713.0
115906,5244.0,188256.55
115907,0.0,37608.27
115909,26199.19,151686.86
115910,0.0,101348.29
115911,7027.0,1928573.12
116001,911878.53,5543250.56
116002,2648111.43,30028515.97
116101,285189.45,1179289.63
116102,246764.2,1369166.86
116103,1415233.9,5500359.08
116104,434568.2,12078704.62
116105,586388.17,4210592.34
116106,577448.46,10100365.3
116107,74579.65,4082743.01
116108,230789.43,11720403.4
116109,3720062.32,18975100.68
116110,5683317.3,7731367.58
116111,211778.44,3928242.62
116112,27813.96,2788728.95
116113,0.0,2818.0
116114,140250.94,2055224.65
116115,13637122.37,6699474.61
116116,19899.94,1132402.83
116117,918288.95,625940.76
116201,145585.14,1938246.99
116202,386474.0,2359571.52
116203,1476654.54,19827777.36
116204,748220.55,22029643.94
116205,330866.65,11876585.18
116206,408813.22,6253801.5
116207,152661.24,755962.75
116208,94773.0,1162457.9
116209,210380.44,2559003.5
116210,541446.73,857887.41
116211,362494.92,1707021.23
116212,36734.71,16227210.38
116213,0.0,262500.9
116214,726698.86,215812.73
116215,5865.0,486037.81
116216,12736.43,288125.75
116217,164601.13,560367.55
116301,18119363.31,3710068.79
116302,5322336.02,10754477.82
116303,594287.11,2260009.01
116304,21384.0,4554994.34
116305,15394297.37,3564715.59
116306,400549.72,1529645.16
116307,228734.54,4809938.7
116308,9128.0,0.0
116309,20098.13,35019.0
116310,23763.21,3584.45
126401,16755656.15,2246782.39
126402,421357.23,78255587.1
126403,282612.63,23875231.43
126404,17352674.91,21075932.4
126405,46559.19,4167613.27
126406,19324.38,3980330.72
126501,706781.41,902223.05
126502,2948146.37,10497.0
126504,1732219.44,38663.04
126505,615448.38,3035798.46
126506,318241.87,3031974.64
126507,6528.0,125779.37
126601,11975.0,2458569.02
126602,45873.39,48822.81
126603,1644.34,36953.9
126701,5076.15,13984.79
126702,13314.27,1747353.53
126703,4164.0,233253.46
126704,10000.0,66187.58
136801,0.0,38193.5
136802,183583.28,5969897.39
136803,0.0,683378.43
136804,87756.47,3243031.98
136805,92479.0,2820462.55
136806,0.0,414149.6
136807,443304.25,56642.5
136808,21841.65,8712.96
136809,18032.36,2385491.7
136810,7032.94,754781.31
136811,179376.82,6871960.9
136812,7036.0,375192.11
136813,832192.03,4108918.06
136814,0.0,4472.9
136815,140743.67,1597744.81
136901,65703.8,29722.67
136902,682693.2,2778770.64
136903,14263.66,798077.57
136904,486820.55,294544.35
136905,121731.86,40783.27
136906,0.0,18852.68
136907,1364387.69,12220242.45
136908,9474963.38,33998330.31
136909,48489.19,61946.18
136910,24245289.95,9965613.01
136911,108951.26,9552974.46
136912,3094137.72,4331750.71
136913,123270.92,1221076.4
136914,24442.27,397649.31
137001,0.0,2260.0
137002,0.0,113865.7
137003,3307.16,1054036.59
137004,0.0,1729123.75
137005,178325.25,17999326.56
137006,38288.59,77650.79
137007,141556.59,5794814.61
137008,2050.0,1093.0
137009,105421.26,5585757.64
137010,2847970.48,8531877.13
137011,5346.98,6366.39
137013,114250.17,15444331.31
137014,0.0,18085.66
137015,0.0,105774.02
137016,16596.41,904960.65
137017,59921.0,576107.54
137018,43611.97,599367.29
137019,386518.22,7427815.83
137020,56673.05,307990.37
147102,15669.0,33026.12
147103,10480.0,49120.87
147105,0.0,4236.0
147106,11723.0,249876.74
147107,21277.0,3014.0
147108,85163068.45,1886287.0
147110,12888.0,4233.0
147112,1063895.34,0.0
147113,3513183.2,4523423.04
147114,0.0,119305.0
147115,15194.0,19087.14
147116,10802.85,137400.51
147117,1117088.93,13613881.21
157202,128661.7,3164042.53
157204,64134529.46,597470.73
157205,41891.31,254955.43
157206,0.0,26234.82
157207,24680.0,65326323.01
157208,736501.44,79484747.69
157209,74404.71,38083351.14
157210,375486.55,83315541.4
157211,106893.77,3019084.4
157212,1788371.38,1007279.97
157213,15362.4,32488045.63
157214,4767333.01,14843317.08
157215,44938.22,58155.39
157216,2170243.42,11513604.16
157217,5071925.44,6024374.65
157218,309120.0,13250.0
157219,22320.21,12810722.87
157220,0.0,2733709.83
157222,243776.42,887456.13
157223,296995.57,180442.91
157224,3215.0,0.0
157225,56547.5,32231231.06
157226,1474.53,983552.07
157227,0.0,23847015.99
157228,68971.56,4433761.49
157229,349436.01,1875005.13
157301,44760.98,32136.24
157302,6600.0,536545.31
157303,551513.56,4293121.03
157304,3393817.46,133351202.36
157305,9087.0,4485255.0
157306,8727939.19,10625744.63
157307,917318.78,17848084.01
157308,2991708.61,18907213.7
157309,4289797.87,1898330.26
157310,6565965.04,2984973.47
157311,91842.95,2189988.46
157312,481067.65,7562445.72
157313,1250586.04,105020.07
157314,777076.35,7289417.48
157315,904689.0,4367206.49
157316,0.0,47558.84
157317,204887.0,3879831.91
157318,331016.67,21781951.47
157319,0.0,158272.43
157320,21494.3,3661992.94
157321,100450741.67,11118671.0
157322,62170.0,45482.91
157323,159097.0,9204080.47
157324,79149.51,5542603.49
157325,183271.59,1721508.99
157326,2020373.8,13421838.45
157401,447184.0,0.0
157403,3349321.06,182285.83
157404,40107162.49,8089.74
157406,0.0,67430.79
157407,104301.19,4757897.34
157408,3661672.41,24219013.57
157409,123665.14,618642.85
157410,25693.93,20123.84
157411,1855.0,6205778.03
157412,5226.31,1034761.69
157413,577411.53,1047458.66
157414,16336.85,0.0
157415,3967.0,298175.76
157418,117899.0,809981.07
157419,8625.0,363500.85
157502,0.0,409709.58
157503,88795.0,0.0
157505,43102.0,11000.0
157506,7610.0,0.0
157507,0.0,40381.0
157508,0.0,67078.22
157601,0.0,11931022.21
157602,11013044.38,3598328.79
157603,0.0,122848.17
157604,13542054.92,20774733.27
157605,225427.53,14065284.44
157606,46918.98,9708222.72
157607,31463.49,6907137.69
157608,4373978.77,2524510.37
157609,0.0,260921.96
157610,291017.68,613200.36
157611,33605.0,8421.61
157612,66642.37,1249942.15
157613,1240.0,492951.88
157614,3698838.65,1740340.33
157615,1257669.12,8951120.63
157616,338426.4,7257797.34
157801,5342817.62,0.0
157802,38250.0,2208.26
157804,0.0,29284.1
157806,2071417.92,274784.47
157901,102783.33,114123.03
157902,417006.42,19428.0
157903,571464.63,45166.15
157904,79158.0,5570.17
157907,18463.63,726494.08
158001,0.0,4367.0
158003,0.0,448279.87
158007,7891.0,12276.02
158101,0.0,54064.16
158102,0.0,12000.0
158104,22621.0,197992.95
158105,0.0,18277.45
158108,15973.03,171443.29
158109,2085.0,0.0
158201,232873.09,3516218.47
158202,95112.0,4555013.54
158203,39919.07,2510227.24
158204,8336.0,2073223.67
158205,97520.53,6731462.08
158206,47600.55,997830.11
158207,2189555.99,16070955.37
158208,76564.03,1620161.8
158209,85818.0,115557.84
158210,1132.0,942783.01
158211,56192.85,2112538.71
158212,0.0,3242681.64
158213,0.0,902968.45
158214,146656.0,1558643.35
158215,167095.55,2956799.79
158301,1074845.19,17893442.85
158302,372980.03,11090956.7
158303,937155.78,544226.85
158304,5364.0,113363.09
158305,2541.37,1459052.52
158306,300872.06,1521886.57
158307,9092.0,1585267.08
158308,203612.0,1280059.7
158309,5504796.51,12033522.17
158310,16731.0,240948.8
158311,6425965.7,8714467.39
168401,50200.0,382602.45
168402,85599.11,529849.67
168403,20218.5,17055.0
168404,10400.21,136042.87
168405,86890.0,56456.0
168406,2500.0,565316.26
168407,214761.1,21198080.63
168408,151771.0,16006010.69
168409,1001986.54,45469702.56
168410,57953.0,11862089.11
168411,11813859.12,20174399.25
168412,5223401.18,17680862.95
168413,4995650.3,92897437.01
168414,938029.89,53318626.23
168415,553545.76,25354481.95
168416,20504.47,1008058.15
168417,442188.78,20006107.97
168418,15092215.07,74082445.07
168419,491252.81,23843151.32
168420,1000.0,410436.74
168421,2251808.06,57561932.69
168422,1036835.56,31171493.1
168423,72011.0,3823695.84
168424,2923521.95,20399904.59
168425,124508.14,6507774.11
168426,2121979.65,5676651.36
168427,474767.34,4268376.49
168428,3750091.08,8204227.7
168429,5695594.37,149502200.91
168430,22817974.58,37971169.53
168431,9761564.25,55902108.96
168432,89780.87,3784258.39
168433,11378.0,10175853.96
168434,3541.0,1831536.48
168435,11162.0,158708.71
168436,241496.25,6174726.76
168437,10498.16,2862941.78
168438,501569.26,9454153.34
168439,381791.0,16220158.53
168440,636122.0,1750149.81
168441,508405.73,12531038.05
168442,44675.0,1485487.92
168443,721571.45,89669292.52
168444,0.0,1034968.23
168445,197099.75,5459327.86
168446,12000.0,3160834.95
168447,126554.78,6185816.88
168448,52550.0,3501253.38
168449,9212.0,330116.82
168450,24789831.05,13168391.04
168451,122176.78,9856303.59
168452,0.0,8875169.04
168453,64510.93,328357.35
168454,190697.0,1374143.04
168455,148061.0,1039086.79
168456,10800.0,403870.31
168457,70888.87,143249.07
168458,65201.0,1109322.27
168459,28754.0,1635078.35
168460,0.0,609576.01
168461,13626.0,294141.58
168462,1127872.95,2764782.59
168463,5000.0,957341.66
168464,97319.17,551828.54
168465,146256.0,4391166.54
168466,210563.73,4281850.85
168467,192626.33,13225460.25
168468,96233.0,273258.65
168469,0.0,353494.1
168470,0.0,2206534.72
168471,1052768.27,339193953.49
168472,20617.0,2860654.95
168473,5341897.12,50057960.65
168474,2709370.3,34417830.06
168475,26472.31,337325.87
168476,1959.0,275446.0
168477,980255.16,40905071.6
168478,2793.0,231839.04
168479,9147368.06,48148898.55
168480,519003.6,8753483.63
168481,7669882.92,66894059.22
168482,363062.79,12014766.91
168483,665134.32,33423390.02
168484,45019.0,6393854.52
168485,64404.57,9527473.13
168501,976446.85,35149722.26
168502,5505153.0,14160354.13
168503,299037.93,6119564.27
168504,3378826.78,65653572.26
168505,52309.11,5195521.89
168506,37994.78,3309485.28
168507,6635293.17,17862753.06
168508,281964.53,6564773.97
168509,11334.0,11805472.0
168510,34021.0,797813.62
168511,263862.83,11996977.23
168512,1227593.1,9044847.44
168513,50646.0,1667935.39
168514,14049.87,1527519.53
168515,1049239.12,7772137.87
168516,1724733.1,32480918.35
168517,8767781.56,168683696.17
168518,720474.18,19209282.83
168519,2325.0,1806833.17
168520,0.0,199284.99
168521,13143.82,19880640.86
168522,38946.0,239905.67
168523,1663007.67,11563011.54
168524,5375966.76,28525801.81
168525,4237847.2,340090252.45
168526,6123423.13,7370195.92
168527,7129049.05,43970352.34
168528,73880.24,86176305.45
168529,5625108.86,18070444.67
168530,579231.56,1543721.3
168531,13828694.61,8149231.15
168532,56234.0,1272795.62
168533,4243.0,479823.45
168534,208525.0,268807.24
168535,73013.52,14581871.14
168536,1004206.96,48176550.33
168537,341585.95,19362380.11
168538,183468.16,10409360.75
168539,1414649.66,35131674.45
168540,138307.0,64450.42
168541,99695.0,850536.75
168542,754483.28,27788389.02
168543,526154.83,9805183.49
168544,25220133.09,137479319.15
168545,117708.36,1562688.29
168546,10777.0,1986141.11
168547,331065.0,1619556.4
168548,1473.0,285197.46
178601,0.0,33594.32
178606,0.0,4051.57
178607,11688.0,17666.47
178608,6550.0,11436.94
178609,44197.11,871101.96
178701,830177.0,21772829.46
178702,63755530.98,19615246.2
178703,122038069.78,426907729.11
178704,178945398.09,106947393.63
178705,1020875.07,16329110.19
178706,14700.0,15204400.4
178707,53050.0,7088696.48
178708,2614455.04,178303509.26
178709,0.0,296732.2
178711,70342.0,59124122.32
178712,1124.0,6540966.13
178713,0.0,642969.18
178714,781469.11,7121304.69
178715,0.0,2884845.0
178716,1087282.47,5888647.21
178801,0.0,42790.0
178802,495030.0,70608088.55
178803,1540726.34,7118222.3
178804,0.0,164545.0
178805,0.0,38566.0
178901,402913.0,10438144.53
178902,0.0,4372258.0
178903,1438.0,211420.87
178904,62000.0,0.0
178906,0.0,41183.0
178907,20420.63,791349.29
189001,8262.0,4936239.23
189002,18450.0,128961.6
189003,16536.0,2615064.69
189004,38533.0,4667955.52
189005,0.0,157381.22
189006,8963.0,585297.96
189007,32103.0,122850.0
189008,0.0,749840.52
189009,91510.0,0.0
189010,13036.0,969115.29
189011,0.0,857204.7
189012,0.0,280535.1
189013,3129.0,982048.68
189014,149312.0,1356369.07
189015,3296373.82,16069857.34
189016,0.0,154547.88
189017,4746.36,2831631.57
189018,13682302.46,73910257.34
189019,59856.0,9376787.57
189020,43898.38,2124810.75
189021,413484.0,12658319.01
189022,484874.04,14677175.91
189023,73704.3,1398740.14
189024,3991.0,538949.87
189025,58330.0,3206546.05
189026,1369119.74,18107180.83
189027,768006.69,18445463.93
189028,83176.0,8945936.49
189029,6189.0,1210716.44
189030,485487.95,7608124.16
189031,1200199.62,7840136.83
189032,694936.89,9065533.1
189033,91891.45,2170186.51
189101,30152.7,1372578.93
189102,166008.0,8361452.69
189103,0.0,221261.99
189104,4982.0,10266.0
189105,2976.0,2401132.08
189106,32182.0,167474.81
189107,2578.99,309563.36
189108,0.0,4593.33
189109,0.0,2170.0
189110,0.0,1736.0
189111,1000.0,10063.0
189112,0.0,4140.56
189113,0.0,32316.0
189114,3337.0,33933.94
189201,1802.0,165393.96
189202,5044.0,1082814.21
189205,41609.55,1035769.97
189206,43181.94,992487.17
189207,3022.0,1858213.52
189208,0.0,177652.32
189209,4953.0,529714.32
199302,0.0,15843.0
199303,0.0,127908.06
199304,0.0,21776.71
199305,0.0,1596.0
199306,92720.0,1441425.93
209401,2919495.61,14105634.83
209402,19931.0,2048017.94
209403,5840248.42,35273390.77
209404,22434458.01,5283588.01
209405,507783.86,30746429.51
209406,4401524.46,1769864.28
209503,3582461.99,57920353.59
209504,118041.76,7868537.17
209505,214379.36,9866823.11
209506,99184.26,15701654.97
209507,0.0,116873.67
209508,45716.0,155519.35
209601,37049.01,5560.0
209602,1641820.97,1118647.75
209603,38150.5,9384142.95
209604,0.0,42476.2
209605,2410.25,51906.15
209606,9864495.76,937741.58
209607,2478469.0,2736462.86
209608,4615186.79,8236008.41
209609,1464.03,3697719.39
209610,0.0,262972.64
209611,0.0,447601.14
209612,0.0,952307.68
209613,4080.0,1108693.67
209614,3580.16,7405.21
209615,4586.0,3178664.42
209616,28179.66,356218.54
209617,10164.0,1260707.99
209618,12245.0,410278.21
219701,264375.05,607693.68
219702,0.0,12829.0
219703,103479.49,113305.71
219704,749405.0,0.0
219705,355638.0,4425.0
219706,234991.0,66700.0
