010105,0.0,43000.0
010202,0.0,1775803.0
010204,0.0,198588.0
010206,0.0,387560.0
010302,0.0,3301.0
010303,0.0,343285.0
010402,0.0,128050.0
010403,0.0,26899.0
010405,0.0,103864.0
010406,15503.0,507490.0
010407,0.0,275814.0
010409,102712.0,0.0
010508,0.0,6900.0
020602,48185.0,4012.0
020603,2098441.0,0.0
020604,3769.0,0.0
020701,0.0,434782.0
020702,802748.6,11864.0
020703,355514.2,3496.0
020708,0.0,10876.0
020709,558345.41,113152.0
020710,0.0,297408.0
020712,1000.0,0.0
020713,0.0,2462381.0
020802,123611.0,0.0
020803,596593.17,0.0
020804,149348.67,440844.0
020805,579234.91,668363.0
020806,131588.1,11641.0
020810,3112666.0,34356.0
020811,0.0,18759.0
020901,2453.0,2776.0
020902,0.0,1399814.0
020904,10639.0,7258.0
020909,0.0,73774.0
020910,314313.0,26423.0
021005,0.0,7925.0
021006,0.0,7089036.0
021008,0.0,9353.0
021101,0.0,3571563.0
021102,0.0,38048.0
021103,0.0,8847.0
021104,20495.66,2493.0
021105,0.0,594535.0
021202,0.0,14809.0
021203,0.0,8031.0
021207,3904.39,581728.0
021209,8000.0,40618.0
021210,0.0,4000.0
021211,371797.0,283109.0
021212,340385.06,51906.0
021213,13983.73,0.0
021302,1000.0,0.0
021401,0.0,10281.0
021404,0.0,33554.0
031507,0.0,716534.0
031509,2770498.0,0.0
031511,8058.53,1733502.0
031512,0.0,47711.0
031513,0.0,31294.0
031515,0.0,98703.0
031516,693671.19,554135.0
031517,0.0,489610.0
031520,0.0,36000.0
041601,2025045.0,0.0
041602,103926.0,0.0
041701,0.0,1037046.0
041702,0.0,84590.0
041703,0.0,1015.0
041704,72386.0,1022485.0
041805,0.0,86750.0
041806,7206.0,5311067.0
041901,0.0,111465.0
041902,170262.25,153016.0
041903,0.0,2593.0
041904,40484.0,151997.0
041905,125759.0,8092970.0
042001,129145.87,22052.0
042002,0.0,48123.0
042004,0.0,1803335.0
042005,19873.42,520828.0
042006,0.0,51842.0
042007,0.0,114167.0
042008,3215.0,99672.0
042009,40798.31,1206746.0
042101,0.0,303893.0
042102,0.0,592860.0
042103,0.0,10484.0
042104,10991.0,80727.0
042105,50633.0,0.0
042106,54844.0,3024812.0
042201,26086.65,210266.0
042202,7736.34,331118.0
042203,10207.89,157947.0
042204,100245.82,0.0
042208,0.0,42313.0
042306,0.0,16042.0
042402,0.0,169398.0
042403,0.0,71614.0
052501,5711.74,41796.0
052508,0.0,10137.0
052515,1913685.61,237771.0
052516,90878.87,1203.0
052517,0.0,139357.0
052520,0.0,201292.0
052521,0.0,4231.0
052522,0.0,11199.0
052523,0.0,135390.0
052701,0.0,2063036.0
052703,0.0,26100.0
052708,0.0,10494.0
052710,534159.31,412295.0
052714,0.0,1418428.0
062803,0.0,1540.0
062806,0.0,69888.0
062807,0.0,11500.0
062808,0.0,90147.0
062809,0.0,23052.0
062814,0.0,6287.0
062815,0.0,585260.0
062818,0.0,7672.0
062822,0.0,15046.0
062827,0.0,106027.0
062828,0.0,308755.0
062833,0.0,11750.0
062835,0.0,7460.0
062836,0.0,185082.0
062839,0.0,47938.0
062851,0.0,7000.0
062903,0.0,2631.0
062909,0.0,1119.0
062914,0.0,5889.0
062918,0.0,2000.0
062922,0.0,70865.0
062924,0.0,36000.0
062925,0.0,3000.0
062929,0.0,37544.0
062934,0.0,31000.0
062939,0.0,3000.0
062941,0.0,9023.0
063002,0.0,393543.0
063003,15255.0,124813.0
063004,5235738.0,7302539.0
063005,0.0,53325.0
063006,0.0,194867.0
063105,0.0,37986.0
063204,0.0,97893.0
063205,0.0,18440.0
063207,0.0,2063360.0
063208,0.0,1843869.0
063209,0.0,162623.0
063210,0.0,461716.0
063211,0.0,7500.0
063212,0.0,43503.0
063213,0.0,1748.0
063214,0.0,120389.0
063215,0.0,99891.0
063301,0.0,1000.0
063302,30382.0,77287.0
063303,45334.0,0.0
063304,22147.0,342738.0
063305,1201.0,64164.0
063307,0.0,151512.0
063401,2252087.15,182460.0
063402,4623.44,784591.0
063404,0.0,12263.0
063405,0.0,21391.0
063406,0.0,2750.0
063502,0.0,99255.0
063503,0.0,49154.0
063505,0.0,7440.0
063506,0.0,293115.0
063707,0.0,7538.0
063808,0.0,387928.0
063814,0.0,50399.0
063816,0.0,9041.0
063817,0.0,226925.0
063820,0.0,48000.0
063822,0.0,401169.0
063823,0.0,114763.0
073901,0.0,21952936.0
073902,0.0,36706.0
073903,0.0,59000.0
073904,0.0,1247925.0
073907,0.0,4695135.0
073909,0.0,20000.0
073912,0.0,204495.0
073915,0.0,23379.0
073916,0.0,27404.0
073917,46862.0,303970.0
073918,0.0,7905.0
073919,0.0,3239.0
073920,4330.0,867911.0
073921,71682.0,77762.0
073922,36208.0,13084.0
073923,75887.0,210806.0
073924,0.0,278100.0
073925,3357.0,37010.0
073926,26180.0,507948.0
074008,0.0,38303.0
074009,0.0,26200.0
074010,0.0,25934.0
074011,1601.0,633513.0
074013,0.0,20804.0
074014,0.0,1000.0
074016,0.0,100930.0
084102,432982.87,0.0
084103,31900.0,0.0
084104,0.0,8156.0
084105,7192.0,0.0
084106,3027.0,0.0
084107,0.0,25600.0
084109,1254.0,0.0
084111,0.0,4092.0
084201,0.0,10659.0
084202,5709.0,484634.0
084203,0.0,36300.0
084301,303107.0,0.0
084304,18130.0,0.0
094402,0.0,278885.0
094407,0.0,43848.0
094410,0.0,11019.0
094411,0.0,58850.0
094412,0.0,27053.0
094414,13979.0,20668.0
094415,1338.85,1000.0
094417,4293.0,0.0
094418,12171.54,0.0
094419,192687.0,10790.0
094420,242000.0,12400.0
094421,10954.0,0.0
094504,0.0,2000.0
094601,0.0,42582.0
094602,0.0,33661.0
104707,0.0,5488.0
104801,0.0,10940.0
104802,0.0,7000.0
104803,0.0,48681.0
104804,0.0,15495.0
104805,0.0,40345.0
104808,0.0,21937.0
104810,0.0,18507.0
104811,0.0,103634.0
104813,0.0,9072.0
104817,0.0,4231.0
104818,185683.0,1662273.0
104819,0.0,185394.0
104820,0.0,121497.0
104821,0.0,19261.0
104823,1053.0,78620.0
104901,21603.0,239028.0
104902,0.0,83542.0
104907,0.0,4899.0
104908,0.0,1000.0
104909,0.0,1693.0
104910,0.0,24714.0
104911,3366.0,26638.0
115005,0.0,88150.0
115107,15651.0,0.0
115201,0.0,55134.0
115205,115277.0,268159.0
115208,2511.0,0.0
115209,19024.0,0.0
115210,0.0,59898.0
115212,0.0,36938.0
115401,0.0,1486.0
115402,0.0,385515.0
115403,0.0,64426.0
115407,0.0,222399.0
115503,0.0,26780.0
115504,0.0,12363.0
115508,0.0,13520.0
115509,0.0,119950.0
115511,0.0,25299.0
115515,0.0,3000.0
115516,0.0,32636.0
115601,0.0,23506.0
115603,3780454.0,31777.0
115701,0.0,7564.0
115702,0.0,116674.0
115703,0.0,60747.0
115705,6883.0,88314.0
115806,0.0,43730.0
115808,0.0,1932.0
115810,3293.0,0.0
115903,0.0,52182.0
115911,0.0,10000.0
116001,0.0,12617.0
116002,0.0,31530.0
116101,2507.0,0.0
116102,0.0,1662.0
116103,0.0,49423.0
116104,644302.0,58078.0
116107,0.0,16881.0
116108,0.0,44483.0
116109,1450.0,11227.0
116110,1496469.0,23863.0
116114,20416.0,14496.0
116115,0.0,11808.0
116117,0.0,128772.0
116201,14266.0,100566.0
116202,0.0,33636.0
116203,35285.0,95907.0
116204,67802.0,50703.0
116205,0.0,625460.0
116210,1044.0,90111.0
116211,11221.0,1438074.0
116214,0.0,111708.0
116301,0.0,384964.0
116302,18125.0,117325.0
116303,0.0,1602.0
116305,0.0,60301.0
116307,92514.0,5640.0
126401,9528.0,6601.0
126402,159150.0,224309.0
126403,103091.0,36288.0
126404,23378.0,1313.0
126405,638400.0,54947.0
126406,0.0,6153.0
126505,0.0,1630.0
126702,0.0,21924.0
136801,19527.59,0.0
136802,12096663.55,671541.0
136804,512981.0,0.0
136807,0.0,1701.0
136810,23514.04,5607.0
136813,0.0,4000.0
136815,50641.06,0.0
136902,0.0,11187.0
136903,0.0,3000.0
136907,60684.31,448508.0
136908,4583.07,850708.0
136910,5937.0,345259.0
136911,6551.0,552302.0
136912,22586.0,0.0
136913,3644.0,310909.0
136914,16217.0,6593.0
137003,0.0,30501.0
137005,5864.84,103061.0
137007,0.0,45686.0
137009,0.0,97134.0
137010,0.0,25997.0
137011,0.0,3326.0
137013,18748.0,242980.0
137014,0.0,1000.0
137016,0.0,35812.0
137017,0.0,1000.0
137018,0.0,4920.0
137019,0.0,23497.0
147113,121496.0,0.0
147117,9013.0,5875.0
157202,0.0,112461.0
157204,59967.94,0.0
157208,0.0,293252.0
157210,10899.9,29184.0
157213,80178.94,0.0
157214,0.0,2400251.0
157217,0.0,63566.0
157219,0.0,18165938.0
157223,0.0,7598566.0
157307,7891.0,61549.0
157308,94982.0,170802.0
157309,22401.0,48000.0
157310,0.0,34281.0
157312,0.0,45458.0
157313,0.0,16519.0
157314,0.0,36022.0
157315,0.0,5715.0
157317,0.0,44277.0
157318,77817.0,145501.0
157319,0.0,28795.0
157321,0.0,915032.0
157322,0.0,31262.0
157323,0.0,338353.0
157324,0.0,121923.0
157325,0.0,23460.0
157326,20546.0,927870.0
157410,0.0,4000.0
157412,0.0,492713.0
157415,0.0,1000.0
157419,0.0,82825.0
157604,0.0,8299232.0
157606,0.0,221849.0
157607,0.0,42591.0
157608,0.0,3479.0
157609,0.0,1000.0
157610,14102.0,35000.0
157612,1256.0,7052.0
157613,0.0,55437.0
157615,0.0,67387.0
157616,26728.0,150256.0
158104,0.0,7066.0
158201,0.0,9828.0
158202,2361.0,81066.0
158203,0.0,6000.0
158204,0.0,2527.0
158205,7052.0,39063.0
158206,0.0,24000.0
158207,0.0,8000.0
158208,27208.0,11329.0
158209,0.0,135145.0
158210,0.0,9400.0
158211,0.0,10880.0
158213,0.0,1560.0
158214,0.0,18410.0
158215,0.0,112276.0
158301,0.0,2481.0
158302,0.0,60196.0
158303,0.0,10296.0
158304,0.0,1868.0
158305,0.0,73614.0
158306,0.0,11415.0
158308,0.0,5066.0
158309,10886.0,18249.0
158310,0.0,1000.0
158311,382699.0,0.0
168403,0.0,122720.0
168407,0.0,45220.0
168409,0.0,43718.0
168411,7686.0,0.0
168413,1001.0,152978.0
168414,1650.0,244027.0
168415,0.0,1235536.0
168417,0.0,7052.0
168418,0.0,710200.0
168419,0.0,195267.0
168420,1255.0,0.0
168421,0.0,628135.0
168422,40192.0,118271.0
168423,27489.0,13000.0
168424,0.0,36761.0
168425,2116.0,6426.0
168428,0.0,154360.0
168429,0.0,52000.0
168430,0.0,2555.0
168431,1443.0,8101.0
168432,0.0,9596.0
168433,0.0,9665.0
168436,0.0,117070.0
168438,0.0,372193.0
168441,0.0,3285.0
168443,0.0,32580.0
168448,0.0,5598.0
168450,0.0,758140.0
168451,0.0,44894.0
168452,6492.0,87005.0
168453,0.0,25260.0
168454,0.0,6941.0
168456,0.0,28319.0
168458,0.0,7052.0
168459,0.0,18000.0
168461,1410.0,13000.0
168462,0.0,15810.0
168464,139633.0,21244.0
168465,1410.0,1100.0
168466,0.0,15000.0
168467,0.0,13931.0
168469,0.0,1471.0
168470,0.0,3483.0
168471,39298.0,15483201.0
168472,0.0,4939.0
168473,24725.0,1473832.0
168474,33892.0,163648.0
168477,0.0,384976.0
168479,0.0,197016.0
168480,1128.0,411976.0
168481,10686.0,81398.0
168482,0.0,22789.0
168483,0.0,43581.0
168484,0.0,126000.0
168485,0.0,137000.0
168501,6590.0,282891.0
168502,0.0,316237.0
168503,3769.0,207679.0
168504,22483.0,550652.0
168505,0.0,1000.0
168506,0.0,262000.0
168507,0.0,449890.0
168508,0.0,58420.0
168509,0.0,139847.0
168510,0.0,25128.0
168511,0.0,123842.0
168512,0.0,167388.0
168513,0.0,34055.0
168514,0.0,432000.0
168515,1410.0,52000.0
168516,0.0,62464.0
168517,0.0,507062.0
168518,0.0,102112.0
168521,0.0,184823.0
168523,0.0,45157.0
168524,9283.0,120089.0
168525,0.0,1430347.0
168527,0.0,52800.0
168528,27003.0,1943159.0
168529,0.0,318744.0
168531,0.0,37868.0
168534,0.0,16333.0
168535,0.0,53011.0
168536,1000.0,194854.0
168537,0.0,133256.0
168538,0.0,65091.0
168539,0.0,78052.0
168541,0.0,1000.0
168542,7581.0,16533.0
168543,0.0,85756.0
168544,3769.0,505694.0
168547,0.0,2000.0
168548,0.0,35000.0
178701,0.0,180780.0
178702,0.0,1153455.0
178703,1528.0,4567639.0
178704,0.0,1001243.0
178705,0.0,39492.0
178708,12686.0,694874.0
178712,0.0,63723.0
178714,0.0,40821.0
178715,0.0,16816.0
178716,0.0,3242.0
189001,0.0,4272.0
189004,0.0,115642.0
189006,0.0,70918.0
189007,0.0,102000.0
189008,0.0,15333.0
189009,0.0,147692.0
189010,0.0,43000.0
189014,0.0,1361.0
189017,0.0,7070.0
189018,18835.0,1465293.0
189019,0.0,6890.0
189021,0.0,263003.0
189022,138211.0,700865.0
189023,0.0,1160000.0
189024,0.0,1000.0
189026,0.0,11000.0
189027,0.0,303756.0
189029,0.0,7000.0
189030,0.0,595346.0
189031,0.0,74345.0
189032,0.0,15557.0
189033,8789.0,3000.0
189105,0.0,9151.0
189202,0.0,17349.0
189206,0.0,4381.0
209401,182424.0,288845.0
209402,0.0,33891.0
209403,93069.0,3117742.0
209404,635032.0,9762.0
209405,1000.0,416264.0
209406,0.0,16900.0
209501,0.0,3504.0
209503,19422.0,14481.0
209505,59026.0,0.0
209506,0.0,15089.0
209508,0.0,6517.0
209601,11142.0,0.0
209602,0.0,6656.0
209603,16079.0,61829.0
209606,0.0,1000.0
209607,0.0,8050.0
209608,0.0,4554.0
209609,0.0,29488.0
209610,0.0,4570.0
209612,0.0,36947.0
209613,0.0,82647.0
209614,0.0,45531.0
209615,0.0,86833.0
209616,0.0,64072.0
209617,0.0,27650.0
219701,1976.0,0.0
