010101,5042297.57,27497508.0
010102,5659657.87,6034852.05
010103,26426.23,381853.21
010104,99402.87,149653.71
010105,108960.19,5297366.5
010106,1201859.39,13096866.24
010201,93750.55,34473580.95
010202,20126.0,21080130.56
010203,643957.58,34489160.29
010204,34558.1,79977634.58
010205,0.0,18274970.73
010206,1220149.22,10122849.81
010207,1931004.54,154576386.04
010208,304478.43,62411376.56
010209,276065.38,185499.2
010210,18670471.81,31111481.6
010301,78422.32,5853534.76
010302,267742.44,67349893.91
010303,546134.11,12252114.48
010304,1040432.12,122408203.28
010305,1630379.16,30671622.7
010306,366620.21,42160057.8
010307,751869.58,23308362.09
010401,7860669.9,13865945.23
010402,47242792.2,4278432.4
010403,42208806.09,2572226.02
010404,16630286.43,4607861.65
010405,883219.08,2635176.86
010406,372409590.28,223774839.94
010407,9581.38,39534661.36
010408,17498.0,25217928.09
010409,2526957.78,22418154.67
010410,154765.0,871884.38
010501,269633.32,41364.01
010502,548594.0,294060.19
010503,1040286.47,565106.79
010504,4522791.5,31003391.54
010505,1011952.55,7584699.27
010506,4447095.35,579024.74
010507,1000.0,513679.42
010508,77630.83,1272411.75
010509,9295.39,608255.74
010510,31162.71,843345.42
010511,3560862.09,9483979.73
020601,238362.88,59852457.17
020602,2012613.29,189493267.59
020603,58017.88,165481127.24
020604,132561.29,33794572.47
020701,826549.78,16966049.53
020702,37419.68,54213112.76
020703,624574.97,20553951.25
020704,135782.58,29171618.0
020705,61746.63,65009046.4
020706,89602.36,7562450.08
020707,3767.0,15555072.35
020708,15804.44,9329205.85
020709,1133836.69,157349259.5
020710,489230.35,23443071.35
020711,340717.88,6347311.0
020712,6104702.41,26810783.64
020713,1827524.41,12379969.16
020714,4781.26,3545410.34
020801,74367.07,5975914.43
020802,2147035.62,132254307.66
020803,1358131.15,70021470.9
020804,522719.17,53930866.03
020805,197833.76,114000441.01
020806,622697.24,60977953.04
020807,48506.09,41237093.55
020808,1367514.39,29925731.55
020809,292094.88,64510668.59
020810,228952.96,72394158.38
020811,1149343.38,35184708.81
020812,47292.22,463328.47
020813,1018713.74,13057536.0
020814,152525.13,532333.45
020901,105567205.49,135355875.0
020902,5859282.13,19508650.05
020903,54043.96,94982.68
020904,2197707.85,7562698.18
020905,508100.94,6404429.11
020906,25456.44,1136560.35
020907,10281.12,139590.66
020908,221350.96,1498837.22
020909,55523.8,2764947.28
020910,2944613.02,10168760.93
021001,52117763.79,102158732.16
021002,17744.08,1632541.85
021003,53981371.17,4723538.5
021004,0.0,7379323.88
021005,137711607.29,23458640.97
021006,15384723.87,31660067.38
021007,4057594.72,640373.84
021008,36721.79,1819591.49
021101,184943.92,1408514.45
021102,486573.42,443817.56
021103,2661300.44,723406.99
021104,1753972.29,2694574.49
021105,99558.29,427908.05
021106,2398312.03,1217873.01
021107,587349.36,23710516.05
021108,1910141.96,22620959.42
021109,205182.77,3127326.7
021201,160320781.36,78532490.69
021202,479398.94,5836883.19
021203,0.0,19016.0
021204,11853.91,2769875.94
021205,1198444.57,6561637.82
021206,1500844.72,13564391.97
021207,1630953.66,8083020.84
021208,99729.51,476705.43
021209,12842635.39,33848077.11
021210,800354.58,955767.78
021211,2975225.88,26195135.73
021212,268738.6,10053509.82
021213,338042.92,27070269.75
021214,2401529.93,16207258.14
021301,675780.6,7369300.92
021302,86967777.25,47343409.95
021401,36218.34,1006458.67
021402,8843.27,11669.5
021403,0.0,2424064.77
021404,281249.15,4057173.7
031501,9185.0,2673113.05
031502,73563.94,3036957.0
031503,0.0,27495.26
031504,4728486.45,3364212.11
031505,75981.5,581465.47
031506,64937.15,95658.44
031507,84749736.64,4818406.63
031508,87674.94,6685971.68
031509,159913.84,63254786.18
031510,1125.85,64019.48
031511,2748529.02,13999370.53
031512,44556186.14,66202065.82
031513,2458188.28,6451565.35
031514,564868.58,5027281.61
031515,15714488.52,19131728.84
031516,3415207.44,7912612.43
031517,1108672.42,6369629.29
031518,1270524.55,2780911.05
031519,5701726.14,16024014.52
031520,452338.36,4159344.52
031521,139216.72,893909.72
031522,37573.32,114430.14
041601,252307.35,41767489.12
041602,1097630.67,40216574.95
041603,73272.81,1571359.52
041604,1947398.49,90085742.07
041605,603515.45,36605506.13
041701,28987462.36,79673709.02
041702,4278116.76,42322697.53
041703,136664.65,231095.73
041704,84436176.39,66456890.77
041801,3049320.98,55599994.45
041802,25326.82,23071.75
041803,3847226.31,3861181.21
041804,346653.2,88353424.58
041805,755828.29,10297873.64
041806,419618298.82,115390625.77
041901,184449014.71,43694913.51
041902,52514990.03,60360039.0
041903,32060.84,263611.89
041904,29626232.7,48515337.74
041905,128193951.77,204408961.85
042001,16453608.56,19950607.36
042002,9003118.83,46903936.03
042003,89060.75,10494699.35
042004,909030.13,4505255.2
042005,7584895.37,54403325.43
042006,626616.49,3154755.74
042007,21831441.14,10651909.0
042008,12987014.85,75365101.11
042009,97370772.57,88344943.28
042101,178314704.09,30704243.65
042102,10854803.5,11226759.57
042103,76967754.37,88058218.73
042104,53559318.38,11802063.7
042105,11547441.22,20378404.79
042106,428894972.56,268508437.24
042201,4359446.51,73265491.19
042202,84836081.42,112580919.53
042203,3128926.68,62027600.78
042204,32977916.3,787405738.5
042205,1293161.84,7221244.97
042206,729883.69,8986829.64
042207,3628991.75,22389847.43
042208,7904512.96,118710855.7
042209,457921.31,10991410.58
042301,445809.01,7462420.03
042302,2303725.91,977906.91
042303,1334385.71,32574897.04
042304,51441402.23,57051473.93
042305,0.0,5001.94
042306,5563361.98,10840978.59
042307,0.0,25571.92
042308,59020.04,3550276.79
042309,157127992.68,155991712.26
042401,101132518.81,168696629.27
042402,421465328.9,53136002.96
042403,152368057.68,16748261.47
052501,3051742.6,3569558.6
052502,124412.33,1429631.87
052503,103326.58,2077638.17
052504,2880370.32,551196.86
052505,3182799.07,30123342.47
052506,2353860.8,3520658.15
052507,139696.6,7986820.02
052508,914483.18,10100705.16
052509,290716.48,1301110.01
052510,734751.37,222481.09
052511,7726.34,563635.69
052512,1653029.11,2271541.19
052513,130513.43,2647617.92
052514,130252.14,1573008.99
052515,374979.66,5749227.28
052516,9056883.38,11883629.02
052517,4014756.8,85465410.13
052518,17304.81,1575307.56
052519,275880.07,2099414.35
052520,666911.89,12528664.81
052521,10889.03,593775.87
052522,457776.09,6347924.8
052523,18738719.36,35336067.98
052524,10948.56,10000.0
052525,73795.06,320533.95
052526,515025.82,3311846.29
052528,6274.88,69524.77
052529,76117.44,12110995.5
052530,3781800.6,8385870.49
052601,60008.5,46748987.63
052602,158883.7,8586466.2
052603,5103466.43,143475071.0
052604,1206.0,2315.0
052605,710598.37,174954.0
052606,87816.7,921457.11
052607,6022712.9,12534512.26
052608,15238090.86,21438063.0
052609,1621.0,0.0
052610,936471.61,229756.98
052613,439264.0,0.0
052614,225881.6,20523.24
052615,165665.79,743954.18
052616,711873.29,19877037.0
052617,46828.39,162496.68
052618,14689.46,2351187.01
052619,355238.44,38958.59
052620,19120871.11,2404434.56
052621,1648973.28,9269187.8
052701,331703542.71,88170280.29
052702,0.0,816451.57
052703,41158.06,16652351.53
052704,19002093.0,5936358.8
052705,415095.26,18954.03
052706,2595.0,92288.21
052707,22160128.05,28849049.99
052708,450151.31,1808416.53
052709,12457.0,1822953614.85
052710,481259417.84,5726387693.08
052711,34881710.66,831712118.19
052712,1659445.88,11347761.49
052713,14278393.77,52110049.89
052714,67099.97,569260.02
052715,2827844.95,9268257.47
052716,1554746270.85,1449790897.0
062801,1273697.93,4337604.97
062802,3218.23,1267675.41
062803,941181.31,16653235.94
062804,3739059.22,34577426.01
062805,661139.89,11347596.76
062806,3108305.21,2059052.01
062807,2234608.66,8650519.13
062808,1035735.42,948946.99
062809,7750417.81,2322361.05
062810,359226.34,339000.82
062811,11398561.23,30318127.76
062812,9264713.05,4881659.61
062813,153458.4,262064.26
062814,4127800.55,3508718.46
062815,4713589.47,13879137.91
062816,130798.11,1231901.66
062817,387154.62,2008960.95
062818,98567095.31,50289450.97
062819,156750.49,1967102.13
062820,27629.97,5808065.22
062821,3514155.61,4018428.35
062822,153873.85,264380.6
062823,2326994.77,5106297.95
062824,24723.02,335338.73
062825,27586471.28,12768521.75
062826,2372829.81,2174115.7
062827,8166956.46,15268052.41
062828,917789.09,2936623.86
062829,953696.35,518934.09
062830,619497.0,1153712.6
062831,872924.02,1734809.65
062832,215247.87,2605490.82
062833,3640286.51,10240591.99
062834,468933.32,2264035.21
062835,10315890.54,18721385.45
062836,5520457.45,14342045.89
062837,536928.62,640786.75
062838,117033.08,1572738.83
062839,5193552.32,7513000.85
062840,315370.92,3369269.9
062841,824429.64,23656064.44
062842,4185325.61,2605431.13
062843,280858971.8,107722886.28
062844,6790742.06,10668489.02
062845,3122724.71,2110221.57
062846,510149.31,1564366.73
062847,3279742.01,7336207.72
062848,24129.0,135847.47
062849,9493735.1,21518115.02
062850,1180153.36,4878165.05
062851,8454955.17,6032819.05
062901,10703218.66,62563347.04
062902,19764039.31,49695744.33
062903,48847022.79,32513619.15
062904,14131315.02,8845419.54
062905,85154067.38,152855183.47
062906,24168423.87,32077688.9
062907,76749592.08,106374723.11
062908,9336589.14,12717121.81
062909,17014295.03,98466461.41
062910,11211375.04,73629145.28
062911,3071496.73,4791377.08
062912,64216483.82,78623089.51
062913,5689173.87,9561463.61
062914,163626070.76,229126407.92
062915,80251759.84,145731326.16
062916,38988747.76,120920809.5
062917,22727978.02,106444694.2
062918,257718222.63,145837268.51
062919,5353710.25,5923442.08
062920,25235490.28,35961103.17
062921,376623233.18,652781016.17
062922,537323156.48,303002031.21
062923,32989739.72,18270267.48
062924,871556810.51,138390026.75
062925,26263881.58,19168281.87
062926,67052850.72,115035799.91
062927,6284882.31,21152560.73
062928,171137869.44,31432475.4
062929,30735896.42,39778467.29
062930,85096746.27,93885251.56
062931,65866011.07,60706457.78
062932,292420010.76,229547225.95
062933,2828344163.18,2544622136.1
062934,1005928288.49,605372416.02
062935,258527637.87,25691163.14
062936,513640502.88,71149269.0
062937,756932192.35,342673253.76
062938,70727214.96,9658033.5
062939,163649353.98,33072266.12
062940,14421607.59,43762588.43
062941,1104981788.7,577509477.62
062942,14236904.01,8790739.51
063001,31408750.36,20561503.24
063002,3228597452.1,2422484853.46
063003,522394584.74,144478390.49
063004,12573276469.33,7511274654.49
063005,96613422.9,65344127.88
063006,282410951.85,124775163.76
063101,260177.73,2167008.22
063102,13254944.45,36243131.13
063103,281042.25,2439361.09
063104,1448332.08,4390092.11
063105,26319445.08,55402998.94
063201,435522.06,772303.89
063202,5228687.3,5901198.54
063203,10052290.82,24550929.85
063204,1150565158.07,428470543.2
063205,1332836.17,840192.45
063206,28181652.49,123888902.76
063207,15328153.57,12294694.85
063208,163429553.25,95683298.57
063209,46666058.22,57915464.21
063210,30962578.58,7274333.82
063211,3870601.14,1495798.29
063212,23019937.56,25605486.49
063213,4645215.75,9435158.4
063214,224839470.57,155697164.61
063215,463586383.88,83699658.01
063301,40214711.02,98109267.86
063302,938024581.91,110985392.13
063303,190400529.12,164933772.88
063304,391562625.07,276522046.4
063305,39599910.25,72517833.45
063306,32474010.99,27742548.42
063307,74528301.94,125216141.25
063401,8271738.85,24065607.38
063402,194785428.53,232840539.37
063403,73745793.93,41691641.99
063404,10508378.88,18386308.11
063405,21023214.78,16837778.28
063406,2924492.64,54042220.12
063407,24118385.7,6672496.33
063501,1552824.74,6057394.81
063502,237163.81,8141318.19
063503,16016185.25,32346260.36
063504,43138732.6,11208957.9
063505,3091854.01,37170401.4
063506,188499858.87,50404361.41
063507,86365882.9,78061050.91
063601,10894876.25,3133749.51
063602,5561621.06,3566979.53
063603,53595285.07,7808811.13
063604,1984230.94,9168489.54
063605,251552.72,3026049.21
063606,6419026.1,3042477.33
063701,30533893.18,59003160.19
063702,45210430.57,55611941.87
063703,9477971.31,14663727.1
063704,5599052.06,1929457.04
063705,7752375.16,3879443.89
063706,2005098.78,5979551.28
063707,45664364.81,52163364.42
063801,34845225.91,19919927.81
063802,2852894.92,17326284.39
063803,24649.21,1219922.78
063804,6626975.84,3961733.99
063805,238065.72,1299167.99
063806,977517.33,11865115.58
063807,704669.88,86381.75
063808,780724176.62,243853536.64
063809,103334587.86,36193085.15
063810,10884729.92,6085241.99
063811,21364339.14,29122362.19
063812,204487799.67,75569218.0
063813,414578.82,1548570.04
063814,23053440.24,10488689.11
063815,19974908.39,57259740.62
063816,4418703.85,12869401.61
063817,85248.51,439758.47
063818,18846691.48,11925156.39
063819,12837623.83,2631168.53
063820,832855.77,9936448.82
063821,2535325.7,13082725.67
063822,132038803.21,183015166.96
063823,445917265.77,424945299.44
073901,66021274.14,276608675.87
073902,15310551.82,143754980.75
073903,19059458.19,170233232.54
073904,34409748.84,113063324.23
073905,110363097.18,68922151.84
073906,62765785.81,100422657.89
073907,420761479.23,404366143.84
073908,371202142.21,91977648.89
073909,132707049.06,115938091.08
073910,22922270.17,57314627.26
073911,14961069.16,39359032.87
073912,15458966.35,31845270.49
073913,11839941.17,44939969.74
073914,3369801.68,9769562.84
073915,16315070.04,5523313.51
073916,17456289.14,80798428.03
073917,377500260.43,260874815.84
073918,14352289.41,21814718.14
073919,112259309.29,130464447.65
073920,435565919.12,503671222.22
073921,392952907.77,240277965.18
073922,76519586.4,67959926.39
073923,555483360.99,480310661.59
073924,84967329.95,102105076.91
073925,42852997.68,188437757.83
073926,484363767.05,517186079.99
074001,881406.9,7261351.64
074002,31201454.58,44784404.6
074003,123447.22,961255.61
074004,1491442.97,2198100.92
074005,25035454.03,23803337.21
074006,844617.82,2371988.24
074007,233953.79,704223.33
074008,26691850.7,48384583.89
074009,10741724.14,39652226.69
074010,66849385.31,28460943.85
074011,21460739.0,400115495.71
074012,10369053.99,13291344.68
074013,248457.56,2893470.59
074014,1722180.68,12828440.19
074015,1496006.86,21652818.9
074016,95607151.54,137232766.08
074017,730929.69,963998.72
084101,40023124.5,3931094.09
084102,1981994.93,639363.69
084103,767857.51,879611.81
084104,29101614.07,40260462.11
084105,776687.5,4191792.1
084106,793679.57,1800425.77
084107,4534845.26,10565114.7
084108,213882.45,774442.24
084109,227095.65,1876370.6
084110,142836.14,19693.56
084111,139229.55,787747.07
084201,11583459.04,19825518.57
084202,231723386.99,419019580.3
084203,54603007.94,145780070.44
084204,749514.49,1205367.73
084205,3624978.51,8673981.76
084206,42354.0,673046.45
084301,655226.32,2878284.61
084302,3778003.7,2677161.51
084303,3411354.6,29924810.65
084304,138425.87,169598.53
094401,13814999.69,19302760.09
094402,43669.32,5376544.95
094403,122741336.04,17878682.73
094404,95739.11,3591749.16
094405,173267.95,1390662.99
094406,199639.83,7118156.8
094407,42528011.91,159270138.02
094408,30908993.56,19464900.67
094409,4316942.71,61197322.83
094410,88885763.09,84436888.05
094411,295609397.37,90229494.88
094412,7283924.35,142691708.32
094413,557627.15,1319227.11
094414,1229902.48,8503918.02
094415,5834942.29,45716602.86
094416,475762.86,4791698.01
094417,2731794.05,1713449.59
094418,61931563.03,331135109.24
094419,809701.91,7646501.34
094420,20807934.23,41317323.73
094421,26400343.43,78426630.29
094501,8820.0,342462.02
094502,25900.0,78080.99
094503,2721483.16,15896969.39
094504,12058703.11,12994510.75
094601,1548632.25,2888820.42
094602,356095.28,13187491.04
104701,314606.67,2244556.78
104702,23534263.2,190834.33
104703,16636293.09,209474955.42
104704,50424236.87,7076227.91
104705,1171947.07,19034711.24
104706,1314689.7,4739049.66
104707,38889242.98,22964951.81
104801,115014741.65,72254460.19
104802,94310959.57,279539738.68
104803,26090929.63,25607936.73
104804,49003970.46,64072494.83
104805,116957290.86,52768216.88
104806,17195822.58,17399438.55
104807,9967334.11,9074165.73
104808,38904862.41,19308216.4
104809,2269960.55,8122484.94
104810,613136325.09,408862534.95
104811,407626701.33,223828053.95
104812,8833872.38,2235543.4
104813,5082346.12,22420142.39
104814,219853.56,3398460.67
104815,36576.65,237124.68
104816,1932851.96,5085176.09
104817,35263263.55,18727094.35
104818,142802765.09,292287046.37
104819,295201435.59,336268913.18
104820,59093699.4,71563335.88
104821,25918780.32,51051358.44
104822,2959472.63,8665429.42
104823,46979473.99,75145636.87
104901,152171014.95,525294787.34
104902,46460774.53,398225631.45
104903,1041652.8,4332307.09
104904,1465906.75,5289205.76
104905,3284774.79,4847682.44
104906,8722803.14,3174284.03
104907,24244838.79,7390463.3
104908,1919154.43,3972619.33
104909,18218598.29,22755770.54
104910,7643758.73,22803896.23
104911,233016813.55,560382310.03
115002,2121239.0,162244.91
115003,441369.13,2001862.99
115004,1281046.21,1755118.94
115005,1601933.93,543176.77
115006,507014.28,517826.67
115007,8001092.38,13152067.35
115101,601840.85,3578663.57
115102,7528703.28,6082660.55
115103,112458.67,440429.41
115104,9575.91,0.0
115105,648996.6,8660598.96
115106,435327.55,5641540.59
115107,9253746.77,6762678.1
115108,278879.07,307867.66
115109,1545203.29,5613020.93
115110,107651.51,18380.49
115111,3267489.18,5619584.28
115112,30397131.71,52842762.93
115113,40154.49,115531.19
115201,41495242.15,62466555.17
115202,5899289.0,6335177.15
115203,1365537.0,20140242.08
115204,853832.25,955779.66
115205,87337416.89,31299063.17
115206,7386469.03,1415279.09
115207,508080.17,4768818.89
115208,180723868.13,63575368.97
115209,21257918.55,19022095.05
115210,11781263.82,9306738.29
115211,11646923.88,6964356.48
115212,4517039.99,5268076.41
115301,178018.39,411141.91
115302,326058.11,497103.01
115303,59655.98,70099.39
115304,1145.84,254361.49
115305,8949.2,412031.36
115306,1261972.71,2228153.35
115307,86355.19,438259.4
115308,23993.48,1622279.6
115309,7044645.08,9362217.22
115310,76182.65,760676.18
115311,530300.12,684515.66
115401,5547862.41,4857341.94
115402,190589925.9,80763988.0
115403,4129890.06,7435711.78
115404,5993076.04,21809728.6
115405,277611.39,147750.3
115406,1567804.2,1820587.51
115407,89430745.73,116240637.99
115408,15356230.26,13667444.04
115501,2554115.94,10109814.26
115502,1008083.75,22961879.46
115503,33421447.54,14075128.16
115504,250352.12,5502911.06
115505,2074779.56,772747.63
115506,386342.72,2444635.6
115507,196261.39,1175390.83
115508,582548.27,1830766.19
115509,9610783.84,15935938.15
115510,17127917.54,2354688.94
115511,410133.93,3455616.86
115512,21763061.46,22815626.5
115513,1840969.32,3935411.67
115514,3012097.39,5659119.87
115515,7867370.04,5661751.93
115516,5718025.69,7280801.65
115601,95372347.06,28055659.72
115602,3779543.72,11668612.34
115603,35190785.54,96516945.43
115604,713672.23,1760103.16
115605,121475.39,1186674.49
115606,22582827.2,9431283.66
115607,12159235.91,7267871.18
115608,661544.2,5793163.13
115609,2916321.79,2141854.09
115701,4699340.15,53302055.16
115702,33076978.08,38658822.68
115703,25390023.65,71682708.03
115704,49259363.96,7307174.98
115705,871949.53,8280435.68
115801,14009497.96,8034476.52
115802,1040102.37,2032201.36
115803,921623.17,2351674.84
115804,16183472.31,4612799.92
115805,204077.2,424712.73
115806,32053803.33,21319750.74
115807,1420003.57,4058478.24
115808,4405498.14,2903420.77
115809,497847.04,517504.99
115810,103293375.12,18316975.89
115811,375587.87,838495.57
115901,5080890.04,12636433.06
115902,5037042.82,163032.69
115903,59519957.12,42876056.49
115904,1908042.04,12280293.31
115905,859755.32,1090838.86
115906,69385266.05,10414295.55
115907,1626869.3,4341390.44
115908,27364.01,365382.36
115909,776566.95,2937237.27
115910,11186038.04,8537155.0
115911,182696621.17,58088929.67
116001,1358126.78,8693863.38
116002,59146140.53,63140855.95
116101,1034353.48,8253076.92
116102,837509.25,22824070.43
116103,2753568.56,14507763.61
116104,11153101.04,98798498.11
116105,3166095.69,39641159.56
116106,1696570.45,38145795.17
116107,24598959.39,55169472.42
116108,41179089.76,123246179.91
116109,34585725.37,206748510.17
116110,64838214.48,709536722.08
116111,1100668.45,32297415.41
116112,2139771.98,58669258.54
116113,1204035.67,5929364.01
116114,10886609.8,80221631.55
116115,47805713.61,116779517.82
116116,820461.12,14819223.01
116117,10449787.27,12793869.88
116201,23596937.99,94507217.94
116202,15923352.94,180190571.14
116203,283806996.06,642542972.49
116204,164697656.84,847804838.84
116205,36834351.44,154058685.09
116206,14879222.62,132604363.54
116207,2065877.38,7706122.42
116208,5641917.92,16837446.35
116209,553353.93,17123901.87
116210,3211793.73,104897941.09
116211,12351962.94,76907668.97
116212,7378496.52,81878989.11
116213,1591464.6,1652625.11
116214,9933122.7,31667824.85
116215,19620936.38,33400784.11
116216,508441.64,14319798.96
116217,6939601.6,17276825.71
116301,2030129.48,15125853.71
116302,28485520.35,171203137.68
116303,19897866.48,57170409.16
116304,2230481.74,18671781.07
116305,3626048.34,10777600.72
116306,5278138.44,50480507.03
116307,19552832.36,83889911.06
116308,102520.0,1043662.52
116309,30819132.46,1562100.59
116310,2870336.36,4438745.25
126401,1704615.0,6370581.02
126402,4699084.46,126836210.05
126403,116125376.59,579583036.08
126404,7913003.26,94690467.92
126405,1782576.83,10381285.54
126406,8156342.35,37502806.43
126501,75908.0,82713.52
126502,15202.69,11972.16
126503,114380.78,942481.86
126504,105443.81,1094932.74
126505,3013476.59,36139326.64
126506,10697520.56,40092039.12
126507,234173.12,1012971.54
126601,9101421.38,21883831.49
126602,262911.32,1720237.14
126603,495812.72,1711355.92
126701,95401.0,993122.49
126702,455649.71,13214463.76
126703,40351.39,1667280.28
126704,585868.52,4149919.67
136801,1063505.78,20616513.73
136802,11853803.24,152022552.73
136803,530820.52,5784610.94
136804,81836977.61,73488140.93
136805,130206047.42,40459609.97
136806,19522035.49,35928409.67
136807,2987657.28,15844144.05
136808,447384.96,9938566.42
136809,1229134.02,49615303.87
136810,10582432.9,115134840.57
136811,10737650.92,4280220.21
136812,647457.9,503410.75
136813,1003771.58,4075210.15
136814,18231009.48,7567928.14
136815,20065377.8,34033713.7
136901,1496060.78,938773.65
136902,3261627.15,11179898.76
136903,10922932.62,11419047.67
136904,314504.58,10318611.97
136905,2527736.14,8129682.73
136906,470494.52,2003483.34
136907,1984210.0,38552292.49
136908,3080789.57,149880177.96
136909,30707472.68,26532387.52
136910,17559987.71,34306691.97
136911,7975072.68,62459846.68
136912,1391026.06,21178025.72
136913,2260210.16,27402488.7
136914,4957535.46,18657885.44
137001,4886436.64,903787.99
137002,5684314.87,9499739.22
137003,587565.92,4722155.13
137004,9080993.02,2656384.96
137005,11723515.24,52271127.6
137006,8654289.28,21662936.0
137007,52147809.45,77719257.0
137008,5111375.54,46206416.88
137009,9007669.06,30006784.24
137010,58057254.8,120652226.12
137011,638214.41,2251577.94
137012,7558.74,43765.59
137013,130087845.14,234541862.41
137014,3484338.36,3165432.06
137015,14987554.17,11139912.59
137016,952425.51,27033551.38
137017,11383514.07,19612708.99
137018,2049240.94,9415514.28
137019,44418950.63,90158480.52
137020,5891756.84,23335479.09
147101,30477139.81,38651237.3
147102,2163293047.84,1410230506.35
147103,236548836.58,232626307.86
147104,75877879.68,43865667.98
147105,59238114.65,70828259.13
147106,252377003.6,116615283.45
147107,342582.9,1387890.84
147108,9792263669.92,4337020269.66
147109,2574106.49,1265772.4
147110,1612195400.62,2015846977.52
147111,4957716.59,1714058.97
147112,113644249.39,504863777.49
147113,1803244412.9,1215735623.36
147114,58453857.73,12020945.85
147115,28772710.62,184293480.33
147116,14435350.02,49687457.82
147117,34431266.94,111620502.5
147118,7975672.25,19850353.0
157201,11350147.93,7778924.44
157202,32576340.55,154492684.04
157203,3398187.82,87413.83
157204,164234176.42,126118729.25
157205,5208769.6,20323559.6
157206,69834383.15,1170774.81
157207,46617452.23,76866432.53
157208,75636237.99,236316281.55
157209,56299948.66,120357990.03
157210,27577900.0,146287886.29
157211,85219590.27,147553849.24
157212,9670304.71,35842874.21
157213,141174696.98,73162483.58
157214,120756011.92,142912915.66
157215,82002130.66,36689718.54
157216,46525965.67,121269422.13
157217,12728078.1,80767618.52
157218,1567748.43,8939362.8
157219,13159925.76,200017582.8
157220,16146783.66,148663771.87
157221,2754627.14,133610124.1
157222,86993935.17,116815054.71
157223,59448360.96,44748408.62
157224,403942.07,12114462.89
157225,11310482.86,51261525.41
157226,15526834.0,102662380.77
157227,41364442.59,16856163.16
157228,35836331.56,81637360.45
157229,2409845.33,22800348.43
157301,467573.48,4175001.71
157302,32206729.81,74817319.5
157303,14569449.12,15447440.62
157304,24640384.64,71036644.77
157305,991791.5,6721053.51
157306,388773810.89,212654503.34
157307,116121572.07,188211414.16
157308,184669242.24,508294006.71
157309,23630891.81,46187865.2
157310,43423298.13,56725374.2
157311,3176208.3,15771435.32
157312,30535467.89,16897316.83
157313,239047.78,335388.05
157314,46623065.63,46059774.92
157315,16872452.09,27786075.27
157316,1475906.43,328054.92
157317,55019790.16,12628303.89
157318,578087774.94,255150921.6
157319,2051381.64,1405122.22
157320,65389253.33,31698621.28
157321,15176463.5,64223828.18
157322,72753244.25,49201803.86
157323,71004138.66,125540948.21
157324,67663498.02,46227518.43
157325,21182449.22,66301725.9
157326,313760233.21,258700263.53
157401,753118.52,1375894.59
157402,31897935.51,323673.36
157403,21257837.9,735029892.89
157404,127271675.71,54566349.45
157405,1890212.4,2892061.03
157406,706808.11,3150214.4
157407,80145965.5,52624908.2
157408,26245617.36,198830659.12
157409,26943496.21,154126734.13
157410,2493190.78,30428751.83
157411,19029326.57,31315884.43
157412,33143242.79,51068974.82
157413,2418119.04,13064149.01
157414,1211309.54,817257.15
157415,59570636.01,12354992.93
157416,3542213.74,446456.79
157417,21384.82,105367.04
157418,4098086.06,13226371.54
157419,54365410.3,26502970.46
157501,1621371.0,621073.01
157502,3103641.24,78618959.84
157503,5012815.69,1152217.42
157504,116592.22,2140422.07
157505,6971491.21,11415731.98
157506,4358309.86,21467693.24
157507,12885720.82,7441599.14
157508,19256748.1,9614642.46
157601,125646822.68,276391898.15
157602,117739523.0,27407570.24
157603,1113210.76,2641857.48
157604,170940850.43,208637863.87
157605,11958442.8,11305090.68
157606,380296873.19,236917593.34
157607,253968309.38,203896729.93
157608,17953972.05,16101644.81
157609,2875675.89,4626117.73
157610,104134368.16,174932514.15
157611,1127291.01,2136284.61
157612,68585393.16,36857763.52
157613,1144264.83,1818253.5
157614,470583.19,8057068.67
157615,36966364.66,43024504.18
157616,185467553.99,109721201.23
157801,7697607.9,52187111.48
157802,874038.55,82492.89
157803,478371.71,466459.2
157804,301573.37,1386709.65
157805,77556.34,149391.14
157806,687951.64,3530142.71
157901,5092548.43,56029048.23
157902,1850492.36,130648.09
157903,3308780.94,5761352.77
157904,194651.68,532217.42
157905,322624.98,8195735.85
157906,121474.02,525467.93
157907,7408429.44,11477068.88
158001,1120345.95,5730072.33
158002,699682.08,36240.38
158003,239928.1,1210909.46
158004,25055.79,120975.27
158005,19382.1,153468.58
158006,3286.0,2024.0
158007,691274.05,1991014.6
158101,6105430.75,7582626.06
158102,1665561.97,3425772.27
158103,1068542.9,789008.61
158104,18392898.68,15405241.54
158105,5019955.29,92799414.03
158106,24240.66,102818.24
158107,48827.62,105743.27
158108,28765266.23,34726489.24
158109,1016108.51,1872514.67
158110,509706.08,459132.59
158111,345450.64,1150369.73
158112,5245450.84,6283682.86
158113,29259226.12,3375349.05
158201,20223940.19,9777724.8
158202,238844169.99,32354578.14
158203,60643631.46,23625172.35
158204,15925028.94,25942347.29
158205,102297172.6,129718194.67
158206,9891334.17,13152135.18
158207,441408193.47,311023755.85
158208,68132723.99,28797126.5
158209,54772155.1,68157820.92
158210,3737035.34,5592638.65
158211,118430529.8,18906849.77
158212,2924474.0,86201567.53
158213,2149280.24,6926619.41
158214,9211577.77,8080014.78
158215,4526393.33,21403793.36
158301,57608692.25,46268804.35
158302,137443006.6,217352387.63
158303,2904362.46,9670512.13
158304,308457.01,1651804.33
158305,3250818.13,8740722.34
158306,5260832.04,30254766.8
158307,29302494.48,16686581.64
158308,22123544.42,31226104.93
158309,13084447.87,32231670.5
158310,3086242.98,7570246.98
158311,7951028.53,8704799.91
168401,735117.52,84650599.58
168402,20002326.52,16026398.51
168403,75028499.72,93369303.98
168404,1964092.04,3370787.43
168405,6197484.55,21080817.06
168406,160313010.04,46003574.35
168407,5981131.03,126919666.31
168408,159102716.74,32685935.16
168409,216800528.97,110871084.77
168410,43418767.41,12588110.19
168411,1328508947.72,693746723.72
168412,107120369.48,93090417.97
168413,415675553.48,278567929.32
168414,766227867.4,366026552.26
168415,83262440.85,161771369.22
168416,21434315.85,47819027.92
168417,28153006.46,24016997.0
168418,42586671.08,329367337.86
168419,846557503.0,296122416.89
168420,35476361.66,27918521.98
168421,350746765.87,300712650.79
168422,575059229.62,346198885.7
168423,121817856.62,54256513.88
168424,274008837.61,156911174.36
168425,44365699.59,46616136.93
168426,20872056.75,88359831.03
168427,13856479.6,107769027.77
168428,289611218.4,280770785.35
168429,110159424.01,210265909.18
168430,34950432.31,60032461.27
168431,366098045.88,321037522.11
168432,7062565.71,38205473.94
168433,26619101.12,133742613.63
168434,21626804.49,26433083.68
168435,18724463.97,4463958.65
168436,18974976.09,29638395.03
168437,223710725.2,13154243.52
168438,283134159.24,125150226.26
168439,165393678.72,43624569.37
168440,215449244.31,33807188.97
168441,480614531.44,65606916.32
168442,122278379.63,42637370.68
168443,863697562.64,281299520.26
168444,37084269.57,595115.38
168445,483600512.26,21957688.06
168446,254647661.54,9206520.84
168447,221882849.13,9769070.27
168448,613833166.94,175310884.32
168449,2811086.05,903376.5
168450,13031838.7,77215929.4
168451,210576893.54,72111968.51
168452,64383881.62,21142470.05
168453,12084867.29,2468022.84
168454,117888531.16,13096115.87
168455,26985018.03,15354750.32
168456,709858814.86,33169834.1
168457,210151605.37,90131190.08
168458,187776722.27,98295792.92
168459,128291459.28,47435403.36
168460,434558440.12,46532516.28
168461,118878617.4,23682313.7
168462,254904620.29,98734755.41
168463,106255743.32,16547892.46
168464,137038962.01,20207924.29
168465,127564056.86,92928191.81
168466,866835331.97,406159215.61
168467,97673471.4,155156331.44
168468,57729803.69,6469569.92
168469,174502.55,956375.1
168470,23794880.04,32880961.73
168471,359298476.12,3269599343.63
168472,70067832.06,40743694.89
168473,323896240.62,802270243.52
168474,121812504.26,84737545.63
168475,19432616.9,5116228.62
168476,36369690.92,39884935.05
168477,679133757.14,201637913.35
168478,10203713.35,20841428.25
168479,1863461623.48,589253099.53
168480,365103969.92,183421695.42
168481,897608899.18,511741842.93
168482,94115050.51,192160887.81
168483,422185622.75,371976045.44
168484,14569679.61,19688280.16
168485,89419173.73,85311891.89
168501,650618936.04,434879685.1
168502,211731572.11,32512836.86
168503,197164855.66,124144188.06
168504,605430798.88,553669072.18
168505,102575288.07,81554449.06
168506,139652105.61,72671523.42
168507,71040026.47,116586195.76
168508,693876960.37,117881740.56
168509,50802396.82,118187380.01
168510,12105537.86,36137035.74
168511,28810882.67,51244501.82
168512,26404439.59,60984840.46
168513,3038910.09,14509403.09
168514,84060100.08,48660496.55
168515,454987005.97,82499558.79
168516,373348229.37,360814315.51
168517,258595031.97,424127854.99
168518,36739710.32,116483732.5
168519,4701212.85,33292817.73
168520,17165466.96,50894394.12
168521,47190202.95,416892340.59
168522,15354009.47,11014273.13
168523,34733774.44,84129906.76
168524,259240183.5,844967732.29
168525,396146220.9,1169333464.67
168526,92390886.74,76941838.9
168527,34376400.72,112737095.2
168528,20435893.36,465862045.72
168529,127154930.16,200169665.35
168530,44990379.34,43761944.21
168531,206435140.31,115584413.79
168532,59680238.21,60092809.57
168533,29491322.9,46541173.9
168534,216635796.45,110764691.25
168535,354036937.69,31640783.1
168536,1205114044.08,593643653.01
168537,329638493.27,390855480.64
168538,454829604.85,318575081.18
168539,31912043.97,101630493.12
168540,10985749.78,15510133.25
168541,312830487.21,218544578.89
168542,1144282344.31,685861587.84
168543,428067172.45,172346566.79
168544,431069433.25,317266419.72
168545,13008051.93,87265753.39
168546,47102922.99,22476300.51
168547,94800332.79,26757698.18
168548,11089456.67,11119940.62
178601,305875.06,196715640.03
178602,3476843.97,100289325.44
178603,114970993.81,39242361.59
178604,78810754.34,26267487.82
178605,22759670.72,35870106.77
178606,24121292.32,63124004.48
178607,125093886.44,195581797.58
178608,20889015.29,24776451.71
178609,11015860.0,33011243.24
178701,36829914.2,264640490.9
178702,16725041.21,182873861.88
178703,219535696.37,6233770106.51
178704,72107757.95,613696468.57
178705,103400524.85,72760846.02
178706,5551543.88,2683742.83
178707,1669300.41,33459076.27
178708,849782289.65,743579473.38
178709,1965388.84,7769019.39
178710,166296467.82,186964760.95
178711,8915061.42,236450713.37
178712,3489432.3,95476847.98
178713,21108190.85,10396497.07
178714,51105003.94,113422433.9
178715,464071.22,11350276.22
178716,17783892.58,214119080.58
178801,518670.4,2316439.7
178802,1651038189.72,1152057361.35
178803,255416948.69,350939115.3
178804,1397807.96,5842639.06
178805,2647808.67,2194061.93
178901,3922827.18,4183903.8
178902,29000.0,106881.0
178903,21223113.43,72174338.49
178904,0.0,81118.0
178905,620105.46,502196.04
178906,2054092.0,1025843.37
178907,765757.91,1994445.63
178908,1837.2,16582.0
189001,189480562.49,165910550.84
189002,73032311.89,71025540.49
189003,35844644.02,56176795.33
189004,21280703.19,65229930.99
189005,16806963.85,14073730.31
189006,93923486.0,33519730.94
189007,3242946.78,5442524.52
189008,1774326.86,5103278.94
189009,13494971.13,235881882.72
189010,67130920.04,28300661.29
189011,71910804.85,31173926.32
189012,8186784.69,9831112.15
189013,84381684.95,146101268.96
189014,38885521.88,89522900.87
189015,324869729.26,103468299.68
189016,74499230.53,5486016.39
189017,51109000.83,21730814.26
189018,1385636994.03,738910661.95
189019,56317512.25,65232276.62
189020,1563432.77,8757046.24
189021,3641407964.29,795474280.84
189022,190312343.0,115672127.67
189023,48675909.59,18519546.32
189024,50611807.32,19234012.3
189025,78235786.72,38743111.61
189026,463177143.59,131689555.03
189027,769557646.16,306466415.83
189028,80794904.98,24738043.53
189029,58388309.6,26919731.24
189030,162428563.78,120639066.0
189031,589435972.05,272477181.77
189032,303832076.74,171420376.33
189033,29231417.13,16647022.5
189101,2858223331.6,175897145.26
189102,5747573156.74,95499836.92
189103,10832438.14,3157322.99
189104,2390084.54,351258.2
189105,21647575.56,15854652.47
189106,12915663.17,10213063.9
189107,5015560.96,7104808.52
189108,111995122.08,10508551.92
189109,4480457.0,1986686.81
189110,63209134.39,27612707.32
189111,98773873.62,290662921.26
189112,5733142.2,1509421.26
189113,169038260.73,367761613.48
189114,266608822.64,219606025.65
189201,1729747.35,16917549.17
189202,1003718.99,7206019.14
189203,3268832.04,2508998.01
189204,112007.83,1384376.24
189205,4709120.1,13736048.41
189206,7771275.1,5876248.55
189207,559946.74,16830012.28
189208,4922357.02,1243408.54
189209,7023910.79,12400674.74
199301,8627880.54,5175549.74
199302,4497084.74,5066124.03
199303,6329596.51,8089991.69
199304,2539850.08,2457005.61
199305,28292307.61,18938265.48
199306,55644878.72,68511959.54
199307,241748.14,734458.87
209401,117649439.0,626885843.18
209402,18071886.35,34375937.29
209403,430387298.66,1360721530.25
209404,76792664.25,156312852.16
209405,82727088.42,368829538.13
209406,8185305.59,134493726.87
209501,297661.86,10880724.53
209502,2102874.22,15990549.84
209503,288262227.46,275845120.25
209504,16779696.54,102471840.79
209505,3858397.22,36921097.36
209506,67446005.23,313702084.68
209507,745876.7,5165830.78
209508,38470415.16,5461488.2
209601,636506.63,2160923.86
209602,1104344.86,15317287.74
209603,98254984.6,73864569.7
209604,137749.2,233647.77
209605,164526.45,1332768.91
209606,2904353.87,6025619.37
209607,44709663.27,14020446.81
209608,149339414.3,75096552.11
209609,7618226.49,6798583.47
209610,335127.85,4722001.55
209611,269534.53,3838783.19
209612,11824547.56,20134251.69
209613,13247274.82,13028421.61
209614,1940584.85,2267799.47
209615,805933.38,7143849.45
209616,4765966.05,10997862.76
209617,656636.8,5809649.85
209618,1216234.14,6412772.04
219701,722174871.66,732510123.89
219702,19203574.29,12699619.87
219703,98062316.81,126301665.06
219704,71174120.59,29230039.45
219705,34620692.77,31376622.36
219706,108085398.6,93553493.43
