010101,0.0,41487.0
010102,0.0,120832.0
010105,0.0,557480.0
010106,152719.0,28500.0
010201,0.0,12517.0
010202,0.0,25786278.0
010203,119235.13,263000.0
010204,46406.29,4976.0
010207,0.0,1132231.0
010210,0.0,8004.0
010302,25775.21,0.0
010303,0.0,62063.0
010305,0.0,26088.0
010306,0.0,5471.0
010401,0.0,55874.0
010402,0.0,4577277.0
010403,0.0,40484.0
010404,0.0,263490.0
010405,0.0,10232603.0
010406,0.0,909100.0
010407,0.0,269651.0
010408,0.0,2149.0
010409,7303.63,3265.0
010502,0.0,67718.0
010504,1619675.42,0.0
010509,0.0,2706.0
010511,9530.57,379913.0
020601,10931.61,0.0
020602,1133091.88,176903.0
020603,792901.0,17714.0
020604,0.0,9199.0
020701,23326.71,3433048.0
020702,3806452.88,2762.0
020703,14926402.74,0.0
020704,1019183.98,0.0
020706,987782.93,0.0
020707,534435.2,2091.0
020708,20153.3,0.0
020709,3349589.26,4466.0
020711,0.0,6340.0
020712,1551721.68,23000.0
020713,382690.09,98501.0
020801,0.0,2899.0
020802,207919.44,59932.0
020804,32861.6,293367.0
020805,46718.27,124415.0
020806,5898990.75,0.0
020807,3438123.91,0.0
020808,2074880.5,150447.0
020809,3374369.99,0.0
020810,1691344.33,2230.0
020811,27795.47,0.0
020813,3153097.41,1632.0
020901,0.0,4809.0
020902,892770.47,10846945.0
020904,264354.0,2308.0
020905,0.0,13132.0
020909,0.0,129382.0
020910,34231.96,43478.0
021001,32307.02,1640716.0
021005,0.0,1125000.0
021006,0.0,7876.0
021008,0.0,36218.0
021101,44014.27,1089753.0
021102,0.0,34992.0
021103,0.0,186477.0
021104,0.0,123226.0
021106,4103.49,29029.0
021107,0.0,50553.0
021108,0.0,65838.0
021201,23253.92,0.0
021202,1637598.87,0.0
021206,8591.5,53600.0
021207,72804.68,97662.0
021208,1414053.04,0.0
021209,445644.98,2081336.0
021210,6988.0,125131.0
021211,945626.52,0.0
021302,689024.74,40000.0
021403,2421.42,0.0
021404,4482598.32,106559.0
031507,0.0,40991.0
031509,0.0,10322.0
031510,0.0,34942.0
031512,1306984.58,4978394.0
031513,0.0,133961.0
031514,0.0,526422.0
031515,46871.5,21710.0
031516,0.0,631415.0
031517,81578.21,2507412.0
031518,84283.05,6848.0
031519,542298.72,59542.0
031520,251242.95,10957.0
031522,0.0,91042.0
041601,0.0,275448.0
041602,41218.28,390832.0
041604,90842.07,2235884.0
041701,0.0,52975296.0
041702,0.0,234908.0
041704,4332400.18,1809880.0
041801,0.0,21600.0
041804,0.0,1060.0
041805,0.0,352187.0
041806,59903.84,2096552.0
041901,1124.4,165665.0
041902,0.0,1514570.0
041904,0.0,16569.0
041905,39512.4,552628.0
042001,903123.15,50764.0
042002,22271849.41,5730.0
042003,0.0,13912.0
042004,0.0,8618.0
042005,863882.5,242825.0
042006,1483.67,0.0
042007,759529.15,64717.0
042008,555030.47,22945.0
042009,7950388.69,132683.0
042101,0.0,144595.0
042102,0.0,2513192.0
042103,85590.22,289586.0
042104,55809.25,510791.0
042105,0.0,193438.0
042106,76560.59,980504.0
042201,138409.86,73548.0
042202,29453.54,148780.0
042203,0.0,519710.0
042204,2379732.15,23110.0
042207,13553.0,1632.0
042208,0.0,20245.0
042301,0.0,9600.0
042303,0.0,18382.0
042304,7372406.91,0.0
042306,142215.15,0.0
042307,79625.68,0.0
042309,0.0,252559.0
042401,29589988.59,3208642.0
042402,5374571.0,717101.0
042403,0.0,91055.0
052501,0.0,1361709.0
052503,711072.1,201173.0
052504,11168.86,15187.0
052505,0.0,27307.0
052506,0.0,833554.0
052507,0.0,96287.0
052508,1427.12,38961.0
052509,0.0,67192.0
052512,4300.72,19570.0
052514,0.0,3500.0
052515,23180.42,22040.0
052516,0.0,13033.0
052517,0.0,126062.0
052518,0.0,2777.0
052519,0.0,406084.0
052520,0.0,233735.0
052522,0.0,23197.0
052523,1479581.49,105253.0
052524,0.0,698360.0
052525,0.0,3308.0
052530,0.0,560326.0
052602,23823.85,0.0
052608,0.0,1078550.0
052611,0.0,533541.0
052613,309393.0,2645.0
052614,0.0,65440.0
052615,0.0,24710.0
052617,97605.86,0.0
052620,2090438.19,442699.0
052621,0.0,34199.0
052701,0.0,20000.0
052703,0.0,2115.0
052704,0.0,484931.0
052707,6555.18,99502.0
052709,0.0,460497.0
052710,29647955.33,6763049.0
052711,42880893.4,6238.0
052712,0.0,17133.0
052713,0.0,204948.0
052714,0.0,115841.0
052715,0.0,176555.0
052716,0.0,153998.0
062801,0.0,849302.0
062802,607795.11,0.0
062803,0.0,102128.0
062804,154760.36,338453.0
062805,50372.05,0.0
062806,0.0,135031.0
062807,355666.21,943847.0
062808,280177.88,3084.0
062809,0.0,53085.0
062810,0.0,24558.0
062811,0.0,85211.0
062812,0.0,3165.0
062813,0.0,39276.0
062814,462614.32,0.0
062815,0.0,7199289.0
062816,0.0,202563.0
062817,1272091.83,21656.0
062818,0.0,52654.0
062819,0.0,17505.0
062821,0.0,50232.0
062823,0.0,129485.0
062824,0.0,1199.0
062825,105893.73,23768.0
062826,0.0,42941.0
062827,5222.51,12350.0
062828,0.0,316545.0
062829,561426.58,19542.0
062830,0.0,113229.0
062831,0.0,30481.0
062832,0.0,11945.0
062833,2426523.83,258547.0
062834,0.0,22658.0
062835,0.0,158342.0
062836,31503.28,1758859.0
062837,0.0,1083757.0
062839,0.0,94711.0
062840,0.0,1649.0
062841,2651.53,83020.0
062842,0.0,40820.0
062844,12076753.23,0.0
062847,0.0,263614.0
062849,0.0,258854.0
062851,0.0,33669.0
062901,0.0,8904.0
062902,31537.37,604933.0
062903,0.0,635966.0
062905,58894.71,760166.0
062906,0.0,5316.0
062907,0.0,690247.0
062908,0.0,13079.0
062909,0.0,901169.0
062910,0.0,3317.0
062912,140024.83,117750.0
062914,0.0,310946.0
062915,532763.96,522890.0
062916,1023492.57,220936.0
062917,10921.9,1132831.0
062918,0.0,1168887.0
062919,0.0,109417.0
062921,0.0,196292.0
062922,0.0,1213572.0
062923,0.0,28341.0
062924,0.0,1160239.0
062926,0.0,818118.0
062927,0.0,113600.0
062928,0.0,10373.0
062929,0.0,51590.0
062930,0.0,1057291.0
062932,480606.21,0.0
062933,501491.97,1973387.0
062934,0.0,233156.0
062935,0.0,3809.0
062936,0.0,377385.0
062939,50000.0,0.0
062940,176337.99,186598.0
062941,472199.0,196969.0
063002,0.0,2584808.0
063003,0.0,1451249.0
063004,765832.0,21977499.0
063005,226365.0,50999.0
063006,26522.0,441256.0
063101,0.0,1725.0
063102,14798637.45,17479.0
063103,587070.32,0.0
063104,0.0,4632363.0
063105,73287.61,2428.0
063201,0.0,59628.0
063202,10656.21,35699.0
063203,0.0,6531.0
063204,2258.0,1712102.0
063206,0.0,909502.0
063207,133824.0,198772.0
063208,1323057.52,3243270.0
063209,115877.39,3102150.0
063210,0.0,7894508.0
063211,0.0,45531.0
063212,33649.0,124671.0
063213,0.0,100538.0
063214,27402.07,1258982.0
063215,2719.0,537409.0
063301,0.0,10557.0
063302,10240.0,674829.0
063303,0.0,88854.0
063304,0.0,1635044.0
063305,54692.98,4092894.0
063306,208843.0,989764.0
063307,34108.0,697680.0
063401,133811.37,3703192.0
063402,70124.63,3077846.0
063403,0.0,673829.0
063404,0.0,21190.0
063405,7537.18,728166.0
063406,0.0,38454.0
063407,0.0,273434.0
063501,149217.38,26917.0
063502,0.0,1000.0
063503,0.0,79123.0
063504,0.0,328919.0
063505,0.0,185334.0
063506,0.0,2907938.0
063507,0.0,116753.0
063602,0.0,3528368.0
063603,0.0,1647557.0
063604,0.0,1528480.0
063605,41425.36,359516.0
063701,0.0,224188.0
063702,0.0,105687.0
063703,0.0,72419.0
063704,0.0,2712.0
063706,3055.0,29868.0
063707,0.0,141608.0
063801,0.0,6506.0
063802,0.0,254753.0
063804,0.0,111062.0
063805,0.0,2187.0
063806,0.0,118692.0
063808,49563.0,7501661.0
063809,0.0,465678.0
063810,0.0,117333.0
063811,0.0,1425152.0
063812,0.0,437586.0
063813,0.0,1000.0
063814,2168.93,394609.0
063815,720574.0,236038.0
063816,0.0,550274.0
063819,0.0,86537.0
063820,0.0,1386147.0
063821,0.0,21950.0
063822,8165.0,172762.0
063823,110860.56,1365975.0
073901,4409.45,6197211.0
073902,0.0,1303995.0
073903,0.0,342904.0
073904,0.0,3596956.0
073905,5940.57,793706.0
073906,92086.39,2168257.0
073907,14619.75,6026676.0
073908,115245.49,19824.0
073909,0.0,682083.0
073910,0.0,44398.0
073911,0.0,75415.0
073912,126017.45,131920.0
073913,0.0,2721.0
073914,0.0,1008065.0
073915,0.0,14004.0
073916,0.0,482793.0
073917,6432.95,1351204.0
073918,9125.36,708813.0
073919,0.0,928260.0
073920,23369.58,1967437.0
073921,4339.0,691887.0
073922,21261.0,165212.0
073923,23661.97,5001365.0
073924,186199.81,2013511.0
073925,15220.0,908742.0
073926,131428.8,2371266.0
074001,0.0,2781.0
074002,0.0,603047.0
074005,0.0,244278.0
074006,0.0,10298.0
074007,0.0,5431.0
074008,20732.0,180836.0
074009,9666.0,1132153.0
074010,5346.0,2505566.0
074011,225048.09,21504003.0
074012,1867.8,209760.0
074013,0.0,304054.0
074014,0.0,483442.0
074015,0.0,127551.0
074016,31293.0,1396044.0
074017,72672.21,38585.0
084101,4673.51,0.0
084104,98835.61,224995.0
084107,0.0,99053.0
084109,0.0,114292.0
084202,26671.0,505702.0
084203,16300.0,1440843.0
084204,0.0,2721.0
084205,0.0,18690.0
084301,97220.0,0.0
084302,159324.1,842650.0
084303,236434.0,2280021.0
094401,6395.63,1750.0
094402,0.0,1989.0
094403,163331.61,373643.0
094404,0.0,2199.0
094406,0.0,1383113.0
094407,0.0,2739897.0
094408,0.0,86900.0
094409,0.0,173651.0
094410,1342.05,3718072.0
094411,0.0,2190124.0
094412,0.0,427959.0
094413,0.0,18714.0
094414,0.0,79968.0
094415,20852.24,145919.0
094417,0.0,1735.0
094418,0.0,1235424.0
094419,0.0,1281.0
094420,0.0,2561.0
094421,0.0,427923.0
094501,0.0,3293.0
094502,0.0,1061.0
104702,0.0,45111.0
104703,300357.75,785725.0
104706,0.0,165218.0
104707,0.0,7199.0
104801,12732.41,2755141.0
104802,1550.93,3050327.0
104803,0.0,26342.0
104804,0.0,837597.0
104805,0.0,515515.0
104806,0.0,87438.0
104807,21497.89,167505.0
104808,0.0,174701.0
104809,0.0,21523.0
104810,0.0,1086730.0
104811,0.0,2537236.0
104812,0.0,137466.0
104813,0.0,430304.0
104814,0.0,740701.0
104816,0.0,16699.0
104817,0.0,78415.0
104818,6000.0,752460.0
104819,7030.92,3601148.0
104820,0.0,2096041.0
104821,57949.0,1119816.0
104822,0.0,847698.0
104823,0.0,2165175.0
104901,52667.5,9598337.0
104902,0.0,147645.0
104905,0.0,2740.0
104906,51839.0,486164.0
104907,10652.0,195358.0
104908,0.0,6050.0
104910,0.0,26810.0
104911,6679.0,700630.0
115001,1118190.68,0.0
115002,781752.0,0.0
115003,2149728.17,0.0
115004,135279.0,0.0
115005,1502571.0,0.0
115007,449170.0,24639.0
115101,2144627.52,0.0
115102,127265.89,0.0
115103,35201.29,0.0
115105,0.0,281377.0
115107,0.0,62724.0
115111,318926.0,305662.0
115112,0.0,987387.0
115201,800746353.2,122000.0
115202,3789430.36,0.0
115203,543461.39,0.0
115204,432088.0,17030.0
115205,83956207.24,4586.0
115206,157179.01,3368.0
115207,134149.0,0.0
115208,32346275.17,1101051.0
115209,6569734.85,368508.0
115210,12486.0,16809.0
115211,21100.0,0.0
115212,18921.0,26075.0
115301,150065.36,0.0
115303,1312.26,0.0
115306,0.0,1346.0
115309,0.0,107072.0
115401,0.0,149424.0
115402,1922.93,3051991.0
115403,322219.0,11847.0
115404,0.0,2107.0
115406,0.0,117300.0
115407,16421.0,1422103.0
115408,0.0,19104.0
115501,96320.4,575921.0
115502,0.0,2401676.0
115503,6331738.59,21729.0
115504,122462.59,13606.0
115505,10364.52,0.0
115506,28819.81,0.0
115508,0.0,10114.0
115509,80185.65,2177.0
115512,0.0,475567.0
115513,6586.56,173815.0
115514,0.0,1158810.0
115515,0.0,767550.0
115516,0.0,29530.0
115601,17614654.65,97719.0
115602,57313.86,17959.0
115603,3753392.04,228879.0
115604,0.0,37035.0
115605,0.0,3837.0
115606,15298.0,0.0
115607,13546.49,124166.0
115608,1058.0,52956.0
115701,31066.26,149034.0
115702,305881.94,6906227.0
115703,14153.08,5760245.0
115704,0.0,313691.0
115705,1616.04,357331.0
115801,144745.0,1009673.0
115803,0.0,7619.0
115804,0.0,1485906.0
115805,0.0,48399.0
115806,31981.0,11107.0
115807,0.0,21507.0
115808,0.0,13273.0
115810,0.0,4004.0
115901,4785.0,214087.0
115902,31598.51,0.0
115903,11074.0,508282.0
115904,57406.62,355820.0
115906,3599.0,102940.0
115907,0.0,619926.0
115909,3552.0,4839.0
115910,0.0,237583.0
115911,212016.0,973393.0
116001,40270.0,442159.0
116002,190325.0,1372072.0
116101,34009.0,416891.0
116102,6899.0,178537.0
116103,25293.0,1449480.0
116104,268456.0,4119785.0
116105,24481.0,347030.0
116106,0.0,461714.0
116107,61460.0,201072.0
116108,35413.0,1331946.0
116109,204226.0,2697750.0
116110,555945.0,2408758.0
116111,6239.0,515917.0
116112,3565.0,719709.0
116113,0.0,34222.0
116114,0.0,297000.0
116115,233200.0,494141.0
116116,123528.0,3414.0
116117,0.0,154301.0
116201,1167702.0,459305.0
116202,22138.0,458937.0
116203,1534598.0,1802849.0
116204,175299.0,3519194.0
116205,5435.0,1611824.0
116206,0.0,442146.0
116207,32901.0,86156.0
116208,41916.0,100671.0
116209,2295.0,44341.0
116210,0.0,412171.0
116211,343988.0,210470.0
116212,0.0,97957.0
116213,3447.0,11322.0
116214,12943.0,342108.0
116215,0.0,2419.0
116216,1470055.0,18781.0
116217,0.0,71017.0
116301,86560.0,108592.0
116302,4516465.01,391333.0
116303,12248.0,7014.0
116304,15383.0,21125.0
116305,694377.01,3006431.0
116306,757828.0,14384.0
116307,396812.22,186889.0
116308,0.0,1500.0
116309,4743.72,252037.0
116310,147899.29,10530.0
126401,0.0,8965420.0
126402,13938.0,1054857.0
126403,47744.0,677331.0
126404,43288.0,641810.0
126405,201844.0,627579.0
126406,0.0,558140.0
126504,0.0,11144.0
126505,1000.0,59379.0
126506,2885.0,66376.0
126601,0.0,30561.0
126603,0.0,1169.0
126702,38608.53,5385.0
136801,0.0,2177.0
136802,16780.32,1512721.0
136804,20363.0,178180.0
136805,0.0,59074.0
136806,122472.31,529026.0
136807,97269.23,420641.0
136809,11186.45,386646.0
136810,189802.78,11390.0
136811,0.0,321391.0
136812,0.0,982747.0
136813,0.0,146215.0
136814,0.0,146518.0
136815,2719.0,161324.0
136901,0.0,127798.0
136902,0.0,3768344.0
136903,0.0,279604.0
136904,0.0,2512.0
136905,4961.01,1501.0
136907,0.0,47669.0
136908,0.0,3802197.0
136909,0.0,21654.0
136910,0.0,629283.0
136911,0.0,345072.0
136912,4392.98,106011.0
136913,6200.7,11698.0
136914,9703.83,5049.0
137001,0.0,18808.0
137002,0.0,121673.0
137003,0.0,22653.0
137004,0.0,10047.0
137005,4513.62,369826.0
137006,0.0,1639.0
137007,0.0,397124.0
137008,0.0,633438.0
137009,7532.0,382964.0
137010,2284.51,759948.0
137011,0.0,41856.0
137013,39761.08,474406.0
137014,0.0,29279.0
137016,0.0,22106.0
137017,0.0,15409.0
137018,0.0,111252.0
137019,1354.0,759602.0
137020,9662.71,50507.0
147102,0.0,55000.0
147105,34110.0,0.0
147106,5391365.0,0.0
147108,115012247.0,0.0
147110,0.0,53336.0
147112,16730198.0,0.0
147113,188527.0,172398.0
147115,0.0,4373732.0
147117,4000.0,0.0
147118,5166.04,0.0
157201,0.0,313075.0
157202,23417.0,4151782.0
157206,15493.59,0.0
157207,433110.32,0.0
157208,2947.92,2443533.0
157209,0.0,7471737.0
157210,0.0,4565573.0
157211,12723.61,514190.0
157212,0.0,3313121.0
157213,309320.54,791677.0
157214,5701690.52,557896.0
157215,66851.14,72016.0
157216,3269774.91,2431556.0
157217,1528.01,6488412.0
157218,493366.61,0.0
157219,0.0,855168.0
157220,0.0,3699.0
157221,0.0,1088.0
157222,0.0,101337.0
157223,0.0,287195.0
157225,0.0,823216.0
157226,0.0,154652.0
157227,0.0,10500.0
157228,335806.66,1163039.0
157229,0.0,63273.0
157301,0.0,168290.0
157302,0.0,7397370.0
157303,0.0,160002.0
157304,10635.0,10959394.0
157305,17992.7,20290653.0
157306,0.0,6275923.0
157307,2202.0,2566948.0
157308,116566.97,19794754.0
157309,1980.84,6039181.0
157310,9454.86,1312490.0
157311,114910.18,82382.0
157312,9134.73,726746.0
157313,0.0,515637.0
157314,5987.0,757719.0
157315,0.0,850113.0
157316,0.0,1590.0
157317,0.0,675774.0
157318,16371.33,1437410.0
157320,0.0,829993.0
157321,0.0,627607.0
157322,0.0,328553.0
157323,7978.97,313165.0
157324,71433.18,311737.0
157325,100605.24,3904331.0
157326,9696.51,3038198.0
157401,3378.14,0.0
157403,32130033.3,13549.0
157404,27796.66,4541369.0
157407,0.0,56117.0
157408,6578419.23,7999.0
157409,4968889.75,15711.0
157411,0.0,164263.0
157412,58744.0,55675.0
157413,765416.0,0.0
157414,0.0,106814.0
157418,0.0,3383.0
157419,0.0,63879.0
157502,0.0,202557.0
157503,44820.31,0.0
157505,0.0,93158.0
157601,0.0,36967.0
157602,19505.75,0.0
157604,31115.21,907826.0
157605,0.0,247936.0
157606,3350.93,213716.0
157607,0.0,1622034.0
157608,1919.0,75544.0
157609,0.0,109576.0
157610,4166.0,2340689.0
157611,0.0,389080.0
157612,0.0,97102.0
157613,0.0,21667.0
157614,52527.53,199577.0
157615,224626.0,133528.0
157616,41953.0,151691.0
157806,0.0,15473.0
157901,16713092.04,0.0
157903,0.0,1540.0
157907,0.0,27825.0
158001,0.0,41684.0
158007,0.0,13606.0
158101,3005760.75,86843.0
158102,2629133.0,136466.0
158104,2600.0,2177.0
158108,79410.0,1332.0
158111,0.0,6792.0
158113,0.0,1468.0
158201,29004.79,40288.0
158202,1595.0,23791.0
158203,0.0,216847.0
158204,0.0,114195.0
158205,58236.0,605102.0
158206,0.0,117147.0
158207,424089.0,4805673.0
158208,5555.0,31964.0
158209,35691.0,71908.0
158210,0.0,14186.0
158212,7500.0,13419.0
158213,0.0,3985.0
158214,0.0,10537.0
158215,2979.0,9097.0
158301,15363.0,398846.0
158302,14806.0,827829.0
158303,0.0,21604.0
158304,0.0,30933.0
158305,0.0,10530.0
158306,0.0,5480.0
158307,0.0,44520.0
158308,0.0,863818.0
158309,7928.87,1170540.0
158310,0.0,15700.0
158311,85026.04,2187450.0
168401,0.0,2300.0
168402,0.0,2158332.0
168403,5100.0,914315.0
168404,1885.0,3072994.0
168405,0.0,9788.0
168406,0.0,4226905.0
168407,5504.0,32224708.0
168408,55502.0,12597602.0
168409,947741.0,5852705.0
168410,0.0,56960.0
168411,1253624.0,13872877.0
168412,76629.0,798527.0
168413,173460.0,17067387.0
168414,1878729.0,25452635.0
168415,15928.0,5765649.0
168416,0.0,293730.0
168417,14638.0,269441.0
168418,92510.11,3587160.0
168419,344321.0,20723671.0
168420,112136.0,128135.0
168421,300743.0,4281908.0
168422,5971.0,2129126.0
168423,1850.0,286229.0
168424,52533.0,3240688.0
168425,0.0,1185655.0
168426,511421.0,2601543.0
168427,119995.84,1691667.0
168428,291993.0,3009928.0
168429,18136.0,19473796.0
168430,0.0,5616998.0
168431,140189.0,8715882.0
168432,4585603.0,585136.0
168433,904427.0,14339756.0
168434,0.0,283910.0
168435,0.0,42995.0
168436,3503.0,1927.0
168437,13793.0,1266920.0
168438,212878.0,3196681.0
168439,0.0,51348.0
168440,0.0,2793525.0
168441,70149.0,947371.0
168442,0.0,283749.0
168443,98007.0,894478.0
168444,0.0,1767.0
168445,449069.0,18510897.0
168446,214924.0,1442871.0
168447,26796.0,439374.0
168448,372243.0,5387306.0
168450,0.0,153352.0
168451,28606.0,162518.0
168452,89327.0,471887.0
168453,0.0,66692.0
168456,0.0,5840.0
168457,99188.0,2777.0
168458,0.0,1325385.0
168459,0.0,864966.0
168460,0.0,227528.0
168461,1122.0,52029.0
168462,10867.0,1648656.0
168463,19382.0,258724.0
168464,54000.0,19586.0
168465,41029.0,1727858.0
168466,41013.0,531547.0
168467,9699.0,315984.0
168468,8006.0,43908.0
168469,0.0,15941.0
168470,201878.0,101485.0
168471,212799.0,7512366.0
168472,2399.0,363205.0
168473,497660.0,3865912.0
168474,129483.0,11328481.0
168475,0.0,26156.0
168477,64233.0,2351877.0
168478,8927.0,2037118.0
168479,110903.0,9285636.0
168480,12000.0,115617.0
168481,600875.0,9855088.0
168482,21929.0,2524162.0
168483,269785.9,5186932.0
168484,0.0,332570.0
168485,0.0,683145.0
168501,228101.0,5162149.0
168502,20059.0,1282167.0
168503,104855.0,3550688.0
168504,1103519.0,3325387.0
168505,30098.0,13823.0
168506,0.0,375076.0
168507,341523.69,2590567.0
168508,12906.0,221786.0
168509,1300.0,416043.0
168510,0.0,23951.0
168511,0.0,586325.0
168512,0.0,177346.0
168513,0.0,516244.0
168514,12998.0,329408.0
168515,120063.0,989930.0
168516,58593.0,968610.0
168517,104868.0,18790619.0
168518,0.0,1074858.0
168519,0.0,234745.0
168520,0.0,130407.0
168521,404586.0,1321150.0
168522,1639.0,65467.0
168523,0.0,1883565.0
168524,10782.0,804398.0
168525,297440.0,7943968.0
168526,105893.0,1295676.0
168527,136059.0,1277919.0
168528,6355463.0,3161391.0
168529,123090.0,4212973.0
168530,0.0,994124.0
168531,23723.0,834291.0
168532,0.0,146908.0
168533,105975.0,6469.0
168534,0.0,108740.0
168535,2697.0,4413452.0
168536,347495.0,2304768.0
168537,1068135.0,5423317.0
168538,155613.0,992000.0
168539,75110.0,1277332.0
168540,0.0,169692.0
168541,298975.0,155284.0
168542,78332.0,345543.0
168543,36477.0,5352326.0
168544,1807719.0,8953741.0
168545,0.0,4582616.0
168546,7982.98,538185.0
168547,21098.0,719631.0
168548,0.0,252110.0
178602,109880.0,178704.0
178603,0.0,714793.0
178604,0.0,40663.0
178605,0.0,19300.0
178606,0.0,3370203.0
178607,34621.36,1438022.0
178608,0.0,614899.0
178609,2639.2,69029.0
178701,2107534.0,15253737.0
178702,1067890.0,2750422.0
178703,53060728.0,5780163.0
178704,120984.89,16035745.0
178705,59349.59,10244281.0
178706,0.0,83902.0
178707,0.0,185100.0
178708,158665.4,204982724.0
178709,0.0,522652.0
178711,0.0,18981.0
178712,0.0,721336.0
178713,0.0,52429.0
178714,0.0,1166.0
178715,6750.0,779387.0
178716,876393.68,376076.0
178801,0.0,3836.0
178802,819669.0,0.0
178803,280364.0,2296193.0
178804,0.0,1933.0
178805,0.0,70402.0
178903,8153.0,103120.0
178905,0.0,44039.0
178907,0.0,64917.0
189001,0.0,54770.0
189002,0.0,16742.0
189003,0.0,4192.0
189004,0.0,23468.0
189005,0.0,5199.0
189006,0.0,242570.0
189007,0.0,8623.0
189008,0.0,217246.0
189009,2128.0,583917.0
189010,0.0,72496.0
189011,0.0,356524.0
189013,0.0,68548.0
189014,37396.0,315099.0
189015,57367.0,235520.0
189016,0.0,19709.0
189017,5399.0,29035.0
189018,26896.0,4826515.0
189019,0.0,214828.0
189020,0.0,76818.0
189021,19815.0,109243.0
189022,0.0,346933.0
189023,10483.0,428360.0
189024,0.0,544362.0
189025,0.0,291938.0
189026,15971.0,1638246.0
189027,11975.0,1786693.0
189028,0.0,687136.0
189029,0.0,20268.0
189030,505750.0,628782.0
189031,30697.0,1267985.0
189032,58931.0,721167.0
189033,0.0,473952.0
189101,0.0,23964.0
189102,0.0,115335.0
189103,2322.0,1553.0
189105,0.0,55741.0
189106,0.0,5910.0
189201,0.0,227698.0
189206,0.0,11646.0
189207,0.0,145223.0
189208,0.0,1275.0
189209,0.0,6093.0
199303,0.0,505095.0
199304,0.0,393576.0
199306,0.0,577101.0
209401,48650.1,7591562.0
209402,0.0,85143.0
209403,190788.65,9006402.0
209404,636705.35,606782.0
209405,42932.0,1946355.0
209406,40664.58,1764307.0
209501,0.0,174005.0
209502,12508.0,5624.0
209503,29440.16,420936.0
209504,13843.2,213718.0
209505,50157.54,4646.0
209506,11500.0,254967.0
209508,0.0,521425.0
209602,0.0,2049.0
209603,621679.86,116770.0
209604,1018.0,0.0
209606,0.0,42453.0
209607,0.0,13779.0
209608,0.0,125942.0
209609,0.0,3795.0
209610,0.0,116337.0
209611,0.0,7263.0
209612,0.0,36735.0
209613,0.0,1050.0
209615,3812.0,32904.0
209617,12000.0,28630.0
209618,0.0,7993.0
219701,184700.31,2775.0
219703,2144.0,0.0
219704,1088.0,0.0
219706,172420.0,0.0
