010101,251942.0,0.0
010105,17853.04,0.0
010106,57126.0,113226.0
010201,45577.0,0.0
010202,29131.22,0.0
010203,79996.63,0.0
010204,17923.29,0.0
010205,3012.81,0.0
010206,8777.93,0.0
010207,211598.14,0.0
010210,54068.0,0.0
010301,56487.0,0.0
010302,188891.96,64392.0
010303,37697028.51,92940.0
010304,142242.54,430563.0
010305,154428.39,0.0
010306,309209.0,1769169.0
010307,42219.2,473865.0
010401,49452.64,0.0
010402,4208416.17,234901.0
010403,7486.69,0.0
010404,15674.82,0.0
010405,60628.77,0.0
010406,350148.5,0.0
010407,14956.5,0.0
010511,3505.53,1253.0
020602,3744.67,0.0
020603,41482.83,29931.0
020701,157191.79,0.0
020702,19479.79,0.0
020703,78763.27,0.0
020704,9542.18,0.0
020705,12298.82,0.0
020706,14681.9,0.0
020707,3982.82,0.0
020708,3091.22,0.0
020709,41446.01,710110.0
020710,85240.37,0.0
020713,2631.41,0.0
020714,11256.78,0.0
020801,2397.62,0.0
020802,2277.0,0.0
020803,53971.27,0.0
020804,55253.4,1123.0
020805,16400.14,0.0
020806,8710.22,0.0
020807,13068.58,0.0
020808,17107.78,0.0
020809,2093.34,0.0
020810,16588.04,0.0
020811,3011.23,0.0
020901,70937.68,0.0
020902,6097.0,0.0
020910,5532.13,0.0
021003,840195.32,0.0
021006,7059011.66,12981.0
021101,54533.25,0.0
021102,6966.61,0.0
021103,13027.41,0.0
021209,4580.56,0.0
021211,1343.0,0.0
021302,30832.0,0.0
031501,1316.98,0.0
031507,143460.62,0.0
031509,70834.0,0.0
031512,88255.6,0.0
031515,9859.97,0.0
031516,1778.09,0.0
031517,68943.92,0.0
031519,36890.0,1019.0
041601,11104.0,0.0
041602,36064.54,0.0
041604,26402.56,22753.0
041701,1741417.41,354300.0
041702,192755.87,0.0
041704,261027.76,948173.0
041805,2047.83,0.0
041806,2501101.85,365371.0
041901,5385907.1,958788.0
041902,19588.84,0.0
041904,15038.85,0.0
041905,139604.68,478280.0
042002,5403.95,0.0
042004,187733.73,0.0
042005,19341.19,0.0
042007,6006.08,0.0
042008,28471.75,0.0
042009,138066.25,52377.0
042101,10704.0,0.0
042102,3596.2,0.0
042103,56214.26,308000.0
042104,14241.09,0.0
042105,13547.79,0.0
042106,408444.25,12131233.0
042201,208301.72,25851.0
042202,288852.23,500948.0
042203,307657.07,7129.0
042204,422062.34,1585989.0
042206,4016.89,6025.0
042207,9606.78,427621.0
042208,5006522.87,6084062.0
042209,2670.21,0.0
042302,20058.58,11280.0
042309,146119.26,3849787.0
042402,211826.0,1033577.0
052501,4801563.91,62682.0
052503,1341320.38,0.0
052505,105575.98,1151043.0
052507,8135.48,0.0
052515,6641.96,0.0
052517,236797.04,0.0
052519,72282.16,0.0
052523,56187.36,2825812.0
052608,2426956.69,0.0
052615,25057.32,0.0
052621,15443.47,0.0
052701,4035374.58,0.0
052707,9170292.44,7768.0
052709,76196141.1,1537768498.0
052710,1321055347.97,538920483.0
052711,6531014.57,0.0
052712,11383074.33,0.0
052713,15960484.58,3168.0
052714,15717792.56,0.0
052715,35473.81,0.0
062801,4484.26,0.0
062802,163908.83,0.0
062804,10763.7,0.0
062811,92651.11,313210.0
062815,83779.31,14709.0
062818,10117.97,0.0
062821,3976.36,0.0
062833,29939.69,0.0
062834,1653.06,0.0
062835,37085.08,0.0
062836,4545.02,0.0
062839,32226.94,0.0
062841,7349.0,0.0
062842,2556.4,0.0
062844,106552.0,0.0
062849,2028.61,0.0
062901,1802453.09,0.0
062902,451448.28,0.0
062903,157525.96,7649.0
062905,450381.65,0.0
062906,98850.91,0.0
062907,8013.09,85343.0
062909,6265.14,0.0
062911,1361449.0,0.0
062912,52521.08,0.0
062914,167917.91,0.0
062915,174749.59,0.0
062916,35427.67,28953.0
062917,22442.09,0.0
062918,18022.46,0.0
062919,40056.22,0.0
062920,33968.68,0.0
062921,799836.89,0.0
062922,19840.8,0.0
062923,52612.3,0.0
062924,53967.54,0.0
062926,96879.73,0.0
062929,262570.56,0.0
062932,4004097.0,0.0
062933,525774.18,0.0
062936,44526.0,0.0
062941,71969.0,0.0
062942,179196.0,0.0
063001,3446.0,0.0
063002,501226.0,562786.0
063003,436928.0,3164.0
063004,2977087.0,11781132.0
063005,11131.0,0.0
063006,139133.0,0.0
063103,1167008.1,0.0
063204,564897.88,30895.0
063205,1030.0,0.0
063206,51633.11,5448.0
063207,10657.2,0.0
063208,45810.0,46127.0
063209,12286.44,60163.0
063210,50178.0,0.0
063211,24452.34,0.0
063212,19574.0,0.0
063213,13741.0,0.0
063214,39016.73,232925.0
063215,96366.04,0.0
063301,54282.0,22100.0
063302,165481.17,421950.0
063303,993354.0,7653524.0
063304,125440.0,1786851.0
063305,42304.21,8946.0
063306,6528.0,0.0
063307,114017.97,560448.0
063401,14129.85,0.0
063402,239869.49,289369.0
063403,3115.49,2686.0
063404,96221.98,13181.0
063405,18874.5,1949.0
063406,244837.78,27980.0
063407,11218.0,0.0
063501,40114.33,0.0
063503,9239.0,0.0
063505,669610.91,0.0
063506,771949.61,54132.0
063507,2600635.0,291802.0
063602,1454984.12,0.0
063603,116992.0,0.0
063604,6827.0,0.0
063701,232953.0,253331.0
063702,85570.0,0.0
063703,239791.41,0.0
063704,11486.0,0.0
063705,1123.0,6460.0
063706,1253.0,5849.0
063707,3557.0,0.0
063802,28379.03,0.0
063804,2216.33,0.0
063808,2420510.81,1998898.0
063809,9007.49,0.0
063810,9661.0,0.0
063811,17951.29,0.0
063812,1877.0,0.0
063814,12736.93,0.0
063815,406022.74,1023563.0
063820,2384.05,0.0
063821,9862.0,0.0
063822,174448.0,56977.0
063823,185617.24,104426.0
073901,78193.37,29651.0
073902,51934.51,99750.0
073904,43575.62,0.0
073905,141408.41,0.0
073906,55135.06,0.0
073907,232205.62,2558.0
073909,353247.42,0.0
073910,155733.29,0.0
073911,8711.24,0.0
073912,233106.06,0.0
073915,2331.83,0.0
073917,154647.49,0.0
073918,59464.88,0.0
073919,13742.0,1000.0
073920,17260.19,1957.0
073921,11001.02,309018.0
073922,7134.0,3746.0
073923,180732.89,490519.0
073924,295801.76,346235.0
073925,12499.0,0.0
073926,340688.08,2859133.0
074001,26126.92,0.0
074002,22481.42,0.0
074005,15233.89,0.0
074008,4588.64,0.0
074009,23274.18,11919.0
074010,65996.0,0.0
074011,127196.54,1283139.0
074012,21933.81,270321.0
074016,102943.63,85431.0
074017,4395.0,0.0
084104,84768.0,0.0
084202,554920.61,160610.0
084203,30772.0,62669.0
084205,2702.0,0.0
084302,5539.0,0.0
094403,122515.25,35200.0
094404,2261.71,0.0
094407,25798.95,0.0
094409,8919.5,0.0
094412,43723.89,0.0
094417,1466.62,0.0
094418,77399.36,5043.0
094419,2580.0,0.0
094420,7672.0,248555.0
094421,31588.16,2185.0
094602,8190.0,0.0
104702,608316.37,0.0
104704,31188.56,0.0
104707,342695.04,30337.0
104801,7089.97,0.0
104802,1636972.79,6179.0
104803,12500.25,409316.0
104804,17369.59,89916.0
104805,9945.75,0.0
104807,48071.07,0.0
104808,1267.33,0.0
104810,247193.49,28139.0
104811,23524.0,72905.0
104813,7522.0,59328.0
104814,3764.81,0.0
104816,36624.9,2681.0
104817,2368.36,0.0
104818,116099.2,2511208.0
104819,27382.68,1211539.0
104820,36001.89,7003.0
104821,14688.0,0.0
104823,59684.81,70034.0
104901,159502.94,1518801.0
104902,51547.42,286198.0
104905,41375.0,7520.0
104906,9477.0,0.0
104907,136999.0,0.0
104908,20250.0,18562.0
104909,9086.0,11277.0
104910,1937.0,0.0
104911,50037.72,441174.0
115105,163930.0,0.0
115201,2101.75,0.0
115204,3710.0,0.0
115208,5538.0,0.0
115211,1527.0,0.0
115407,108598.39,15596.0
115408,3532.0,0.0
115503,25745.38,0.0
115508,1151.0,0.0
115512,1492.0,0.0
115514,1695.47,0.0
115515,2497.0,0.0
115516,3860.51,0.0
115601,4582.0,0.0
115602,6469.0,0.0
115603,25268.76,0.0
115604,3539.0,0.0
115607,3907.94,6449.0
115608,2644.0,0.0
115701,3474.0,15093.0
115702,5143.0,0.0
115703,24427.0,0.0
115705,34027.0,0.0
115801,1879.0,0.0
115802,3721.0,0.0
115804,33629.0,0.0
115807,1555.0,0.0
115902,8821.37,0.0
115903,4396.0,0.0
115906,4874.0,0.0
115909,16113.66,0.0
115911,9510.0,0.0
116101,8135.0,0.0
116102,7863.0,0.0
116103,2115978.0,356492.0
116104,684136.0,268160.0
116105,804843.0,1313.0
116106,411017.0,0.0
116107,218558.0,0.0
116108,285175.0,1741.0
116109,1434492.0,5804289.0
116110,1596309.0,31053.0
116111,37800.0,0.0
116112,44016.0,0.0
116114,156937.0,193123.0
116115,156127.0,0.0
116116,1846.0,0.0
116117,1093.0,0.0
116201,120859.0,0.0
116202,6169.0,0.0
116203,3736715.0,13764873.0
116204,1957358.0,1151006.0
116205,837240.0,15934.0
116206,772548.0,157927.0
116207,599538.0,0.0
116208,340664.0,0.0
116209,153552.0,0.0
116210,78506.0,135959.0
116211,269244.0,163908.0
116212,235875.0,0.0
116213,10196.0,0.0
116214,19144.0,0.0
116215,19261.0,0.0
116216,2288.0,0.0
116217,73803.0,1747.0
116301,22870.0,0.0
116302,924688.0,352436.0
116303,109859.0,7442.0
116304,71168.0,0.0
116305,29334.8,2219.0
116306,74734.69,331575.0
116307,190644.0,1091399.0
116309,5303.63,15041.0
126401,7820.33,4595.0
126402,579650.0,18145.0
126403,1462254.0,1265027.0
126404,821450.74,55696.0
126405,632262.0,60047.0
126406,54212.23,0.0
126504,1268.0,0.0
126505,15533.0,4471.0
126506,31449.0,0.0
126601,70604.0,1874.0
126702,71120.0,0.0
126703,13148.0,0.0
126704,6322.0,0.0
136801,2058.73,0.0
136802,4053.47,0.0
136804,5486.0,0.0
136805,5037.0,0.0
136810,12044.95,117791.0
136904,12970.12,0.0
136905,22072.36,0.0
136907,4508.5,0.0
136908,71161.13,0.0
136910,11476.54,472541.0
136911,37282.89,73115.0
136912,35708.98,0.0
136913,25573.3,99723.0
136914,5581.55,46472.0
137002,42077.25,0.0
137007,4831.15,0.0
137008,1046.36,0.0
137010,233058.85,0.0
137011,4506.35,0.0
137013,81167.45,233925.0
137016,3795.87,0.0
137017,10054.0,0.0
137019,3282.92,1520.0
137020,1241.0,0.0
147102,23134794.24,14785524.0
147103,20331.0,2802133.0
147104,3430.0,0.0
147112,104143.0,271300.0
147113,2346516.0,215177819.0
147116,110540.0,46283547.0
147117,22123.0,1546519.0
157201,34818.42,0.0
157202,159553.27,0.0
157204,774747.74,0.0
157208,670680.58,0.0
157209,6240541.21,0.0
157210,1170946.06,21510.0
157213,8820.18,0.0
157215,12626.33,0.0
157216,542827.98,35928.0
157217,43636.98,0.0
157223,452785.55,0.0
157224,294322.94,0.0
157225,32987.61,0.0
157228,669087.87,0.0
157229,209400.9,0.0
157301,2095.12,0.0
157303,126619.2,1445.0
157304,331313.53,489018.0
157305,128176.42,0.0
157306,204514.38,72406.0
157307,474422.01,382614.0
157308,56140.35,2905021.0
157309,2873.0,0.0
157310,157081.07,22979.0
157311,9083.81,0.0
157312,145478.7,31686.0
157313,13492.17,0.0
157314,6471.95,0.0
157315,42782.73,0.0
157317,2629.58,0.0
157318,147290.84,0.0
157319,6197.0,0.0
157320,26777.0,0.0
157321,244753.0,158091.0
157322,3944.0,0.0
157323,72161.67,0.0
157324,1086.0,0.0
157325,1035.0,0.0
157326,493167.49,213718.0
157403,5466282.13,0.0
157404,379993.72,0.0
157408,495580.1,0.0
157410,160923.0,0.0
157412,1677.0,0.0
157415,7940.0,2089.0
157418,1962.0,0.0
157419,4445.0,0.0
157505,220874.0,0.0
157601,7850.8,0.0
157602,355176.83,0.0
157604,8521.17,11538.0
157606,92503.82,0.0
157607,133538.14,0.0
157610,42953.0,1895.0
157611,1057.0,0.0
157615,82614.0,13977.0
157616,55786.0,336835.0
157806,31185.76,0.0
157903,5128.97,43452.0
157907,4935.74,12636.0
158004,145198.81,0.0
158101,6008.0,0.0
158105,7414.0,0.0
158111,108138.78,0.0
158201,14641.0,0.0
158202,6309.0,0.0
158203,15163.0,0.0
158204,11314.0,0.0
158205,110912.01,634823.0
158206,53318.0,185924.0
158207,42578.0,41671.0
158208,37420.0,0.0
158209,3530.0,0.0
158210,1180.0,0.0
158211,8792.0,0.0
158213,16964.0,0.0
158214,37084.0,0.0
158215,54622.0,0.0
158301,21198.0,0.0
158302,35806.94,1025326.0
158304,17241.0,0.0
158305,1587.0,0.0
158306,7109.0,86902.0
158308,5183.0,2370.0
158310,1523.0,0.0
158311,3923.47,0.0
168402,1572.0,0.0
168403,16631.77,0.0
168407,77788.0,74770.0
168408,84294.0,0.0
168409,347561.0,5814876.0
168410,2291.0,0.0
168411,322234.0,327526.0
168412,1071645.0,32171.0
168413,558711.0,1925893.0
168414,1735594.04,1320627.0
168415,205098.0,1102.0
168418,171879.3,294267.0
168419,116195.32,44399.0
168420,18882.0,1253.0
168421,373450.15,101274.0
168422,117368.0,74162.0
168423,9479.0,60998.0
168424,28720.0,0.0
168425,219142.8,5555.0
168427,389969.56,534499.0
168428,110466.0,166294.0
168429,133601.15,3124653.0
168430,292453.0,27156.0
168431,2352718.0,14460044.0
168432,18757.66,0.0
168434,78239.0,0.0
168436,82041.81,0.0
168437,13590.0,27498.0
168438,470069.0,234388.0
168439,490220.0,8600.0
168441,416409.0,84917.0
168442,3282.0,0.0
168443,1445015.0,236679.0
168448,5293.0,0.0
168450,63716.63,63506.0
168452,215957.0,0.0
168453,3214.9,0.0
168454,159920.0,0.0
168455,744572.82,0.0
168457,21281.0,0.0
168459,6050.85,0.0
168461,2917.0,63878.0
168462,77060.0,0.0
168464,1000.0,0.0
168465,28873.34,0.0
168466,17237.0,0.0
168467,69845.0,41779.0
168468,73138.0,33423.0
168469,7000.0,0.0
168470,21228.0,2022.0
168471,1581157.0,14274596.0
168472,39566.0,0.0
168473,372880.0,5074830.0
168474,132365.13,2063540.0
168475,11815.0,0.0
168477,48582.0,0.0
168478,11938.0,0.0
168479,391109.0,2879690.0
168481,273803.0,605368.0
168482,53995.87,17129.0
168483,439182.81,344912.0
168484,66646.0,0.0
168485,206476.0,951766.0
168501,244002.0,940867.0
168502,1484640.23,5758.0
168503,9393.89,0.0
168504,2294769.22,1100368.0
168505,7955.0,0.0
168506,381297.38,21542.0
168507,82485.0,77959.0
168508,50868.0,98951.0
168509,29071.45,0.0
168510,1808.0,0.0
168511,19685.0,0.0
168512,1297.0,0.0
168513,14244.0,0.0
168514,142384.0,38020.0
168515,34380.0,41778.0
168516,125520.48,143853.0
168517,183591.0,5872165.0
168518,447611.71,14620.0
168519,69023.0,0.0
168520,89035.0,315010.0
168521,71715.0,0.0
168522,41668.0,5821.0
168523,19799.0,2863339.0
168524,200209.0,1168181.0
168525,758506.0,1787049.0
168526,653219.0,2406.0
168527,173623.0,66918.0
168528,297787.0,19663.0
168529,80768.0,1936736.0
168530,9607.0,9028.0
168531,54751.0,2510.0
168532,1794.0,0.0
168533,7155.0,4177.0
168534,193561.0,1671.0
168535,56952.0,0.0
168536,412763.0,1921589.0
168537,84294.0,0.0
168538,8971.0,0.0
168539,95787.89,14817.0
168540,3938.0,0.0
168541,31705.0,0.0
168542,386051.0,631214.0
168543,173541.0,157778.0
168544,3734645.53,3997444.0
168545,11504.0,12717.0
168546,3086.0,0.0
168547,190788.0,0.0
168548,26893.0,0.0
178609,295753.4,2809.0
178701,241130.86,865926.0
178702,57664.47,0.0
178703,2671644.0,2354324.0
178704,566131.6,382201.0
178705,114408.0,0.0
178707,1136.0,0.0
178708,1084498.15,3237978.0
178711,123848.0,273362.0
178712,1697047.0,0.0
178714,42486.0,0.0
178715,199932.0,0.0
178716,84768.82,63253.0
178803,1441255.0,395890.0
178901,35144696.25,0.0
178902,3703.0,1666.0
178903,565046.0,4165435.0
178904,2377187.59,0.0
178905,4736920.45,0.0
189002,3138.0,0.0
189003,12289.0,5898.0
189004,11108.0,38478.0
189005,5885.0,0.0
189006,22041.0,3606284.0
189008,2290.0,0.0
189009,479382.0,1654316.0
189010,11284.0,42197.0
189013,15100.0,13749.0
189014,7865.0,99657.0
189015,6002679.0,96441.0
189016,5138.0,0.0
189017,118683.0,0.0
189018,479702.0,6096382.0
189019,5850.0,0.0
189020,12503.0,0.0
189021,163709.0,142066.0
189022,65473.0,759157.0
189023,2659.0,0.0
189024,7987.0,0.0
189025,48926.0,56625.0
189026,187340.0,590425.0
189027,195287.0,199712.0
189028,45398.0,0.0
189029,78268.0,0.0
189030,635474.0,1012733.0
189031,182687.0,122685.0
189032,112363.0,515012.0
189033,27568.0,0.0
189101,18088.0,2688974.0
189102,202844.0,8492679.0
189103,21793.0,0.0
189105,15909.0,25511.0
189106,2679.0,0.0
189108,1924.53,0.0
189113,5195.0,3792.0
189201,5381.0,14622.0
189202,5406.0,2877.0
189205,1930.0,0.0
189206,4357.0,0.0
189207,45972.0,28828.0
189209,2041.0,0.0
199302,5687.0,0.0
209401,58485.14,1262855.0
209402,1459.0,0.0
209403,430135.46,9974867.0
209404,25223.0,12540.0
209405,165605.0,860416.0
209501,211382.0,0.0
209502,21789.0,0.0
209503,179466.35,1415950.0
209504,112772.0,2477584.0
209505,78191.0,0.0
209506,95626.44,384381.0
209507,22152.0,0.0
209508,25076.0,0.0
209601,3627.0,0.0
209602,1965.0,0.0
209603,74666.28,168126.0
209606,3463.0,0.0
209608,29885.0,0.0
209609,9115.0,0.0
209611,4614.0,0.0
209612,92683.0,28828.0
209615,6238.0,0.0
209617,21871.0,3374.0
209618,15045.0,0.0
219701,227123.89,63407.0
219703,18877.0,190858.0
219704,80252.0,1412.0
219705,169488.0,13788.0
219706,4745.0,11699.0
