010101,18572.0,0.0
010106,363561.0,0.0
010201,17898.0,0.0
010202,16440.05,0.0
010203,62578.45,0.0
010204,11243.16,0.0
010206,15421.11,0.0
010207,305971.28,0.0
010210,2550.0,0.0
010301,42686.0,0.0
010302,73183.06,0.0
010303,25550751.73,100869.0
010304,19037.45,0.0
010306,262953.29,145119.0
010307,23256.93,78425.0
010401,32772.25,0.0
010402,3004559.94,18042.0
010403,13630.23,0.0
010405,200670.48,0.0
010406,241723.0,12997.0
010407,5597.55,0.0
010508,7206.15,0.0
010511,55072.04,0.0
020601,7982.0,0.0
020602,17359.0,0.0
020603,188022.0,19794.0
020701,109400.73,0.0
020702,25921.71,0.0
020703,46878.73,0.0
020704,10441.43,0.0
020705,14902.22,0.0
020706,11883.98,0.0
020707,4795.9,0.0
020708,1298.51,0.0
020709,91382.03,144833.0
020710,35360.87,0.0
020711,16307.15,0.0
020713,4732.97,0.0
020714,7172.34,0.0
020801,1641.2,0.0
020802,1939.0,0.0
020803,30852.75,0.0
020804,33493.76,0.0
020805,16374.03,0.0
020806,7473.04,0.0
020807,11247.18,0.0
020808,5083.64,0.0
020809,1839.46,0.0
020810,9337.68,0.0
020901,59313.66,0.0
020902,4678.0,0.0
020904,8064.84,0.0
020909,3238.85,0.0
020910,5079.48,3164.0
021006,1224874.7,12281.0
021101,265202.48,0.0
021102,14996.68,2834.0
021103,6744.69,0.0
021104,15228.3,0.0
021108,18591.22,0.0
021109,15207.33,0.0
021203,1185.09,0.0
021204,2449.23,0.0
021209,16053.0,10543.0
021302,6147.0,0.0
031501,4697.18,0.0
031504,13433.74,0.0
031507,7290.56,0.0
031509,2723.0,0.0
031512,3262.66,0.0
031515,63125.3,0.0
031516,19887.52,0.0
031517,8347.88,0.0
041601,7322.0,0.0
041602,19513.24,0.0
041604,3532.78,0.0
041605,1474.0,0.0
041701,3017050.82,91652.0
041702,44580.33,0.0
041704,113310.3,773201.0
041804,1774.36,0.0
041805,1712.53,0.0
041806,721832.9,456379.0
041901,547200.07,31626.0
041902,15552.53,0.0
041904,13227.21,0.0
041905,127006.18,2584.0
042001,1398.19,0.0
042002,3139.54,0.0
042004,68477.22,0.0
042005,32583.97,0.0
042007,36123.9,12740.0
042008,18275.29,0.0
042009,85266.82,0.0
042101,9600.0,0.0
042102,185634.01,0.0
042103,70116.78,2547.0
042104,30419.33,0.0
042105,24941.4,0.0
042106,362246.9,123799.0
042201,126734.94,0.0
042202,201468.29,77779.0
042203,1461496.08,7223504.0
042204,197385.41,2782462.0
042206,4247.59,0.0
042208,2989391.79,8594183.0
042209,1395.0,0.0
042301,24137.9,0.0
042309,735559.97,3545190.0
042402,514132.0,3038879.0
052501,4717008.93,67865.0
052503,1955455.75,0.0
052505,33393.47,0.0
052508,63294.11,0.0
052512,2919.02,0.0
052515,7273.49,0.0
052517,596710.68,0.0
052519,260860.03,0.0
052523,37377.05,1837066.0
052526,23854.97,0.0
052529,827890.97,0.0
052707,84637.28,0.0
052708,337737.5,0.0
052709,20406229.92,0.0
052710,829968815.06,197686085.0
052711,2836820.47,0.0
052713,6923665.63,5418.0
052714,11044053.12,0.0
052715,106459.61,0.0
062801,5954.6,0.0
062804,5119.34,0.0
062806,5801.49,0.0
062808,11685.49,0.0
062811,166734.58,228115.0
062815,67574.92,85240.0
062835,7115.73,0.0
062836,85507.91,0.0
062839,7116.68,0.0
062841,1262.0,0.0
062842,37287.8,0.0
062844,35525.0,0.0
062902,4585.32,0.0
062903,8125.3,0.0
062904,1787.92,0.0
062905,122154.62,1612629.0
062907,217410.91,0.0
062909,6980.38,0.0
062912,7960.95,0.0
062914,45295.31,0.0
062915,100485.88,0.0
062916,21067.98,0.0
062917,27853.9,0.0
062918,16415.01,0.0
062919,5163.12,0.0
062922,2250.0,26298.0
062923,63632.28,0.0
062924,13891.0,0.0
062929,118950.22,0.0
062930,5405.0,0.0
062931,1218.0,0.0
062932,18488.65,0.0
062933,254248.46,0.0
062934,841693.0,0.0
062936,20837.0,0.0
062941,4898.0,0.0
062942,176554.0,0.0
063001,2014.0,0.0
063002,354135.0,0.0
063003,256490.0,1172179.0
063004,3257835.0,17869535.0
063006,76323.0,0.0
063103,1431179.76,0.0
063105,1281204.07,0.0
063203,1436.0,0.0
063204,55549.0,0.0
063206,86016.07,0.0
063208,29930.09,1028.0
063209,46899.86,87607.0
063210,29218.0,3172.0
063212,5277.0,0.0
063213,9719.0,0.0
063214,19897.3,54317.0
063301,29554.0,0.0
063302,127908.0,0.0
063303,644385.0,5796376.0
063304,168552.0,480504.0
063305,24733.68,31851.0
063306,9250.0,0.0
063307,26785.0,47801.0
063401,20095.96,0.0
063402,283492.72,46443.0
063403,4080.0,0.0
063404,19662.34,9113.0
063405,14185.4,2320.0
063406,192567.41,32367.0
063507,922009.0,0.0
063701,6735.0,0.0
063702,2967.0,0.0
063703,9399.0,0.0
063706,8501.0,14173.0
063707,32578.57,0.0
063801,44232.68,0.0
063808,1247938.77,1008065.0
063809,47098.29,0.0
063811,311672.22,0.0
063815,489638.15,2010717.0
063816,19511.45,147537.0
063822,646315.0,680415.0
063823,176442.85,124730.0
073902,33530.58,0.0
073906,130179.8,0.0
073907,177031.83,0.0
073908,1811.51,0.0
073909,52534.79,2166.0
073910,95890.0,0.0
073912,154585.0,0.0
073917,11034.0,0.0
073918,74471.54,0.0
073919,23874.1,85983.0
073920,100529.16,17134.0
073921,30363.06,0.0
073922,12633.0,1563.0
073923,80622.04,711479.0
073924,417953.12,2063153.0
073925,12334.0,0.0
073926,224621.17,2163549.0
074001,21396.57,0.0
074002,12751.64,0.0
074008,4092.0,0.0
074009,4335.0,0.0
074010,16356.0,0.0
074011,177617.86,492136.0
074012,24983.52,44815.0
074013,1892.0,0.0
074014,1653.0,0.0
074015,67779.8,19394.0
074016,79910.9,123006.0
084111,1360.0,0.0
084202,359201.0,806764.0
084203,25588.0,73334.0
084304,1323.0,0.0
094407,14813.39,256062.0
094409,2777.65,0.0
094411,12400.42,0.0
094412,18044.69,0.0
094418,89981.91,554690.0
094419,1520.0,1891.0
094420,7790.88,590782.0
094421,22480.69,11048.0
094602,3639.0,16746.0
104703,22764.5,0.0
104704,42179.12,0.0
104707,328311.04,0.0
104801,191843.83,0.0
104802,5370559.77,3776.0
104803,20446.1,457706.0
104805,2550.06,9939.0
104810,205526.27,2116.0
104811,12826.44,25477.0
104813,1452.0,0.0
104816,2057.89,1320.0
104817,3766.66,0.0
104818,225672.68,3135220.0
104819,19604.1,0.0
104820,43195.75,26888.0
104821,2070.0,0.0
104823,55959.57,0.0
104901,104379.07,2497012.0
104902,108295.71,231496.0
104905,5563.25,29093.0
104908,1428.0,0.0
104911,38890.67,602441.0
115112,1517.0,5228.0
115204,2571.0,0.0
115208,20756.0,9440.0
115209,19103.9,0.0
115211,7195.0,0.0
115212,12481.0,0.0
115401,6432.0,0.0
115404,2091.0,0.0
115407,28646.0,0.0
115408,27142.0,0.0
115503,8132.25,0.0
115507,35554.0,0.0
115508,6847.0,0.0
115512,20185.0,144694.0
115513,3582.0,68453.0
115514,6864.0,0.0
115515,22086.0,20769.0
115516,6466.0,0.0
115601,20271.99,0.0
115607,3383.25,0.0
115608,5672.0,0.0
115701,2975.0,0.0
115702,7743.0,0.0
115703,19485.0,0.0
115705,21182.0,0.0
115801,9033.0,0.0
115802,1837.0,0.0
115804,17158.0,0.0
115811,6397.0,0.0
115903,15784.02,43101.0
115908,1008.0,0.0
115909,2583.0,3460.0
115911,10579.0,0.0
116001,18033.0,0.0
116002,17205.0,7154.0
116101,5406.0,0.0
116103,794200.0,52871.0
116104,686382.0,98646.0
116105,311183.0,226640.0
116106,160381.0,0.0
116107,110399.0,0.0
116108,183511.0,41574.0
116109,942008.0,564633.0
116110,1061334.0,45754.0
116111,21634.0,0.0
116112,15086.0,22951.0
116114,25206.0,489982.0
116115,64745.0,0.0
116117,26917.0,24566.0
116201,19891.0,0.0
116202,7290.0,0.0
116203,2532250.0,646689.0
116204,2266855.0,22569973.0
116205,587804.0,84802.0
116206,682521.0,278916.0
116207,245565.0,5735.0
116208,244733.0,9967.0
116209,106030.0,0.0
116210,65997.0,453033.0
116211,431199.0,1045821.0
116212,242046.0,86856.0
116213,6466.0,0.0
116214,43403.0,0.0
116215,6084.0,0.0
116216,15183.0,0.0
116217,8553.0,0.0
116301,8223.0,0.0
116302,612425.0,33262.0
116303,134739.61,0.0
116304,39737.0,5022.0
116305,1930.0,0.0
116306,10982.0,310864.0
116307,60834.0,144715.0
116309,1748.17,86929.0
126401,1069.0,0.0
126402,296611.0,39653.0
126403,1729980.0,715947.0
126404,348225.0,20723.0
126405,88721.4,10930.0
126502,1462.0,3149.0
126504,2958.0,1148.0
126505,20202.0,1704.0
126506,16206.0,0.0
126507,1883.0,0.0
126601,47354.0,0.0
126602,1387.0,0.0
126702,24383.0,0.0
126703,8344.0,0.0
126704,5368.0,0.0
136804,13506.0,0.0
136807,244532.53,143675.0
136809,1154.99,0.0
136810,2405.09,0.0
136812,4115.15,4510.0
136815,8898.57,0.0
136901,12838.61,0.0
136903,1504.0,0.0
136904,11765.12,0.0
136905,1100.6,5843.0
136907,4272.12,0.0
136908,46891.55,1627.0
136910,23152.45,535798.0
136911,22492.0,0.0
136912,30752.16,1050.0
136913,4988.0,70446.0
136914,7692.04,19750.0
137001,1654.37,0.0
137005,14815.56,0.0
137007,3789.82,0.0
137009,1167.0,0.0
137010,34696.09,0.0
137013,84295.85,235273.0
137016,15032.93,2287.0
137017,5680.0,0.0
137019,13430.0,0.0
147102,14120868.0,28015577.0
147103,4531.0,3673962.0
147108,826644.0,29593.0
147113,3975107.0,199242011.0
147115,8517.0,0.0
147117,32757.0,1515696.0
157204,832867.23,0.0
157208,350033.6,0.0
157209,75624.32,0.0
157210,162214.69,0.0
157211,6486.57,0.0
157212,32484.19,0.0
157213,28037.48,0.0
157216,128624.82,2211.0
157219,1370.09,0.0
157220,6883.0,0.0
157223,9029.0,0.0
157228,44096.96,0.0
157301,4840.21,0.0
157304,275707.71,48944.0
157307,46962.89,0.0
157308,131997.04,3930394.0
157310,13854.08,6897.0
157311,3242.91,65824.0
157312,83958.86,0.0
157313,11869.27,0.0
157315,8289.45,0.0
157316,6383.0,0.0
157317,5189.49,0.0
157318,11153.0,1593.0
157319,9082.0,5310.0
157320,12585.0,0.0
157321,146547.0,23453.0
157323,51256.0,2614.0
157324,4060.0,95432.0
157326,87454.31,3066982.0
157404,112733.04,0.0
157411,1350.0,0.0
157601,179716.21,0.0
157602,71087.48,0.0
157604,2778.71,242834.0
157606,2137.0,0.0
157607,54806.0,7250.0
157610,67245.0,0.0
157612,54608.0,0.0
157615,72203.0,15498.0
157616,24479.0,0.0
157901,196064.79,0.0
158203,18054.0,30361.0
158204,22232.0,15228.0
158205,119327.0,851761.0
158206,2736.0,0.0
158207,92288.0,303305.0
158208,1904.0,0.0
158210,1906.0,1392.0
158211,12933.0,0.0
158212,1804.0,0.0
158213,6444.0,0.0
158214,36682.0,0.0
158215,48264.0,0.0
158301,11663.0,1527.0
158302,4389.0,0.0
158304,5719.0,0.0
158305,3019.0,0.0
158309,27933.91,0.0
158310,1270.0,0.0
168402,4709.89,1315280.0
168405,4723.0,4724.0
168406,11261.0,214382.0
168407,71203.0,1480.0
168408,13044.0,0.0
168409,318186.0,7449942.0
168411,58697.0,4106097.0
168412,32539.0,14172.0
168413,543934.0,4227522.0
168414,344547.0,3297999.0
168415,184522.0,6100.0
168417,16583.0,15925.0
168418,201909.39,10705.0
168419,1142683.0,240878.0
168421,383656.0,2695252.0
168422,486276.0,173126.0
168423,6649.0,0.0
168424,5596.0,5806.0
168425,5667.0,66140.0
168426,5115069.0,94083.0
168427,210230.5,160000.0
168428,54457.92,64126.0
168429,277350.49,209432.0
168430,51619.0,0.0
168431,1051466.32,20530180.0
168432,96557.0,8308.0
168433,9270.0,0.0
168436,42029.67,0.0
168437,21032.62,0.0
168438,37575.0,226771.0
168439,204232.0,0.0
168440,5509.0,0.0
168441,10282.0,1889.0
168443,2329.0,55824.0
168447,2117.0,0.0
168448,18638.0,43265.0
168450,83349.0,0.0
168452,34152.0,0.0
168456,19813.0,0.0
168458,3661.8,0.0
168459,1478.52,0.0
168460,10390.0,23621.0
168461,2649.0,0.0
168462,14610.0,0.0
168465,1565.0,0.0
168466,14385.0,0.0
168467,20522.0,32554.0
168468,170583.0,121564.0
168469,4702.0,0.0
168470,22691.0,0.0
168471,1602006.0,15769318.0
168472,11665.0,333660.0
168473,217270.0,7340744.0
168474,8368.0,16486.0
168477,138717.0,1108355.0
168479,1012164.0,1209424.0
168481,116248.0,2330525.0
168483,19649.4,23135.0
168484,4553.0,0.0
168485,37448.0,257873.0
168501,148576.0,750976.0
168502,106187.0,786406.0
168503,1819.0,3640.0
168504,1291061.82,1577283.0
168505,1819.0,14560.0
168506,20185.0,0.0
168507,47426.33,37436.0
168508,6065.0,2218.0
168509,21884.0,0.0
168512,25753.0,90892.0
168513,14923.0,1138.0
168514,9406.0,18897.0
168515,25014.0,56691.0
168516,57100.85,3581.0
168517,24634.0,620053.0
168518,75189.0,473879.0
168519,13173.0,0.0
168520,1351.0,0.0
168521,81926.0,3424907.0
168522,3885.0,10920.0
168523,51165.0,312293.0
168524,54437.0,1064168.0
168525,550179.0,2495495.0
168526,10254.0,4005.0
168527,24342.0,0.0
168528,86931.0,2384.0
168529,13666.0,365331.0
168531,11190.0,325039.0
168533,6034.0,1889.0
168534,1109.0,0.0
168535,18733.0,0.0
168536,116983.0,2990579.0
168537,187936.0,494702.0
168538,43356.0,2638121.0
168539,23647.0,21076.0
168540,13774.97,0.0
168541,4382.0,59547.0
168542,1763508.0,524940.0
168543,6939.0,249471.0
168544,2303349.85,613916.0
178609,489285.0,38697.0
178701,11751.0,1342081.0
178702,96690.72,0.0
178703,1280950.27,4653865.0
178704,686404.54,1633.0
178705,31172.0,668978.0
178707,2244.0,0.0
178708,181455.0,1846604.0
178709,21172.0,0.0
178711,256639.0,797970.0
178712,146887.0,0.0
178714,1889.0,31180.0
178715,52166.0,0.0
178716,131474.26,909958.0
178802,14599354.0,4300000.0
178803,25363.0,935332.0
178901,102050557.58,0.0
178902,11047.0,0.0
178903,8124185.0,6873615.0
178904,740737.0,0.0
178906,1889.0,141732.0
178907,1490.0,0.0
189001,2889.0,147980.0
189003,9472.0,119097.0
189004,12508.0,140151.0
189006,123788.0,4985805.0
189008,4572.0,0.0
189009,15699.0,0.0
189010,7650552.0,1177052.0
189013,1675.0,0.0
189014,17646.0,26455.0
189015,369788.0,363319.0
189016,10990.0,0.0
189017,71237.0,3196.0
189018,2197629.0,6164278.0
189020,4969.0,5000.0
189021,141322.0,22785.0
189022,30603.0,190601.0
189023,11470.0,42519.0
189024,2644.0,0.0
189025,29271.0,3705.0
189026,233038.0,240315.0
189027,107961.0,852686.0
189028,4305.0,1102.0
189029,1277.0,0.0
189030,70156.0,502351.0
189031,246583.0,326182.0
189032,17532.0,93485.0
189033,1108.0,0.0
189101,487677.0,7202540.0
189102,136651.0,17605446.0
189103,103509.0,0.0
189105,11543.0,0.0
189109,1283.0,0.0
189111,4000.0,0.0
189113,2150.0,0.0
189114,9780.0,78587.0
189206,2885.0,0.0
189207,25117.0,50235.0
189208,27173.0,0.0
189209,17947.0,0.0
209401,55721.06,129565.0
209403,306599.07,10121979.0
209404,32388.0,52239.0
209405,158771.0,0.0
209406,1022783.58,4985.0
209501,20384.45,6824.0
209502,3060.0,0.0
209503,58065.4,1750438.0
209504,47185.0,692079.0
209505,34272.0,1394.0
209506,116643.37,788942.0
209507,8399.0,13915.0
209508,12851.0,66258.0
209601,4250.0,0.0
209602,3850.0,0.0
209603,64013.75,54033.0
209607,4754.0,0.0
209608,4451.0,1093.0
209609,13342.69,17674.0
209611,4509.0,0.0
209612,139802.0,6614.0
209613,1814.0,0.0
209615,2791.0,0.0
209617,13134.0,0.0
219701,555878.0,995796.0
219703,33561.0,49842.0
219704,11195.0,0.0
219706,48901.0,3322.0
