010101,609361.0,469302.0
010102,94460.0,3804.25
010103,0.0,2020.0
010104,23975200.0,36687592.0
010105,848371.0,246659.13
010106,12098350.0,3266699.31
010201,21178.0,976083.57
010202,2406882.82,11509411.77
010203,121820.0,261838.03
010204,324570.0,13241185.03
010205,1300.0,0.0
010206,95524.08,360529.99
010207,876464.0,36832740.39
010210,0.0,141548.54
010301,29170.0,59214.0
010302,9344381.57,105520.88
010303,54896704.08,1913065.22
010304,4975328.84,52980.83
010305,5299115.39,508599.39
010306,14242413.47,738843.96
010307,22615801.57,400083.64
010401,85964.54,3610600.02
010402,7507090.92,48761834.14
010403,1895208.23,20505851.59
010404,38493.44,147062.84
010405,3673528.16,7838530.81
010406,302350.0,10511012.43
010407,1417447.0,5903315.9
010409,11471.0,905908.52
010505,3901.0,0.0
010507,65643.0,0.0
010508,4539.15,0.0
010511,1440.25,31021.37
020601,0.0,6068.99
020602,160269.99,218440.28
020603,125341.0,2165440.99
020701,249271.0,3927466.9
020702,632364.55,2509003.14
020703,694237.0,6945340.22
020704,307130.0,1134446.76
020705,8785.0,574939.3
020706,27906.0,733635.95
020707,1316274.0,1972293.07
020708,4262566.8,128940.03
020709,2013705.48,1748149.19
020710,19373.0,1529485.47
020711,0.0,9594.08
020712,75663.0,1601224.6
020713,95466.34,2193015.6
020714,6371.0,78008.94
020801,599237.0,1304954.41
020802,59522.0,2339613.47
020803,811560.0,2367339.09
020804,3874082.52,2880425.3
020805,1087829.82,11945219.3
020806,18634.0,5495617.11
020807,1125313.28,3724369.21
020808,14602.0,6567205.53
020809,7924.0,339175.27
020810,30339.0,598087.39
020811,0.0,3451.81
020813,25690.14,13785.11
020901,33492.0,3210976.77
020902,4028507.0,9998877.23
020903,69172.0,34607.53
020904,3802.0,41132.64
020906,95188.0,556186.0
020907,0.0,405313.27
020908,154609.0,496538.76
020909,17987.42,90728.38
020910,634467.0,4486512.11
021001,7549866.84,23756025.65
021002,0.0,3063.24
021003,2048981.0,5411166.21
021004,5929.0,420682.09
021005,4478.0,1501677.26
021006,3647571.14,17379729.13
021008,0.0,983682.64
021101,18477941.62,3905874.01
021102,34669.04,23433.54
021103,135082.63,246880.31
021104,6696679.09,1595430.69
021105,5006636.0,1469336.06
021106,203306.99,94799.07
021107,0.0,2051.0
021108,4772.0,121717.17
021109,0.0,37551.11
021202,0.0,348678.42
021206,5071.0,25432.33
021207,0.0,48637.66
021208,0.0,1261.47
021209,0.0,1079434.0
021211,132428.86,2566987.16
021212,4421.0,0.0
021214,455983.0,3410865.68
021301,5865.79,48449.71
021302,8175.0,566588.22
021401,371455.0,0.0
021402,0.0,72392.94
021404,2816.44,0.0
031501,0.0,2973.11
031502,238518.0,257417.26
031503,92673.98,9125.63
031504,22860.0,0.0
031507,19523.92,3568703.31
031508,0.0,2373.62
031509,4746.0,368150.72
031510,0.0,167242.49
031511,437366.37,38417650.47
031512,1551608.77,6741394.44
031513,46221.24,208999.27
031514,0.0,24358.93
031515,22341834.91,7454477.23
031516,232555.81,1808176.99
031517,1266252.28,2103884.87
031518,143777.96,8652.63
031519,23680.83,134436.0
031521,0.0,61976.2
041601,46387.0,2693284.36
041602,6865.0,4172682.02
041603,62774.0,19230.0
041604,783294.0,236166.29
041605,16544.0,261598.97
041701,180480.59,13462464.92
041702,196921.27,488396.01
041703,63182.0,49874.07
041704,1478799.33,2257431.0
041803,0.0,22830.67
041804,0.0,36616.64
041805,0.0,3484.89
041806,772886.37,13706543.9
041901,62197.62,3295854.95
041902,137458.18,4105498.64
041904,13842.36,1363797.08
041905,11976227.29,10836638.8
042001,38721.0,355752.65
042002,769982.75,3353552.06
042003,0.0,44670.84
042004,2247.78,760933.76
042005,88009.93,15088345.84
042006,2020.0,27930.79
042007,51018.18,743856.18
042008,1885.0,4714342.51
042009,3694339.97,2272760.07
042101,630503.0,835657.46
042102,364305.0,837461.95
042103,4636834.55,1679961.6
042104,0.0,341366.5
042105,9539.0,7697198.11
042106,7299603.97,33334221.87
042201,1841545.0,5643514.21
042202,9757867.09,36663670.19
042203,168149.0,4155933.55
042204,0.0,370829.01
042205,0.0,11802.32
042206,3547.0,63269.91
042207,0.0,125370.53
042208,0.0,5346822.07
042209,98660.83,59790.15
042301,857944.99,645162.94
042302,0.0,64753.65
042303,0.0,5701.19
042304,0.0,11898.85
042306,13089.73,0.0
042307,10923.0,1002.61
042308,0.0,281866.64
042309,1868321.0,4677948.83
042401,1663467.31,143529.43
042402,112111592.0,210743560.51
042403,717988.0,318836.37
052501,26085.0,847782.68
052502,0.0,1622.03
052503,0.0,53542.46
052504,0.0,10191.89
052505,67558.37,1347995.32
052506,0.0,14794.38
052507,0.0,65119.94
052508,256861.68,31865.63
052509,0.0,13092.52
052511,221669.0,0.0
052512,0.0,1473.13
052513,22626.71,11786.04
052515,7662599.19,1951233.48
052516,16337.0,11073.48
052517,50292.47,37005.53
052518,0.0,6204.82
052520,1446969.66,685018.06
052521,1004111.0,88389.92
052522,400461.28,0.0
052523,2320292.97,24518185.36
052524,0.0,358875.85
052525,20176.0,9276.36
052527,0.0,1014.09
052528,0.0,31734.62
052530,11129.18,255599.18
052601,283921.0,6049.62
052603,757476.79,9976275.61
052604,0.0,12457.12
052606,0.0,261805.32
052608,3458.0,15290.15
052609,0.0,3886.6
052610,677110.68,13440.48
052611,22397.0,0.0
052618,0.0,56303.0
052620,3063791.68,0.0
052621,0.0,34266.62
052701,0.0,788624.0
052703,0.0,287091.82
052704,0.0,92274.0
052705,0.0,23526.29
052706,0.0,10142.34
052707,0.0,20291.88
052708,1040.0,12663.79
052709,3721459828.36,0.0
052710,198483463.49,30174184.52
052711,65031.0,3002287.39
052712,0.0,39079.79
052713,0.0,636780.0
052714,69413.0,3044627.99
052715,2728.0,2020642.25
052716,82574.0,2257.0
062801,0.0,4464.46
062802,0.0,1109.28
062803,6345.0,67545.11
062804,146777.09,603072.15
062805,1009.0,16560.46
062806,384926.0,69142.12
062807,2874305.0,137158.76
062808,136345.45,34509.57
062809,0.0,21123.69
062811,0.0,30422.39
062812,0.0,2000.0
062814,0.0,133400.4
062815,0.0,559398.61
062816,0.0,6152.0
062817,0.0,3959.99
062818,0.0,15116.96
062819,0.0,24907.23
062821,2392.0,118021.85
062822,5916.0,4646.75
062823,3105.0,1629429.02
062824,0.0,1885382.51
062825,1911.0,215958.0
062826,27818.0,75484.12
062827,2734.77,132866.96
062828,0.0,223793.65
062829,1022.0,54396.74
062831,0.0,3107.74
062832,0.0,766387.85
062833,1560.0,768200.5
062834,0.0,108002.11
062835,2027.17,1452031.53
062836,37266.4,707489.66
062837,0.0,252249.97
062839,484511.83,97953.55
062840,0.0,200431.27
062841,0.0,5656.0
062842,2392.0,169000.0
062843,0.0,35056.0
062844,63171.0,117594.5
062846,0.0,4923.0
062847,0.0,2279.53
062849,0.0,24122.01
062850,0.0,2265.43
062851,159335.76,214106.88
062901,0.0,17691.87
062902,27470.43,308466.83
062903,40200.0,568701.32
062904,334690.16,693214.71
062905,1065240.33,42507.23
062906,0.0,14522.0
062907,0.0,15283.4
062909,0.0,18963.91
062911,0.0,4456.58
062912,64695.64,14455.0
062914,6489.0,25913.11
062915,1537.7,116379.03
062916,82764.6,61196.63
062917,0.0,871672.52
062918,0.0,167985.0
062919,2428.38,90689.0
062920,0.0,1890.63
062921,0.0,67318.84
062922,0.0,1990549.28
062923,0.0,121548.58
062924,0.0,56095.0
062925,0.0,69880.78
062928,0.0,10539.29
062929,0.0,381719.86
062930,0.0,72746.97
062931,0.0,34978.94
062932,0.0,4871.83
062933,0.0,214516.26
062934,2039372.0,0.0
062936,0.0,50852.0
062937,0.0,14816.0
062938,0.0,1999.0
062939,114541.0,1003.0
062941,13795800.0,10346227.0
062942,871855.0,84384.21
063001,0.0,20267.0
063002,61162.0,2668104.75
063003,2702.0,539547.73
063004,1819142.55,44544978.75
063005,0.0,2811282.07
063006,8055.0,984679.34
063101,591745.0,262821.69
063102,359972.0,2908828.62
063103,0.0,2290.2
063104,0.0,1577809.15
063105,5695.0,1738438.86
063201,0.0,55211.4
063202,0.0,83950.03
063203,0.0,61510.83
063204,0.0,580593.47
063205,28730.0,25289.0
063206,6608.0,1315212.49
063207,51353.0,1605739.36
063208,4354600.5,9015547.3
063209,354777.64,452103.51
063210,0.0,131682.25
063211,0.0,16265.75
063212,203041.0,1004860.51
063213,9002.99,131413.37
063214,138285.34,692286.03
063215,1372205.0,957739.04
063301,13003.0,422773.0
063302,243225.0,11399721.62
063303,7063405.23,12893514.25
063304,3290425.0,14634780.79
063305,4232892.0,12525486.15
063306,804555.36,3442074.64
063307,661438.34,3086888.8
063401,2257576.68,7447692.78
063402,37139871.89,17693461.32
063403,25879.0,1129870.12
063404,25271.0,215861.87
063405,259077.0,2266253.24
063406,1543.73,4893.0
063407,1508.4,13901.0
063501,0.0,189397.14
063502,21583.0,1009.25
063503,0.0,63777.39
063504,0.0,5464.0
063505,1111.7,681986.98
063506,674780.23,1337935.07
063507,0.0,582375.0
063602,10728.0,442752.01
063603,0.0,95183.0
063604,0.0,215782.3
063605,46166.0,101582.79
063606,0.0,6115.74
063701,0.0,857738.84
063702,5731953.0,9821080.9
063703,167445.0,2981916.4
063704,0.0,77583.0
063705,0.0,33284.0
063706,99016.0,83968.0
063707,190553.0,1133029.78
063801,25505.05,40974.03
063802,8686.0,51408.45
063803,0.0,1169.92
063804,0.0,26059.38
063805,0.0,38354.77
063806,0.0,41806.98
063808,1170090.15,7770063.41
063809,6306.0,128024.06
063810,0.0,277780.16
063811,440881.0,4436457.4
063812,0.0,317774.0
063813,3206.99,243549.3
063814,81791.68,512370.99
063815,7542.0,338955.73
063816,927174.93,927405.48
063817,974626.94,515287.0
063819,19229.12,113609.08
063820,0.0,8211.0
063821,0.0,59316.62
063822,47391.98,3044588.19
063823,1665530.91,51042245.95
073901,214057.59,17097999.17
073902,188967.4,1576635.36
073903,6684.0,1127495.09
073904,8239.0,2943935.96
073905,0.0,373609.27
073906,361062.0,841462.73
073907,126053.89,2987907.81
073908,0.0,39240.91
073909,164920.11,796204.95
073910,0.0,185515.42
073911,81312.0,274223.08
073912,0.0,1081564.55
073913,85964.0,51155.28
073914,0.0,73604.91
073915,0.0,1615.35
073916,0.0,183077.14
073917,4627028.31,7147195.13
073918,355863.0,954191.55
073919,791803.22,1440092.33
073920,6633253.04,2917253.56
073921,1482477.42,7513022.37
073922,32701.0,620192.71
073923,1336787.75,10016485.94
073924,8302137.7,7599958.4
073925,57385.52,491107.38
073926,824998.12,12308501.85
074001,0.0,61830.05
074002,0.0,334211.87
074003,0.0,84918.34
074004,0.0,18265.96
074005,5053.0,193010.07
074006,0.0,245421.58
074007,0.0,47345.45
074008,1159.0,480565.95
074009,4270.0,4909310.26
074010,1070.0,1624263.98
074011,25530637.2,53920082.46
074012,196657.48,104370.0
074013,15047.0,350236.96
074014,5465.0,314442.97
074015,195425.09,734774.9
074016,94811.24,3391203.53
074017,245077.0,339169.51
084101,0.0,7434.36
084102,5981.0,0.0
084104,4681.0,157822.18
084106,160478.0,0.0
084107,21802.0,0.0
084108,0.0,3226.0
084110,10813.0,0.0
084111,13003.0,206454.93
084201,0.0,73299.94
084202,739732.0,6701307.85
084203,29707.0,377821.29
084204,1560.0,40678.1
084205,0.0,88507.34
084302,0.0,4965.0
084303,0.0,3000.0
084304,0.0,2140.0
094401,79308.0,253214.1
094402,53360.0,243974.32
094403,4941.0,2682609.13
094404,0.0,1601068.01
094405,0.0,10745.25
094407,254828.0,20245112.17
094408,49570.0,817384.53
094409,0.0,151878.76
094410,20212.68,106131.42
094411,0.0,274646.45
094412,218761.0,18161607.43
094413,2877.94,60113.33
094414,3510.0,114790.25
094415,57703.09,274668.41
094417,0.0,13246.48
094418,296865.64,826110.89
094419,0.0,895245.13
094420,15209.1,212505.46
094421,25196.52,814329.05
094501,0.0,1028.34
094503,0.0,6177.15
094504,0.0,128467.5
094601,2314.54,61955.76
094602,0.0,10180.56
104702,0.0,4008.0
104705,0.0,165449.42
104706,9774.48,0.0
104707,733917.19,15903.18
104801,0.0,733354.96
104802,472673.0,11456983.53
104803,8743.81,339943.77
104804,2080.0,1125275.92
104805,0.0,921544.79
104806,86155.0,686023.85
104807,15565.0,127881.51
104808,4205.0,722058.37
104809,5200.0,1186309.45
104810,0.0,1474577.72
104811,26065.0,1109829.68
104812,1814.9,144531.41
104813,2200.0,22239.0
104814,0.0,197501.19
104816,0.0,1243070.63
104817,79775.26,1178153.87
104818,1987777.91,22872427.15
104819,687083.94,15104134.29
104820,724731.21,2918694.24
104821,284922.33,466936.65
104822,0.0,42704.61
104823,2540628.02,2214660.35
104901,331687.37,4693227.17
104902,150663.88,3839786.88
104903,0.0,16684.91
104904,0.0,3344.26
104905,0.0,19052.64
104906,3118.0,40799.14
104907,0.0,1626117.61
104908,1829.0,18904.0
104909,4582.0,50384.1
104910,6564.31,115693.04
104911,451082.8,3038836.05
115005,0.0,13193.0
115006,30038.0,0.0
115007,0.0,1761178.4
115101,63673.66,0.0
115106,0.0,69566.7
115107,0.0,20551.0
115110,3672.0,50630.0
115111,0.0,23901.77
115112,0.0,129099.01
115113,0.0,15406.0
115201,0.0,5911.0
115203,66855.8,17077.34
115204,1403986.0,767672.12
115205,313760.51,224166.59
115206,0.0,8776.3
115207,25339.0,55875.0
115208,5861218.74,34022312.03
115209,243149.66,6144391.14
115210,4004.0,238782.04
115211,162402.0,289136.75
115212,40854.0,206178.42
115305,0.0,23326.54
115306,0.0,245618.0
115307,0.0,38125.84
115309,8975.0,1113248.0
115311,0.0,14254.0
115401,5154.0,130379.13
115402,0.0,156708.27
115404,0.0,533796.72
115406,0.0,3929.0
115407,613832.0,3810815.44
115408,76046.0,44574.0
115502,0.0,1696.08
115503,0.0,440382.91
115504,0.0,40000.0
115507,0.0,1116.32
115508,36651.59,645607.92
115509,19288.0,607446.21
115510,0.0,2590.79
115511,0.0,17178.0
115512,31850677.0,5326255.3
115513,2732888.0,96181558.35
115514,0.0,805960.54
115515,5205.0,1736030.91
115516,44550.0,572325.0
115601,53257.0,53309.81
115602,2358.76,64960.81
115603,66314.52,523451.8
115604,0.0,6095.0
115605,91859.0,292733.53
115606,0.0,96375.0
115607,7162.53,1248721.97
115608,39066.0,1995183.95
115609,0.0,16061.34
115701,2027.0,388324.9
115702,8701.51,1589492.41
115703,1022483.0,12844628.82
115704,0.0,112856.45
115705,6268.66,124212.89
115801,9991.0,2439196.92
115802,11864.0,143304.16
115803,30332.0,82623.0
115804,0.0,55401.0
115805,62830.0,56051.0
115806,0.0,386662.0
115807,2459.0,768899.54
115808,27759.0,62472.73
115809,0.0,25832.0
115810,15595.0,8028.28
115811,12857.0,0.0
115901,0.0,26971.98
115902,0.0,176918.49
115903,10803.0,150042.98
115904,0.0,38155.0
115906,1147.0,50028.38
115907,0.0,180704.0
115908,0.0,4377.0
115909,0.0,57815.03
115910,0.0,22476.63
115911,0.0,121469.13
116001,32842.0,65626.0
116002,33915.0,530802.0
116101,183501.0,226555.69
116102,199655.0,87547.0
116103,15031058.0,514192.36
116104,6170746.0,1012512.0
116105,12035055.84,167485.96
116106,603712.0,300193.81
116107,1940765.0,109052.0
116108,3141897.0,695317.11
116109,1396744.31,467645.13
116110,2458307.0,358356.06
116111,373484.0,2312483.0
116112,1000.0,232818.0
116113,0.0,16757.0
116114,31725759.0,36578249.0
116115,48218.0,739953.4
116116,0.0,304351.0
116117,0.0,207022.66
116201,13307170.0,104037.0
116202,1139664.0,111908.0
116203,70255412.0,1780889.43
116204,64113640.0,1099339.01
116205,23650299.0,561450.55
116206,1255683.0,539555.74
116207,1124421.0,309100.9
116208,1836752.49,252817.44
116209,2926451.0,377417.0
116210,6793.0,161698.9
116211,1748598.0,1115567.22
116212,2441.0,219467.81
116213,1961.0,13322.0
116214,237131.0,199260.0
116215,0.0,50304.83
116216,0.0,172291.46
116217,1567.0,153546.03
116301,452271.33,7206316.54
116302,338089.69,2017341.27
116303,14574.0,660462.73
116304,15156.0,136014.0
116305,42787.49,639162.98
116306,260016.0,883220.49
116307,152213.0,665070.46
116308,0.0,13233.0
116309,21561.45,207484.0
116310,0.0,27681.42
126401,66616.0,77621.17
126402,96385.0,3227283.0
126403,4464748.23,17301008.66
126404,126540.0,2460074.5
126405,83808.0,495486.3
126406,57275.0,385473.0
126502,0.0,9107.0
126503,0.0,45196.0
126504,0.0,37266.56
126505,12783.0,186327.0
126506,1401.0,348997.02
126507,0.0,31568.97
126601,99606.0,72791.0
126602,0.0,7949.0
126701,0.0,73094.0
126702,5689.0,195744.92
126703,0.0,1365.0
126704,0.0,1000.0
136801,443603.81,24196.84
136802,3775883.76,1026248.81
136804,0.0,514847.91
136805,1678666.0,343382.57
136806,0.0,505325.99
136807,3729.89,1481517.32
136808,0.0,645841.37
136809,0.0,364596.57
136810,51092.83,468228.11
136811,4740627.0,2554243.49
136812,6968.74,25588.6
136813,340896.35,4924999.0
136815,6808.83,141706.57
136901,33082.0,197082.8
136902,240147.26,511860.97
136903,2990.0,51496.47
136904,316687.01,6430420.64
136905,0.0,82704.8
136906,0.0,90756.06
136907,0.0,161704.7
136908,266668.15,7450113.2
136909,0.0,70094.0
136910,647429.96,12634336.06
136911,1142329.87,9080075.2
136912,6385.45,237669.29
136913,26882.13,679359.59
136914,1560.0,57831.58
137001,3901.0,0.0
137002,0.0,1531.11
137003,1014.0,39240.93
137004,20128.0,300216.65
137005,81206.0,771886.53
137006,17479.0,120054.96
137007,17356.74,1272215.52
137008,0.0,288202.2
137009,10871.7,530679.03
137010,813772.45,1381443.91
137011,0.0,50929.33
137012,1040.0,23834.58
137013,3757581.83,2117383.43
137014,77422.0,72244.56
137015,61016.0,1680.0
137016,9839.81,43292.93
137017,9734.0,342504.62
137018,0.0,67250.93
137019,133829.74,3655184.02
137020,201718.0,59377.54
147101,0.0,64438.54
147102,476407.0,405026.41
147103,248684.51,392581.0
147104,0.0,2286.0
147106,1053213.0,2219280.0
147107,0.0,12246.0
147108,4017593.0,88123628.0
147109,22296.0,17344.0
147110,0.0,7823.84
147111,0.0,9552.0
147112,1026825.0,10722.0
147113,42279847.0,18010499.76
147114,92120.0,5925170.0
147115,335271.0,48193.9
147116,579439.0,688950.0
147117,11574.0,697688.63
147118,28419.0,307051.0
157201,2990.0,0.0
157202,0.0,6398.97
157203,0.0,1184.24
157204,6193220.52,147724.05
157205,0.0,1226.41
157207,0.0,1971756.69
157208,0.0,734286.39
157209,33277.2,179070.76
157210,0.0,494456.64
157211,4158.0,77307.86
157212,590575.0,10345298.03
157213,311997.2,1081822.9
157214,4007918.05,35048811.22
157215,562345.0,1863884.52
157216,40837.21,3493489.84
157217,19869.0,992697.38
157218,0.0,8902.0
157219,0.0,1464035.62
157220,0.0,252485.0
157221,0.0,47813.54
157222,0.0,89801.04
157223,0.0,695247.62
157224,0.0,5313.14
157225,0.0,333072.06
157226,0.0,124189.0
157227,0.0,1965.14
157228,6241.0,566690.28
157229,0.0,17497.0
157301,125855.0,470354.98
157302,0.0,2134986.33
157303,0.0,345148.61
157304,344104.88,72602645.64
157305,1861560.0,22022276.78
157306,1564825.26,23780782.8
157307,441961.39,12778287.2
157308,919391.0,33039607.99
157309,719668.4,11688641.54
157310,225865.02,6114320.89
157311,722813.38,13634195.33
157312,1684951.93,879004.9
157313,631512.0,3007618.9
157314,635102.57,1279575.01
157315,0.0,1166335.16
157316,0.0,141670.71
157317,2253703.62,1298109.97
157318,1859642.04,7523478.96
157319,9840.0,39712.0
157320,0.0,777146.95
157321,367436.66,1119891.99
157322,13023.0,4380.0
157323,409153.47,2118265.19
157324,15330.0,1042311.32
157325,0.0,924759.33
157326,156962.79,10419507.48
157402,3933307.46,0.0
157403,29641638.87,26495.22
157404,4898607.0,0.0
157407,183728.0,428803.04
157408,1060127.02,906633.44
157409,963535.0,277572.91
157410,0.0,31746.24
157411,0.0,1205253.56
157412,67708.0,1273604.63
157413,0.0,169856.64
157415,0.0,25997.1
157416,0.0,42602.0
157417,0.0,6215.0
157418,0.0,175698.23
157419,0.0,473761.62
157502,0.0,5000.0
157503,0.0,20556.0
157504,0.0,12785.0
157505,0.0,1000.0
157506,1319.0,0.0
157507,0.0,1614.0
157508,30038.0,96636.0
157601,84330.33,2840.11
157602,2574331.0,24650.73
157603,0.0,19497.84
157604,18386355.28,5285150.77
157605,113546.0,312115.98
157606,3347212.0,1481774.72
157607,24093.0,1689779.56
157608,14237.52,60721.8
157609,58285.0,117268.81
157610,1276905.0,7456548.44
157611,369277.0,367628.13
157612,800732.0,12477045.28
157613,51705.0,2549773.74
157614,2080.0,2060286.99
157615,680323.0,1182251.2
157616,106752.72,1028597.12
157801,7586.0,1542459.02
157802,157655.59,6774.39
157803,0.0,1454.0
157804,0.0,145695.21
157806,0.0,59749.39
157901,0.0,69183.0
157904,0.0,21681.26
157905,0.0,53979.17
157907,0.0,140231.19
158001,0.0,2808.0
158002,0.0,12438.0
158003,0.0,12671.83
158004,137599.0,41307.85
158007,0.0,5148.0
158102,0.0,31603.0
158105,0.0,2000.0
158108,0.0,53684.0
158111,0.0,4333.14
158201,2297.38,168847.11
158202,0.0,241491.52
158203,5130.95,123036.06
158204,105377.0,145461.06
158205,13966.0,1051693.0
158206,236447.62,588610.06
158207,423433.0,3576014.03
158208,2783.0,191138.56
158209,0.0,11211.0
158210,2860.0,7682.71
158211,19020.0,309855.05
158212,186100.0,2150802.99
158213,12037.0,52330.83
158214,13933.0,83146.98
158215,61946.0,476325.38
158301,344946.0,2657246.07
158302,669667.35,14581143.09
158303,60142.0,432177.14
158304,46460.47,257291.84
158305,8104.42,82539.78
158306,162801.0,226154.07
158307,1126.0,289929.66
158308,0.0,2418202.52
158309,84387.0,822253.48
158310,55490.0,344984.75
158311,61066.0,2131900.17
168402,16005.0,537295.11
168403,0.0,83144.91
168404,0.0,1031743.13
168405,0.0,114211.0
168406,652616.0,1558477.3
168407,10804298.0,9040125.98
168408,301443.0,2504897.06
168409,5640340.42,26092263.86
168410,0.0,22480.0
168411,40366109.08,174418406.47
168412,2402418.56,1495169.81
168413,9756483.15,53482988.87
168414,2852639.0,55819061.06
168415,7984872.06,55608161.33
168416,0.0,3170208.79
168417,38369.0,2653870.36
168418,3796335.06,27752546.51
168419,4656.0,22808708.81
168420,0.0,180685.0
168421,8810981.5,23989840.46
168422,349551.87,3648961.13
168423,194520.0,647843.71
168424,363904.56,4194312.58
168425,235809.85,852837.58
168426,4123354.0,112894659.12
168427,643242.0,3433557.09
168428,647582.0,2172626.93
168429,10925739.0,22294526.24
168430,239015.0,5141036.79
168431,52014384.12,231491293.23
168432,469814.0,941515.06
168433,13914.0,338848.82
168434,1365.0,68869.3
168435,0.0,47388.0
168436,7547.0,2643344.71
168437,2080.0,1088021.99
168438,50937.0,6244034.71
168439,0.0,967412.66
168440,67041.0,22883.75
168441,0.0,1273961.53
168442,28240.0,66655.0
168443,92257.0,6837519.14
168444,0.0,28744.34
168445,0.0,236747.0
168446,0.0,45154.0
168447,12479.0,63638.0
168448,0.0,174564.0
168449,0.0,23995.0
168450,1137428.0,5262615.7
168451,43012.0,789355.31
168452,1190881.0,2836433.8
168453,0.0,35299.0
168454,24896.71,819022.91
168455,0.0,253055.76
168456,0.0,14711.0
168457,0.0,206139.0
168458,14663.0,641989.0
168459,1222730.0,1492466.7
168460,5375.0,619276.0
168461,9825.0,233676.0
168462,763455.0,1156068.23
168463,0.0,262396.74
168464,70388.0,3116888.61
168465,0.0,408747.59
168466,20606.0,1474735.91
168467,8479.0,214141.33
168468,1819653.0,2012720.55
168469,0.0,702319.64
168470,63137.0,447296.34
168471,1982156.4,11166822.72
168472,44328.0,1185451.51
168473,3247777.84,50922370.88
168474,1958955.0,6025238.91
168475,0.0,298476.0
168476,4425.0,11000.0
168477,130180.0,2288086.11
168478,0.0,478070.0
168479,925282.89,16225413.5
168480,100796.0,1050006.37
168481,3822775.42,72204629.24
168482,38370.0,1695892.49
168483,3155599.0,6656767.72
168484,3264.0,6025952.8
168485,86958.0,3288221.9
168501,3936782.0,3451181.05
168502,2004037.0,11106916.0
168503,449386.32,5713790.69
168504,1426249.0,13746833.38
168505,0.0,269806.0
168506,1700986.25,2874671.62
168507,20458167.98,9905171.35
168508,2198.0,387534.07
168509,3509122.0,6733618.46
168510,699355.0,1463189.45
168511,1310082.0,9571771.48
168512,546454.0,5905041.24
168513,1554323.0,2799730.13
168514,0.0,643977.21
168515,427773.0,1562455.36
168516,3327661.22,6165614.04
168517,2371890.07,30293222.15
168518,913560.0,3664228.9
168519,106679.0,792805.97
168520,108022.0,727478.0
168521,29617395.0,24935635.05
168522,11239.0,188511.0
168523,1289493.93,1956164.7
168524,1069392.88,3654007.72
168525,4520034.79,16316011.15
168526,3888966.0,690120.53
168527,7001319.0,11645883.56
168528,7743073.0,17929517.87
168529,23873638.51,47805677.84
168530,141658.0,1193046.84
168531,29428.84,3903892.94
168532,1656.0,387500.34
168533,29742.0,201670.95
168534,394839.0,42257.23
168535,268131.0,4448520.13
168536,8145277.41,41882030.06
168537,643404.0,18113045.69
168538,237306.0,4118729.01
168539,346017.0,2906631.79
168540,596527.04,122689.06
168541,0.0,556091.1
168542,53192.0,547540.31
168543,365196.23,1878869.59
168544,14474878.56,34913590.06
168545,0.0,48005.24
168546,3120.0,720628.02
168547,62962.0,598883.6
168548,1195283.0,340322.2
178603,0.0,27540.0
178606,0.0,16138.0
178607,0.0,4069.0
178608,0.0,3659.0
178609,504633.0,108291.85
178701,142613.74,7062290.87
178702,14723645.91,48220249.64
178703,409345739.54,860235896.25
178704,35164749.02,181811466.43
178705,1908423.0,9768268.06
178706,53141.0,908486.0
178707,1144.0,2096460.78
178708,146551758.33,221621641.88
178709,31126.0,97588.38
178711,219474.0,1202228.0
178712,665464.0,3035241.16
178713,0.0,23455.68
178714,1536355.0,2818421.34
178715,2899.0,63980.25
178716,4463662.13,17418841.6
178801,0.0,3042.0
178803,49988071.0,24264971.25
178804,5262.0,13622.86
178901,1513964.0,1958856.75
178902,37605.0,378875.12
178903,2189122.0,4309814.94
178906,6208.0,139265.0
178907,4970.0,6750.66
189001,8519.0,314935.4
189002,0.0,297413.79
189003,16985.0,448104.41
189004,34135.0,1029424.91
189005,11673.0,262647.3
189006,9020410.0,14653351.0
189007,226963.0,311453.0
189008,20371.0,207559.2
189009,1742600.02,7291817.1
189010,179047.0,1222800.13
189011,0.0,155375.08
189012,0.0,85426.4
189013,830364.0,832964.73
189014,14960818.0,3850400.0
189015,5559066.03,18657797.32
189016,0.0,24426.73
189017,152303.0,429024.0
189018,4012858.21,15374970.34
189019,52161.0,1071235.97
189020,43545.23,1332541.51
189021,10881.0,983587.78
189022,561373.45,1989857.85
189023,321299.33,1007305.74
189024,834024.0,1205953.96
189025,106330.0,1000181.62
189026,4523502.17,9604939.48
189027,522491.9,8735930.28
189028,132127.84,3231332.91
189029,110983.0,373716.25
189030,2479061.0,5627360.53
189031,4436232.0,6936071.55
189032,5406817.78,4888577.51
189033,296237.93,793812.15
189101,36490.0,629878.8
189102,6883719.11,25400487.36
189103,37136.56,312126.25
189104,5648.0,7723.43
189105,177465.51,1233563.45
189106,9941.0,59755.75
189107,0.0,33603.11
189108,0.0,42702.0
189109,0.0,43185.27
189111,0.0,58622.0
189112,0.0,11820.23
189113,0.0,3781.0
189114,0.0,38067.0
189201,345111.0,217981.41
189202,0.0,179868.51
189203,0.0,11071.0
189204,0.0,31219.0
189205,0.0,80131.59
189206,13534.0,545054.26
189207,40206.0,232819.16
189208,2633.0,0.0
189209,26172.0,151615.0
199302,0.0,12534.34
199303,11425.0,55498.0
199304,0.0,1280.0
199305,1218011.0,688930.0
199306,100408.0,939165.0
199307,57087.0,2678.0
209401,435973.32,1918202.85
209402,9886.0,2064450.29
209403,17734042.99,34866321.84
209404,13754449.69,3517143.98
209405,2110894.72,12147226.48
209406,500755.0,2872218.08
209501,30786.08,133454.52
209502,77760.0,53662.0
209503,2428161.0,9346384.0
209504,733864.0,1328792.23
209505,106798.0,907017.96
209506,77807.25,1250035.73
209507,188650.0,377097.0
209508,266662.0,2951358.39
209601,6596.0,18680.14
209602,0.0,25176.0
209603,3095203.87,1482843.21
209604,11703.0,27869.0
209605,0.0,22151.0
209606,51495.89,1948173.63
209607,27605.0,1132847.66
209608,227600.0,1809177.21
209609,15301.08,87041.46
209610,1285.03,183438.92
209611,0.0,20277.46
209612,4329.0,147729.28
209613,13081.0,47019.16
209614,0.0,51524.83
209615,15786.0,1013147.91
209616,0.0,64270.0
209617,122682.0,1454774.93
209618,0.0,137955.52
219701,50008.67,227789.54
219702,0.0,25035.0
219703,0.0,139803.0
219705,256886.0,7491.0
219706,131571.0,211808.0
