010101,558685.0,673686.62
010102,75173.53,393593.75
010103,4103.0,9143.0
010104,7904236.54,29960311.18
010105,70656.4,970483.33
010106,14286089.99,4812848.85
010201,54147.0,2306807.57
010202,477994.96,18335525.22
010203,0.0,310193.21
010204,132305.0,14234699.98
010206,342043.0,408096.45
010207,8238092.0,52610619.7
010208,0.0,92653.01
010209,0.0,1686.57
010210,11859.0,292959.71
010301,1028615.0,20963.0
010302,63625443.13,4329462.86
010303,56312133.78,3959828.77
010304,5432289.09,443082.82
010305,4781531.71,891225.49
010306,12561177.97,2544461.49
010307,23003568.07,938749.65
010401,4314401.06,17058508.59
010402,113270608.7,112547949.24
010403,76181.62,6930246.12
010404,14200.0,104192.06
010405,2727173.79,7532972.97
010406,311374.0,26223578.6
010407,493958.81,2796125.83
010408,167305.0,31035.0
010409,12156.03,744810.38
010410,4117.0,10730.0
010504,5000.0,2502.0
010505,0.0,2003.0
010506,5085.56,0.0
010507,0.0,2012.0
010508,29400.97,0.0
010511,99121.02,14975.33
020601,0.0,46358.0
020602,214169.07,457350.45
020603,6547.0,3395659.38
020604,8890.0,59906.67
020701,79628.0,5281389.34
020702,146239.21,2337899.99
020703,152954.03,8448580.04
020704,140361.22,1734379.49
020705,92432.0,914715.64
020706,595207.0,2050358.98
020707,70905.0,511187.38
020708,7685214.43,365208.18
020709,2147360.09,2893562.79
020710,97462.28,1232393.63
020711,0.0,3883.41
020712,0.0,67273.66
020713,20615.66,2871641.9
020714,20463.0,30864.98
020801,98978.73,595616.72
020802,1539.0,279959.45
020803,517450.96,1384000.43
020804,1203503.17,9326570.97
020805,321786.44,13848636.9
020806,18808.73,3149111.1
020807,52317.61,2916579.61
020808,219211.46,9903112.18
020809,13091.0,389013.13
020810,26222.04,1371773.98
020811,0.0,50233.64
020813,0.0,240414.14
020814,0.0,1116.0
020901,29764.0,1746964.43
020902,7848011.93,16193878.4
020903,0.0,6907.42
020904,17349.0,308953.78
020906,0.0,139770.37
020907,3632.0,86443.9
020908,0.0,1060844.54
020909,1154.0,198287.47
020910,216454.0,4745154.94
021001,2134399.92,27799866.61
021003,15121.0,6171124.14
021004,7699.46,39318.41
021005,0.0,19444849.14
021006,713705.03,55625166.63
021007,0.0,14924.0
021008,0.0,19696.42
021101,22299105.82,5547013.75
021102,0.0,159436.72
021103,1536.81,240776.09
021104,1292424.1,776258.51
021105,4162.0,2339183.24
021106,18608.0,376032.77
021107,0.0,3441.53
021108,12171.47,124965.67
021109,0.0,9827.08
021201,0.0,1686230.17
021202,0.0,107289.97
021203,0.0,18337.51
021204,0.0,6285.89
021205,0.0,9949.0
021206,0.0,13392.52
021207,0.0,381357.23
021208,0.0,376366.16
021209,0.0,744264.2
021211,7283.0,70209.75
021212,2726.0,153412.0
021213,1773.6,383323.28
021214,1998832.02,4528997.08
021301,186428.71,205924.57
021302,0.0,357719.44
021401,0.0,7540.59
021404,13394.0,29205.89
031501,0.0,141019.77
031502,51923.83,2451.0
031503,3280.98,6899.0
031504,36640.0,0.0
031507,0.0,3503278.67
031509,49233.0,1218128.6
031510,0.0,376043.0
031511,10999537.29,26083920.2
031512,34140663.21,18875301.02
031513,481546.13,1637952.04
031514,46525.23,118512.27
031515,19323994.97,11211260.8
031516,1104429.0,1280828.06
031517,5254291.95,1044960.29
031518,0.0,195457.27
031519,5336658.01,17895788.7
031520,273397.23,52870.02
031521,0.0,35058.0
031522,47625.48,0.0
041601,15225.0,3698815.37
041602,63904.0,3429398.98
041603,6436.0,0.0
041604,7587295.77,2288697.16
041605,109456.0,145446.0
041701,806266.68,22682157.88
041702,22955.0,461473.45
041703,0.0,252967.86
041704,2885200.86,4586583.2
041803,0.0,37180.53
041804,0.0,433885.0
041805,9123.0,70465.22
041806,7447835.4,18923350.73
041901,2245412.7,14462449.71
041902,4897254.56,7341274.98
041903,0.0,2911.58
041904,134549.0,2050832.77
041905,20849685.28,17189835.69
042001,52952.48,1183539.87
042002,4601395.02,4449154.94
042003,580050.91,84087.24
042004,25323.66,2081603.97
042005,450755.6,9587480.22
042006,0.0,160135.9
042007,2412284.9,1482191.59
042008,76774.28,2530134.41
042009,6651344.19,37729463.07
042101,289221.0,1816154.08
042102,42322.0,1302079.65
042103,16008588.78,3860887.08
042104,144517.0,1603570.92
042105,16299.0,6152326.27
042106,917729.64,12354796.26
042201,1036031.57,8051776.09
042202,15860999.86,12871850.08
042203,0.0,4664413.41
042204,0.0,767025.54
042205,0.0,2341.0
042206,0.0,52654.25
042207,0.0,181821.26
042208,1098.0,7389104.81
042209,281574.62,223697.69
042301,501671.44,0.0
042302,144541.07,646523.99
042303,25386.0,138978.26
042304,0.0,104878.53
042305,0.0,17862.87
042306,0.0,120336.58
042308,0.0,574337.58
042309,1137347.27,4874250.4
042401,772979.22,1865.0
042402,30944626.4,37133434.03
042403,66664.0,748454.04
052501,0.0,1816989.37
052503,204973.1,0.0
052504,0.0,4741.0
052505,1569396.28,2456875.91
052506,41537.0,163114.19
052507,0.0,254748.11
052508,236198.35,1815041.97
052509,2251.08,63778.55
052510,0.0,3028.14
052511,45379.04,425615.04
052512,0.0,7535.4
052513,0.0,412464.46
052515,9637372.66,463773.62
052516,1926986.92,765539.45
052517,4311321.55,160624.34
052518,13437.63,5175.0
052520,1585128.58,983252.58
052521,2682325.74,5210.0
052522,526256.42,11440.23
052523,39435544.61,14704189.44
052524,5981.28,122891.81
052525,12895.0,13556.33
052526,1910.82,36922.65
052528,4111.4,10165.22
052529,18442.81,508484.8
052530,35253.52,276127.0
052601,1574972.61,29043049.67
052602,0.0,321601.24
052603,0.0,60565147.54
052606,440895.3,817424.09
052608,0.0,26573.1
052609,0.0,1381.0
052610,8327426.37,0.0
052615,0.0,9360.02
052616,526157.0,0.0
052618,11511.17,115528.23
052619,31910.88,0.0
052620,3040606.43,5576.25
052621,0.0,326568.82
052701,0.0,471961.63
052702,25118.32,63647.36
052703,42923.0,921628.96
052704,0.0,194669.03
052706,0.0,28992.0
052707,12719.56,639881.35
052708,0.0,2025.4
052709,12982861860.14,392103.42
052710,234378332.5,347290211.44
052711,2250173666.26,142441.97
052712,0.0,1145146.43
052713,127231.29,4476414.46
052714,1115.15,13870495.53
052715,0.0,462690.66
052716,0.0,25102.91
062801,0.0,4534.56
062802,0.0,37093.48
062803,0.0,65199.97
062804,294298.68,2338169.89
062805,14455.0,1136178.99
062806,605148.31,26357.8
062807,1694799.32,96256.95
062808,605616.62,82773.82
062809,0.0,78009.1
062810,14014.44,4350.83
062811,2696671.58,318721.58
062812,0.0,137162.09
062813,0.0,4055.0
062814,41498168.69,87555.63
062815,1665167.31,1204664.87
062816,0.0,13215.18
062817,0.0,2277.0
062818,28359.03,930671.59
062819,0.0,54807.87
062821,0.0,245047.44
062822,0.0,9860.83
062823,0.0,562649.37
062824,0.0,18374.55
062825,0.0,7616.7
062826,0.0,129203.87
062827,631618.76,1565101.25
062828,714018.79,405302.41
062829,0.0,61752.38
062831,0.0,117914.06
062832,0.0,128005.55
062833,139282.82,1459916.63
062834,0.0,187716.77
062835,4694.44,2568306.36
062836,339999.28,3652771.78
062837,0.0,302242.11
062839,2888040.42,855348.19
062840,0.0,16041.0
062841,0.0,26140.62
062842,2887976.03,52377.72
062843,0.0,33397.1
062844,241969.49,24094565.18
062845,0.0,25849.0
062846,0.0,1077.0
062847,0.0,31425.31
062849,0.0,149142.81
062850,3821.0,23000.0
062851,6997.0,95959.59
062901,252853.96,63240.52
062902,78860.16,1759148.87
062903,24820.0,405067.28
062904,4331185.46,3376763.24
062905,27076.0,623129.29
062906,0.0,26154.0
062907,274310.72,233612.4
062908,0.0,10466.0
062909,60553.36,4721616.54
062910,0.0,18313.01
062911,0.0,561428.0
062912,52020.26,4484235.14
062913,0.0,39527.0
062914,0.0,449246.56
062915,298142.75,2437435.58
062916,14294.85,242270.45
062917,0.0,147497.73
062918,11808.49,324460.68
062919,140689.0,35426.35
062920,4693.0,128282.2
062921,4154.0,1274792.6
062922,7397271.93,12845049.43
062923,12787.0,315274.91
062924,0.0,67446.0
062925,0.0,79325.85
062926,0.0,18138.83
062928,0.0,18010.0
062929,182757.0,1307009.87
062930,0.0,175620.34
062931,0.0,338833.12
062932,0.0,7823.0
062933,226989.0,748235.81
062934,0.0,146761.8
062936,0.0,756261.03
062937,0.0,102271.82
062939,55225.0,297119.75
062940,39372.0,76027.51
062941,20887819.0,609181.97
062942,2756494.0,255426.6
063001,0.0,41996.91
063002,55670.0,23050005.03
063003,106940.0,3009188.47
063004,2477114.72,87349924.67
063005,89490.0,1526649.97
063006,0.0,1471888.0
063101,361347.95,1755628.03
063102,157912252.32,4065439.41
063103,4292.21,168770.01
063104,77143.67,3844706.65
063105,1452633.21,2350418.65
063202,13697.0,204211.07
063203,0.0,33043.04
063204,1789765.0,1859446.21
063205,83993.0,17766.29
063206,77929.92,1781010.95
063207,494481.0,4417942.3
063208,5195506.64,10933339.61
063209,306533.07,2627539.67
063210,56207.0,119038.26
063211,3060.0,109612.15
063212,3554020.2,2396622.69
063213,0.0,339130.41
063214,157459.0,1736087.67
063215,6864.0,4525660.69
063301,95024.0,3358965.24
063302,25603.0,15584422.88
063303,5150521.17,16046878.75
063304,4276008.15,16715482.51
063305,267537.48,13750313.88
063306,178759.0,3856291.17
063307,2414150.5,9277654.63
063401,4565424.1,8218180.67
063402,11911446.63,31392399.79
063403,3580.0,957551.21
063404,0.0,124335.55
063405,44386.0,923151.44
063406,0.0,146226.51
063407,0.0,68564.33
063501,0.0,263844.0
063502,2016.0,7524.0
063503,0.0,8633.0
063505,13374.49,955771.64
063506,285967.76,2633696.02
063507,0.0,477051.62
063601,0.0,115808.0
063602,56044.0,1434153.48
063603,0.0,238925.2
063604,0.0,643067.61
063605,0.0,3384.0
063606,9997.0,60299.62
063701,0.0,477816.38
063702,258223.0,1961031.21
063703,0.0,734303.21
063704,0.0,225503.0
063705,0.0,36099.06
063706,41716.0,128020.51
063707,2109.0,2653172.78
063801,0.0,857873.48
063802,15893.0,86628.85
063804,2076.56,146516.07
063805,0.0,9911.0
063806,0.0,179034.46
063807,0.0,3384.0
063808,1350518.32,7755929.68
063809,18645.3,153128.79
063810,85623.0,566414.21
063811,9607128.62,7099279.82
063812,4985.0,680334.04
063813,0.0,118453.05
063814,410839.94,3954876.65
063815,6607.0,224297.18
063816,1345566.31,3243677.19
063817,3707617.53,6824965.37
063818,33700.0,8600.6
063819,16534.37,509750.77
063820,2622.69,142484.28
063821,21456.0,117928.08
063822,262448.0,4350399.68
063823,2000595.03,11192601.89
073901,7764303.45,64648950.21
073902,2252514.11,17770932.09
073903,340457.61,2239392.01
073904,1083671.89,7374952.72
073905,0.0,1089738.96
073906,12744.08,2946366.43
073907,1996011.68,17199608.0
073908,7360.0,128594.44
073909,28519.0,1375124.36
073910,0.0,477724.9
073911,16337.0,1476923.12
073912,170796.62,1423629.0
073913,0.0,2752482.48
073914,10273.0,742770.0
073915,231221.14,242039.05
073916,0.0,277929.47
073917,11558880.36,14293187.22
073918,0.0,962336.72
073919,10796245.42,7094400.72
073920,22964465.53,16792720.23
073921,21165923.68,7519362.37
073922,81051.0,1598780.8
073923,5855693.24,23074739.46
073924,9473525.33,13986339.21
073925,604615.07,1681389.62
073926,1441838.3,16132072.02
074001,1939.55,537571.83
074002,18121.85,275350.55
074003,0.0,22796.72
074004,0.0,17143.63
074005,0.0,192789.67
074006,136162.0,421868.38
074007,0.0,41920.32
074008,8001.0,870725.78
074009,324013.0,2307276.51
074010,561094.0,4444920.9
074011,2820845.24,54802969.95
074012,127487.58,318037.02
074013,1690.0,599330.54
074014,0.0,294246.7
074015,10039863.46,5425832.68
074016,858094.32,5252445.14
074017,0.0,41116.07
084101,287362.38,161870.27
084102,11116.0,0.0
084103,68102.43,0.0
084104,17977.0,187123.95
084105,13667.0,6923.0
084106,56703.0,137812.0
084107,9213.0,0.0
084109,0.0,19087.0
084111,0.0,242968.5
084201,16726.0,370494.99
084202,694243.43,10150090.91
084203,41237.0,916916.88
084204,0.0,183103.34
084205,0.0,33586.01
084206,0.0,12961.0
084301,10796.0,0.0
084302,0.0,5930.0
094401,4005.06,238468.11
094402,12912.97,488847.02
094403,0.0,3111795.54
094404,31747.62,27330.56
094405,0.0,32184.2
094406,0.0,63033.0
094407,70024.0,21193191.2
094408,0.0,1306280.48
094409,65118.06,683978.0
094410,1881.8,436831.52
094411,513100.0,10352353.27
094412,262457.0,22851670.94
094413,0.0,4790.03
094414,1965.0,190565.23
094415,192226.68,1890044.58
094416,0.0,355783.43
094417,0.0,754078.27
094418,223462.52,1199572.99
094419,3514.0,310723.68
094420,51211.0,617229.41
094421,462814.94,1202910.45
094501,0.0,2533.19
094502,0.0,1352.76
094503,0.0,96248.21
094504,0.0,98794.32
094601,112342.48,669190.68
094602,5450.86,469974.2
104703,0.0,69702.22
104704,0.0,11371.18
104705,0.0,60588.57
104706,0.0,138894.67
104707,1364912.25,44333.62
104801,2252173.43,3421844.32
104802,64210.85,8368964.18
104803,8071.51,1528558.6
104804,1582928.44,6323477.69
104805,2001468.56,5470199.21
104806,0.0,41064.1
104807,1394.95,76332.0
104808,51176.0,744414.56
104809,0.0,764038.9
104810,556464.19,7419318.34
104811,755007.04,755364.56
104812,0.0,135947.8
104813,0.0,25603.19
104814,40281.0,167241.5
104816,52141.0,304143.87
104817,83340.34,594303.85
104818,2734981.15,36842460.1
104819,2463298.47,16924269.94
104820,313224.92,2085471.58
104821,262348.04,1343987.33
104822,0.0,124651.99
104823,445913.65,2822960.86
104901,2656246.19,5253534.86
104902,312536.38,3593865.78
104903,5693.0,15190.99
104904,1815.0,4501.0
104905,3911.0,17955.0
104906,0.0,4317.0
104907,0.0,1431335.42
104908,0.0,21550.25
104909,0.0,522738.27
104910,8113.69,110303.72
104911,1661698.15,6620571.3
115002,4591.0,0.0
115003,0.0,1246.0
115005,0.0,199154.0
115007,0.0,949504.2
115101,0.0,2151.0
115105,0.0,3584.0
115106,0.0,9524.0
115108,0.0,1711.0
115109,0.0,71974.0
115111,0.0,79084.09
115112,0.0,991366.6
115113,0.0,1277.0
115201,335298.44,46249.54
115202,19369.48,39888.5
115203,0.0,62070.83
115204,1537757.13,314612.22
115205,91442.0,96363.0
115206,1218.38,0.0
115207,0.0,12731.91
115208,534123.0,4531991.86
115209,22121.0,1655317.9
115210,0.0,469154.48
115211,1376.0,225731.12
115212,5810.0,64386.45
115301,0.0,6502.56
115305,0.0,534842.77
115306,0.0,3441.0
115308,0.0,101355.02
115309,0.0,24836.4
115310,0.0,17122.12
115311,0.0,4686.0
115401,1581080.77,826133.92
115402,279407.0,757301.24
115403,2391.0,460774.0
115404,0.0,265295.63
115406,19658.0,17605.0
115407,60491.0,11402790.57
115408,0.0,382822.12
115501,0.0,63792.2
115503,0.0,109095.65
115504,0.0,4000.0
115506,10240.0,4962.0
115508,314300.0,1372215.65
115509,0.0,147989.0
115510,0.0,34699.0
115511,11495.0,28064.96
115512,1189724.0,3658415.58
115513,12098976.0,7728659.19
115514,54824.0,528919.08
115515,5085.0,2159268.56
115516,10575.0,992111.29
115601,5611.0,134060.07
115602,0.0,707254.12
115603,0.0,440668.21
115604,4144.0,42856.17
115605,28574.0,29205.23
115606,0.0,22945.0
115607,312282.0,902266.7
115608,866397.0,1689792.83
115609,0.0,279170.59
115701,4737.0,462628.98
115702,215397.0,4648191.38
115703,306052.91,5804750.93
115704,0.0,90179.24
115705,3171.0,1278424.96
115801,4705.0,501459.0
115802,13203.0,36793.03
115803,1359.0,7698.0
115804,4931.0,311302.96
115806,58239.0,150656.86
115807,23861.0,192942.83
115808,13305.0,163543.02
115809,0.0,92557.0
115810,0.0,244801.58
115811,0.0,17604.45
115901,0.0,49201.11
115902,0.0,8230.0
115903,22188.0,94145.95
115904,0.0,4118.0
115905,0.0,4684.81
115906,42294.0,244585.33
115907,2543.0,197416.99
115908,0.0,24000.0
115909,0.0,252295.34
115910,0.0,62701.2
115911,2652.0,454347.02
116001,4688.0,226233.2
116002,1237.0,545065.86
116101,30867.0,118946.0
116102,171233.0,97641.25
116103,395228.0,490291.35
116104,875359.0,927375.84
116105,4991608.76,1778677.9
116106,120064.0,1036254.38
116107,153273.0,2713760.26
116108,9450766.81,1314112.81
116109,3788871.98,2786307.86
116110,5277242.0,278820.19
116111,33222723.0,3579562.82
116112,62886.0,1265933.67
116113,24195.0,526329.94
116114,16991039.0,314821.69
116115,0.0,575750.31
116116,0.0,76057.73
116117,0.0,174502.78
116201,140385.0,465496.05
116202,43149.0,334309.0
116203,28873165.98,10261330.88
116204,19070231.35,13959856.63
116205,879490.01,1338543.51
116206,163520.0,774461.02
116207,146383.0,589058.53
116208,337469.0,1324734.37
116209,686653.6,5429820.31
116210,78356.0,1683374.77
116211,69806.0,1856563.59
116212,72966.0,718990.8
116213,2312.0,16204.5
116214,1178.0,591443.8
116215,3901.0,45482.0
116216,3501.0,228478.72
116217,34343.0,698007.72
116301,331769.0,5910442.57
116302,4072156.72,3147389.58
116303,21239.0,793302.06
116304,33915.0,1253323.77
116305,1446407.08,553019.44
116306,2985144.0,3573225.35
116307,43353.0,906410.25
116308,0.0,1985.14
116309,208387.6,434746.81
116310,0.0,16088.72
126401,105252.0,126577.03
126402,201530.0,2699537.31
126403,3122975.21,11753025.69
126404,26057.0,1478971.76
126405,0.0,230169.82
126406,8169.0,547346.3
126503,0.0,18605.83
126504,6840.0,50371.67
126505,86556.0,1743665.06
126506,11045.0,352808.23
126507,0.0,35332.8
126601,87539.0,417257.14
126602,0.0,1854.83
126603,11729.0,4139.0
126702,47854.0,346065.17
126704,0.0,6264.96
136801,12518650.21,48858.2
136802,34410241.05,7724163.68
136803,49080.06,110377.33
136804,186113.0,420917.68
136805,0.0,864245.99
136806,1082.39,1204574.53
136807,120505.04,3708657.31
136808,114438.88,44405.32
136809,2974.19,1664943.82
136810,1233080.91,1153117.59
136811,660999.54,2488195.11
136812,0.0,84793.67
136813,228099.0,7080210.12
136814,0.0,18712.0
136815,3151.0,315409.33
136901,45808.16,214297.77
136902,66270.9,1615991.54
136903,3847.0,609808.2
136904,880992.43,289342.43
136905,14874.19,107487.65
136906,405384.89,39399.26
136907,294179.62,3281343.05
136908,28849964.08,27074952.93
136909,0.0,215765.05
136910,2201616.47,6277314.93
136911,156974.0,3018312.69
136912,7016.0,518792.92
136913,40091.05,756399.96
136914,4046.4,362138.51
137001,0.0,498005.87
137002,0.0,1218788.48
137003,3118.1,1601546.93
137004,30494.0,439402.02
137005,0.0,2451649.94
137006,0.0,14074.05
137007,170445.77,10497273.8
137008,0.0,4163.0
137009,195428.02,1132928.69
137010,4812050.86,721062.86
137011,161350.0,355803.03
137012,0.0,14172.0
137013,1657010.06,3576349.73
137014,0.0,125071.9
137015,0.0,5362.76
137016,0.0,279795.01
137017,1243.0,285173.66
137018,1420.0,158398.48
137019,2263295.64,17114918.52
137020,347917.0,661288.77
147101,0.0,52356.0
147102,0.0,256949.51
147103,0.0,14883.0
147104,0.0,96010.0
147105,0.0,12515.0
147106,10403.0,1951411.58
147108,5733560.75,42802731.65
147109,0.0,34775.0
147110,0.0,503986.0
147112,16517.0,5384.0
147113,2191104.24,35494696.65
147114,181879.0,5766397.0
147115,0.0,460848.0
147116,13485.0,27566.0
147117,17018.27,812821.29
147118,0.0,805335.21
157201,0.0,311039.65
157202,0.0,372993.48
157203,0.0,2339250.91
157204,18992764.02,14791903.05
157205,0.0,387612.94
157206,0.0,2545935.93
157207,0.0,14970185.34
157208,14579.1,10111042.91
157209,0.0,3241660.94
157210,22000.88,6552674.59
157211,2375754.0,5909777.44
157212,8784795.32,6068492.73
157213,14964865.56,31962965.49
157214,9889216.94,35766786.04
157215,0.0,2554391.7
157216,74924.36,9361186.05
157217,1106021.93,10132160.84
157218,0.0,23124.0
157219,0.0,15479069.63
157220,0.0,32605.98
157221,0.0,3862735.17
157222,9021.0,2037077.81
157223,11323192.0,1147105.39
157224,1672.0,12860.43
157225,0.0,511078.46
157226,0.0,1259037.46
157227,0.0,13524.06
157228,51432.87,445412.53
157229,0.0,292393.77
157301,353988.83,8336791.09
157302,73418.63,2286930.16
157303,2432333.15,15637748.25
157304,12885469.66,194724549.13
157305,53311775.37,18728476.6
157306,35883088.82,37773556.31
157307,432201.26,20938383.53
157308,5942111.2,62308828.4
157309,220517.98,7410034.09
157310,1025989.98,13824900.98
157311,1496020.57,3383285.98
157312,1656967.12,2070963.24
157313,176296.93,719791.03
157314,572303.27,2630198.9
157315,7802.0,944095.76
157316,4628.0,53556.23
157317,1026721.07,1541247.69
157318,284498.0,6561494.95
157319,0.0,114235.19
157320,35126.0,987995.53
157321,84977.0,2099359.11
157322,0.0,146253.82
157323,99505.0,1837637.97
157324,324869.0,1067978.53
157325,119663.46,2519005.46
157326,853447.96,13280090.78
157401,294603.0,4650.0
157402,1061927.14,0.0
157403,87680783.03,5845933.64
157404,651361.75,0.0
157405,0.0,24231.0
157406,700382.0,13168.0
157407,11340746.0,16993717.88
157408,10831920.85,39548758.41
157409,3240025.0,1168094.03
157410,12484.0,77612.0
157411,1374.0,1155917.8
157412,2601.0,957661.98
157413,1692914.0,654274.47
157414,0.0,502027.3
157415,0.0,600722.29
157417,0.0,4855.0
157418,179389.0,3031934.08
157419,1053614.0,496587.22
157501,0.0,7282.0
157504,0.0,3919.95
157505,0.0,218828.0
157506,0.0,3129.0
157507,0.0,173266.3
157508,18608.0,592099.96
157601,211644.64,349648.42
157602,2666043.18,0.0
157603,0.0,104982.0
157604,19435905.17,32173179.29
157605,0.0,10903495.41
157606,6979378.55,6298628.52
157607,1475796.32,4306549.03
157608,5772.0,1704269.3
157609,0.0,582407.97
157610,3897901.83,4223509.65
157611,0.0,3086094.83
157612,2713732.0,18145160.86
157613,25379.0,17624699.21
157614,140163.0,9987871.26
157615,233838.0,2571947.5
157616,93226.0,3703440.83
157801,0.0,4783259.54
157802,151008.72,0.0
157804,0.0,146282.86
157805,0.0,16626.86
157806,1243.0,49092.08
157901,0.0,5117742.0
157902,18424.0,0.0
157903,283935.0,724655.59
157904,121020.0,553370.18
157905,0.0,196641.57
157906,108151.0,745263.37
157907,162025.0,300121.64
158001,0.0,5487.0
158003,0.0,8658.0
158004,0.0,206389.0
158005,0.0,8706.0
158006,0.0,8619.0
158007,1515.0,171776.75
158101,0.0,3007.0
158102,0.0,66942.0
158104,0.0,95615.36
158105,0.0,2000.0
158108,2011.0,22485.75
158109,0.0,1552.0
158110,0.0,1056.02
158201,4773.37,227996.67
158202,9117.0,524819.11
158203,36062.0,191808.35
158204,28878.0,1260903.66
158205,118602.0,1845485.57
158206,4260.0,226187.67
158207,224576.0,8856028.8
158208,2000.0,187783.27
158209,0.0,29860.0
158210,0.0,248321.88
158211,27770.0,432125.8
158212,18049.0,2347612.61
158213,0.0,47933.72
158214,42388.0,149165.22
158215,35343.0,439703.55
158301,186066.0,2612964.39
158302,1266418.78,15444703.63
158303,1287.0,174609.39
158304,272612.0,400945.01
158305,0.0,273507.79
158306,16713.0,592659.13
158307,1244.0,533774.14
158308,0.0,196846.02
158309,18700.0,762940.78
158310,2226.0,563477.07
158311,86759.0,2270944.08
168401,0.0,55899.65
168402,0.0,43187077.59
168403,0.0,3397266.46
168404,0.0,15635968.88
168405,83927.0,922304.19
168406,1299758.0,7189303.02
168407,557016.52,7906300.35
168408,276210.28,2418378.93
168409,2888738.77,42096764.18
168410,1642920.0,283390.34
168411,30026892.1,81640190.5
168412,167931.0,3453236.67
168413,4209109.49,56494675.52
168414,1306166.14,35258568.96
168415,4708828.69,50773230.61
168416,20849.0,573416.18
168417,13688.0,3023227.5
168418,4227390.29,22936068.87
168419,1001921.0,43307407.39
168420,78612.0,563758.96
168421,2977936.14,27553989.43
168422,174875.0,5445297.96
168423,12915.0,1318879.43
168424,374852.58,9550677.6
168425,802618.0,1747045.28
168426,1996.0,23868847.42
168427,0.0,8757311.18
168428,275066.0,12719478.53
168429,165547.0,74234158.86
168430,1020161.0,9753510.14
168431,26028919.01,274492518.97
168432,173246.0,374122.6
168433,53818.0,976521.6
168434,0.0,1598047.71
168435,0.0,158946.63
168436,0.0,379801.12
168437,2375.0,88984.64
168438,7849.0,2082882.18
168439,19550.0,861823.21
168440,0.0,667016.11
168441,15354.0,1696059.37
168442,51385.0,765766.95
168443,47838.0,5225677.77
168444,0.0,11561.0
168445,0.0,1004255.75
168446,0.0,671170.0
168447,0.0,242360.84
168448,61997.0,435511.59
168449,1052.0,18185.0
168450,737732.0,4177422.0
168451,7381.0,878606.07
168452,450872.0,958355.7
168453,3979.0,8196.0
168454,435120.0,145305.74
168455,0.0,309510.07
168456,4922.0,302793.71
168457,0.0,4262639.02
168458,13087.0,958567.73
168459,35382.0,2825543.45
168460,5904.0,336368.84
168461,23530.0,382474.01
168462,1180930.0,1073136.53
168463,13704.0,2550237.99
168464,88477.0,5612558.99
168465,1387540.0,3337277.75
168466,204815.0,4050968.52
168467,550381.0,3327241.4
168468,1083582.0,640516.55
168469,0.0,484698.15
168470,17396.0,538952.9
168471,1004545.18,54541519.37
168472,33763.0,3735056.31
168473,2022566.6,76210815.82
168474,233306.24,21838846.48
168475,0.0,377270.5
168476,2326.0,123357.49
168477,335366.0,17642555.71
168478,14018.0,90410.38
168479,1249606.87,35144332.19
168480,138505.0,3151192.3
168481,2261645.02,57975518.58
168482,127233.02,10610472.45
168483,279707.0,8613384.07
168484,584533.7,6493283.11
168485,538362.0,4173310.61
168501,1248710.0,6203536.83
168502,4845223.76,21455524.44
168503,674740.39,4429656.25
168504,1524671.52,47801553.17
168505,65897.0,262040.41
168506,863305.0,966092.7
168507,18395957.66,10417936.98
168508,14551.0,1827837.64
168509,456584.0,3365816.99
168510,363168.0,614157.06
168511,1197609.0,8501873.69
168512,403819.0,7757227.86
168513,59892.0,1119324.61
168514,13956.0,620193.87
168515,22677.0,2328821.85
168516,1855615.92,7910863.99
168517,3821229.04,100996368.09
168518,823088.22,3350379.15
168519,212620.0,1248753.58
168520,484924.42,2045904.65
168521,6127478.22,11931095.15
168522,343621.27,2136667.66
168523,491048.0,1876219.72
168524,518885.55,9194105.36
168525,2997424.48,62626691.56
168526,3036835.0,5710525.59
168527,2570389.99,8254860.16
168528,11469632.78,23210044.39
168529,16828937.78,49621312.8
168530,4726.0,820451.71
168531,44969.0,3277910.72
168532,80717.0,1251168.57
168533,60254.0,294347.81
168534,509168.0,869036.17
168535,971272.0,9557106.97
168536,9410031.81,56485949.32
168537,1265833.0,32829585.78
168538,136407.0,6757232.27
168539,1132753.9,4326275.67
168540,13636.0,269934.61
168541,118349.0,796560.53
168542,125475.0,4708182.34
168543,735017.0,3530037.37
168544,63734771.52,64185562.76
168545,0.0,1344071.03
168546,0.0,6208025.45
168547,168473.0,2095834.64
168548,0.0,375076.85
178602,0.0,12416.0
178603,0.0,15793.0
178606,0.0,70714.0
178607,0.0,20093.92
178608,0.0,463351.95
178609,144133.13,486382.81
178701,0.0,26333855.03
178702,2039762.0,88705497.09
178703,35011097.0,1245827225.65
178704,6214265.0,213206704.99
178705,16126.0,14542791.14
178706,0.0,71325.0
178707,10853.0,6924192.9
178708,1758144.0,256496648.78
178709,18791.0,549886.12
178710,92294.0,0.0
178711,116787.0,2325604.86
178712,19358.0,426940.5
178713,0.0,79825.14
178714,283477.0,332595.37
178715,0.0,262649.65
178716,343776.0,15731689.33
178801,0.0,9373.33
178802,10667326.0,1731334.0
178803,59978835.18,87725097.14
178804,92662.0,833186.0
178805,30073.0,247531.0
178901,52086.31,3116.0
178902,283103.0,1688471.0
178903,173395.09,6618565.45
178904,6887596.0,23438273.0
178905,3560260.0,4540869.31
178906,13004.0,360501.83
178907,1461824.0,998080.57
189001,3308.0,2003308.88
189002,152852.0,1059233.82
189003,11692.0,84528.09
189004,144162.3,867482.2
189005,3121.0,315655.38
189006,2080622.0,4590112.96
189007,15816.0,894007.0
189008,17153.0,94651.56
189009,173279.0,5885923.63
189010,107478.0,993031.26
189011,0.0,514251.07
189012,0.0,41073.0
189013,258470.0,651707.23
189014,11259733.0,5592557.49
189015,418276.0,13775790.85
189016,0.0,123434.15
189017,30609.0,222352.4
189018,1717525.71,20857180.23
189019,32891.0,367850.54
189020,57400.0,302328.32
189021,13675.0,721650.03
189022,120815.0,5940277.76
189023,44530.0,836398.85
189024,424472.0,319563.77
189025,164691.0,1035678.63
189026,834459.23,16788505.96
189027,129587.0,6447939.03
189028,89881.0,1633896.49
189029,72286.0,878930.14
189030,488537.95,2953026.24
189031,2608867.18,10357252.99
189032,539180.0,4202768.98
189033,58981.0,582025.9
189101,1237512.81,17246631.35
189102,821278.45,11687284.36
189103,0.0,216362.33
189104,9452.0,4000.0
189105,51248.0,1877256.24
189106,0.0,32802.86
189107,0.0,67134.11
189108,0.0,2754.0
189109,0.0,125218.0
189110,0.0,2674.0
189111,0.0,83511.0
189112,0.0,54346.18
189113,0.0,3641.0
189114,0.0,44175.24
189201,0.0,44162.0
189202,55399.0,303981.38
189203,0.0,916892.0
189204,3111.0,8368.68
189205,209779.0,247581.8
189206,45819.0,1312911.3
189207,9149.0,412298.01
189208,5251.0,150649.73
189209,0.0,255998.0
199301,0.0,5446.0
199302,0.0,287043.54
199303,0.0,45446.0
199304,0.0,14853.29
199305,522451.0,1198502.74
199306,0.0,2455111.38
199307,4305.0,81340.0
209401,2963346.19,10164074.98
209402,196991.0,1232519.89
209403,22281362.39,40762452.04
209404,6571615.91,4844632.44
209405,216616.56,25595091.39
209406,547505.08,6969357.24
209501,1361.0,1318516.56
209502,0.0,691357.87
209503,678610.0,7692686.54
209504,106511.0,966269.18
209505,671630.58,641764.92
209506,48540.0,2438511.46
209507,1833.0,293992.77
209508,1112.0,1828462.51
209601,0.0,2187.0
209602,52548.0,76150.4
209603,1305724.77,2011392.53
209604,0.0,5867.02
209605,9890.0,360454.78
209606,2730.0,634523.48
209607,9700.0,378285.57
209608,127395.0,1960280.69
209609,0.0,100667.44
209610,0.0,160674.81
209611,0.0,32548.06
209612,0.0,618525.45
209613,31454.0,12727.75
209614,4604.0,36734.93
209615,5462.0,116175.91
209616,0.0,408283.87
209617,8583.0,916420.62
209618,0.0,44373.0
219701,25995.5,3558723.19
219702,3901.0,1186854.39
219703,1165.0,111370.64
219704,0.0,3847.0
219705,33714.0,2070020.58
219706,222168.0,11137.0
