010101,1714743.13,1463934.65
010102,40632020.02,23907387.26
010103,435257.52,9187.88
010104,402348.06,11537.0
010105,10167119.6,4160316.17
010106,5656242.4,1899701.67
010201,314395.56,2486075.42
010202,5148958.89,1368297.93
010203,1018680.59,7955314.29
010204,63429.81,34201.91
010205,22845.0,493826.6
010206,559742.07,2199350.86
010207,10082148.17,12802840.98
010208,13844936.21,736341.57
010209,232415.0,594447.93
010210,196777.32,118233.54
010301,23257150.78,1030352.69
010302,674446.58,541089.68
010303,633267.93,3955213.13
010304,1831665.36,14140260.85
010305,248095.0,1358498.09
010306,21502.0,66283.88
010307,1065028.43,411474.02
010401,3199139.45,3559990.76
010402,125478090.27,1180615.75
010403,5331721.1,4426721.92
010404,2212589.85,678307.33
010405,48329441.79,954844.12
010406,25990751.58,38042962.95
010407,4066802.61,2806252.73
010408,3795367.09,825112.32
010409,6601133.22,422734.69
010410,63430.03,76495.0
010501,0.0,2763.77
010502,23108.0,2214573.62
010503,3873.0,186773.0
010504,1159218.45,12048697.55
010505,1593364.96,376368.61
010506,105516.05,13415.0
010507,81144.84,5794.0
010508,524477.72,46143.02
010509,3160.87,4512.0
010510,295203.78,0.0
010511,2379395.37,4576840.52
020601,155200.96,1405074.25
020602,2830453.64,11101221.09
020603,153052.69,16645618.94
020604,908464.75,2021678.48
020701,2724185.33,22202660.23
020702,34902.77,5080869.17
020703,177386.33,7513770.64
020704,92439.85,1534361.36
020705,7254.0,302507.77
020706,48984.91,3197314.53
020707,13425.05,7603245.45
020708,656226.26,269196.18
020709,626822.52,12529104.44
020710,398452.94,5490448.09
020711,909808.0,3298553.57
020712,1194148.58,2938450.16
020713,21547548.16,6063584.17
020714,6816.0,3716.44
020801,183785.89,376088.18
020802,1155505.5,6225118.92
020803,395202.23,32070663.2
020804,51755.42,637879.36
020805,467050.54,4521448.97
020806,253243.17,1751415.62
020807,16903.0,3126881.8
020808,12516515.3,11973007.73
020809,5008447.24,8520048.74
020810,2571557.13,7729008.67
020811,5649203.41,2446765.7
020812,2119889.5,6281956.69
020813,286579.95,2777867.15
020814,186442.21,35410.8
020901,23835876.46,78100774.13
020902,1508532.26,3086246.25
020904,1147296.85,5204412.9
020905,5408.0,4464.0
020906,109218.84,196543.06
020907,26994.93,4964.05
020908,37689.1,59355.95
020909,1892177.85,342483.58
020910,633660.86,5562840.51
021001,144712690.65,775032.81
021002,215123.61,410260.69
021003,12320656.38,1568805.84
021004,2026209.39,21395.25
021005,210241.28,22270936.85
021006,6188077.68,2102338.75
021008,397894.28,188858.59
021101,16199486.08,557385.3
021102,34954.71,19977.2
021103,1762998.64,64605.93
021104,362147.63,689258.37
021105,213470.22,26612.36
021106,60827.25,133458.97
021107,55594259.76,1986342.25
021108,1238226.43,5765255.67
021109,2285371.63,274076.55
021201,66656.61,4507059.15
021202,181987.58,3393692.67
021203,0.0,1289.0
021204,246988.61,53931.15
021205,23541671.08,2026737.31
021206,1956275.24,4617386.43
021207,16637492.49,890738.65
021208,543858.85,344487.34
021209,12995581.01,15061051.73
021210,54841831.0,3712071.26
021211,2590471.49,5527651.91
021212,642447.42,639887.6
021213,76036.82,10730.68
021214,1333207.45,101134.55
021301,202361.38,1232738.47
021302,2459324.13,7525831.71
021401,107266.17,269417.28
021402,0.0,5654.0
021403,79802.76,6701.39
021404,134508.52,359267.08
031501,80492.92,1318788.93
031502,435567.0,1473171.68
031504,7046.92,10348.51
031505,84576.44,180569.68
031506,232282.54,3311727.34
031507,612946.42,836601.83
031508,0.0,3067.19
031509,14179.55,14229.0
031510,6229.0,0.0
031511,541951.0,5432060.46
031512,4360443.27,5598379.13
031513,169291.56,1424706.97
031514,11570254.03,6664290.66
031515,3288966.66,914712.82
031516,2517108.1,3530902.04
031517,25625595.85,1941526.98
031518,761710.8,1134108.11
031519,10217771.01,930962.38
031520,3299477.78,1478429.51
031521,108292.13,358282.32
031522,722020.75,53920.32
041601,9037075.72,4291816.78
041602,13585300.95,7862597.23
041603,10090.8,10272.0
041604,2605011.22,9422752.83
041605,84750.41,47283.12
041701,23148869.64,13663570.24
041702,7085039.83,8040614.69
041703,3723355.05,1789565.15
041704,23966240.62,26983802.3
041801,0.0,9660956.7
041802,4906.34,0.0
041803,3931.0,9237.01
041804,24906.03,1875314.21
041805,57862.69,1682537.52
041806,54605441.76,59675488.56
041901,6968261.81,22039205.11
041902,12709007.02,3957068.73
041904,730911.4,6425012.92
041905,33853497.88,30762486.31
042001,1798265.08,1456507.58
042002,922918.4,3192010.28
042003,224975.25,2080965.21
042004,809959.96,4713107.46
042005,1453846.09,6844293.25
042006,434240.46,47643.0
042007,6809140.17,6157765.97
042008,13642401.59,24872780.47
042009,14859983.47,37784952.59
042101,932104.03,12262902.96
042102,5457989.05,930998.57
042103,15904808.41,12356252.63
042104,4077308.39,13443667.72
042105,1499382.49,7866921.52
042106,10989383.35,71950637.57
042201,2609227.91,2655807.64
042202,12148268.86,12733553.78
042203,79523889.53,2746194.51
042204,1319736.68,13619877.81
042205,165134.0,66467.55
042206,575674.07,497904.11
042207,15287018.56,141230.48
042208,19606480.62,40206905.46
042209,11064.0,18619.56
042301,1536583.89,9339006.89
042302,2091752.53,145910.81
042303,5156226.0,1219922.7
042304,1126608.59,64196987.33
042305,110685.0,0.0
042306,26802538.12,2000250.07
042307,81579.52,102824.8
042308,282129.2,131528.82
042309,10368752.96,57948664.09
042401,444337.13,43315384.92
042402,55047767.5,54114184.03
042403,31049.1,3218125.82
052501,1371348.86,11908417.18
052502,0.0,17762.87
052503,454346.59,182017.63
052504,1545741.52,674025.59
052505,8689815.81,1810751.55
052506,34452.27,663286.28
052507,31959597.17,842452.87
052508,12715028.19,2478696.92
052509,82234.94,1591430.89
052510,13721.03,4168578.64
052511,53749.85,3215710.52
052512,2092521.09,1950826.32
052513,168395.54,341738.73
052514,177114.76,1520.84
052515,322866.76,519766.99
052516,2291848.06,1690754.31
052517,13805286.71,4434392.54
052518,41886.55,71677.02
052519,682952.33,6985115.95
052520,2321660.16,2751930.55
052521,2136896.07,1356695.15
052522,8532412.73,2490936.38
052523,84072800.83,12905970.74
052524,58678.09,210004.27
052525,13229.44,24418.21
052526,75646.06,1506802.28
052529,7876507.59,6152094.28
052530,943248.18,3343959.16
052601,40977.29,6717702.73
052602,36527.0,194243.72
052603,10300.0,0.0
052604,10321.0,78550.82
052606,980490.76,566935.36
052607,14373.75,0.0
052608,438429.22,0.0
052610,16928.03,959809.86
052611,1488116.66,137055.0
052612,0.0,2380.0
052614,0.0,574216.45
052615,14773.0,6238416.22
052617,9310.0,0.0
052618,1206860.65,2246.25
052619,112269.99,123330.68
052620,2955324.26,736014.03
052621,64563.93,516281.27
052701,421990722.21,86507340.07
052702,152935243.84,26051.62
052703,1063681.38,167733.15
052704,138902066.85,26943030.38
052706,6304302.88,4602556.51
052707,6152902.43,18011103.55
052708,14199283.19,228959.98
052709,27004703.78,704929452.3
052710,117356356.59,297081560.74
052711,11137086.31,15931005.51
052712,3701701.67,4810861.39
052713,14165878.82,10323909.15
052714,155953.25,148726.71
052715,1779829.59,1820704.15
052716,83260273.73,47251772.89
062801,1869371.47,532963.73
062802,50936.65,733643.48
062803,20356800.23,1449436.11
062804,5432468.57,12906140.3
062805,162502.56,320493.13
062806,1035142.76,1822676.83
062807,2926137.67,2496969.17
062808,441535.21,562979.52
062809,6231454.21,6623610.89
062810,33713.63,54363.25
062811,2853693.21,5976246.51
062812,19412.27,174412.8
062813,76614.99,35101.64
062814,10354681.18,25288591.13
062815,16796714.07,11874348.4
062816,21923.89,239196.81
062817,718211.75,4562888.81
062818,4451447.13,7978197.84
062819,163983.68,387382.63
062820,1711.0,5456.0
062821,2575684.64,1990471.85
062822,46235.96,129052.3
062823,10924853.96,274493.92
062824,33908.27,3870119.13
062825,1384301.21,1688077.92
062826,857361.43,408556.19
062827,5729827.84,4836614.16
062828,558733.32,89861.32
062829,36040.61,19001.43
062830,119184.4,370196.24
062831,5338357.22,956735.03
062832,869577.05,501467.51
062833,6939676.84,8918000.36
062834,2856303.38,1230126.02
062835,25262882.05,12819610.56
062836,3836110.94,34037368.38
062837,4534746.78,149897.1
062838,9183.49,11520.5
062839,2933392.72,2510433.26
062840,4275783.88,12442576.6
062841,1979857.17,1104257.53
062842,114146.21,177280.87
062843,1214259.01,4543413.21
062844,1332519.59,4056491.98
062845,4347.0,18104.13
062846,33973.0,1899988.71
062847,585013.76,2913572.89
062848,0.0,8846.54
062849,3594608.2,17383081.75
062850,242698.8,137661.64
062851,358945.5,120981.4
062901,104443490.64,24063401.88
062902,62312920.64,22564730.75
062903,5945274.39,9447113.6
062904,2694147.96,1816247.69
062905,19028997.6,44834205.82
062906,318973.31,1909933.14
062907,17608685.15,16303748.67
062908,4238132.51,1604275.56
062909,2595210.29,6392855.1
062910,7255036.37,512529.5
062911,13286.0,61678.66
062912,3889568.48,3783159.55
062913,17437.0,0.0
062914,2969003.78,40308402.56
062915,9816180.31,12399534.31
062916,93400348.33,5473328.67
062917,34506565.9,19804179.52
062918,20577545.26,10428867.81
062919,1901.93,21958.54
062920,222045.98,1456688.91
062921,76642422.98,13699918.17
062922,11658162.06,18290841.36
062923,8419390.49,3987957.94
062924,1715207.94,7687498.28
062925,783273.31,284134.79
062926,2999392.09,2875273.32
062927,1169743.51,836212.54
062928,6890804.15,5177276.94
062929,1426717.39,11773592.96
062930,556920.36,2858000.71
062931,465811.96,4516349.67
062932,3669856.82,2912299.79
062933,71612032.24,19819666.68
062934,3648125.14,9695679.8
062935,1765616.93,1880307.09
062936,5771892.72,14292049.21
062937,583227.09,3922399.5
062938,1789360.42,1094159.3
062939,18162081.68,1683099.82
062940,1379024.08,427100.83
062941,8184515.25,9772276.58
062942,773026.92,181285.49
063001,725683.56,3354989.41
063002,12865931.89,68049439.43
063003,4403107.2,15105979.36
063004,105009083.48,439027800.56
063005,19881117.62,8124597.62
063006,6319068.33,33445299.33
063101,238750.63,26408.12
063102,72257004.71,38187949.25
063103,43576.0,2230047.7
063104,2624227.32,2779962.18
063105,21657451.53,8097821.21
063201,176717.29,288522.62
063202,629286.51,1578097.44
063203,191415.62,696128.77
063204,69651071.84,31660052.84
063205,256999.34,761975.71
063206,39426530.3,15217109.29
063207,9316817.57,12029834.02
063208,22696822.15,90609242.73
063209,11851506.22,42098240.52
063210,1670920.97,2375523.7
063211,263414.42,62275.8
063212,2683914.61,3595598.94
063213,1680079.28,634713.75
063214,5070529.13,34255436.6
063215,6136294.48,32262475.8
063301,204785.79,2349089.9
063302,9011506.29,29481302.48
063303,7069052.66,14126470.24
063304,9424622.39,35413965.57
063305,12618399.49,20713520.25
063306,3483714.98,10423979.67
063307,5417631.06,28340607.43
063401,17175589.27,7836625.72
063402,115308494.27,78905828.74
063403,1942486.73,16593193.71
063404,1179752.62,2493527.99
063405,2159624.71,6516206.72
063406,3358282.46,3339848.27
063407,3094954.23,607530.96
063501,2118597.57,1097384.61
063502,3564708.51,97502.81
063503,1963123.35,3508934.66
063504,2340061.83,1208535.54
063505,1076871.54,1396715.5
063506,5704070.92,20519366.94
063507,4292192.36,5987494.04
063601,3395417.0,40237.0
063602,3192711.29,2990507.0
063603,10175344.0,266622.0
063604,2264686.74,2643211.15
063605,2961925.4,484705.66
063606,242109.31,58355.61
063701,3518319.74,8475791.1
063702,3845409.79,26030294.46
063703,2880723.45,8667964.05
063704,1137138.44,921820.93
063705,823797.98,1868550.0
063706,1039214.03,731857.76
063707,868217.82,5735787.81
063801,907777.49,1595089.84
063802,139043.96,2540245.34
063803,7677.0,10958.6
063804,3803672.7,61260.09
063805,91311.01,361041.08
063806,279997.43,5540578.19
063807,3019.0,36266.23
063808,18101382.91,80018425.84
063809,4311076.69,20714908.25
063810,3303378.91,1778943.63
063811,302724.5,4772463.14
063812,3801752.4,18914821.12
063813,42350.43,202792.77
063814,1314235.77,14011283.18
063815,1634467.42,8791422.64
063816,1487814.49,20145509.7
063817,10460405.0,8914953.28
063818,7195009.28,360070.31
063819,1152019.51,2024591.97
063820,1956559.09,1845329.31
063821,623158.41,882905.57
063822,7049441.3,15323771.8
063823,13463510.94,60964656.11
073901,72736529.28,64528938.6
073902,51178733.33,29240401.76
073903,71376646.13,23950760.27
073904,67475200.57,54122142.35
073905,1928919.95,12677642.09
073906,3170529.85,15777518.52
073907,36594116.02,94113917.0
073908,6428034.97,18884401.04
073909,9699864.4,31205520.41
073910,627923.42,5744418.67
073911,602215.82,10739623.47
073912,13622607.97,4408057.62
073913,833744.63,1629568.41
073914,548562.62,1278079.77
073915,2340611.34,1683509.71
073916,16135858.11,51889004.87
073917,48348710.01,116157683.74
073918,9646108.19,7406132.84
073919,5483402.16,29296850.89
073920,55761749.15,137849121.71
073921,37880575.67,70887239.21
073922,7068642.58,17230218.47
073923,73346570.43,106227894.37
073924,11863055.69,16774606.54
073925,56163315.69,28620882.65
073926,86440897.23,107990234.84
074001,825642.87,3781063.76
074002,69527395.68,55889230.05
074003,1512495.49,449513.42
074004,1142408.09,278581.78
074005,6279516.28,24412362.35
074006,642970.16,4844755.0
074007,356560.95,1660825.27
074008,11384044.92,20048417.56
074009,23527408.85,13186208.99
074010,9181248.85,34587000.55
074011,204447946.29,81000198.1
074012,6110357.82,5217308.23
074013,3776294.99,4433084.14
074014,2665477.75,1809869.19
074015,10739701.7,9662412.71
074016,61963826.51,59690563.93
074017,2400781.08,1332942.62
084101,31381955.53,23995201.89
084102,454397.69,3898940.97
084103,3265727.01,2141979.11
084104,68886839.82,90914450.36
084105,3113523.19,7810672.71
084106,3302020.05,4226198.49
084107,8912090.26,3581313.76
084108,344878.5,196763.89
084109,486145.24,899404.17
084110,227195.15,2600833.37
084111,593896.69,994200.66
084201,1475389.39,933348.27
084202,45455766.97,36091971.0
084203,16747406.25,40227553.15
084204,561651.97,1154771.71
084205,6049989.32,1788766.59
084206,286825.92,733172.4
084301,2513529.85,2608775.79
084302,8065262.21,18921966.4
084303,6469792.7,1972940.02
084304,168693.08,253939.36
094401,14656368.65,702425.19
094402,2145636.42,167869.84
094403,160048099.39,27588825.07
094404,3260890.12,733378.94
094405,260238.66,52128.34
094406,101724.22,3079367.66
094407,228541202.36,34351878.38
094408,10117595.51,21921260.95
094409,20042910.9,4838640.27
094410,43786171.62,28338510.45
094411,19834482.26,8457561.22
094412,33879000.35,11347109.29
094413,889144.73,326698.97
094414,2715870.27,986009.53
094415,63885514.14,6863210.66
094416,314440.61,51465.09
094417,3493898.84,498596.77
094418,75221794.91,21670628.53
094419,1626500.63,423101.23
094420,1187178.87,1023670.71
094421,25513278.2,7155785.13
094501,1928.35,0.0
094502,18729.84,15568.0
094503,75453.81,336302.56
094504,508863.08,576622.1
094601,57866.1,289852.03
094602,692723.71,2066067.61
104701,159551.56,33935.27
104702,617698.95,5459257.02
104703,34868899.61,60518610.43
104704,110236181.79,12423608.31
104705,21237.77,1235597.55
104706,2825962.37,10055771.63
104707,8623338.66,2414491.28
104801,34592858.25,4349001.35
104802,53889167.96,74137533.29
104803,4738140.28,2048514.43
104804,55568531.8,11868994.59
104805,51223228.02,23551133.55
104806,14685020.09,2169152.94
104807,4435240.17,4860041.06
104808,6392024.73,6224204.32
104809,9551636.2,6558755.96
104810,24493962.45,94331478.8
104811,10091561.89,59170339.31
104812,637675.95,1280042.87
104813,4812044.22,8055365.03
104814,3356500.55,3800147.6
104815,10759.07,23075.35
104816,4368331.69,2049969.48
104817,4551909.86,7622656.27
104818,18199309.07,56092890.11
104819,70932464.01,94743247.8
104820,16086851.1,13220323.6
104821,5679732.31,17084911.16
104822,4132058.14,1777745.64
104823,14226463.62,22097700.58
104901,34926327.36,58873846.48
104902,13772082.38,24989179.88
104903,499092.75,525026.99
104904,66696.49,91447.38
104905,1363485.78,3279259.83
104906,3484948.06,4591569.41
104907,993624.87,5036792.64
104908,3307954.0,8840115.65
104909,4399407.8,5255578.26
104910,1389929.12,2594126.84
104911,39729282.39,61995619.72
115002,19853.0,29031.0
115003,0.0,5158.0
115004,95910.0,107955.45
115005,1547.4,8682.31
115006,8373.0,13323.0
115007,1791200.83,2803656.56
115101,18021600.23,47044946.63
115102,417157.27,1246752.85
115103,1295752.48,658938.9
115104,128363.48,1653.22
115105,14862532.33,16937619.24
115106,1593629.28,882380.22
115107,17813991.43,8206293.56
115108,281265.47,335504.7
115109,1271969.74,221090.78
115110,9550.0,0.0
115111,36049036.81,26354981.8
115112,43665855.61,39000660.29
115113,223233.0,330997.86
115201,9345544.53,90339309.18
115202,2059528.24,805217.9
115203,77323.5,53246.16
115204,1124544.34,885520.22
115205,23936012.04,35986495.51
115206,5339099.61,2535940.94
115207,862953.85,1293572.28
115208,161572457.83,49886045.15
115209,47662824.68,36973513.5
115210,13067701.83,7911944.35
115211,17632400.58,11169242.22
115212,6069964.69,2987647.87
115301,2363366.84,7845634.72
115302,45937.32,29500.88
115303,27925.69,234609.77
115304,20527.0,33493.44
115305,1839.0,233346.38
115306,6273702.57,571023.85
115307,196126.08,131695.78
115308,161953.79,54177.89
115309,40075874.99,7982952.87
115310,116056.16,64120.23
115311,749700.8,95701.27
115401,4364830.95,7786421.18
115402,27413169.35,126013348.55
115403,5109643.55,11559612.84
115404,2123482.34,5425085.4
115405,407602.99,305379.83
115406,111893.32,605223.89
115407,27001211.93,38450780.11
115408,20065730.7,22251388.12
115501,3279027.71,2610451.69
115502,87492.94,9002138.73
115503,13552124.18,15230913.12
115504,31542981.03,4126805.23
115505,671935.3,1556936.98
115506,2379691.18,2792473.08
115507,253839.86,529894.61
115508,1981653.58,2972299.04
115509,17293638.68,15199577.93
115510,10334566.77,2861945.35
115511,3842164.68,333738.9
115512,7108588.14,10389625.65
115513,4404655.77,4534337.3
115514,11338474.75,11700684.44
115515,49127037.0,28457118.04
115516,66337835.32,42127930.39
115601,4239250.94,6297057.59
115602,6389901.59,4564421.48
115603,31751678.11,25601491.75
115604,1163392.52,2990628.8
115605,133034.02,141588.71
115606,1395538.2,1179093.9
115607,14835836.37,2040244.09
115608,541527.06,579844.48
115609,936250.01,1482683.19
115701,385923.0,1108048.2
115702,12556800.2,4259090.94
115703,9535954.81,27050131.12
115704,901469.57,24557377.26
115705,615038.87,999203.39
115801,44598290.67,10698251.98
115802,7383218.95,10142241.49
115803,239231.59,150751.57
115804,4188908.78,1756834.12
115805,97463.3,3599.35
115806,14345246.34,8415707.19
115807,7148299.29,8944616.64
115808,4331059.67,1437542.92
115809,151371.62,22579.41
115810,5515492.67,2797479.89
115811,1003060.14,1064136.89
115901,5759373.36,313727.75
115902,45483799.79,939283.03
115903,54699874.76,59954181.46
115904,4701358.88,673958.82
115905,28310.57,36316.6
115906,4516366.55,3353037.98
115907,2402336.29,5620730.6
115908,442964.56,93279.57
115909,1503042.56,1306491.14
115910,1554091.53,633741.76
115911,14223830.34,20732041.87
116001,8689558.08,8289499.38
116002,42868898.55,48801620.72
116101,1692191.05,2497311.79
116102,920558.41,2122806.26
116103,2450747.99,5911910.53
116104,20106292.52,12815228.43
116105,2309949.5,2548590.61
116106,2760265.23,1568917.72
116107,18415776.09,16227759.84
116108,28434123.11,23769274.01
116109,16410760.74,28312141.62
116110,43237022.52,29644360.54
116111,5613685.99,2116748.78
116112,10169404.16,8907344.55
116113,81005.32,93492.33
116114,2256736.36,2122215.63
116115,40602325.19,16668419.29
116116,1435272.15,2381030.56
116117,11524902.22,16674705.72
116201,17429084.54,13103914.19
116202,27114526.17,10636954.32
116203,102646474.22,41437244.2
116204,90601200.59,44107343.64
116205,27908135.11,17605689.92
116206,25414547.36,14128333.35
116207,4822392.14,1221100.01
116208,6468948.09,4986237.16
116209,4013581.13,1535004.48
116210,2945478.76,2383675.68
116211,24469031.18,11713213.83
116212,10220102.61,9890652.4
116213,11555187.95,1501305.26
116214,25967970.4,23232334.38
116215,1014302.73,550154.9
116216,469412.33,3163372.54
116217,11135744.83,16336892.07
116301,9105918.42,5499345.75
116302,51492017.9,19520851.7
116303,11862745.53,2692795.54
116304,5035921.8,4541413.23
116305,20367911.4,889221.94
116306,17014286.54,2515161.5
116307,35964260.05,11759129.33
116308,91904.16,24224.29
116309,3978457.66,14429784.86
116310,1477076.12,840421.47
126401,16618236.27,1343404.66
126402,19130544.76,30579653.66
126403,182670520.16,65309795.68
126404,10640409.44,12417392.72
126405,27895328.64,10534547.27
126406,88562717.24,81898464.59
126501,5777430.18,40266.73
126502,195230.78,116904.93
126503,4892040.74,49592.43
126504,204137.0,99047.31
126505,16229316.79,3946014.18
126506,1510268.65,2886538.25
126507,414027.44,318092.92
126601,7280176.4,5749091.58
126602,959064.3,616460.51
126603,2656690.54,2799419.22
126701,52368.93,73066.34
126702,2354117.83,6646280.08
126703,2799.98,5659.18
126704,88086.1,544108.01
136801,15063094.2,161832.09
136802,4035364.11,6229136.67
136803,333723.61,104691.14
136804,8612202.92,18281685.62
136805,11659626.31,12300446.56
136806,10183136.03,18817363.85
136807,784064.03,28665507.87
136808,7683906.32,363202.59
136809,3178847.55,5291780.32
136810,56937571.27,16870522.4
136811,2294531.26,1558110.38
136812,3078366.53,1344796.94
136813,8141855.0,6875286.78
136814,1903160.97,1029835.31
136815,4707583.05,10136096.48
136901,919620.4,178485.45
136902,13607226.41,66691832.02
136903,9509891.02,11036626.5
136904,20918076.82,644271.89
136905,8941397.02,1342712.84
136906,3013713.47,524697.72
136907,17900206.01,6359467.31
136908,49707551.46,19388110.15
136909,4550123.75,1253603.25
136910,33658802.91,3364619.62
136911,77922917.7,25355554.62
136912,3975070.03,2757234.8
136913,3327788.36,4113304.2
136914,3991168.94,2298135.11
137001,828611.02,1541485.57
137002,11033716.67,6462638.39
137003,14301642.71,1528997.32
137004,9150646.88,699969.67
137005,53007581.31,22942635.9
137006,6546176.71,3538858.21
137007,29781883.99,9360470.71
137008,10690370.95,3421835.35
137009,16487107.77,10001462.56
137010,56344811.08,10220606.53
137011,24580646.64,14577185.76
137012,1134953.64,1369603.32
137013,196595139.65,20350163.04
137014,758822.29,1985476.15
137015,2119106.3,534903.54
137016,10809922.77,1237152.85
137017,14101475.16,1302982.16
137018,118353244.91,7870738.25
137019,58828057.17,24468726.39
137020,7573978.64,2843027.44
147101,0.0,9026.25
147102,126973.0,920089.29
147103,1508990.83,787625.16
147104,2121968.16,417026.44
147105,33386.59,900104.75
147106,5094679.95,4622044.7
147107,19766.0,57788.74
147108,16895186.38,16870668.82
147109,1589.0,0.0
147110,3898282.1,7836428.15
147111,73213.4,562803.68
147112,16276088.19,10715795.92
147113,9323369.51,29799576.45
147114,480600.26,487228.07
147115,956982.72,3600879.23
147116,529739.77,415063.5
147117,39632416.91,3996588.28
147118,627535.83,602996.29
157201,36262969.58,4134197.71
157202,37116843.7,72448241.87
157203,78190.39,78008.36
157204,128779350.3,10110288.06
157205,7044711.68,863018.28
157206,3523439.45,886888.45
157207,83643600.13,79509287.72
157208,241707883.96,166313356.23
157209,76999151.19,174146855.54
157210,24571390.6,140018910.02
157211,76254344.87,36200973.55
157212,14135628.7,24229956.33
157213,234660841.51,4308546.52
157214,217423500.8,8197961.75
157215,51821065.88,8029706.71
157216,146423955.64,48539629.02
157217,86983142.43,19025641.1
157218,5590565.93,6042491.26
157219,12461122.36,41330640.14
157220,7064957.81,18115873.43
157221,1816817.52,795526.83
157222,10180839.87,9668238.31
157223,2110266.93,3275164.72
157224,10189731.62,4621522.86
157225,16263716.95,22044659.86
157226,5249514.5,10931306.41
157227,2960449.89,11484419.79
157228,80589376.44,21134235.71
157229,9669841.3,4022401.35
157301,12613703.14,2225600.69
157302,48162864.03,5394864.17
157303,4897953.14,10606668.49
157304,186746475.22,62059275.58
157305,7706160.42,42491690.65
157306,105938575.37,48385740.78
157307,41736094.36,34665455.13
157308,191647472.64,94883603.21
157309,39723653.4,14398763.28
157310,33389732.74,34315196.73
157311,16756892.1,15010483.55
157312,13657924.42,23583744.77
157313,252295.98,142241.88
157314,21463183.46,17170416.25
157315,30980961.33,7773955.57
157316,217879.43,204204.19
157317,12113439.7,5389252.18
157318,68720906.5,54230397.41
157319,5502995.77,2234188.81
157320,20304635.21,20836660.61
157321,41183283.44,12113929.66
157322,23435869.14,18717930.77
157323,21371005.57,30200940.71
157324,4355176.41,9257854.44
157325,123874214.02,19916679.88
157326,191991760.31,74364591.33
157402,5989.63,207898.95
157403,16269671.3,42414380.26
157404,55588531.18,6981268.1
157405,90709.49,102973.74
157406,156596.0,399777.98
157407,11565695.94,8043982.46
157408,14029905.23,87795943.07
157409,6565476.44,20846573.37
157410,1691604.23,2641799.21
157411,5625387.34,13058447.68
157412,828762.73,4538265.64
157413,1060253.74,891105.97
157414,363401.2,109881.36
157415,2958082.86,2836235.18
157416,63082.0,395093.21
157417,3042.0,5257.0
157418,202474.51,350658.19
157419,7099802.94,5946866.11
157501,5313.0,20905.0
157502,12068574.59,15633112.43
157503,2330410.76,26286.57
157504,6935.16,83991.64
157505,674022.06,2271030.3
157506,1315150.59,1828612.68
157507,88196.03,76052.45
157508,155122.07,478057.45
157601,47789663.09,146706659.52
157602,13666546.97,22337112.58
157603,443255.46,617384.62
157604,55004193.96,45244471.94
157605,1968039.4,14348469.66
157606,32750930.29,39128894.63
157607,30383035.18,26644460.49
157608,10080548.17,6165123.98
157609,571621.23,1232076.83
157610,11992669.76,29281203.4
157611,79468.04,313798.71
157612,3102319.72,7524384.27
157613,3152105.96,352702.37
157614,157473.5,9354522.52
157615,2204192.4,2325450.67
157616,44912698.86,20968188.1
157801,5193948.29,7978960.75
157802,123984.45,5000.0
157803,31769.76,22388.94
157804,1252256.75,50673.41
157805,12645.02,0.0
157806,292629.33,995151.21
157901,1093271.88,16478781.5
157902,2297699.87,2000.0
157903,97667.35,32491.14
157904,97170.1,1598316.68
157905,178398.4,3004586.6
157906,284335.81,177579.42
157907,4875243.94,2622623.73
158001,3125850.81,1950144.95
158002,103113.68,17000.0
158003,399537.24,421455.7
158004,23445.31,11789.33
158005,31155.41,9168.08
158006,132111.0,83794.49
158007,534729.78,281870.15
158101,2527501.22,1673008.32
158102,361376.96,2084571.41
158103,65481033.33,57190512.55
158104,806345.74,996912.79
158105,4687844.0,1911090.19
158106,14884.65,15850.8
158107,38027.5,40752.56
158108,301579.33,243447.62
158109,1676.0,0.0
158110,9976.72,335352.6
158111,0.0,96034.73
158112,378052.65,738512.1
158113,87745.95,74578.71
158201,4986223.43,2948968.6
158202,10481775.48,9587382.48
158203,4603791.58,5720228.89
158204,3918230.4,2472064.6
158205,11710221.53,13277367.03
158206,1357845.34,3621052.07
158207,37398480.99,48183568.5
158208,5441910.15,9434424.35
158209,3406739.68,6366719.8
158210,4525073.53,567985.16
158211,1615015.73,3499998.52
158212,10631292.39,3134290.64
158213,297750.88,893133.73
158214,3685067.06,2884923.29
158215,2039008.72,1921570.49
158301,67460390.67,47145574.79
158302,47553899.71,78753582.0
158303,5844730.36,9712530.61
158304,379270.69,207627.5
158305,5754855.18,2940206.51
158306,1546163.32,1038357.16
158307,4153095.23,3812443.18
158308,8968620.25,11386209.16
158309,9427055.34,10996263.27
158310,892836.64,929464.83
158311,8742354.33,10935116.43
168401,4658071.09,39481442.5
168402,19426794.7,39805755.63
168403,13376200.66,38254889.9
168404,7545049.05,9260768.12
168405,1085618.57,2817606.07
168406,35585149.54,9285315.36
168407,16065510.06,13318995.4
168408,16850378.99,13519929.03
168409,59342992.21,40340141.54
168410,19001571.26,12331139.91
168411,10713703.0,9786141.0
168412,14503358.0,21878927.0
168413,102915081.91,126080000.43
168414,42462875.2,90964556.41
168415,26683250.32,57001024.95
168416,3350138.14,20162997.2
168417,22073345.68,27411992.65
168418,82585557.08,187977048.06
168419,34549984.2,87713286.44
168420,2806181.3,2625475.15
168421,41382276.61,172508730.27
168422,28128601.26,124150560.34
168423,6792844.65,16779576.89
168424,26109886.14,45481955.25
168425,10465149.53,13461589.6
168426,8436537.07,14185290.42
168427,17530892.66,30817064.19
168428,24219900.15,50747827.06
168429,24389929.15,110891070.5
168430,5280423.6,31288736.63
168431,147057762.17,125694166.05
168432,23954397.49,30232426.02
168433,42956748.09,108282998.19
168434,4608704.16,19850919.78
168435,687008.76,214117.42
168436,11640542.33,23578875.83
168437,7819989.54,1435523.76
168438,30217953.64,63304868.3
168439,7868057.37,38309374.68
168440,2318078.26,13611532.16
168441,12290111.43,31784436.78
168442,1980850.73,11914572.6
168443,56221480.99,90546411.46
168444,911823.24,4274789.67
168445,33659151.32,23552060.64
168446,4476401.9,9455893.18
168447,12852765.88,8785132.09
168448,75867891.57,51308182.69
168449,738629.48,10399131.59
168450,16293965.29,64743728.25
168451,6653809.95,23051230.46
168452,49325719.92,49549685.62
168453,19184360.22,6351522.89
168454,13546521.98,8766082.03
168455,54162560.53,9653873.16
168456,1449799.03,10382462.17
168457,19061591.14,11532884.19
168458,37072026.51,17062018.32
168459,67463843.56,20118348.55
168460,19716071.88,18663432.1
168461,4459849.82,12196839.93
168462,24709207.24,54170675.22
168463,4300457.38,14605418.92
168464,3660224.89,14399312.57
168465,18482170.89,49718894.88
168466,127701777.55,70610169.78
168467,3896136.93,24487566.54
168468,3667262.89,6313030.82
168469,16058543.93,5291748.53
168470,1616381.76,9605938.34
168471,65375469.59,707284864.29
168472,5315844.91,20229409.47
168473,73073591.9,193837917.1
168474,55986961.67,65815166.76
168475,26245995.26,30850588.42
168476,633601.83,7251987.92
168477,35232863.27,104853420.95
168478,4148690.58,17232744.26
168479,42730584.09,179023119.42
168480,53079373.82,72122929.6
168481,99496978.83,191921163.95
168482,52322208.81,99327338.63
168483,116948983.33,82463704.19
168484,1878476.39,10029892.34
168485,7788646.64,25094278.11
168501,176577190.42,72142064.83
168502,15103448.1,17119467.0
168503,75698110.83,57719802.2
168504,89790319.76,146733359.08
168505,8162699.19,9293636.23
168506,6793336.8,6775308.95
168507,80707451.3,94115187.75
168508,18932024.72,40687345.4
168509,29219092.12,41288504.83
168510,83861.1,5946683.67
168511,24254297.87,19551545.44
168512,35117222.78,21457767.76
168513,1623883.73,3117270.48
168514,8890675.81,12898295.35
168515,14450549.97,51543184.5
168516,53389671.83,112341428.52
168517,30084826.01,332210473.2
168518,13914435.28,25756710.42
168519,1464569.0,6553677.26
168520,974614.02,8808520.67
168521,2470988.67,27876964.97
168522,7298546.17,6908564.44
168523,1587179.06,32777729.83
168524,40443318.47,77346055.33
168525,9816372.76,65496311.79
168526,4830226.69,10506096.94
168527,5521150.46,41901801.21
168528,2925848.13,61845484.24
168529,53145463.78,85116697.76
168530,5085279.54,10524540.27
168531,15519109.16,38881937.55
168532,192376906.6,154281754.52
168533,13087779.2,11027736.67
168534,38101168.49,33877957.52
168535,6991131.59,21379652.67
168536,184628795.59,226766707.73
168537,29528445.49,54502660.26
168538,129781931.47,180679100.54
168539,29375891.09,37466118.97
168540,61076698.25,15824007.82
168541,25404358.27,35492767.64
168542,46721818.96,162412831.47
168543,11149611.07,29347641.36
168544,289555766.25,236199958.56
168545,3346373.73,26262662.58
168546,6921429.33,11683307.89
168547,16135228.07,32455496.07
168548,4610878.91,12806525.5
178601,26542008.14,12385962.0
178602,29366703.23,9194509.94
178603,58089381.96,38695919.69
178604,7485855.97,1750547.36
178605,10743740.96,6911776.07
178606,35978486.09,19623382.69
178607,120057442.14,40797201.66
178608,1723395.29,832443.33
178609,23339297.1,3248568.56
178701,129270865.16,140894900.37
178702,51453208.17,18796285.61
178703,706077799.72,674050042.84
178704,156967288.61,189823302.01
178705,28892907.72,40132035.85
178706,22622664.87,14091043.13
178707,38123963.24,10892173.18
178708,420151256.84,424821722.57
178709,1084332.68,1101777.97
178710,4379073.0,1989446.0
178711,9543136.43,11100277.07
178712,22860678.62,13418805.24
178713,2685141.34,2018989.58
178714,44501608.02,52770451.8
178715,685582.78,1932835.5
178716,45336242.41,74646335.59
178801,2105008.34,622540.2
178802,7307622.0,10267450.0
178803,11188326.0,6681930.0
178804,729915.0,40974.0
178805,66699.0,0.0
178901,19292977.92,797997.17
178902,2022.0,0.0
178903,2287057.95,4544087.22
178904,280683.57,6865.0
178905,748598.96,508976.3
178906,36237.0,3000.0
178907,187381.29,99086.01
189001,5559206.65,7730983.99
189002,1832003.39,1642657.78
189003,13459713.85,16480665.54
189004,2975556.06,4420919.21
189005,1856031.26,1938134.65
189006,3645288.78,14920514.68
189007,2322089.61,1238431.23
189008,2781973.6,2425539.4
189009,10468801.31,74097332.01
189010,3150914.04,11453117.77
189011,1949942.59,4084768.54
189012,2606463.3,515970.83
189013,8558762.83,5280554.11
189014,6080913.2,6145674.12
189015,2261102.42,11425690.76
189016,419430.04,2461493.44
189017,13608431.61,7483945.57
189018,31987186.32,157715663.35
189019,4681052.12,10797209.93
189020,305377.0,1190295.0
189021,6629755.02,51393007.16
189022,7071503.7,30997305.07
189023,2208990.98,6560542.5
189024,2849417.77,10751603.06
189025,4377552.64,8757912.46
189026,13712830.12,51322722.95
189027,7510005.51,74165928.26
189028,6184997.16,43113940.82
189029,6087937.62,18413456.88
189030,26925830.27,49460213.68
189031,34942730.3,97726780.83
189032,25548904.98,65885770.65
189033,1973240.61,6510154.91
189101,500412.2,2843852.04
189102,1099815.16,9647304.57
189103,494853.68,359980.51
189104,934278.3,161778.51
189105,4916769.8,4822258.59
189106,1426618.8,794280.64
189107,1586295.57,2129184.31
189108,57798.97,148415.97
189109,166374.49,533068.36
189110,4421431.44,253047.3
189111,685006.45,346041.46
189112,138374.12,121453.88
189113,616377.2,311133.87
189114,1239716.29,1702788.03
189201,26565987.17,429651.85
189202,7422157.37,1751109.79
189203,917943.53,108483.59
189204,2519929.27,156982.33
189205,9680147.93,1036281.55
189206,185347.39,197431.23
189207,325487.0,3529418.04
189208,13273.95,95417.77
189209,10763381.33,7607149.07
199301,71376.0,16208.0
199302,16720790.0,783935.0
199303,12451943.46,2453781.16
199304,1301357.0,402784.0
199305,1063822.0,1867305.0
199306,14557190.49,3471436.17
199307,21215.9,251808.64
209401,212843505.23,98458041.33
209402,8479715.12,7985537.05
209403,189402139.63,141778541.59
209404,12824801.5,8841969.09
209405,78452944.31,93478357.09
209406,126881123.8,11398042.21
209501,896504.09,793151.71
209502,1884689.06,5527810.16
209503,43377573.14,44173964.15
209504,7350064.46,41902519.88
209505,18407784.72,9801068.79
209506,67001725.03,56055866.71
209507,3266953.27,5901617.76
209508,1239240.78,849259.15
209601,97340.61,12601.92
209602,1245353.29,80628.3
209603,17308752.76,10069322.67
209604,75922.47,35200.44
209605,208318.62,307174.38
209606,9686010.46,9207544.86
209607,6024327.91,3333146.92
209608,26607837.57,19470320.22
209609,13483946.47,2101548.65
209610,300084.16,796728.03
209611,1634870.2,3395569.91
209612,2078153.74,4167054.49
209613,1721921.36,3656467.67
209614,867128.9,434645.78
209615,5524460.29,6815696.32
209616,2348265.88,1149936.7
209617,1251483.47,836069.48
209618,212734.22,205464.14
219701,15321558.54,14730844.05
219702,944935.5,105322.38
219703,5266433.68,5120348.06
219704,7987630.89,2271733.1
219705,18989095.64,25088282.48
219706,3539078.47,378384.58
