010102,26063.0,0.0
010104,1583.0,0.0
010105,267690.2,191969.96
010106,1282095.0,3908.0
010201,6002.79,1557.43
010208,0.0,2600.69
010301,117103.86,3290.23
010302,4346.54,0.0
010303,81473.21,0.0
010304,0.0,1203.0
010305,180112.0,31080.8
010306,2543732.17,11986.74
010307,50228.09,1555.21
010402,27629.0,193705.11
010405,4766.0,0.0
010407,369336.98,10050.0
010506,25758.0,0.0
010507,171143.66,0.0
010511,11772.0,2736.0
020601,6628.58,0.0
020602,82803.64,19481.0
020603,236003.94,25191.76
020604,143482.93,1172.0
020701,97006.0,0.0
020702,164209.0,0.0
020703,24700.2,0.0
020704,1094.43,0.0
020708,2536428.15,0.0
020709,445661.34,1491.45
020710,1752433.89,16813.93
020711,1388.0,0.0
020712,44707.01,1391.81
020713,333072.92,455347.73
020714,28862.04,0.0
020802,73886.58,7224.92
020803,129815226.0,0.0
020804,2530389.7,1146.59
020805,1172.0,0.0
020807,73505.81,2714.49
020808,16425.7,0.0
020809,2504.0,0.0
020810,12277.66,2741.98
020901,156693613.69,49049.0
020902,1070870.17,28254.96
020904,9006.52,2074.71
020910,9054.89,1881.0
021005,3928.0,0.0
021006,23723.15,713974.08
021101,61503.0,0.0
021102,1954.0,0.0
021103,1478.0,0.0
021106,144958.88,4130.36
021108,62197.0,3267.0
021202,125867.08,0.0
021207,1262546.59,38720.0
021209,0.0,23874.0
021211,3352817.59,33728.02
021301,441705.12,2898.19
021302,3923314.79,924224.41
031508,51747.0,0.0
031511,12974150.88,6319.43
031512,12931.0,0.0
031514,0.0,1457057.0
031517,5276.0,49919.72
031519,1526.0,0.0
031520,190127.0,0.0
031521,3670.0,4853.09
041601,5362.0,4054.63
041602,1168.56,343928.58
041604,0.0,39628.77
041701,242055.92,332352.2
041702,47223.47,34164.0
041704,1623801.52,281185.93
041801,178613652.55,0.0
041802,163894.69,0.0
041803,25933890.86,2921.0
041804,12449398.48,0.0
041806,917548.75,47604.61
041901,142321.51,126541.23
041902,835143.19,8841.07
041904,0.0,3022.2
041905,54157.0,181844.46
042001,0.0,1000.54
042002,0.0,1576.53
042005,42067.91,261340.82
042007,2680.18,0.0
042008,1276.86,1498.49
042009,29022.43,503073.73
042101,3530.0,557412.93
042102,292636.86,653753.81
042103,517816.47,331495.8
042104,5520756.84,443016.77
042106,2006966.37,5000473.53
042201,477431.46,0.0
042202,922223.0,34007.0
042203,3845822.13,16405.64
042204,19818.68,0.0
042206,2355.46,4210.12
042207,9727.91,91224.71
042208,1097019.97,1014028.89
042209,3729.0,0.0
042302,2935700.03,1247.56
042304,0.0,767047.59
042306,1123657.21,60995.0
042309,256952.58,0.0
042401,134281.71,1835435.8
042402,3062512.24,161830.31
052501,81170.89,0.0
052503,298760.0,0.0
052504,1811.34,0.0
052505,43327.0,3334.0
052507,4413.93,10280.22
052508,62950.0,67933.0
052509,0.0,5878.73
052511,42505.0,0.0
052517,1217.13,0.0
052520,0.0,2896.64
052522,10608.0,0.0
052523,24498673.91,1410.81
052525,20408.0,0.0
052619,51484.98,0.0
052620,369282.41,0.0
052706,7864.0,0.0
052709,683839258.79,37538764.2
052710,48453163.16,6073423.2
052711,396909.03,595361.92
052712,118813.0,0.0
052713,0.0,195793.03
052714,3365.38,0.0
052715,27614.23,498836.07
062804,85359.0,148919.57
062805,60316.0,0.0
062806,5863.0,0.0
062809,4315.87,0.0
062811,30153.05,3696.58
062815,17655.0,0.0
062816,7281.0,0.0
062821,0.0,8476.02
062827,51955.0,61066.34
062828,81233.18,83515.05
062833,0.0,32364.8
062834,0.0,9190.19
062836,7709.0,0.0
062839,11555.73,0.0
062841,0.0,112568.25
062844,1065.0,8153.63
062845,51489.0,0.0
062849,0.0,19877.5
062902,2442.0,0.0
062903,5766.79,8797.0
062905,10533.22,0.0
062906,0.0,16786.0
062908,0.0,23252.23
062909,1660.0,0.0
062915,35395.0,0.0
062916,0.0,1956.92
062918,3915.0,256112.84
062921,122234.11,12504.14
062924,0.0,46515.0
062928,0.0,5190.0
062929,0.0,3129.0
062933,0.0,29306.0
062936,0.0,29862.0
062941,0.0,6049.0
063002,258199.0,58824.04
063003,15591.0,9773.0
063004,143959.91,3055757.36
063005,57290.0,23747.16
063006,9540.0,206997.16
063102,112736.11,29441.24
063104,11891.0,320004.68
063105,88826.0,1586982.57
063201,18179.0,0.0
063204,154181.0,687536.17
063205,0.0,69938.24
063206,0.0,50694.69
063207,0.0,248436.9
063208,128844.0,19531.2
063209,1027366.16,7564.28
063210,1072.0,1293.0
063211,1507.0,0.0
063212,20357.0,0.0
063214,58108.0,2547.54
063215,0.0,2849.0
063301,1202.0,0.0
063302,62729.0,1750.0
063303,1558894.67,18291.9
063304,1385631.63,53527.57
063305,43592.0,206284.71
063306,280896.72,117248.45
063307,0.0,14627.09
063401,8104686.78,439628.42
063402,486896.85,15203.63
063403,32801.41,2419.76
063405,62204.0,38555.75
063406,5599.4,50335.25
063407,9504.0,0.0
063506,18854.0,38336.39
063602,22916.0,0.0
063603,80651.0,0.0
063604,24918.05,0.0
063605,2894886.39,4685.68
063701,4941.0,6059.39
063703,0.0,1565.03
063707,0.0,9176.31
063803,2410.16,0.0
063807,0.0,4946.0
063808,1673378.9,241561.34
063810,25570.0,0.0
063811,151437.0,0.0
063812,2016.0,0.0
063814,35747.0,0.0
063819,3675.0,19612.0
063822,23723.0,60197.31
063823,406270.0,89033.94
073901,0.0,167872.91
073902,0.0,3601.7
073904,0.0,1461671.9
073905,0.0,5464.0
073906,3372.0,0.0
073907,33800.07,1380065.46
073909,0.0,296751.89
073912,80808.0,0.0
073915,14071.0,0.0
073917,88879.0,78263.22
073919,0.0,18960.0
073920,37462.41,1251681.91
073921,1915144.63,0.0
073922,0.0,24876.0
073923,2614972.56,293904.31
073924,16548.38,238363.09
073925,5862.74,5490.0
073926,394821.02,556503.35
074001,82962816.78,34614.9
074002,2112151.45,0.0
074006,0.0,1195.94
074008,0.0,3066.08
074009,38448.0,2712.3
074010,5419.0,384339.88
074011,76384.0,3928618.3
074012,2881.0,82166.39
074013,1074.0,59528.28
074014,0.0,23218.04
074015,0.0,6810.25
074016,0.0,9371.39
084101,389931.45,2021.98
084102,6707.79,0.0
084103,451302.25,0.0
084104,390014.32,113910.03
084105,1161350.02,0.0
084106,2915875.9,0.0
084107,51713.0,0.0
084202,164885.0,1682212.21
084203,0.0,36686.0
084204,0.0,12095.0
084206,0.0,1127.0
084301,23681.15,0.0
084303,1665.0,0.0
094401,31766.93,0.0
094402,22289.46,0.0
094403,406726517.18,98596.23
094404,418967.0,0.0
094405,22741.0,402355.12
094406,2936683.73,0.0
094407,132834981.92,41087.24
094408,25753972.44,8388.0
094409,849145.02,6139.5
094412,9531308.51,78160.7
094413,147787.05,0.0
094414,0.0,1592.29
094415,1856.0,0.0
094417,14112.0,1835.77
094418,229296.79,40993.66
094419,5209.74,0.0
094420,294978.95,5011.05
094421,979882.2,65122.88
094601,8311.33,2210.56
094602,74460.66,0.0
104703,658588.59,0.0
104707,1840.9,28753.45
104802,13952.91,2059466.97
104804,117920.0,5838836.48
104805,0.0,1630898.96
104808,82966.21,2273.24
104809,0.0,6524.11
104810,0.0,161980.94
104811,0.0,109141.58
104812,14005.0,0.0
104813,0.0,592066.17
104817,0.0,20019.67
104818,94295.25,31939.8
104819,1555995.55,115569.32
104820,1832540.0,25579.33
104821,0.0,3720.7
104823,525960.0,81778.79
104901,246993.77,5255704.01
104902,2150.0,3200240.99
104907,197136.0,132780.26
104911,19997.77,1014557.23
115109,1114.0,4432.0
115201,109704104.65,109784.0
115202,25797.84,0.0
115204,0.0,50867.95
115205,20076.0,83932.0
115207,0.0,118366.8
115208,11689518.22,6770191.5
115209,365201.77,481167.97
115210,0.0,73812.0
115211,235958.0,0.0
115212,132577.0,24597.8
115309,1416.0,0.0
115310,0.0,78051.0
115404,11500.5,0.0
115407,8024.0,637392.78
115503,4690.0,0.0
115507,1172.0,0.0
115508,0.0,7582.57
115510,0.0,3518.0
115511,4851.0,0.0
115512,83048.21,1270.0
115513,254466.0,321476.25
115515,36222.0,209993.0
115516,0.0,756960.0
115601,0.0,7149.83
115603,6192.66,0.0
115606,0.0,39479.0
115607,0.0,422928.11
115609,0.0,1761.49
115701,3068.0,22299.0
115702,9879.04,88834.62
115703,0.0,73867.61
115705,0.0,74607.16
115801,6059.0,9967.0
115802,18512.53,0.0
115806,0.0,2937.0
115903,0.0,337313.39
115908,0.0,7311.27
115910,0.0,1059.0
115911,5392.0,43997.84
116002,15701.0,115305.85
116103,27250.0,110634.0
116104,9199.0,0.0
116105,1141.0,29384.0
116106,24116.0,5512.0
116107,4148.0,35970.0
116108,25904.0,1133.0
116109,25868.0,135555.01
116110,45473.0,5638.0
116111,0.0,5697.0
116112,0.0,1933.0
116114,15679.0,353797.0
116115,0.0,13059.67
116117,3274.0,0.0
116201,9810.0,82446.73
116203,35389.0,552935.06
116204,446242.0,367320.29
116205,58802.0,102674.31
116206,25381.0,47685.0
116207,0.0,9343.0
116208,2018.0,1569.0
116209,132095.0,41320.0
116210,23871.0,10892.0
116211,4159.0,450532.61
116212,31055.0,0.0
116213,0.0,30424.0
116217,0.0,23132.0
116301,43931.59,1416.68
116302,278044.89,789504.31
116303,0.0,26137.0
116305,54749.17,2021989.12
116306,5134.0,252577.0
116307,0.0,31397.15
116309,68006.99,17058315.54
116310,0.0,11472.0
126401,0.0,38362.9
126402,563841.29,809291.59
126403,386578.0,107656.85
126404,278594.0,465010.18
126405,0.0,6282.55
126406,130258.0,0.0
126505,10637.0,25195.0
126506,0.0,2142.27
126601,1528.0,112892.79
126702,81221.33,50677.98
126703,116883.0,0.0
126704,41208.0,0.0
136802,33421.07,2105.55
136805,0.0,9272.38
136807,4856.1,31784.24
136813,8203.0,7759.0
136815,1271.0,0.0
136904,10860.35,0.0
136908,1482.0,302352.94
136910,3617.61,19324.48
136911,51889.79,228915.95
136912,15211.68,348817.97
136913,21201.99,15067.05
136914,1279.63,5772.1
137002,25964.0,0.0
137003,1954.0,76692.97
137005,0.0,96606.34
137006,5359.57,9558.73
137007,0.0,16470.13
137008,4608.0,0.0
137009,0.0,31477.26
137010,13406450.3,9734.0
137012,0.0,1195.7
137013,9702.26,176521.22
137016,1596.0,0.0
137017,13886.0,8897.87
137018,0.0,6022.0
137019,30838.0,22935.4
137020,2556.0,7817.0
147103,31685.0,0.0
147108,478986.0,0.0
147112,5277.0,0.0
147113,38090.0,20906.0
147115,1329.0,4579.0
147116,2594.0,0.0
147117,43238.0,29074.0
157202,0.0,15775.78
157204,624606.27,14030.22
157206,41266.0,0.0
157208,0.0,127765.64
157209,0.0,123682.56
157210,15979.98,1259180.14
157211,0.0,302458.84
157212,0.0,262306.17
157213,0.0,399384.11
157214,1492173.82,1008512.86
157215,13346.14,0.0
157216,1231.0,44431.0
157217,0.0,142013.71
157225,7817.0,0.0
157301,0.0,3759.0
157303,0.0,6266.0
157304,168373.0,5673570.63
157305,0.0,24860.16
157306,0.0,87018.55
157307,25173.0,49464.63
157308,100941.23,98073.18
157309,1270869.0,30696.7
157310,45147.96,2052.34
157311,104856.0,175446.04
157312,0.0,4004.62
157313,5218.0,5766.58
157314,164489.01,77663.35
157315,2604.0,50697.64
157317,188060.44,293742.72
157318,314182.55,1005483.35
157319,2388.0,0.0
157320,0.0,13284.97
157321,16527.0,291465.21
157323,242454.21,196383.91
157324,22719.0,0.0
157326,507942.62,83124.11
157403,210820.51,0.0
157404,506916.75,1563.0
157411,1910.0,0.0
157412,27799.0,1283.0
157413,1209.0,0.0
157414,11755.0,0.0
157415,11857.0,17965.89
157416,5130.0,0.0
157419,59994.0,4381.81
157503,6541.23,0.0
157601,103983865.54,13353.91
157602,132952.13,13883.1
157604,4440.0,0.0
157605,0.0,235322.76
157606,12869906.32,118581.93
157607,0.0,265619.0
157608,0.0,17664.0
157610,912936.29,10370.0
157611,5863.0,0.0
157612,0.0,15559.39
157615,153095.45,11775.0
157616,4613662.61,31139.26
157902,13808.87,0.0
157905,35422.73,0.0
157906,0.0,2280.0
158004,18465.9,0.0
158007,8405.0,6286.51
158102,0.0,8913.0
158105,27901.0,0.0
158112,29373.0,0.0
158201,45845.24,110371.64
158202,3529.0,77008.06
158203,1237.0,53954.83
158204,0.0,8326.37
158205,30206.0,1117417.48
158206,6104.0,0.0
158207,102107.0,1509004.37
158208,1856.0,39317.64
158210,0.0,41799.0
158211,1431.0,106346.34
158212,70474.0,44019.0
158213,0.0,7804.95
158214,6247.0,11142.91
158215,0.0,9964.0
158301,152349.0,1379200.11
158302,2369.0,104295.68
158303,0.0,30848.47
158304,0.0,2401.71
158305,20244.23,1435.83
158306,15161.95,38292.02
158308,2042.0,44893.0
158309,56907.0,8188.24
158310,0.0,1161.0
158311,18196.58,83470.18
168402,109843.0,128661.35
168403,15637.0,61803.55
168407,3836.0,171939.0
168408,44342.0,207914.6
168409,30100.62,2530911.76
168411,708829.0,951152.17
168412,788871.0,69674.52
168413,73145.61,4559816.27
168414,212307.53,6070704.48
168415,87102.0,777955.73
168417,0.0,44500.0
168418,111426.87,489145.54
168419,14462.0,2435225.24
168421,263655.0,3629822.88
168422,276380.0,2990871.32
168423,4702.0,35292.0
168424,25944.0,24878.95
168425,4266.0,5033.0
168426,138198.0,9619.25
168427,76362.03,0.0
168428,88853.0,0.0
168429,1153216.0,1007750.35
168430,96732.0,435494.78
168431,4500880.18,24934511.7
168432,73181.99,10825.97
168433,1466.0,11505.6
168435,2345.0,0.0
168436,7817.0,0.0
168437,31270.0,159364.63
168438,108254.36,1988135.42
168440,0.0,4439.0
168441,0.0,59978.0
168442,3322.0,41414.63
168443,3959.79,838957.98
168445,67203.0,0.0
168448,0.0,8029.0
168451,9107.0,165088.12
168452,3645.0,224592.44
168453,23541.78,39868.56
168457,67328.0,0.0
168458,1612.0,0.0
168459,1465.0,0.0
168460,1759.0,6670.0
168462,5862.0,6884.03
168463,292751.0,0.0
168464,0.0,40273.0
168465,5706.0,71708.0
168466,14708.9,1460624.31
168467,23532.0,63164.0
168469,3651.0,16385.0
168470,0.0,39699.0
168471,56559.25,5459867.94
168472,2730.0,17213.0
168473,1228866.9,1747348.6
168474,30419.94,48365.65
168475,25409.51,7670.44
168477,14682.0,4488.0
168478,1382.0,0.0
168479,636270.0,1716583.71
168480,19155.0,504160.79
168481,53089.0,1254613.67
168482,2912.0,35348.68
168483,124153.33,2808508.99
168484,1337.0,7777.0
168485,30600.63,415968.99
168501,42233.0,1010150.36
168502,108538.0,11240.0
168503,6544.24,133664.3
168504,95411.42,4052839.99
168505,13321.0,87134.76
168506,5398446.99,38112.39
168507,26776.0,95715.08
168508,20456.0,20878.0
168509,72703.0,8243.0
168511,4989.0,11406.0
168512,0.0,2515.0
168513,0.0,144573.43
168515,8073.0,9771.0
168516,55512.0,204279.32
168517,222306.0,4624654.78
168518,31987.0,62303.0
168519,17703.0,16253.0
168520,5412.0,50358.0
168521,34723.0,23096.0
168522,63045.0,9471.0
168523,0.0,31272.37
168524,93726.0,359285.76
168525,16470.77,2779756.69
168526,49441.78,18934.21
168527,365980.0,1278493.44
168528,53008.0,322878.07
168529,61890.0,1045574.17
168530,1270.0,0.0
168531,3756.0,276020.76
168532,14569.0,0.0
168533,0.0,1393.0
168534,110652.0,1107.0
168535,2479.0,190808.83
168536,33097.0,187095.24
168537,53818.0,0.0
168538,14657.0,62840.51
168539,0.0,150727.36
168542,7248.0,168133.32
168543,201253.0,117115.55
168544,111761.04,2954032.65
168545,0.0,125943.96
168548,13680.0,0.0
178607,32025.0,33931.29
178608,4269.0,0.0
178609,63185.62,690764.82
178701,769956.84,1078041.13
178702,15507.71,1300169.3
178703,237645.0,19752184.98
178704,719521.61,7062.0
178705,87580.0,50720.52
178708,89358.15,7199288.03
178709,0.0,12725.0
178711,33811.0,286342.11
178712,0.0,65568.85
178713,13973.0,0.0
178714,0.0,32961.08
178716,1914530.94,42061.46
178802,103581.0,1514636.0
178803,200697.31,1296381.76
178805,0.0,65495.0
178901,0.0,2188.0
178903,90103.69,312545.59
178907,1043.0,559900.21
189001,0.0,2173.0
189004,0.0,10287.01
189006,0.0,2648.0
189007,98124.0,93025.0
189008,0.0,3375.0
189009,18940.0,294956.13
189010,2931.0,201757.74
189011,20946.0,9760.0
189014,83749.0,92018.97
189015,651893.0,137493.85
189017,69034.31,36950.5
189018,7539.0,127866.53
189021,0.0,1418.0
189022,25833.0,53584.11
189023,0.0,3394.0
189025,0.0,71433.74
189026,686209.0,483166.77
189027,44523.67,111984.04
189028,1014.0,0.0
189029,1049.0,58853.86
189030,54602.0,485609.45
189031,73407.5,740160.56
189032,69535.04,534956.76
189033,1086.0,4167.0
189101,63635.0,3260.0
189102,3322.0,101090.22
189103,0.0,2146.09
189105,0.0,79435.6
189113,3648.0,0.0
189205,29441.0,0.0
189206,156933.0,21498.0
189208,22590.0,0.0
199304,0.0,16768.23
199306,2038.9,5983.43
209401,97500.4,566503.61
209403,124386.41,871900.67
209404,32704.0,4691.0
209405,65666.41,2166037.88
209406,9410.92,0.0
209501,0.0,29145.91
209502,19855.0,74172.43
209503,166731.27,232799.12
209504,45297.0,122130.81
209505,65027.62,51891.54
209506,104798.18,40468.08
209507,0.0,18400.0
209601,15508.39,0.0
209602,3752.0,12594.25
209603,0.0,9876.65
209605,0.0,2385.0
209607,0.0,1094.0
209608,23354.32,8014.68
209609,0.0,94358.06
209610,1077.7,4322.73
209611,0.0,13211.0
209612,0.0,1135.0
209613,0.0,65952.85
209614,0.0,1648.0
209615,6011.0,0.0
209617,13403.0,217145.82
219701,21414.73,7758.0
219703,1703386.4,7718.43
219705,170206.0,0.0
219706,82869.0,0.0
