010101,69020.0,77067.0
010102,135921.86,367620607.99
010103,56431145.03,0.0
010104,2102062.47,0.0
010105,25263.0,222671.0
010106,7797665.3,512367.76
010201,20528.61,9798860.57
010202,1739251.91,71775390.94
010203,45957.0,897915.31
010204,24233.0,4511513.42
010205,22441.68,0.0
010206,79585.28,34646278.75
010207,169333.46,5409551.19
010208,46120210.47,19111.0
010210,795057.97,500622.03
010301,78885548.55,2003699.22
010302,283027398.61,9297644.79
010303,413270492.43,65504550.19
010304,319427130.67,7728920.6
010305,106185374.9,11555528.5
010306,1204418929.46,14723292.24
010307,134769434.21,11271795.78
010401,9512656.47,9721710.59
010402,184080981.81,677456066.33
010403,7032463.43,6870454.44
010404,1112287.03,35957774.1
010405,1793411.19,4018074.9
010406,1831757.41,11949953.1
010407,59308.76,512777.23
010408,200545.0,1669994.29
010409,3112966.34,3261477.17
010410,140703978.93,597062.84
010501,157457.0,1385253.0
010502,0.0,7395409.0
010503,88389.0,150591.0
010504,3853.0,71057.0
010505,451384.26,6463988.53
010506,900615.11,530763.37
010507,563949.61,1376.0
010508,10969129.96,351546.83
010510,660498.77,17240.1
010511,12037820.97,5156673.21
020601,409717.43,456626.03
020602,11418455.65,747864.14
020603,5521022.02,888009.93
020604,5243281.69,172548.63
020701,3602220.32,4172538.45
020702,663858.09,221778.04
020703,10578017.49,201887181.44
020704,11140637.19,1189213.97
020705,497797.27,694605.83
020706,370880.61,8576102.09
020707,44925.74,18642.1
020708,5608697.96,1964933.52
020709,9256205.2,2872695.43
020710,11806975.37,3471908.25
020711,693251.66,388765.57
020712,1793827.34,17821930.24
020713,9871504.4,12666192.85
020714,29935237.73,99802.9
020801,221251605.66,2975226.58
020802,109388276.43,3846294.27
020803,1041579.85,109588.89
020804,16135683.95,11084178.37
020805,826758.62,99419799.01
020806,2948335.71,23039525.53
020807,1516804.04,784845.66
020808,158312.95,140089734.96
020809,204437.98,237520.1
020810,4201650.42,81910696.89
020811,4127576.04,968434.92
020812,36683.33,12289.88
020813,4247335.82,915720.97
020814,5830.0,24324.8
020901,1088195834.94,16993224.73
020902,171987129.26,12996207.39
020903,57730.0,0.0
020904,226851743.44,18883540.18
020905,6862124.26,188185.11
020906,42522078.26,882179.41
020907,11669548.82,9532950.0
020908,84852122.28,268093.98
020909,1323715.77,11488508.98
020910,11803363.61,1606886.29
021001,40571661.32,1384382881.66
021004,0.0,160554.95
021005,21701879.17,48150671.55
021006,2302456.53,10376791.33
021007,0.0,469568.45
021008,129592.9,2528216.95
021101,9065351.35,82899992.01
021102,560024.8,3617118.31
021103,4409236.16,492521.1
021104,4622802.09,5758190.67
021105,672431.96,7785698.1
021106,23715961.03,1172408.68
021107,471553.56,14243586.35
021108,16627925.23,106580263.13
021109,0.0,1276747.65
021201,1423698.73,23884295.75
021202,11703263.9,6885060.72
021203,9149050.35,30534.68
021204,22785.5,99297.1
021205,21000.0,70778.37
021206,7047.03,3459858.73
021207,23024128.57,21193357.4
021208,189646.3,3119513.26
021209,8865638.94,13851100.81
021210,0.0,173823.74
021211,44202392.97,10763850.84
021212,103317361.79,1617518.96
021213,46416.4,0.0
021214,156228.78,262986.26
021301,33254493.29,8992523.54
021302,56730886.26,36838228.03
021401,38091119.04,274065.42
021402,11295067.42,321747.19
021403,7257.0,0.0
021404,31250183.8,1350299.0
031501,0.0,51258.94
031502,0.0,507513.18
031503,0.0,159540.36
031504,11073227.27,7640904.67
031505,0.0,263856.09
031506,18662.37,216533.01
031507,2135472.81,4705898.34
031508,451142.55,0.0
031509,4035.0,875706.72
031510,0.0,484730.43
031511,10544214997.47,14160690.39
031512,471827.11,1670373.13
031513,2402100339.81,13628889.03
031514,741533.21,357234.7
031515,15805057.56,13691805.27
031516,427955980.7,40980456.12
031517,415355361.32,15365551.48
031518,204156128.39,5546249.18
031519,980865745.96,40226548.0
031520,110329270.96,5596077.5
031521,18143785.48,1059809.07
031522,4119672.67,11085.28
041601,67177.0,1436361.64
041602,368093.94,4001156.53
041603,439149.37,262739.46
041604,274815685.43,15698560.29
041605,334487616.19,5550891.85
041701,1666375.03,418412537.28
041702,12139763.44,45460768.88
041703,92434714.13,4194131.97
041704,75350478.78,19548497.39
041801,1104745656.15,37780988.29
041802,5082259.72,31347.82
041803,40585184.69,4349948.33
041804,337643926.43,143438.02
041805,33815887.25,10461104.85
041806,22283773.47,40939131.21
041901,20051209.57,134976255.94
041902,111683329.19,15257001.56
041903,2670057.04,186629.0
041904,5682633.12,13547897.44
041905,152489421.34,40361184.53
042001,1493883.99,569835.57
042002,138723.14,8228708.66
042003,32265152.93,3125568.39
042004,4637695.93,5075793.38
042005,2184626.29,8282651.35
042006,1544633.1,630937.45
042007,1963225.08,5031043.11
042008,190425683.8,22787235.02
042009,43067237.86,15342308.62
042101,74074922.55,73072847.88
042102,5306275.29,18095985.5
042103,51424706.4,32563643.44
042104,1203006.18,2585707.07
042105,6507998.51,3011955.28
042106,143623715.76,287448936.27
042201,6271673.13,2879342.35
042202,20922329.01,71770829.41
042203,8720991.13,9314015.19
042204,121032.31,3028426.37
042206,632494.27,475331.73
042207,23778189.05,521395.55
042208,10365485.44,9431512.32
042209,880772.57,717166.29
042301,3763956.49,53054034.11
042302,68963972.75,1458279.74
042303,1864941.44,8712948.46
042304,3521397.57,451201529.05
042305,2568.07,9501.45
042306,459949661.32,47106224.07
042308,2321359.35,365219.04
042309,17245777.36,265114784.61
042401,214541813.04,391087124.88
042402,298359025.97,16254475.77
042403,16095570.53,68658556.99
052501,5414623.65,32440566.0
052502,32476.7,92631.31
052503,1430174.94,66640894.05
052504,2595.0,2648481.42
052505,513891.23,4054902.36
052506,235743.9,552145.24
052507,16665452.53,13173274.62
052508,6261669.26,25832388.45
052509,37339.4,92402.56
052510,7182689.59,82296679.75
052511,1629022.43,6820684.0
052512,128467.39,2065684.41
052513,14604913.57,12283403.57
052514,441987.47,24222.72
052515,26560188.77,9918774.69
052516,37783832.35,6085449.84
052517,101709210.42,6347821.54
052518,16388.44,1145839.9
052519,36196.01,11021797.83
052520,2243451.25,2808795.53
052521,113486.37,2788217.21
052522,1623584.19,4895592.06
052523,201348283.34,56804835.27
052524,46311.21,32302228.18
052525,40260.16,2166840.24
052526,235937.79,11415892.18
052528,4634.68,1018725.18
052529,1131046.45,12213830.59
052530,5943546.05,42820074.44
052601,364837634.92,560094966.12
052602,49929996.91,652414.82
052603,2883592875.38,33000.4
052604,662633348.01,39615.38
052605,586793.0,1085659.9
052606,236446156.3,2873251.34
052607,8500586.86,1639410.07
052608,13522568.84,33838.43
052609,12727391.8,218130.66
052610,1141600.55,44739.76
052611,757367.0,0.0
052612,158406.77,0.0
052613,810404.0,260737.0
052614,1541237.89,1778252.95
052615,39084797.57,11524569.68
052616,149959379.6,44593.0
052617,872413.74,142723.9
052618,1869099.91,1112077.86
052619,6106667.5,316932.0
052620,257044093.01,402684.85
052621,1586535.05,980075.59
052701,15319577456.2,32167065.15
052702,214967164.95,0.0
052703,22229.95,27880.67
052704,1319250.93,14222130.05
052705,0.0,657923.21
052706,16120.0,287001.38
052707,301763747.27,104213936.55
052708,1233.92,4041586.73
052709,11988499284.09,4769272562.32
052710,5336259492.82,17974086354.17
052711,13318934382.34,80358611.95
052712,20497389.28,27280781.31
052713,2155556866.9,239546004.35
052714,3010986.3,19158615.08
052715,76980.48,2553684.64
062801,1918901.22,730022.76
062802,91128.53,21262932.04
062803,3755766.89,76480252.89
062804,2129009.68,38266849.91
062805,146398.39,10260860.91
062806,126102.91,512884.94
062807,12062396.84,188814.59
062808,7052.82,267082.36
062809,18851291.8,62937127.11
062810,0.0,519445.85
062811,23384977.78,40902798.38
062812,33080.0,4698501.2
062813,6032135.24,202644.36
062814,600226770.54,1739101.43
062815,46771979.28,16163744.97
062816,3603.0,284228.83
062817,12436468.04,10115997.75
062818,715762.76,197789270.53
062819,28433.0,757406.96
062820,131890.02,23442135.24
062821,60619183.21,7294985.64
062822,235199.33,3956826.8
062823,155745.64,10964907.73
062824,1383012.69,1825602.05
062825,1544183.7,13778934.01
062826,5850115.87,6048281.87
062827,4931436.65,17860361.73
062828,1323596.62,3201187.14
062829,0.0,3192202.89
062830,40600.43,5128088.55
062831,4000.0,7168649.76
062832,279642.09,8575165.23
062833,11232259.18,43766573.52
062834,2334802.43,9409483.35
062835,3725972.83,85459352.95
062836,10211601.65,260822964.3
062837,27803.0,1715823.43
062838,142050.0,717601.04
062839,2317776.29,13585914.68
062840,0.0,1473443.1
062841,120198.0,6027283.65
062842,256457.49,2602941.44
062843,10827.0,2359578.83
062844,607743.55,5389610.77
062845,4700.0,104698.49
062846,0.0,611327.51
062847,5285225.26,1989159.6
062848,37384.0,171244.26
062849,221854.07,9975049.18
062850,44148.0,138008.28
062851,9232.0,1199741.7
062901,75591226.89,377625857.83
062902,402234857.19,1190079342.85
062903,143952918.64,92876375.85
062904,2351573.48,1534217.46
062905,500315592.98,580203435.83
062906,3876855.37,23504048.4
062907,13056957.42,47788507.43
062908,42840.0,3606542.58
062909,31396836.49,72405166.93
062910,894170.25,29173247.49
062911,0.0,149184.51
062912,1012387.01,27952515.24
062913,0.0,18391.06
062914,1096219.34,33587362.52
062915,82343757.48,204432419.87
062916,97753685.74,182953087.45
062917,53746772.09,62838196.58
062918,4540437.17,52720687.34
062919,787792.0,1131682.81
062920,3806055.88,2201844.45
062921,969996.7,105549124.17
062922,370231510.08,84559571.79
062923,845761.57,17780679.96
062924,14993532.35,45839065.44
062925,808945.0,3028106.84
062926,1108775.89,31889455.28
062927,60484826.7,7854078.45
062928,639329.87,1058512.78
062929,6451964.75,28543223.79
062930,1259566.83,34159708.59
062931,6381576.1,74723305.89
062932,962750.6,24780162.29
062933,62974929.22,260558548.96
062934,48394173.86,33354803.9
062935,3554704.47,14426689.52
062936,8039039.59,89425366.36
062937,21954.0,9550622.33
062938,952756.66,825355.52
062939,25673415.51,10436733.91
062940,18614047.97,4120117.78
062941,2133509.74,88105634.13
062942,415819.51,10558198.41
063001,357626.0,938520.62
063002,32681571.76,67958836.83
063003,23018459.39,16103119.06
063004,184135993.49,207258450.61
063005,6480152.08,10191999.41
063006,743530.48,15193784.56
063101,7154007.22,2417266.33
063102,128037799.45,215231647.41
063103,6927833.97,336957899.81
063104,5470103.36,799877375.08
063105,4197519.43,280666965.54
063201,31959548.07,2298889.73
063202,1862753.88,7311990.76
063203,886026.49,1729211.99
063204,170499678.47,273039394.92
063205,123395.0,2529609.8
063206,11511497.41,134937246.29
063207,4408833.73,80313396.92
063208,40543285.94,102996907.64
063209,2725106.38,23952585.92
063210,6391682.25,8013984.38
063211,1232344.54,2622575.82
063212,2327940.09,22309807.76
063213,145509.43,1626646.16
063214,7919453.8,21234018.74
063215,26876617.3,75740447.12
063301,300349820.72,33353784.67
063302,44498594.03,280170583.41
063303,16176043.82,23265811.74
063304,82655635.69,113156308.26
063305,46840723.11,90961858.48
063306,14862193.58,5492002.17
063307,31591404.88,23545574.54
063401,338232657.32,15923694.66
063402,189875108.72,174278147.96
063403,7628033.64,187435414.29
063404,44535198.56,62442329.05
063405,15182876.59,8158090.38
063406,4172038.25,1500644.27
063407,30051.91,342466.85
063501,12094.0,9381702.17
063502,48319.0,3675547.32
063503,91676.0,8397432.24
063504,70383.78,8645512.73
063505,14627764.39,79508000.24
063506,25936622.91,84385712.98
063507,760855.02,15671681.71
063601,0.0,5924.0
063602,712171.29,4241449.39
063603,1056482.0,5807118.53
063604,821838.49,8195849.42
063605,8186784.14,150966.61
063606,837380.67,1595803.86
063701,2709698.23,35452320.17
063702,1229743.6,8804655.97
063703,496046.65,9231063.01
063704,77204.0,1298314.25
063705,244362.69,454237.47
063706,196193.04,3621520.59
063707,1938123.63,14985633.51
063801,597648.21,10571910.72
063802,62250954.64,12008927.37
063803,2531.37,190710.93
063804,107523.68,1155001.48
063805,4738802.28,5148954.39
063806,46891960.73,12340291.06
063807,335786.52,399605.74
063808,147793476.56,180645260.32
063809,33109880.25,80028026.98
063810,4541734.98,39914346.69
063811,165715726.83,111020227.4
063812,5416376.87,87658903.9
063813,156580.08,3248777.04
063814,1923122.98,20904878.46
063815,7842625.08,129917278.16
063816,1290483.93,19590830.34
063817,11550866.47,7143634.82
063818,48798540.72,6915226.18
063819,710227.74,6579987.64
063820,276510.2,810506.08
063821,163263.0,2015377.46
063822,616625.55,28799861.47
063823,830735834.44,296755177.83
073901,137469008.96,635318014.54
073902,17760584.47,618696808.15
073903,28098112.1,271781573.93
073904,213402517.4,77670155.77
073905,5328820.14,31374773.73
073906,65145340.4,117793680.89
073907,457471401.71,430279814.35
073908,9893653.09,182304013.2
073909,32661044.23,133542527.19
073910,1505834.3,47928992.12
073911,1787784.36,59601696.03
073912,2026674.82,55177602.43
073913,1364331.57,14394150.01
073914,126475.41,12899403.13
073915,30651790.41,16722862.58
073916,6709934.63,12293581.56
073917,49432109.83,69257342.2
073918,1481658.47,16079320.38
073919,64198977.07,112544771.68
073920,404041636.74,301060666.12
073921,119390364.21,88942959.72
073922,3942667.16,10039612.55
073923,401414295.99,188932421.08
073924,39363367.43,31001074.83
073925,4888458.85,13247798.89
073926,147114561.66,264361384.38
074001,6180789518.03,26214006.71
074002,49950748.37,495556136.21
074003,6408941.54,5706901.07
074004,525442.71,2712735.39
074005,60265314.03,31301663.68
074006,755929.77,8846925.69
074007,14687573.54,7406295.41
074008,19105316.62,13976080.71
074009,14070970.58,116592700.12
074010,58882989.81,75832056.7
074011,1092854277.16,402452912.77
074012,10530038.73,7277820.36
074013,51814299.49,13700619.46
074014,7367408.42,11506253.96
074015,223816793.49,9999482.07
074016,121080418.2,186599671.55
074017,697245.54,1899821.84
084101,1392611.27,6011112.0
084102,7636.21,3952954.26
084103,11896288.84,2051799.98
084104,250883322.26,422391685.91
084105,18143274.85,8305908.48
084106,11048635.52,9204506.7
084107,22860208.17,15784525.39
084108,1285709.73,2937803.76
084109,2446587.72,12366869.92
084110,6283.39,100023.58
084111,1726201.18,9915007.48
084201,245874.45,383981.13
084202,153149287.21,73674340.19
084203,89669224.9,7782364.37
084204,91392.0,16145.0
084205,7297958.26,4853435.72
084206,11183.17,3987.0
084301,8232.0,4910.0
084302,71616.0,720661.0
084303,1554993.3,1063227.97
084304,338023.0,339987.91
094401,23791997.68,1212891.38
094402,72814147.13,503457.3
094403,9857786.97,20541564.59
094404,5071055.95,1912112.05
094405,2611548.22,913360.5
094406,382400.06,142404.06
094407,293959232.91,117577949.77
094408,36786112.13,32839602.64
094409,481440807.62,3371445.94
094410,6356305.27,52602801.12
094411,108922333.56,47620188.66
094412,1995214887.61,81520941.39
094413,4819992.78,1715560.8
094414,76630884.89,432625.99
094415,9470641.65,3752077.68
094416,131958.53,44317.7
094417,12114980.71,2415480.64
094418,421597851.04,8178550.72
094419,8154655.32,365103.8
094420,103530607.66,1744325.18
094421,196216244.07,5698822.66
094501,46352.33,178076.3
094502,1957.0,45477.0
094503,83137.22,135263.24
094504,166482.68,711365.56
094601,13094130.71,4341543.52
094602,80992607.12,2234155.02
104701,1062.0,78978231.95
104702,66280731.75,144451035.6
104703,1493176775.55,306410661.87
104704,464398.99,540661.62
104705,858707.17,121404414.92
104706,2950734.86,10663630.5
104707,5244196.55,305682197.67
104801,165189079.09,6927563.76
104802,2301997612.86,59690445.51
104803,176653054.68,5633104.42
104804,56196452.4,103996265.88
104805,137259995.9,90960522.43
104806,11217210.12,14590712.06
104807,18455732.83,9932284.53
104808,12495468.62,6991180.83
104809,134563064.72,9000750.35
104810,820909705.8,84247266.19
104811,70877185.01,132225351.83
104812,442933.33,436838.17
104813,30971526.27,46709079.78
104814,251348.41,10328525.38
104815,6484511.0,16849475.95
104816,34338015.46,4539193.33
104817,18959982.13,3644802.27
104818,103061438.93,110095278.39
104819,102893454.78,91586077.51
104820,163622485.2,6222256.19
104821,6107404.56,75807449.03
104822,6975278.2,4836660.31
104823,87038526.14,72074474.54
104901,37535948.79,26006582.45
104902,1710473.32,2234563.99
104903,3112270.45,402967.05
104904,3941.0,290795.6
104905,1937961.25,191559.53
104906,298688.76,692137.27
104907,1557598.7,3471877.74
104908,1131182.09,7578217.77
104909,7672507.73,359506.38
104910,936352.96,708482.7
104911,13026941.84,11876536.21
115001,267084.0,1052774.82
115002,0.0,412018.11
115003,69303.0,250403.0
115004,0.0,998018.18
115005,0.0,2587343.31
115006,79405.0,130143.81
115007,1875640.87,5766942.97
115101,558116.77,217476.21
115103,22919.79,135138.2
115105,60138.0,5362882.33
115106,2506336.0,2865492.99
115107,7781482.44,1062871.62
115108,3024.0,9176.0
115109,252549.0,412266.96
115110,0.0,8398.0
115111,192630.0,11766636.74
115112,726734.89,30928233.22
115113,0.0,374231.33
115201,9787137.49,966435671.35
115202,32429323.87,5143972.11
115203,10937468.24,21503931.78
115204,4126829.7,5678580.56
115205,281493014.83,65034301.51
115206,71705715.41,9448120.36
115207,2781369.85,1223960.17
115208,184478527.49,409855716.5
115209,94872328.74,209393646.36
115210,55003258.48,111054207.53
115211,19234462.31,54547891.04
115212,13204710.17,21430210.62
115301,0.0,103243.29
115302,0.0,32587.48
115303,420817.63,1227921.97
115304,23385.0,2328433.2
115305,5901861.11,1018131.94
115306,41619.0,973970.0
115307,214052.74,2929829.12
115308,233237.57,2257197.94
115309,251560.07,26527670.27
115310,19626.53,544650.58
115311,395595.0,2676885.57
115401,12807745.79,16836778.14
115402,590478307.86,187514165.97
115403,23385841.41,69737557.48
115404,4179138.71,21749072.75
115405,190849.0,74467.0
115406,932247.56,750656.93
115407,524122137.85,401436127.28
115408,12711523.86,14118290.95
115501,567164.9,67475744.3
115502,296723.84,8686012.39
115503,142756614.76,169060262.59
115504,281420029.63,35849488.78
115505,7814864.75,1073788.35
115506,976277.01,4409303.33
115507,578507.18,223869.0
115508,14106092.04,18498324.78
115509,663987895.87,16599030.52
115510,270451563.68,5157197.41
115511,2360276.86,1170406.69
115512,56801948.22,32543336.35
115513,148202780.02,74334593.34
115514,84551357.07,43661183.15
115515,83104060.83,64282557.56
115516,82658082.32,26880505.95
115601,60298930.22,8325006.54
115602,2713973.83,8427731.13
115603,32198481.47,104056913.52
115604,803678.52,6344808.52
115605,1173663.86,1854655.65
115606,659129.64,3622641.4
115607,3840987.12,32530908.68
115608,21982155.98,12785123.2
115609,5722366.03,3957625.2
115701,1181129.18,1589710.68
115702,16655945.59,11909141.52
115703,25330439.47,10704988.2
115704,2396774.33,1997370.5
115705,3614756.72,4044142.63
115801,9218376.08,24061322.62
115802,230634.19,2281672.17
115803,172636.0,5532871.34
115804,13958933.79,26408930.44
115805,130881.86,84361.0
115806,18561885.46,53167621.06
115807,1549993.25,70737779.9
115808,1130387.63,5268656.78
115809,96181.37,323818.76
115810,21060198.4,33088821.91
115811,481438.88,2966866.08
115901,1646791.27,4204792.15
115902,87751802.0,67896536.54
115903,13636649.06,159345210.6
115904,86655.01,230391.0
115905,28847.0,164355.51
115906,23873336.34,9577222.83
115907,1587368.06,2320573.68
115908,30980.47,330776.04
115909,538840.88,5267052.27
115910,125024.3,3378980.73
115911,16147574.74,68402058.12
116001,12734703.28,63690818.55
116002,87215780.99,777532629.64
116101,138443665.39,1124872.53
116102,180987430.56,1469491.61
116103,160695383.34,28064246.55
116104,472425865.53,46311496.78
116105,263288282.81,7433697.26
116106,209689854.42,14223255.79
116107,22098578.93,4754642.56
116108,122684193.34,15378594.57
116109,445178789.98,21680506.22
116110,1256453813.56,28757929.21
116111,103957042.98,4279807.71
116112,170197817.92,2311027.57
116113,3220402.55,185564.8
116114,154253794.76,19319757.87
116115,124786552.16,5472414.9
116116,43166449.27,1571170.25
116117,8684721.52,14625305.43
116201,298258496.9,2225818.14
116202,203294011.29,3052520.72
116203,662778295.36,17179329.27
116204,1107824228.04,32035455.97
116205,536550111.18,8042123.69
116206,517903419.64,13521366.73
116207,58448083.69,1198075.3
116208,56581043.15,3728765.95
116209,59403255.89,3886463.08
116210,125341418.36,3299032.39
116211,177984245.42,54865664.43
116212,341391967.3,22532756.35
116213,72370.14,534790.02
116214,9021640.59,1974960.75
116215,279103.64,1165283.52
116216,28299233.02,543920.26
116217,10304606.39,35757484.36
116301,23679064.96,2912360.45
116302,76126225.74,20443260.43
116303,5395321.92,1473051.29
116304,11453155.88,2996402.9
116305,86223367.38,13055206.83
116306,4839590.87,4148205.8
116307,23363784.19,12079447.18
116308,476045.17,1738814.76
116309,3733873.82,7348650.92
116310,3163764.49,754214.91
126401,3590694.74,3521159.06
126402,399032221.27,98047648.33
126403,2347520721.24,48383069.03
126404,278470571.58,23080123.42
126405,27073834.26,14979451.16
126406,81458337.34,74037748.31
126501,219326.17,79252.93
126502,50308.07,16961.16
126503,18973924.0,1430052.34
126504,314262.31,177389.67
126505,28755075.64,2912272.19
126506,13695139.41,12387019.43
126507,679134.86,2539319.2
126601,13831550.73,16293421.95
126602,21157.0,177632.37
126603,1804034.27,3575886.65
126701,199143.92,1734298.84
126702,1693436.04,3809260.07
126703,9007721.31,1429320.83
126704,116927692.01,2725753.86
136801,2388762.17,578247.75
136802,80567309.11,35806675.31
136803,459901.72,409460.05
136804,16651509.5,46533389.55
136805,7110725.19,21732851.7
136806,3237015.92,16628092.57
136807,339476.12,6534584.96
136808,1009104.82,1691826.52
136809,20835167.71,6788447.02
136810,10487358.62,6246656.44
136811,5067133.09,5509315.19
136812,1108416.75,4890343.05
136813,8849385.64,18545460.79
136814,100450.47,936920.55
136815,14833950.88,11556223.75
136901,431510.01,1482418.33
136902,4485720.31,85573810.4
136903,2805849.64,27318821.11
136904,428309.56,277212.84
136905,3654838.54,982593.95
136906,1919.0,682467.63
136907,12998205.28,33680896.57
136908,101525614.68,17557216.89
136909,61451088.32,10668355.38
136910,41850717.59,9259359.14
136911,73869292.08,12926737.35
136912,33076322.07,1818024.91
136913,15758303.88,1284292.13
136914,5743596.96,4271259.49
137001,342412.57,1453474.63
137002,9716418.53,18107447.26
137003,1309134.22,3328930.52
137004,1289278.06,3790227.78
137005,187964219.59,7193629.42
137006,1550387.53,8701157.35
137007,37014938.21,12078863.71
137008,1226854.42,646456.43
137009,39417682.47,17843567.67
137010,41559745.25,44658300.63
137011,15089783.57,66569345.85
137012,1517204.67,3537386.52
137013,126756149.09,24667142.4
137014,321650.89,988872.82
137015,975584.18,12035383.27
137016,11200426.22,4566138.14
137017,3059346.98,5014353.61
137018,1479971.38,8808234.67
137019,4982598.89,31737533.91
137020,2144530.89,4322369.15
147101,73822926.52,349343.0
147102,30001622.51,21589099.0
147103,1150707.29,785550.11
147104,656462.0,4151098.1
147105,1005022.59,648496.54
147106,13163491.64,19036526.41
147107,30836.0,39000.0
147108,1215275057.85,43019651.57
147109,0.0,79904.29
147110,568651.0,269078.78
147111,11464.0,137456.41
147112,296126396.0,12899.88
147113,724343841.85,16289818.29
147114,2716377.7,443788.76
147115,4410335.45,3621825.63
147116,2323941.93,1362549.91
147117,31238719.15,13819803.55
147118,153019.0,17628.0
157201,348788.37,53949675.27
157202,625274359.85,152296298.3
157203,495938.75,1227957.3
157204,62480967.31,444928359.61
157205,6597078.38,8505961.65
157206,28744592.96,8310758.13
157207,52877674.62,640824693.9
157208,640505539.22,1140123185.36
157209,141396683.87,631501614.07
157210,76221282.21,559051398.7
157211,3165388.98,83716605.38
157212,13751257.4,95254865.39
157213,156259547.03,183587995.43
157214,15464637.74,136746897.12
157215,2729861.69,26532174.78
157216,100153873.07,210268287.58
157217,22193984.61,146744771.09
157218,646902.36,8327437.37
157219,75971848.09,314466529.0
157220,24258726.42,120112259.8
157221,12039.0,5132534.89
157222,4803774.35,53749995.86
157223,3611292.72,20067366.13
157224,187729.7,5008885.39
157225,6520954.9,248543551.78
157226,6206833.15,25747639.24
157227,1707027.56,28998880.94
157228,5075024.53,279904440.24
157229,2917450.56,51625036.49
157301,20691909.37,15071027.65
157302,4017286.41,10309573.5
157303,6564881.06,34237156.78
157304,302284958.38,785714322.91
157305,38905216.44,128388853.34
157306,101250354.81,219943729.22
157307,76992048.59,262157075.44
157308,376242725.84,436041502.26
157309,28357461.5,42515648.17
157310,25457730.81,29738389.31
157311,38545240.0,61286021.51
157312,39308496.81,91505811.77
157313,423719.93,972678.57
157314,9624131.11,40123805.83
157315,41066599.65,105181249.06
157316,3243330.48,16059585.77
157317,4309217.91,39435680.09
157318,72185868.29,339964915.55
157319,1863903.17,8297298.29
157320,64553275.57,46773540.42
157321,13790477.18,42474614.72
157322,106311.83,4163401.9
157323,71588427.91,48834138.43
157324,7354696.91,11703196.66
157325,12172652.98,35982357.62
157326,109839791.63,261948030.7
157401,698978.16,119624.68
157402,74339.64,1700295.12
157403,1278422214.08,515501955.96
157404,128901216.75,38948784.78
157405,74450.0,299547.07
157406,1395338.92,3546837.57
157407,93399156.86,47559096.21
157408,566852967.5,130707649.94
157409,44358434.97,104084214.21
157410,8564762.65,34837192.82
157411,1904447.57,59436297.64
157412,11551238.65,6739492.32
157413,9619524.27,2389409.97
157414,86136.0,1052746.0
157415,4637100.0,15474976.77
157416,25139.0,85332.0
157417,2449389.0,638912.0
157418,5693693.63,1815254.97
157419,5178376.82,15805433.74
157501,1804808954.5,1525808.0
157502,373312.19,11718067.66
157503,1179766.85,261465.58
157504,0.0,611119.74
157505,155913.35,8170042.42
157506,48336681.54,2416563.69
157507,5329451.54,1575026.81
157508,2646271.24,3426313.05
157601,417059683.22,571295867.46
157602,18216519.12,65868644.3
157603,2019640.82,2286687.24
157604,41666793.97,26684193.24
157605,23884485.95,8406927.61
157606,168034577.63,344751268.36
157607,31946567.79,70312384.34
157608,24646308.72,15330152.94
157609,2150041.2,4601753.67
157610,37993684.21,14409766.38
157611,6185509.0,1409174.2
157612,28291724.76,11129731.69
157613,2011961.46,783597.0
157614,49116410.26,17661464.68
157615,28354120.17,7333037.13
157616,19275465.13,30779880.87
157801,3149112.84,130797248.51
157802,99691.15,821579.0
157803,6000.0,87969.72
157804,41957.0,1472484.62
157805,0.0,4178.24
157806,431898.74,2710120.38
157901,7797476.93,208072494.37
157902,2285368.61,0.0
157903,573481.64,8524871.01
157904,44604.93,563449.34
157905,1316541.85,3098153.62
157906,0.0,26378.0
157907,1377449.15,10065919.72
158001,1699941118.17,7558875.13
158002,5339353.71,478823.17
158003,64845051.11,11961308.27
158004,752759.32,1567215.83
158005,4620.0,8331.0
158006,0.0,18362.0
158007,530091.37,1717842.73
158101,1387773.0,3860682.88
158102,96480.0,6568229.93
158103,14511.5,21480979.62
158104,24752.32,5379035.18
158105,285124.43,2254170.3
158106,88560.0,74544.49
158107,0.0,2753.7
158108,1615604.12,5372779.48
158109,0.0,26305.0
158110,1499.0,1903987.0
158111,238619.93,229771.59
158112,321163.0,3089197.5
158113,9800.0,94218.0
158201,481594.06,4940184.86
158202,1627986.38,26974476.42
158203,4077001.23,12238356.3
158204,615070.22,16736644.92
158205,4608227.84,43355651.77
158206,635594.21,5395480.09
158207,22613337.47,175182910.1
158208,6320699.47,26853219.3
158209,197228.18,11845903.52
158210,4619150.19,1458442.08
158211,5203681.64,6324265.15
158212,842631.53,14791740.59
158213,175078.35,2489273.54
158214,845031.98,5409026.39
158215,24020655.92,10099304.75
158301,35045812.4,75365365.13
158302,50716854.38,124608567.66
158303,19476456.54,4631288.09
158304,1746596.28,9202776.33
158305,3273805.27,10510260.0
158306,14229228.12,2956146.55
158307,2372270.82,7095366.77
158308,1207356.39,40454060.55
158309,18175180.73,22274812.33
158310,787406.11,2974946.61
158311,45810874.66,84797445.14
168401,2237327.0,529617.33
168402,159786513.18,178242536.21
168403,515953.81,14564596.43
168404,58047403.29,194993278.68
168405,2704223.37,33540081.44
168406,30510398.25,227480946.62
168407,100578956.07,311803660.89
168408,26191578.51,445338123.64
168409,267195645.98,887798380.31
168410,628379.59,22828698.93
168411,69388905.58,526613108.25
168412,45060499.54,80982598.98
168413,56661674.94,605256973.23
168414,274109069.65,530147597.54
168415,30345665.12,303692744.0
168416,3234548.48,30680362.35
168417,8096145.98,85766844.53
168418,370950085.7,204661902.26
168419,61686870.58,361377583.72
168420,2968247.73,15828189.08
168421,142255111.66,336903604.29
168422,9384397.35,211666378.19
168423,72856739.09,37129663.86
168424,289161883.78,155990681.72
168425,26417603.03,150281270.54
168426,41144581.8,295164756.27
168427,3833531.18,98110865.89
168428,8822095.66,190822442.33
168429,112955329.8,1039281993.97
168430,24279862.83,213387412.4
168431,423361256.52,1048999844.11
168432,4936176.03,11833411.71
168433,1031851.79,19590352.41
168434,3612447.0,8153249.23
168435,637254.0,14900853.6
168436,3321977.02,32679790.33
168437,1311546.72,35427524.77
168438,14289009.87,120782808.23
168439,12622710.65,356680121.1
168440,215975.0,8039545.0
168441,2866900.79,95701210.98
168442,1376300.5,22429824.5
168443,1351613533.38,380541058.53
168444,125879.0,9628077.37
168445,2675056.0,114043144.96
168446,2949651.16,56715421.96
168447,3583733.89,56128716.21
168448,31239502.14,112286468.39
168449,33164.53,3659834.79
168450,2396112.01,114493008.02
168451,2420710.69,73061841.05
168452,2588858.98,75949747.7
168453,941205.75,26679344.39
168454,13728807.23,72773199.91
168455,2607310.65,67986344.36
168456,675473.78,14512206.66
168457,389335.76,37041154.04
168458,1837707.39,76815980.16
168459,1688007.42,78095855.86
168460,1678575.67,50764361.06
168461,2554445.27,45146689.38
168462,8400590.37,139735520.16
168463,2266530.37,25718154.83
168464,2099467.69,17984864.14
168465,4356945.53,79096696.12
168466,17359422.72,119436090.29
168467,2788320.79,52765653.41
168468,3257099.22,26136271.56
168469,4275986.65,5480309.37
168470,95280574.29,15312077.91
168471,1524849125.58,1794328949.94
168472,3458806.33,51713547.77
168473,1290292609.51,1112135333.38
168474,86058340.24,219568826.63
168475,6176526.73,19765509.07
168476,67782770.73,40818502.6
168477,22940893.17,419654513.61
168478,9071880.84,72719043.38
168479,111174219.25,494272107.09
168480,43057299.98,233042879.09
168481,87397386.72,515596153.7
168482,183982209.33,296894058.18
168483,85137867.9,702105362.17
168484,30815722.98,64057667.98
168485,63724374.9,77480033.03
168501,561278454.77,348115997.2
168502,27389369.22,361567215.66
168503,63506344.15,211189208.29
168504,758187377.37,501157647.11
168505,59235097.78,124767922.05
168506,427814715.47,111265643.68
168507,455092805.79,122182462.28
168508,1352285.04,40793974.17
168509,11349594.43,39054980.84
168510,17918740.69,8861598.7
168511,116716061.27,252945214.07
168512,65351062.55,146830820.68
168513,28685047.48,24484855.58
168514,2391525.88,58998677.94
168515,12454784.78,90228114.86
168516,165107032.18,202182144.45
168517,318721974.46,2390784161.59
168518,457523704.15,219122048.1
168519,28065999.6,17019151.04
168520,492710.0,1366829.2
168521,1153966343.95,108768231.21
168522,222051372.51,1018234715.43
168523,72540551.34,64272451.58
168524,13216824.75,66187376.5
168525,1441779917.27,1535823926.42
168526,67279296.01,43925845.99
168527,788688760.09,122139406.78
168528,765466327.54,69483739.99
168529,582481658.49,927464855.35
168530,3381323.96,9113676.5
168531,107617892.38,147173186.83
168532,386035762.68,325991138.52
168533,276698055.08,133700726.71
168534,57256005.0,209392933.99
168535,127582829.44,134794077.97
168536,713288670.75,599524108.21
168537,261761656.93,208578765.58
168538,109044188.1,260747516.45
168539,186080209.71,221226269.29
168540,161193584.4,194871928.63
168541,382749171.54,390724000.39
168542,1060620091.52,2209219404.26
168543,316532537.63,94350931.31
168544,1130312718.03,680289242.46
168545,9963330.95,81964966.52
168546,7119112.89,29366707.4
168547,4307774.47,56368934.23
168548,9956227.8,24173636.77
178601,177587.0,408760.95
178602,1000.0,24851582.96
178603,263101.0,557046.79
178604,52720.0,367071.0
178605,0.0,87623.0
178606,1187481.0,818611.29
178607,5694045.82,32403573.48
178608,108376.0,3436611.56
178609,19315747.33,22903304.64
178701,6190573.46,82906822.91
178702,21538230.09,12905425.67
178703,1171457370.81,1228378800.09
178704,219576560.04,1506452083.0
178705,10252234.58,30038158.1
178706,2286659.25,39804575.51
178707,4387172.96,7679105.73
178708,1125963229.75,2458101063.95
178709,4219436.29,7209192.75
178710,1443439.33,43679.0
178711,107248833.35,104910786.42
178712,97068515.62,52198141.14
178713,12235549.48,1476843.37
178714,264484029.6,773485719.03
178715,396225.11,3603933.1
178716,9862795.74,37908536.0
178801,4335.0,20668.0
178802,27532083.91,1339202831.49
178803,71039315.43,211600317.58
178804,68736.45,3980714.62
178805,935559.0,3451429.36
178901,212301463.99,678572207.36
178902,316781.54,974287.88
178903,5351846.85,7491319.59
178904,200054969.21,92104951.74
178905,674464877.92,616861915.76
178906,5834301.54,131869219.81
178907,5121928.65,43083845.25
178908,250711.19,129632.24
189001,428190283.83,101360276.32
189002,13454146.66,38351564.45
189003,5417604.67,8731755.06
189004,1290728.84,10320241.39
189005,356540.96,4592556.39
189006,63771043.95,24217494.03
189007,2197105.66,14978714.32
189008,1119612.86,57237804.17
189009,23129158.85,166358069.48
189010,930985.74,9638631.63
189011,219397.15,5194692.24
189012,76573.84,1780594.35
189013,63290622.19,177507737.21
189014,8510494.32,29499795.79
189015,10789583.6,74104583.5
189016,129170.29,4500388.98
189017,1478281.42,15401004.42
189018,99225208.6,174008907.65
189019,5598150.6,16051666.45
189020,286475.87,3997369.57
189021,87226413.98,85608591.49
189022,6306335.23,55379976.68
189023,7129693.61,27070319.71
189024,1513890.18,15099063.69
189025,13449914.3,16074437.34
189026,6348189.5,79256827.96
189027,44496076.56,79432269.74
189028,63235797.78,43817957.41
189029,3436551.25,66373334.07
189030,10825222.42,83492158.67
189031,44915431.45,108852741.36
189032,39007504.7,146533297.99
189033,36559719.46,14714043.61
189101,1217404.24,9675059.78
189102,4393579.37,28341240.71
189103,218187.0,110264.9
189104,47204.73,2349012.88
189105,356745.88,3421989.58
189106,6576625.07,5462921.47
189107,2900257.0,2029682.36
189108,191645.0,2456143.22
189109,74506.47,1252753.35
189110,9030.0,903635.63
189111,2222901.0,622361.77
189112,251313.24,56165.44
189113,1273869.26,776665.9
189114,2937566.45,2854038.19
189201,138472549.99,3981141.34
189202,49480452.58,1833832.76
189203,0.0,197803.0
189204,31028657.21,2860227.0
189205,74491487.67,1802336.74
189206,16237071.15,6441405.47
189207,368761080.37,7545376.02
189208,481549.41,731857.87
189209,71538112.27,157824368.75
199301,175675.0,3598448.13
199302,35940.0,161591.31
199303,5309.0,690826.31
199304,7369.8,223387.34
199305,17730.0,611452.42
199306,3833923.0,3886360.97
199307,19867185.93,15606.0
209401,752444099.59,127462441.39
209402,8227124.2,14456650.59
209403,1685769062.75,88217386.5
209404,32120718.74,7805295.86
209405,52983555.09,68867156.98
209406,17470552.79,42244392.57
209501,2731993.39,5147138.92
209502,106084121.8,9785876.0
209503,375028888.28,95503625.19
209504,28556366.99,29729528.6
209505,11815040.12,3971596.18
209506,76529438.99,48713460.42
209507,37461274.69,15475921.07
209508,348820.14,6666560.28
209601,5362776.62,680336.27
209602,10143631.24,3289293.1
209603,42065091.29,31341152.33
209604,2645.0,104225.75
209605,464340.38,875474.51
209606,8701232.86,49590550.79
209607,77687675.34,54574744.45
209608,27755393.05,27163436.81
209609,56949771.92,12103301.01
209610,3812975.03,1025795.23
209611,234207.78,619496.38
209612,7724188.75,14036990.11
209613,8027017.17,22732824.94
209614,65731.0,10291.59
209615,901504.79,6411469.81
209616,3438898.91,13065578.73
209617,276500.18,3666117.59
209618,428149.44,1546246.62
219701,39939906.49,3971535.16
219702,472925.75,50337.0
219703,2115238.81,1333723.74
219704,54335.07,44885.0
219705,932659.07,202232.0
219706,1660995.0,390497.82
