010101,0.0,941441.0
010102,1235.0,4867078.0
010103,61392145.0,10186.63
010104,596673.55,247003.21
010105,14638.0,21054941.69
010106,6080732.56,1577251.52
010201,28754.88,853289.1
010202,260374.06,4090585.87
010203,104274.65,1062306.82
010204,9062.0,287119.83
010206,46073.49,727689.85
010207,74256.72,1238413.51
010208,32527032.74,31711977.81
010209,0.0,6536.0
010210,989454.01,220461.0
010301,77281420.75,39047097.32
010302,330373859.38,320580407.56
010303,483094842.31,473362129.05
010304,388446355.41,350308617.27
010305,137197398.59,129440280.21
010306,1350906723.01,1286938242.51
010307,218603710.26,212583626.61
010401,16589616.15,11845009.0
010402,45432935.76,338805653.29
010403,10766583.68,26785964.13
010404,156946.71,152909368.53
010405,4468488.98,83153296.47
010406,2158432.63,33658464.47
010407,2700.0,4112732.0
010408,156207.0,1991146.67
010409,932845.31,8110201.78
010410,329647345.66,64011137.38
010501,656625.66,6975917.08
010502,5575.0,9918379.0
010504,94306.0,346752.0
010505,3119450.54,8683389.79
010506,927220.18,170438.24
010507,258913.1,7286.1
010508,9037022.48,5308252.3
010510,1409672.63,109957.67
010511,7786145.3,1638275.13
020601,2020462.98,404914.61
020602,12127407.44,6947028.71
020603,7897705.56,3719072.41
020604,4997330.92,1635533.06
020701,3819411.27,33280698.44
020702,512513.8,155996.07
020703,7292541.62,42852290.08
020704,6734026.69,7509947.11
020705,624515.1,739691.18
020706,301161.64,21581030.47
020707,27200.51,46568.73
020708,6082550.18,4046516.83
020709,7486966.97,5840934.05
020710,17160513.44,18445102.2
020711,816179.56,1228164.48
020712,2185530.02,2673694.79
020713,13696936.11,62258275.46
020714,39455839.66,29633528.22
020801,351827629.55,119637648.41
020802,182352022.72,66123842.99
020803,1007194.22,602150.96
020804,19292413.53,25970686.57
020805,356355.11,22146095.6
020806,729101.16,117283183.42
020807,1308383.42,1321364.29
020808,536735.08,196385172.44
020809,31601.7,249921.33
020810,3098734.74,3446804.76
020811,1411365.75,1329254.12
020812,118040.57,376910.53
020813,4997183.97,5891669.87
020814,31067.0,18205.35
020901,1191881467.79,218339483.45
020902,180268457.37,161101004.95
020903,95444.92,19598.0
020904,297645218.03,73295673.86
020905,6143393.46,256786.98
020906,71477582.15,21118051.92
020907,22981121.2,87255430.18
020908,192307125.88,66862826.87
020909,597938.39,2518389.66
020910,15028871.81,22972984.72
021001,360842.24,314470032.89
021002,0.0,5892254.47
021003,0.0,175919.21
021004,12572.0,412866.65
021005,9025793.24,441856858.11
021006,1271827.23,41098139.82
021007,0.0,217224.45
021008,12947.0,8455272.01
021101,17501249.39,275891275.3
021102,862882.31,995068.78
021103,398041.05,2812678.45
021104,269581.05,6995418.63
021105,763319.09,609609.84
021106,11367140.18,2984356.86
021107,20146.0,13668656.44
021108,55030178.93,48297398.13
021109,0.0,2878174.18
021201,657911.85,987026739.93
021202,10074068.34,7637662.01
021203,32355616.68,1797.84
021204,131311.17,128395.04
021205,12104.0,47318.51
021206,1269.0,5669623.84
021207,18406593.55,4233652.16
021208,127687.15,4928084.9
021209,11454970.25,15431774.24
021210,0.0,208460.6
021211,65576293.71,58674417.68
021212,155097623.88,114015313.89
021213,4229.43,32239.33
021214,470724.13,688003.84
021301,30526120.74,15889741.66
021302,53828077.92,51206442.42
021401,50216380.99,45911657.12
021404,53980282.46,9512817.95
031501,1105370.0,2695566.0
031502,50409.35,1020141.95
031503,1314557.12,25985.0
031504,1240231.02,20103933.73
031505,4285.25,1026438.27
031506,98299.45,1402642.77
031507,14846625.91,2794445.88
031508,28828.8,65433.95
031509,532213.54,2924959.52
031510,1962128.04,478281.04
031511,16415368218.06,6329453085.81
031512,11682036.25,4548969.03
031513,3379147634.62,2476222021.27
031514,74514.43,4164086.26
031515,22558358.5,17169594.87
031516,567552526.59,273832983.13
031517,751049588.63,506786518.14
031518,47032605.0,7430162.01
031519,1665812513.61,1448683632.24
031520,157074588.16,127766862.69
031521,41325976.35,10919809.17
031522,20560279.77,15676.11
041601,99241.31,4045974.54
041602,222511.07,2377641.28
041603,1427485.3,2332894.89
041604,360795831.72,198625005.67
041605,488688873.37,278149976.05
041701,1898573.88,658785557.05
041702,18096228.75,22293001.99
041703,78675706.91,4945261.25
041704,118041978.95,65614855.13
041801,699757466.25,78283584.69
041802,8545057.84,31151.91
041803,199865536.15,90358726.05
041804,300143123.86,32495768.97
041805,163735399.57,20032935.12
041806,43234616.95,38504972.13
041901,56065328.88,60293992.49
041902,164161377.97,151669522.09
041903,5351841.29,246840.25
041904,45846422.54,45156600.49
041905,283052162.99,260325237.23
042001,1028456.75,434366.65
042002,61117.97,6218387.3
042003,13228410.83,2558070.53
042004,2365018.54,18795935.46
042005,5141432.41,3776478.62
042006,865151.86,491099.62
042007,2310655.69,1682373.9
042008,226755148.0,177697648.08
042009,58008621.2,54383258.18
042101,131506178.32,56801840.42
042102,1550244.03,23656090.01
042103,105974183.53,98532426.59
042104,2858560.99,700682.77
042105,8060526.01,7413019.12
042106,281076666.28,184057000.81
042201,10345396.82,2541278.17
042202,41201959.89,28494608.53
042203,2826728.08,486414.48
042204,6697573.83,4246380.93
042205,0.0,177336.11
042206,396568.68,135674.57
042207,41583226.67,6011921.49
042208,2020199.51,5203943.61
042209,1564836.81,998378.51
042301,2440761.91,169347459.43
042302,75791202.74,19999039.83
042303,617976.02,120787959.98
042304,1760615.9,1180744495.02
042305,0.0,550810.59
042306,515647225.75,268185280.8
042307,0.0,91576.83
042308,2102938.4,4493563.28
042309,22771524.97,23284213.35
042401,232839258.61,286601813.48
042402,438347478.0,222194811.43
042403,7939446.76,23381030.6
052501,740213.78,126378242.77
052502,0.0,243825.22
052503,438114.4,70470797.02
052504,1320187.31,3979765.93
052505,516635.23,3368569.97
052506,1198622.8,3370161.3
052507,10224162.03,26255646.67
052508,4018287.96,10156639.19
052509,0.0,805995.34
052510,3658873.0,120976085.62
052511,2397387.89,18759646.86
052512,140739.08,3100505.99
052513,5091579.85,6720502.02
052514,221434.94,82471.65
052515,29188177.67,28572847.72
052516,55714718.33,2086374.6
052517,24367529.3,14543358.46
052518,30305.31,1089607.12
052519,214139.09,11685524.5
052520,2147079.6,39323331.14
052521,285938.94,4015670.86
052522,1307403.45,3388225.52
052523,100599055.15,50720087.18
052524,350368.97,60335437.85
052525,0.0,1173025.97
052526,1237869.14,4537558.94
052528,69269.42,1919249.8
052529,3351452.62,14489548.2
052530,6358874.3,36769656.97
052601,750182122.26,1037615894.17
052602,25540421.43,22933242.96
052603,4581138099.56,592712083.69
052604,1536101166.18,133310.6
052605,722079.0,0.0
052606,1170040040.23,1163881330.64
052607,2293121.62,151651.87
052608,1429512.18,183484.35
052609,13647842.0,1916290.32
052610,2166949.98,1609783.64
052611,0.0,176712.98
052612,84713.22,2313.59
052614,9617708.36,13940284.01
052615,131483766.11,155709885.3
052616,823173.0,936345.0
052617,18864.54,791833.56
052618,2460843.2,97632.28
052619,11476558.93,0.0
052620,1358580440.39,1356970726.25
052621,1389813.95,1638985.0
052701,27559959622.1,20721759306.17
052702,2259604240.86,5845944.9
052703,71300.24,78310.8
052704,228701.67,20439500.6
052705,869521.0,58897.17
052706,72261.83,562970.61
052707,350906504.24,166678457.42
052708,0.0,13911806.68
052709,12602660167.47,11789446601.41
052710,5323999845.06,2786083396.61
052711,20285385364.13,5857804604.97
052712,21925655.18,12068988.93
052713,1855902040.91,1833100007.84
052714,19480740.86,22942360.55
052715,1134568.85,2338553.96
052716,0.0,75249.0
062801,3717317.35,1333281.89
062802,2190.0,44767802.26
062803,3702687.33,122190058.03
062804,1995029.07,3170535.99
062805,193086.08,7295859.92
062806,33416.96,4226417.33
062807,2121566.9,14150019.45
062808,0.0,5395686.93
062809,27409423.2,165907715.77
062810,34112.0,4570715.79
062811,19631739.8,15522706.62
062812,11252.0,2483688.46
062813,3638382.34,291632.15
062814,550623280.74,55906558.17
062815,7710940.92,12408026.35
062816,93364.27,2259886.48
062817,19821848.68,10397594.52
062818,9088016.36,4853246.76
062819,1261069.0,1322626.46
062820,2030963.05,24993048.75
062821,112727.59,18816511.94
062822,53450.0,3130737.38
062823,229612.83,39798024.02
062824,2398808.87,1757080.22
062825,4463656.76,13951798.91
062826,2153161.22,687238.99
062827,5333740.38,4559738.14
062828,62955.0,2715002.63
062829,284310.08,14648646.37
062830,131650.13,6135991.85
062831,0.0,9876043.32
062832,257171.81,7463605.38
062833,18866132.67,35443488.53
062834,88382.87,4859312.49
062835,3841392.48,4722023.73
062836,13263371.52,210072709.39
062837,286332.0,11946237.32
062839,3774572.89,5412940.29
062840,75725.69,36605636.63
062841,1082001.81,1406434.85
062842,4217812.71,10387256.68
062843,1515909.0,10783811.2
062844,576169.66,2307095.09
062845,0.0,49553.0
062846,7009577.0,2259726.84
062847,5856985.72,1931642.97
062848,46879.0,598049.07
062849,2581374.4,8598914.84
062850,5287.0,525446.24
062851,41117.27,680757.41
062901,193510345.55,341742509.17
062902,1479302698.99,1598812782.4
062903,156226181.64,110486050.5
062904,551302.33,3710893.51
062905,514884531.59,458759063.03
062906,813570.79,12191302.23
062907,49405980.63,16991223.04
062908,550946.05,2054666.55
062909,69045419.25,66446544.95
062910,198196.47,1395175.66
062911,3479.74,633001.11
062912,894860.45,2000529.31
062913,24286.0,37381.1
062914,1978617.62,4574966.34
062915,222748728.71,218785327.78
062916,172386597.8,146975163.02
062917,68664408.42,62094478.16
062918,11977894.42,21934647.13
062919,561432.0,2799999.08
062920,4580952.65,1932752.89
062921,3031999.41,11381651.16
062922,599334708.69,369260672.61
062923,1684021.22,16188208.28
062924,17798999.48,12759074.28
062925,4919525.77,4961868.42
062926,340801.95,24454931.76
062927,73253719.73,26726501.99
062928,1395976.2,4283619.39
062929,7719451.64,19217342.93
062930,2070801.02,5888895.85
062931,1167786.27,67359903.17
062932,780804.67,3765832.11
062933,65009600.82,81314847.92
062934,100170220.88,58323742.32
062935,2397906.18,14405497.73
062936,8747967.27,15896686.09
062937,1298394.59,6445603.9
062938,563853.0,1746387.13
062939,10484188.25,7351598.64
062940,20707669.85,3927835.06
062941,3552332.22,28542510.55
062942,2388628.36,7082619.14
063001,59471.1,912103.47
063002,101948413.62,131384243.97
063003,26399158.0,25812507.12
063004,308842230.45,270292348.01
063005,9598498.43,6745060.19
063006,4985671.75,11602645.08
063101,5146119.71,2295272.23
063102,360083958.04,230184608.4
063103,3312154.26,256949459.71
063104,10573627.99,1199969072.12
063105,112673186.85,215110429.64
063201,25605006.16,24269392.93
063202,6004129.18,7859016.8
063203,390583.58,3488159.61
063204,162049349.35,180426888.98
063205,123598.76,3640365.64
063206,18279182.48,149557305.3
063207,11397151.98,30103906.18
063208,62988590.26,58075542.23
063209,3816966.49,6516876.85
063210,12007005.75,4223652.26
063211,1108841.64,2959716.06
063212,2369653.48,4393862.96
063213,101357.69,1599628.7
063214,9911086.9,14841619.15
063215,30699183.71,29500645.96
063301,204386313.97,209960030.25
063302,62352806.4,57186630.53
063303,36430500.24,40544678.76
063304,115956929.16,110077890.28
063305,63226059.39,44678672.93
063306,35470575.81,9415560.21
063307,56820178.15,53712457.28
063401,502255075.74,270435515.62
063402,247638768.57,189442727.42
063403,6049324.51,7703836.97
063404,64952042.99,40413537.23
063405,22192754.39,9641422.46
063406,3772483.82,2306813.63
063407,612245.95,973444.03
063501,310716.0,33203107.85
063502,0.0,4953637.18
063503,175466.85,23509370.04
063504,228943.84,21235745.42
063505,22999572.09,17774644.55
063506,42778066.83,29771261.56
063507,2391416.23,16652771.06
063601,0.0,2076289.16
063602,868043.96,6175708.62
063603,376452.28,34733396.33
063604,1486050.93,31529459.71
063605,11491152.02,10989.0
063606,219344.43,2654913.34
063701,517792.05,7068686.08
063702,3693354.78,882740.74
063703,306460.82,7536215.95
063704,13402.0,702721.29
063705,72144.39,369060.28
063706,46674.48,2242006.87
063707,293693.37,3554827.24
063801,4791113.7,13710333.08
063802,67787394.83,39833461.7
063803,28066.91,928621.29
063804,102543.8,11702655.05
063805,14028851.57,4025082.87
063806,101322609.72,26372156.76
063807,364996.44,333453.42
063808,281434045.18,220957424.97
063809,47254138.89,45880335.62
063810,3122964.14,5932043.7
063811,9090853.83,19864388.74
063812,14381012.55,17740210.52
063813,119272.83,5480639.31
063814,2546777.14,5777128.89
063815,3452651.27,9932719.29
063816,1475674.23,22494543.46
063817,8508173.19,120601566.7
063818,36713026.19,4479355.83
063819,703034.85,4737929.58
063820,822784.68,3319703.68
063821,67757.56,4038811.71
063822,1431519.63,35183069.0
063823,1554951276.95,941508583.27
073901,142192788.08,153116715.63
073902,23418943.62,167029364.69
073903,29882569.7,27785352.35
073904,134236555.36,75555916.24
073905,8592465.24,3630238.72
073906,80999463.31,76726740.41
073907,495874958.51,439740568.05
073908,19405538.74,30685767.93
073909,44376321.45,40034178.82
073910,1556853.55,34542362.94
073911,3158095.57,25339491.27
073912,1775465.45,9776548.41
073913,5793297.36,11228433.04
073914,306912.33,14807722.69
073915,155953229.23,158458370.02
073916,11676717.18,7815745.89
073917,44200283.14,46423130.93
073918,2903315.12,22097325.4
073919,73704269.94,61318860.38
073920,596438083.03,533110026.66
073921,148334288.8,120406801.39
073922,2799288.07,8059596.03
073923,408542612.07,388743631.36
073924,43762390.92,39726391.11
073925,9344056.61,9139009.28
073926,184420555.08,172891024.69
074001,12757562272.35,12199753446.85
074002,67406684.17,72199610.51
074003,7122215.82,9471440.35
074004,1889954.07,3727177.4
074005,131286136.23,128341346.23
074006,445657.02,3669876.73
074007,15401865.51,12081771.18
074008,23984613.24,14423003.75
074009,18948374.0,17074382.38
074010,72074099.15,41965146.58
074011,1934267113.59,734632515.1
074012,8209719.06,10258743.4
074013,51128781.81,40778613.34
074014,6119903.21,3137621.43
074015,290088930.03,224927630.75
074016,147682920.74,140145436.77
074017,3994219.66,2721466.4
084101,272933.81,2457343.09
084102,122295.43,1460482.89
084103,5396992.78,2758839.85
084104,112324694.45,116031809.12
084105,13619663.76,23113615.15
084106,11045046.96,15315624.76
084107,27724671.46,7422519.7
084108,2122004.0,7364881.2
084109,909412.59,12449987.48
084110,1481.71,539665.0
084111,1208072.49,3475235.85
084201,1164737.83,1328684.83
084202,268164587.08,267925267.53
084203,119790434.0,111034490.13
084205,8702018.55,3661240.34
084206,0.0,75946.41
084301,7496.0,476385.0
084302,8778.0,1518036.2
084303,1640712.5,2145966.68
084304,171098.0,623155.06
094401,147538684.31,152167839.52
094402,103645180.5,16123500.44
094403,15455736.36,16227301.9
094404,1880486.44,168533.35
094405,216903.57,3168917.13
094406,3685.7,408256.61
094407,327432925.15,323514104.45
094408,45009718.65,38955543.4
094409,510358480.0,460917258.65
094410,4029021.61,3182530.78
094411,52103381.61,14448670.99
094412,1698372722.54,785593030.43
094413,558359.32,2044939.27
094414,61884718.84,976740.63
094415,6073047.66,4422643.78
094416,70377.87,162823.95
094417,7411665.47,4549899.18
094418,297871421.84,286209125.59
094419,16308206.16,1269029.39
094420,79889554.93,39500890.35
094421,200927088.19,202078876.26
094501,78600.69,74633.97
094502,3042.0,65862.28
094503,75864.0,755901.03
094504,294205.89,592302.63
094601,9827541.59,4799812.59
094602,83227381.64,15488035.77
104701,468481.01,116119015.64
104702,232466221.89,735044786.95
104703,1686551074.18,1564174337.99
104704,1208157.02,2163834.05
104705,21039045.9,136787093.87
104706,992776.25,19060880.68
104707,6213617.01,186969181.11
104801,108972063.14,11223002.81
104802,2381581435.32,1684418150.46
104803,336863225.35,58120102.17
104804,37649561.53,108925745.14
104805,183481434.11,147299278.74
104806,15613058.01,16000178.7
104807,16783847.19,3281403.78
104808,9645051.74,3914257.78
104809,98172593.74,5239496.35
104810,931830616.52,665882139.32
104811,89995495.48,77718705.69
104812,35105.13,3767275.54
104813,36854262.44,24042220.38
104814,87284.76,5781119.44
104816,25795720.79,7212263.53
104817,16974469.68,4260308.04
104818,153802364.55,113619478.4
104819,123189547.27,126162701.48
104820,140971157.69,92427251.99
104821,4765420.03,50140705.61
104822,12669688.95,8110359.2
104823,82833930.63,74167138.69
104901,24147073.02,19072151.8
104902,1244378.15,1199648.25
104903,1566562.92,198963.57
104904,27010.0,166639.94
104905,2717931.66,294107.21
104906,63129.67,120147.86
104907,7808678.74,1994146.12
104908,1035191.53,4537948.63
104909,5869799.0,1513433.37
104910,699442.58,593789.89
104911,9342778.84,10032469.04
115001,21549.0,29536.24
115002,0.0,141312.72
115003,1589.0,5728.0
115004,12523.0,1679145.16
115005,4863.0,2906257.55
115006,100039.0,23185.29
115007,682285.14,1009720.66
115101,811758.1,420262.78
115102,0.0,236483.53
115103,1810618.18,2914.0
115105,0.0,7073219.85
115106,490432.0,617819.62
115107,6319373.24,1549699.66
115108,0.0,67988.78
115109,40397.0,240491.0
115111,90455.0,11723455.18
115112,132500.6,16984505.86
115113,0.0,36344.55
115201,12568445.61,1517202455.46
115202,48525548.97,41136418.09
115203,18533975.39,10515337.49
115204,931207.61,3376989.99
115205,340522842.77,332159710.29
115206,110022870.72,74984021.51
115207,1040778.65,815695.01
115208,169911977.57,162259068.18
115209,89134249.95,90661517.94
115210,77166525.83,66464608.32
115211,24287509.86,11123480.46
115212,19338642.77,16124738.68
115301,26783.0,134981.15
115302,35530.4,33072.0
115303,229259.47,3023303.89
115305,17438579.98,18101412.94
115306,1776.0,272029.99
115307,510876.36,341369.87
115308,335733.62,947262.83
115309,96382.04,1923055.88
115310,187863.77,653992.27
115311,505093.87,2225982.32
115401,8432615.95,22192407.57
115402,695250087.06,648574492.19
115403,15371938.4,8456537.28
115404,5446263.12,8684265.68
115405,148037.0,124382.0
115406,522235.16,608748.42
115407,675618656.1,577482396.91
115408,31996232.51,11741184.97
115501,3240700.11,74395619.1
115502,3254628.37,48200250.13
115503,136896324.9,37042501.6
115504,525543099.06,159015519.18
115505,7442337.86,3832045.68
115506,2622969.89,7829638.58
115507,270691.23,0.0
115508,24240210.45,23718047.2
115509,969924647.36,897239097.4
115510,396128129.4,63992453.23
115511,2682777.12,5837732.36
115512,110429269.87,65832230.62
115513,175017576.46,77757389.88
115514,73346648.55,65224539.34
115515,107928059.35,98334487.38
115516,110324812.01,27338925.35
115601,64325233.75,41792076.59
115602,1323773.32,2961057.12
115603,34832685.71,90803440.63
115604,408956.36,5146329.75
115605,280587.47,1246537.22
115606,3589838.6,2584580.41
115607,4647169.95,2471899.09
115608,21236601.6,9952835.74
115609,4113210.13,4493124.75
115701,1077935.23,2105235.77
115702,20349098.7,15198861.61
115703,38102460.04,35395604.41
115704,2680397.31,5214472.52
115705,5028053.37,8289334.05
115801,10286654.1,11415628.6
115802,443756.66,1340021.76
115803,219848.0,474596.29
115804,18096519.84,14177230.79
115805,19132.97,211207.88
115806,21049491.97,18031617.07
115807,1261119.31,34415049.13
115808,918270.94,1736021.52
115809,241417.0,191054.11
115810,16146272.1,14034680.52
115811,1344465.33,6291342.05
115901,1288230.48,876423.47
115902,76914781.79,73788234.58
115903,18036850.18,49992451.01
115904,33730.16,680407.14
115905,44058.0,34401.0
115906,24057814.81,16252739.87
115907,1327293.09,3384762.91
115908,130841.07,272812.62
115909,686487.0,7000463.73
115910,345116.72,7959778.95
115911,16864790.73,16225285.38
116001,14859040.74,16770784.33
116002,89429758.06,85411111.28
116101,107594363.88,73358051.33
116102,254644531.73,215496048.5
116103,220972013.01,214924555.3
116104,799795131.22,791560318.07
116105,326736234.85,127636704.97
116106,214800825.32,61488134.63
116107,49766667.05,35241376.02
116108,181510690.55,179964137.25
116109,500651481.09,239677010.64
116110,1566232159.74,1555298736.37
116111,152296411.56,37969975.13
116112,192138801.71,180045989.21
116113,5290738.07,2090747.03
116114,173128587.02,92964987.21
116115,150914626.45,145152549.93
116116,58329794.63,38918346.69
116117,10824623.11,8685131.1
116201,391136237.2,375121434.18
116202,286245447.17,274797632.97
116203,746656222.29,696009644.09
116204,1078675034.88,1064650211.43
116205,644144720.4,236677896.26
116206,594845135.29,586288006.12
116207,66456441.61,15757972.73
116208,78107220.31,72479680.41
116209,67079773.51,18293668.61
116210,219064092.62,194356410.44
116211,210876913.93,203498717.8
116212,415268437.39,165725293.21
116213,99206.2,453482.15
116214,10045467.09,8985639.75
116215,434601.98,410838.53
116216,48244562.39,14921013.65
116217,10729417.84,11478189.49
116301,23939625.08,7576540.11
116302,66665225.46,63413959.29
116303,23846165.43,24909004.95
116304,12328151.42,9802940.43
116305,133709065.85,124982847.94
116306,4437572.38,10451544.97
116307,38770171.4,29259506.72
116308,84726.73,354199.81
116309,744420.93,1299739.73
116310,15129930.13,17063455.22
126401,4418273.7,1547623.89
126402,837563194.98,749705277.02
126403,2566160352.98,2458901380.19
126404,747348969.04,374965726.72
126405,40614077.5,33719863.8
126406,92843914.36,72934993.81
126501,118772.65,14950.0
126502,140375.0,130168.61
126504,560983.0,249510.58
126505,23190354.61,12218815.73
126506,9568383.59,6037552.14
126507,634395.49,1757982.93
126601,5034066.63,1539838.69
126602,27598.4,341569.55
126603,559696.32,2718152.14
126701,130053.27,1797260.03
126702,1705405.14,5482992.82
126703,10923970.41,13121091.32
126704,285480308.39,204934126.11
136801,2211504.24,164761.19
136802,65402034.41,63272701.28
136803,402472.59,220887.8
136804,18538718.14,12015652.15
136805,3740498.13,14303257.13
136806,3408160.73,10196887.61
136807,49279.98,6217653.73
136808,1278558.71,1004301.56
136809,9758042.1,4324815.98
136810,34821869.95,23375091.72
136811,6068561.16,3325531.75
136812,695591.73,1094383.02
136813,13097848.28,11917912.03
136814,168366.53,948082.32
136815,11222136.47,10524438.71
136901,627466.96,132410.03
136902,4414265.9,25211592.12
136903,2353326.05,2939001.26
136904,549744.86,206817.13
136905,2232514.33,1432684.12
136906,0.0,67508.9
136907,19508351.34,2357312.52
136908,79310238.49,67475359.57
136909,111046567.34,60182796.51
136910,28679294.04,19047749.56
136911,123763465.28,29342530.04
136912,35906631.67,4567883.64
136913,12905118.0,8377347.45
136914,5766705.38,7625532.28
137001,270492.44,4276936.49
137002,4052649.14,2564089.35
137003,1196390.75,2781820.19
137004,2031072.78,713589.32
137005,187710739.95,137417759.86
137006,1755973.32,3764835.38
137007,24951180.03,19777049.89
137008,1272334.43,4895122.82
137009,31695617.75,28010430.47
137010,48715592.05,36099381.25
137011,15491333.11,8335164.58
137013,118225077.86,106064570.97
137014,146546.0,2377927.58
137015,955357.0,3005003.71
137016,10348625.82,5133399.39
137017,3139841.69,1913137.31
137018,1697577.71,6798655.57
137019,3953035.98,11170902.89
137020,2123877.56,9513086.26
147101,177176183.1,175568858.74
147102,12110686.0,10509290.0
147103,1651607.28,1424435.0
147104,1249545.0,262619.27
147105,1170060.9,240496.66
147106,119686868.16,104694520.99
147107,61547.0,1753071.0
147108,2275550786.89,1711432162.65
147109,2278.0,581787.0
147110,86270.82,372481.64
147111,40687.0,56410.0
147112,105977674.0,88362866.7
147113,632486779.3,527386542.63
147114,2788850.74,1462853.82
147115,756098.43,5818505.65
147116,1515873.63,862390.83
147117,29523912.51,27850900.14
147118,57543.0,651733.9
157201,116092.62,21644114.93
157202,514416284.68,510136932.03
157203,167901.0,66107340.16
157204,69739879.02,232419231.66
157205,8559419.2,15757736.12
157206,1586952.5,8825910.93
157207,2348919.1,157695384.0
157208,309443631.44,264077086.69
157209,3580911.28,15678153.09
157210,45265770.25,32929644.56
157211,152060.58,6097202.26
157212,9684800.03,5863075.31
157213,125040280.98,45126981.05
157214,31516368.44,21876769.02
157215,2171547.71,8308924.29
157216,30240447.29,32993762.93
157217,40474964.48,49900955.19
157218,1559815.12,2531443.28
157219,184135880.86,162622167.44
157220,16597397.68,19700800.38
157221,220290.37,10115115.9
157222,4089365.07,7490371.16
157223,6110856.58,15287474.33
157224,115291.9,6978212.82
157225,3681023.72,82455667.31
157226,1138512.85,23157861.85
157227,1368760.25,3288057.22
157228,3351100.83,6489621.36
157229,1885329.25,9526737.05
157301,19747861.42,3283180.85
157302,1813409.97,31153565.75
157303,5765301.61,15845309.19
157304,478165806.73,422324671.65
157305,246344911.02,127021861.09
157306,53492041.09,53124328.04
157307,67579388.89,57388427.15
157308,980550871.61,947731567.59
157309,89354393.83,20145237.19
157310,43551273.87,17195197.03
157311,10000674.86,29800130.09
157312,66356511.17,32816742.68
157313,1631663.61,5897396.32
157314,22479454.26,11219959.38
157315,33672795.96,24661269.97
157316,1371097.96,5218522.76
157317,1126480.53,15860455.9
157318,174970994.06,171514609.52
157319,1248894.52,2692086.95
157320,60042406.94,13699223.24
157321,15437057.23,16296240.93
157322,1228735.7,4852193.52
157323,80186912.46,80149560.87
157324,3392814.14,11278752.85
157325,8886236.19,9968832.2
157326,160412814.94,178472744.08
157401,0.0,4023085.87
157402,0.0,779956.83
157403,2632731607.13,1756265412.81
157404,200309990.55,52481615.07
157405,7214.0,1000609.33
157406,425136.0,4204670.74
157407,178870652.07,24128145.11
157408,850171724.22,581062870.05
157409,25033177.5,22564197.17
157410,43375362.27,11061566.08
157411,1013675.96,25400468.02
157412,11977139.22,12997289.35
157413,3146235.78,6818062.34
157415,2140263.66,1190485.01
157418,3577885.79,1622047.16
157419,4276815.99,3712229.71
157501,1673582840.98,67600.0
157502,1164409.0,10153754.92
157503,3332684.5,51118.0
157504,8249.38,869525.41
157505,207270.71,945882.98
157506,5872.0,4080576.3
157507,4305699.86,1845733.96
157508,10185720.92,3637590.22
157601,356910804.91,350926345.48
157602,22089642.58,36298575.68
157603,824007.86,4934388.59
157604,45596153.06,37707924.72
157605,19508069.51,14007817.34
157606,302871325.81,464648439.32
157607,42947272.46,60597391.22
157608,25862085.04,8974163.69
157609,1711143.62,2031703.58
157610,28698276.78,12423535.55
157611,144723.33,598849.69
157612,35220751.41,19324777.14
157613,2861494.96,1831836.27
157614,9669621.38,30158249.79
157615,21991201.46,19572954.17
157616,19791750.59,23848749.96
157801,14504465.32,88768148.34
157802,105674.44,464291.0
157803,0.0,4744.0
157804,2440321.13,1420642.02
157806,2461838.72,6838328.9
157901,847286.05,127946788.49
157902,1667298.43,136029.0
157903,988439.26,4876441.0
157904,823630.16,1062258.58
157905,184312.71,5265188.46
157907,1748688.13,12070807.07
158001,2313249970.88,370121401.72
158002,9799937.95,4036545.0
158003,40151063.94,10125475.09
158007,5120469.3,10739452.91
158101,1883571.93,555844.12
158102,97027.74,492126.77
158103,2475586.04,5097453.14
158104,72903.0,8860896.68
158105,486607.0,2956106.33
158106,0.0,415935.76
158107,0.0,14125.62
158108,2224929.15,5761375.86
158109,56708.0,131708.09
158110,0.0,4827000.59
158111,78182.27,362592.65
158112,1024833.0,1557860.18
158113,4358.52,384072.51
158201,645781.04,1472973.92
158202,2069174.26,7093395.23
158203,4753376.94,6208031.08
158204,539854.11,12369931.82
158205,5227486.99,4349744.69
158206,274777.78,6116148.48
158207,20030604.19,18449409.18
158208,3861965.35,3613038.22
158209,462911.48,5072468.39
158210,79251.0,3129052.36
158211,4008115.52,4219308.12
158212,602842.53,10393644.69
158213,148574.66,3636868.0
158214,785546.83,2565965.99
158215,35300397.63,21076822.84
158301,44714933.65,33051541.84
158302,33039922.03,60606055.79
158303,18977645.9,16926305.6
158304,7644993.78,5255980.13
158305,549535.36,4577015.83
158306,12031326.76,10988406.78
158307,737924.93,14572567.86
158308,592304.69,20962109.3
158309,24099026.04,6249037.61
158310,804135.14,1919420.01
158311,31078331.82,27916199.04
168401,82632.0,867204.0
168402,53956215.28,59042204.8
168403,9840505.41,14066451.77
168404,19101863.76,135643035.57
168405,1460721.81,12421775.9
168406,55899949.39,41788258.11
168407,93597457.16,83310957.0
168408,43309196.68,54552776.57
168409,342837779.26,193007124.97
168410,665502.09,2755136.23
168411,69821110.39,85444566.37
168412,33330084.88,25268195.29
168413,106080494.81,96729598.88
168414,286842779.42,295101250.87
168415,24808701.74,61720049.41
168416,2566955.25,5883493.87
168417,5292451.61,9601910.26
168418,398807233.95,217419191.83
168419,87044595.05,99913260.95
168420,4603496.64,8135208.34
168421,188095952.11,179166247.64
168422,11897535.11,12269169.51
168423,33188037.76,30308358.64
168424,8316153.73,10165940.65
168425,8949148.94,14382862.53
168426,63848735.44,51928007.76
168427,2493211.17,20276028.47
168428,5793821.22,43117296.32
168429,164171496.27,190103766.14
168430,69891886.3,43608247.82
168431,434251049.72,430771446.52
168432,1936628.79,1381268.23
168433,1775986.94,17960027.3
168434,2812724.79,6990790.37
168435,142600.21,2405872.87
168436,3801265.84,17406610.91
168437,2014926.8,24814755.05
168438,16360270.28,44779717.46
168439,5178626.27,43654375.98
168440,135310.85,6866179.95
168441,4093419.45,21543262.6
168442,1093468.55,15876707.36
168443,1824477430.05,1634233459.62
168444,2964340.0,20488750.54
168445,5588606.28,41495576.26
168446,2952273.06,14183994.77
168447,3544128.71,7282892.13
168448,44541158.18,45353552.72
168449,19548.0,5540580.82
168450,6218423.12,48791629.37
168451,2798938.38,5032919.66
168452,3420415.68,6924069.83
168453,504183.85,7461502.37
168454,3147745.1,25329885.53
168455,2919721.54,18089813.16
168456,353884.0,6448910.78
168457,1809791.5,78688684.54
168458,2658473.48,12425314.18
168459,3358660.56,7078485.45
168460,6237785.62,2654992.64
168461,2609622.87,6663938.18
168462,13887376.92,22838749.44
168463,1190286.03,13111782.01
168464,581712.0,2863887.77
168465,4563766.75,6605967.57
168466,30730250.23,31351704.73
168467,3721570.14,5344531.05
168468,1895319.98,4077426.91
168469,2385542.37,1572025.71
168470,114571576.89,73240909.14
168471,808206722.99,1876293618.08
168472,1235569.69,8737057.43
168473,1104388140.91,1102461779.07
168474,107738603.76,103126030.48
168475,2078982.84,3765721.99
168476,60050926.43,26817807.62
168477,38571260.65,124961807.68
168478,10137140.0,119952342.94
168479,105428325.67,104806386.69
168480,41973423.04,42546787.34
168481,101802998.79,109421562.47
168482,281394149.24,109902249.3
168483,120913294.44,109978724.13
168484,32949788.78,13944967.34
168485,85904564.61,82276620.57
168501,403590129.89,146003171.16
168502,42234266.95,131498228.63
168503,70585395.35,83119538.69
168504,1183005765.48,1149989014.57
168505,39601782.21,47313531.97
168506,485018860.05,307278819.62
168507,521785692.99,271621280.48
168508,582257.08,11443708.28
168509,12086579.16,12292180.12
168510,10689870.28,2290025.59
168511,88145877.25,78803528.49
168512,90538586.42,85746026.12
168513,16037687.81,23044132.64
168514,2126426.34,6629460.22
168515,15343584.92,15580317.53
168516,473281060.31,376371529.37
168517,238835028.53,193422437.19
168518,385599228.54,384486704.32
168519,41396623.19,5521809.92
168520,1874.0,81431.0
168521,735641247.73,407238228.3
168522,343215342.26,329355825.54
168523,46014748.81,54110949.11
168524,8630335.36,12112549.41
168525,1175307126.06,1104351172.45
168526,98306362.81,126344164.2
168527,499695818.16,441702846.91
168528,1235368355.64,174080683.72
168529,522364850.45,511004864.69
168530,1442730.0,1137116.32
168531,106840454.58,110314058.33
168532,601057644.78,600224361.62
168533,311387083.02,297626124.36
168534,82329440.67,162260407.61
168535,50208401.44,51426680.16
168536,709649310.96,713171940.27
168537,207321797.71,187220576.45
168538,149368504.52,152905803.33
168539,215542444.6,192009159.13
168540,132241608.53,43816673.33
168541,411045903.92,411927980.04
168542,810961727.13,701918652.49
168543,423715753.51,388876893.62
168544,1112255332.87,1103380460.89
168545,17988101.37,50952911.9
168546,3054146.91,8617085.76
168547,6024606.31,7587417.22
168548,25781482.53,8653190.97
178601,348566.0,60607.84
178602,242963.95,32014029.26
178603,17043.81,34608901.83
178604,1535308.0,2737467.0
178605,731732.0,1230137.66
178606,693368.6,700830.6
178607,3023092.69,6936040.95
178608,101592.47,13001250.53
178609,15217501.89,16569473.86
178701,5325622.78,85937657.88
178702,18748395.29,19010709.76
178703,1329709939.06,1145870293.52
178704,368681392.97,874508953.55
178705,10979899.94,16776622.98
178706,3739745.0,114926888.96
178707,7189342.5,18554708.79
178708,1152476735.75,1130539523.15
178709,1577861.74,4589506.34
178710,2523196.0,5770688.07
178711,63577839.13,43960421.83
178712,108999487.33,115701711.1
178713,3227091.13,3588336.44
178714,381844659.51,313083267.16
178715,123008.66,6840945.11
178716,7266732.24,10844976.39
178801,10529.0,39359.07
178802,369403308.81,508870058.72
178803,86827013.38,71011178.89
178804,116418.0,1440927.62
178805,109214.1,29401505.51
178901,154787804.31,206531497.62
178902,2766202.41,3179254.28
178903,8729056.77,18391918.22
178904,267816891.41,133644369.96
178905,1163568822.04,360714924.0
178906,6524616.31,16418900.28
178907,5187180.47,6031918.59
178908,6999290.95,563652.52
189001,362426039.48,226219521.97
189002,27415275.42,26414213.15
189003,4349393.0,5016322.3
189004,17554777.53,7144622.88
189005,1132206.85,3799818.93
189006,60200889.28,58629600.21
189007,2798265.45,11958628.4
189008,212621.74,877289.42
189009,0.0,172201.0
189010,798814.32,2018539.07
189011,183384.73,3029794.45
189012,36864.45,2190479.26
189013,11253403.52,7473177.41
189014,10718438.05,9525413.07
189015,17167283.27,22358544.94
189016,88553.0,3140289.57
189017,7180286.5,8822047.66
189018,181792412.97,178083046.15
189019,20728502.09,13301721.33
189020,200871.96,4405250.3
189021,46922206.57,49732976.37
189022,8210358.29,32390765.8
189023,4083496.81,14863167.98
189024,979251.98,3560413.79
189025,7568351.82,6480034.14
189026,10528364.83,19079671.02
189027,38944538.15,41530221.33
189028,51518480.55,33955529.73
189029,16150373.72,16605966.01
189030,10545401.44,10545034.31
189031,69212746.53,59412586.06
189032,50576317.24,54264998.42
189033,18712345.76,20912713.31
189101,298071.26,2146796.87
189102,3779146.02,9290587.23
189103,199289.11,356123.5
189104,179340.68,3317721.84
189105,581654.39,1024602.94
189106,5325958.26,3287959.29
189107,12718875.6,7449612.55
189108,53427.0,397115.0
189109,105176.0,153098.46
189110,80018.47,433190.63
189111,127334.0,97394.69
189112,3906.0,189899.86
189113,112042.74,99428.41
189114,538381.02,9178821.67
189201,167320842.18,90936672.74
189202,79808857.97,39930453.28
189205,77168671.92,47625148.61
189206,16433367.8,7093082.82
189207,338288325.0,180923306.07
189208,664950.79,604626.53
189209,72597505.14,69335497.61
199301,300000.0,53714135.97
199302,0.0,2469265.41
199303,0.0,2429224.86
199304,225623.52,1031624.24
199305,339980.0,969642.18
199306,3194160.0,10001818.71
199307,50836.76,3352.0
209401,627498237.64,618057704.58
209402,22643847.45,5359980.25
209403,1411945393.94,1408214561.12
209404,41958625.65,41651428.69
209405,83949776.11,95311644.39
209406,115939860.83,16519601.87
209502,6712.0,0.0
209503,419751580.81,194384442.96
209504,8868818.1,10341538.46
209505,12438787.14,6147513.8
209506,75507105.21,72303313.88
209507,38866766.57,10950439.19
209508,312983.6,4733939.34
209601,4671498.91,1841196.11
209602,9468938.07,2908650.88
209603,42019494.09,38278713.95
209604,4220.0,209280.9
209605,263897.98,504324.06
209606,9273294.56,11819444.87
209607,91042781.34,97138420.61
209608,36320168.94,14514045.75
209609,94131157.97,28432249.9
209610,15331698.18,3018466.14
209611,117798.0,1466520.5
209612,3650577.14,10771498.21
209613,1554578.73,11102531.35
209614,27492.0,197362.9
209615,557912.06,16583206.83
209616,3737890.11,14085762.55
209617,451320.63,4522537.75
209618,1591317.37,2430984.21
219701,32897934.45,13383196.51
219702,96061.83,147176.58
219703,3320309.86,945882.01
219704,1240.0,90372.57
219705,955509.47,46599.0
219706,1550645.0,224257.0
