010101,5913.0,0.0
010102,0.0,34234.11
010104,0.0,15326.96
010105,6764.0,0.0
010106,236208.02,0.0
010201,66578.0,0.0
010202,60489.0,1210694.73
010203,117360.02,27383.57
010204,7487.2,346413.42
010206,28057.0,10541592.34
010207,101189.76,722502.31
010208,0.0,2712.0
010210,2220.0,0.0
010301,6610.69,0.0
010302,2061407.46,215918.47
010303,26521226.67,117613877.53
010304,133385.0,92258.58
010305,90947.63,11719.0
010306,2682952.38,190925.54
010307,1757325.88,104713.98
010401,493996.0,76444.1
010402,5360516.87,5843629.92
010403,295788.0,26976.56
010404,37351.0,12903.91
010405,4173.0,52458.34
010406,3964.0,398076.51
010407,31453.0,63978.28
010504,0.0,129596.52
010511,78308.71,22520.41
020601,1220.0,61919.55
020602,2019166.66,327685.26
020603,3519488.68,22742.04
020604,119945.49,6599.44
020701,93298.79,388479.11
020702,744170.83,0.0
020703,93708.41,1248996.3
020704,2703.0,41917.86
020705,4420.0,26266.08
020706,2551.0,91245.17
020707,20414.19,0.0
020708,1111.21,22161.0
020709,968058.44,236110.29
020710,37490.9,447275.33
020711,3983.41,2567.65
020712,4443803.41,3668903.89
020713,12663.0,1525839.48
020714,333398.29,0.0
020801,202119315.08,626009.39
020802,6749449.0,81045.34
020803,214953149.38,0.0
020804,60838083.3,114471.66
020805,61701.32,73515.64
020806,237651.17,116398.26
020807,2283856.23,22059.6
020808,170956.99,790260.27
020809,256546.22,5235.06
020810,411905.92,171120.52
020811,993678.19,1428.71
020812,143344.93,0.0
020813,141752.09,11551.46
020901,129659290.99,869317.61
020902,2233238.18,2329970.56
020904,39247.65,132294.51
020908,65314.49,0.0
020910,412486.82,996810.95
021001,0.0,6986806.38
021005,121410.95,1935460.17
021006,11966305.27,16208557.01
021008,51834.72,0.0
021101,20827506.07,58981.27
021102,317734.57,86893.47
021103,1663160.33,14162341.68
021104,57195.94,117633.16
021106,195702.13,35237.92
021107,95943.91,0.0
021108,1248561.73,2218895.35
021201,0.0,22000.0
021202,60510.55,0.0
021207,5230182.94,1680997.67
021208,50420.0,47444.95
021209,1289723.06,59173.0
021211,1063922.94,51295.41
021212,41680.01,0.0
021213,20415.0,0.0
021301,70551.02,1899.8
021302,938992.65,1148966.06
021401,1011.35,0.0
021404,24696117.95,19516.3
031504,142907.9,0.0
031505,241174.0,399784.54
031507,0.0,433317.57
031508,16059.0,11450.94
031509,5106052.0,664844.0
031511,125639777.56,3950.31
031512,1497702.0,936799.83
031513,11439840.97,0.0
031514,425313.0,22407.76
031515,72563.62,1080749.61
031516,140248.0,8386.24
031517,8251296.71,274765.25
031518,23330.72,106251.31
031519,8733432.99,282047.71
031520,304129.0,50777.08
031521,345542.0,0.0
031522,916027.45,0.0
041601,9569.0,132780.08
041602,63088.0,468761.23
041604,204030634.07,2204101.69
041605,53995.0,567877.0
041701,6371683.09,45891686.66
041702,1262744.78,2201662.55
041703,28609.7,0.0
041704,9791073.55,1405324.42
041801,2646923698.62,0.0
041802,113387791.26,0.0
041803,633557977.58,0.0
041804,439149168.14,1256.0
041805,77308247.02,12279.37
041806,111568237.83,2805929.54
041901,3087812.95,2872554.34
041902,27662801.64,1332434.79
041903,350880.09,99065.0
041904,31528.09,1247.31
041905,2334219.44,3690783.61
042001,1495.0,8204.47
042002,222207.7,17102306.58
042003,0.0,63807.43
042004,17604.0,64858.01
042005,375764.31,2230546.58
042007,0.0,3973.47
042008,1598778.13,72543.34
042009,3353196.33,1736626.77
042101,85632255.51,738227.59
042102,19988.0,3228007.07
042103,2424703.91,4731788.64
042104,55156059.38,1640860.83
042105,11769.0,29244.54
042106,22192454.69,6947432.96
042201,211550.55,11472.86
042202,1636991.14,2823574.62
042203,31786.07,936304.88
042204,106489.68,10751942.66
042205,0.0,141124.0
042206,12948.0,1404.19
042207,896825.0,1711814.64
042208,1144503.71,1847465.83
042209,37143.0,1430.85
042301,0.0,300304.8
042302,4532728.22,0.0
042304,0.0,1537404.95
042306,2987808.49,3246026.48
042309,1498459.91,156443.14
042401,11228.81,14281880.03
042402,11455568.0,6482802.0
042403,35185240.23,0.0
052501,854681.0,604917.36
052503,17978.36,6033.35
052504,0.0,6946.67
052505,4358.0,5776.57
052507,72804.62,5411.69
052508,162041.36,17702.34
052509,38213.0,12692.74
052511,582494.31,2179.45
052512,17562.0,0.0
052515,2443.89,15142.4
052517,0.0,16204.73
052518,17210.0,76725.0
052520,0.0,14273.39
052522,92008.68,0.0
052523,54587797.18,3600.57
052526,539547.0,14075.34
052530,6269349.71,57832.99
052601,0.0,3600.0
052602,21086408.94,184618.0
052607,480236.09,0.0
052620,334007.0,0.0
052706,7145.06,46503.96
052707,128916.0,119344.79
052709,1184425510.17,1000.0
052710,1421848474.92,89007271.92
052711,2727097.27,15092400.79
052712,9348803.1,1240085.12
052713,452237352.74,1456327.0
052714,240128.96,0.0
052715,170580.71,0.0
062801,0.0,11229.96
062803,11770.0,39839.0
062804,1185397.58,18867.7
062805,1273.0,71057.56
062806,27132.08,0.0
062807,369324.97,0.0
062808,49096.19,0.0
062809,20235.0,698144.57
062810,0.0,11990.52
062811,525396.53,27943.97
062814,1512.0,1568.06
062815,1638642.19,10121145.52
062816,1509.0,2161.06
062817,35131.0,54778.6
062818,1659.12,0.0
062821,63275.0,237199.99
062823,279016.0,69199.97
062825,1061.0,20018.53
062826,0.0,5645.21
062827,354716.87,180978.3
062828,930000.77,254963.02
062829,15235.0,0.0
062830,18822.2,4452.0
062831,4328.0,148931.33
062832,10154.1,59999.0
062833,1631096.8,517430.48
062834,20876.0,173376.0
062835,27641.0,1069940.88
062836,2099030.44,5500391.19
062837,0.0,1690840.18
062839,20540.0,902220.42
062840,1486.0,0.0
062847,3252.0,0.0
062849,34497.85,1090238.55
062851,1438.0,0.0
062901,2816158.16,7847.01
062902,396927.0,2492.5
062903,8797.53,463572.57
062904,0.0,26731.22
062905,2409940.58,1020474.27
062906,238177.57,152682.14
062907,933853.0,2692811.45
062909,507141.4,321646.03
062914,474096.0,141985.53
062915,1177742.42,633483.88
062916,373494.27,74555.28
062917,654292.0,47393.31
062918,705320.51,639076.99
062921,46525.0,48550.29
062922,3993606.0,16053496.29
062923,159960.0,105584.11
062924,3761.0,127207.0
062925,8205.0,91579.57
062927,315555.0,1268861.04
062928,91159.0,2407.08
062929,0.0,85755.0
062930,459999.0,382297.85
062931,0.0,125866.0
062932,588028.0,741264.62
062933,140532.0,221098.46
062934,1745009.0,99823.04
062935,36044.0,2374.0
062936,64606.0,301923.17
062937,0.0,7196.0
062938,656758.0,31052.75
062940,8110.0,113146.9
062941,0.0,468305.71
062942,0.0,100591.0
063001,0.0,2501.0
063002,147053.0,26470.16
063003,488691.0,578125.63
063004,3985334.43,92322994.93
063005,3030.16,1532459.08
063006,4189.0,137560.82
063101,25285.73,0.0
063102,4316758.89,188307.88
063103,165520.0,0.0
063104,1404651.73,8406918.6
063105,11915705.95,440868.13
063202,10784.0,0.0
063203,293670.0,0.0
063204,5844645.31,1709397.93
063205,359777.68,0.0
063206,1878032.0,601579.17
063207,1231.0,27504.44
063208,3318893.28,3014259.79
063209,4678100.36,887530.92
063210,420192.06,7385.96
063211,135221.0,0.0
063212,111352.6,18081.5
063213,0.0,11911.55
063214,2698121.19,8860.97
063215,969692.08,176835.53
063301,1187024.7,149259.68
063302,10290501.45,15648796.09
063303,20105937.72,1659699.15
063304,83869513.19,2844201.24
063305,25030160.65,731797.67
063306,4532765.36,773027.24
063307,2246334.7,287831.13
063401,71454014.94,2580077.6
063402,14131253.51,4095497.44
063403,39652.13,29366.26
063404,737694.45,651140.59
063405,106654.11,59166.98
063406,85295.16,2068535.46
063407,0.0,1359.08
063502,1662.0,0.0
063503,14302.0,3950.79
063504,8678.0,0.0
063505,18870.08,8656.93
063506,708909.14,1874989.69
063602,22642.0,290715.03
063603,0.0,6502.0
063604,0.0,1704.0
063605,319824.82,20006.26
063606,0.0,1665.48
063701,12848.0,101693.18
063702,0.0,2564.0
063703,0.0,72093.57
063704,42420.0,2323.0
063705,0.0,1863.0
063706,2556.0,0.0
063707,39292.0,150637.26
063802,5451.0,147806.76
063804,15237.84,0.0
063806,54215.0,328908.72
063808,8958206.11,16196536.8
063809,7248.0,45688.85
063810,37953.62,186627.9
063811,2057799.11,163386.0
063812,268918.75,1132461.54
063814,1118399.5,15021.07
063815,20411.0,30664.31
063816,21997.0,1469.83
063819,0.0,12635.26
063820,1739.0,3174.0
063821,0.0,2006.0
063822,17757.0,2601139.67
063823,5130144.68,7482461.89
073901,19622212.74,38230565.49
073902,6171265.09,6390489.5
073903,455325.74,185988.37
073904,16062696.73,57478.84
073905,787406.64,297668.85
073906,821053.42,639496.99
073907,1251945.95,968845.15
073908,0.0,18055.65
073909,1049755.0,1101625.11
073910,225072.0,130023.19
073911,27335.64,29977.66
073912,470900.0,911200.6
073913,0.0,67426.0
073915,247428.0,97432.72
073916,0.0,132173.1
073917,14452654.0,910814.21
073918,14293.0,91337.49
073919,242211.39,879279.64
073920,8335379.6,6275997.74
073921,1673146.49,447808.6
073922,48076.0,263517.1
073923,56405822.21,14167720.49
073924,8546449.85,2248833.04
073925,198689.0,208818.45
073926,1420593.97,3358749.08
074001,379707232.4,25678.43
074002,3752077.42,397227.51
074003,0.0,37074.68
074004,33235.0,1577.0
074005,6312.0,17833.59
074006,0.0,2344.67
074007,0.0,7426.74
074008,146303.0,315292.58
074009,3084.25,105556.66
074010,46137.83,140938.54
074011,79612.0,10748337.45
074012,1274532.0,1119155.9
074013,221063.0,218059.09
074014,28650.07,257024.0
074015,3053.0,665796.47
074016,544992.0,862930.2
074017,0.0,1363.74
084102,466954.51,24220.0
084103,39104.84,0.0
084105,5165808.07,0.0
084106,3720239.51,0.0
084107,68777.0,0.0
084111,8227.0,7823.68
084201,0.0,2830.79
084202,27174.98,3590778.96
084203,0.0,141754.66
084206,0.0,2495.0
084303,1295.0,0.0
094401,12707.0,0.0
094402,271969.67,14550.0
094403,83771349.17,766821.53
094404,63300.0,0.0
094406,2431897.78,0.0
094407,117029861.26,30249.64
094408,52844301.87,17308.0
094409,11270906.16,176988.0
094410,2497379.0,174689.62
094412,28328461.59,230686.66
094413,891287.94,0.0
094414,1388.0,62190.22
094415,82119.52,1395.0
094417,266124.95,32651.49
094418,3856120.78,893310.18
094419,11933.0,30840.02
094420,371483.92,42738.08
094421,2622847.75,296664.51
094601,6506671.68,90275.01
094602,0.0,12262.17
104707,1104824.86,0.0
104801,102662.0,1653066.69
104802,638894.74,1922852.21
104803,694386.15,6129.23
104804,9678010.0,23660806.47
104805,6394589.0,3538487.93
104806,0.0,8182.38
104808,2337945.01,96921.21
104809,12091.18,627989.18
104810,2542606.57,2131380.45
104811,50939.0,178680.63
104812,0.0,54500.0
104813,0.0,7983.0
104814,9962.0,6271.71
104816,23619.0,262038.4
104817,0.0,15352.1
104818,4509509.67,386801.63
104819,39597208.68,9346682.51
104820,465303.66,1402966.56
104821,987558.14,1955814.89
104822,243346.31,284713.92
104823,702987.45,1061434.22
104901,144348.42,5556780.98
104902,16572.23,91328.03
104905,22402.0,65336.09
104907,58539.0,211993.0
104909,1028.43,2118.64
104910,87172.5,30420.0
104911,917174.48,3507026.88
115007,0.0,66474.0
115109,0.0,3396.0
115201,63107256.51,73446.11
115202,419274.67,4687.0
115203,0.0,22085.61
115204,2131.0,35381.11
115205,2221.75,1376488.0
115207,112015.89,154761.55
115208,18506592.52,39269238.63
115209,128476.81,1104992.06
115210,128856.0,46089.0
115211,0.0,136984.69
115212,2879.0,41838.0
115302,0.0,2450.11
115303,0.0,4704004.28
115305,193495.68,41070.0
115308,0.0,26830.25
115309,0.0,30650.67
115311,0.0,13026.24
115401,0.0,338006.68
115402,576857.01,534836.56
115404,0.0,61941.63
115406,0.0,2637.79
115407,170657.96,1808198.93
115408,0.0,14443.0
115501,61594.0,75222.29
115503,15845.0,161411.49
115506,65007.0,6351.71
115508,5832.0,425816.78
115509,361279.0,369588.23
115511,75090.94,19689.62
115512,1188.0,1336145.94
115513,1085166.0,3408057.08
115514,19348.24,324496.54
115515,825987.36,2695116.43
115516,0.0,82866.0
115601,20560.69,544401.7
115602,3730.0,31440.0
115603,107446.0,513456.86
115604,1987.0,123987.39
115605,0.0,10237.86
115606,0.0,2423.0
115607,996619.36,176765.12
115608,336640.27,385535.72
115609,459116.0,16922.37
115701,0.0,12598.57
115702,2795.0,89160.04
115703,6188.0,32405.16
115704,0.0,45953.98
115705,1372.0,39947.2
115801,0.0,34435.0
115803,0.0,5275.62
115804,0.0,168510.73
115806,30099.93,509310.41
115807,0.0,5958.0
115808,1326.0,34090.8
115810,0.0,115586.0
115811,5303.0,34653.0
115901,79494.0,15093.84
115903,1530844.91,1332093.67
115904,0.0,9457.7
115906,0.0,12476.96
115907,4188.0,38255.36
115910,0.0,8672.77
115911,3902.64,271519.41
116001,0.0,143752.97
116002,31246.0,304408.27
116101,0.0,4971.0
116102,0.0,5684.0
116103,0.0,646013.94
116104,8406.0,755579.89
116105,94817.59,101310.59
116106,8595.0,9894.14
116107,0.0,53062.46
116108,6958.0,1432390.0
116109,794118.09,2538160.66
116110,10539.0,93045.06
116111,5762.23,341250.0
116112,0.0,237377.35
116113,2455.0,1449.6
116114,67471.05,683042.53
116115,16112.0,325777.91
116116,4537.0,90147.32
116117,0.0,212217.47
116201,22449.0,13228.6
116202,96726.0,1299.0
116203,375774.14,5800505.79
116204,108037.51,1089810.06
116205,159491.28,213566.0
116206,8617.0,29241.0
116207,1877.0,66809.0
116208,2488.0,74724.54
116209,5922.0,518050.93
116210,46024.0,96248.23
116211,60242.14,1226769.95
116212,39018.0,816216.58
116213,0.0,4749.0
116214,6085.0,250265.3
116215,0.0,10356.95
116216,0.0,8557.0
116217,2810.0,81438.17
116301,78518.0,131572.05
116302,6143.0,541904.85
116303,5912.0,189624.22
116304,75926.98,2807510.87
116305,12873717.62,456986.84
116306,1182495.76,343722.84
116307,200502.82,390864.19
116309,71762.67,5809847.5
116310,55528.97,41538.94
126401,5590472.64,26343.24
126402,27415254.45,7866581.06
126403,108351.0,3084385.61
126404,3872825.97,348524.95
126405,109852.0,2826261.31
126406,224385.0,54133.21
126504,0.0,1992.11
126505,46121.7,143309.88
126506,10706.0,132915.9
126507,0.0,45483.0
126601,619987.39,382016.94
126602,0.0,13569.06
126603,0.0,22315.52
126702,0.0,265756.98
126703,0.0,24600.0
126704,37639.0,1058815.74
136802,1174.97,127481.24
136803,0.0,12161.22
136804,1225.0,170370.92
136805,0.0,126011.38
136806,3022.0,5682.2
136807,1310862.59,8719.7
136809,1463.0,895931.54
136810,53668.49,5244.8
136811,242280.0,80250.43
136813,0.0,6695.7
136815,2986.27,7271.52
136901,3590.81,1042.12
136902,173069.7,157045.27
136903,0.0,13040.79
136904,0.0,32342.9
136905,13423.0,43853.82
136906,0.0,1090.33
136907,39719.11,2202685.93
136908,9871.4,10101083.89
136909,0.0,16899.93
136910,6438.0,665161.43
136911,1686.0,574062.69
136912,5245.0,101938.98
136913,1211.9,167503.25
136914,1188.0,36230.81
137001,17309.0,1217.8
137002,0.0,7831.4
137003,0.0,173352.37
137004,0.0,3802.63
137005,0.0,1439178.02
137006,0.0,5537.73
137007,72798.0,530549.74
137008,0.0,15035.42
137009,0.0,274125.99
137010,2941752.58,3656008.66
137011,2108.0,250693.39
137013,112125.0,1358883.07
137016,0.0,171470.81
137017,0.0,48723.84
137018,3203.77,36653.84
137019,96126.0,603218.5
137020,0.0,32304.55
147102,6072.0,0.0
147106,3094.0,0.0
147108,211795342.08,0.0
147112,9000.0,0.0
147113,2628739.0,236392.95
147116,2591.0,0.0
147117,36548.0,241290.52
157201,4091.83,0.0
157203,0.0,21576.18
157204,9273422.39,136195.0
157208,2091201.0,1828873.18
157209,2004823.0,364787.01
157210,14802702.16,5167628.45
157211,1576.0,108920.07
157212,0.0,4795.13
157213,3388852.0,11938673.13
157214,4583044.02,1438352.48
157215,90619.3,106057.48
157216,1620623.87,281875.72
157217,2128807.45,486708.67
157219,4945.0,1424.96
157222,5640.76,11700.48
157223,11302.0,0.0
157225,29218.26,0.0
157226,0.0,2728.0
157228,2846.0,4281.0
157229,29571.77,22578.46
157301,1061.0,0.0
157302,0.0,1337.67
157303,71338.52,618442.94
157304,754162.69,15005292.42
157305,0.0,36832.0
157306,806823.44,1757111.15
157307,363322.0,1868033.56
157308,4688958.79,30091803.48
157309,617513.0,376683.49
157310,19874894.11,10372004.58
157311,727680.57,1070931.31
157312,116381.18,1297892.72
157313,60367.15,45215.09
157314,293517.94,861415.69
157315,38012.0,1460581.77
157316,0.0,32576.93
157317,3121101.41,201033.13
157318,560733.54,818590.97
157319,0.0,16957.61
157320,2861.0,42229.28
157321,159190.8,926706.56
157322,106595.0,0.0
157323,1897391.14,4939207.64
157324,44000.0,227847.48
157325,0.0,5252.3
157326,666051.07,7745506.02
157402,7246.0,0.0
157403,0.0,11130.59
157404,4900025.61,5523.0
157407,2970.0,9263.57
157408,707429.0,453203.01
157409,5358.0,45979.75
157411,0.0,371088.45
157412,13214.0,27490.7
157413,308438.53,44370.73
157415,0.0,8212.0
157418,0.0,22361.03
157419,8366.0,39823.61
157503,16429.27,0.0
157508,13023.0,0.0
157602,50434.17,6210.41
157603,21480.0,0.0
157604,28415.0,837697.39
157605,67418.0,1661.17
157606,84179.0,1623880.92
157607,3238485.25,2372527.63
157608,53019.0,238459.08
157609,11363.0,6130.0
157610,65713.0,328095.16
157612,252297.0,579760.99
157613,2430.0,228916.0
157614,25007.0,1021.62
157615,978685.28,285741.4
157616,340202.04,1311847.78
157801,1294403.1,0.0
157802,815911.48,0.0
157806,64158.0,2280.92
157902,10404.0,1891.0
157903,18665.0,0.0
157907,0.0,3396.72
158003,0.0,2333.33
158007,0.0,8079.0
158108,0.0,1140.0
158111,2455930.0,0.0
158201,2237778.81,1415992.67
158202,0.0,76415.22
158203,62898.0,164150.57
158204,5964.0,316757.74
158205,463521.0,1983867.02
158206,0.0,18431.39
158207,8745999.19,3010040.34
158208,8288.0,39391.49
158210,0.0,11921.13
158211,0.0,136421.29
158212,125799.0,49637.68
158213,0.0,91394.28
158214,0.0,58492.22
158215,0.0,214949.66
158301,9001.0,2602778.4
158302,31267.0,747400.68
158303,11224.0,322521.21
158304,0.0,4699.01
158305,0.0,87958.44
158306,6559.8,69790.0
158307,45209.0,63247.22
158308,48039.0,259736.24
158309,7126351.89,3033363.41
158310,0.0,6310.46
158311,1064253.07,194689.77
168401,0.0,1128.0
168402,18693.1,13482.54
168403,0.0,1234.0
168404,0.0,94013.38
168405,8139.0,221310.08
168406,338575.0,771769.89
168407,1444839.81,1297649.52
168408,490062.21,1853971.9
168409,730472.4,6170184.05
168410,15591.0,363090.0
168411,2773766.57,47688485.27
168412,64463.0,654713.66
168413,1582236.18,13938349.88
168414,764043.36,7838714.42
168415,213212.0,8570361.18
168416,0.0,73093.0
168417,33721.0,12451.53
168418,229379.0,3998245.89
168419,18841.0,265081.52
168420,0.0,48857.58
168421,899420.54,5633180.02
168422,741163.88,13510011.67
168423,76297.0,718195.39
168424,298812.78,3840645.3
168425,41891.0,1264185.5
168426,11156.0,24830.54
168427,1269153.91,3707311.48
168428,196269.0,733265.64
168429,5713186.73,17480237.79
168430,1945373.0,2960841.46
168431,34833528.51,55106807.43
168432,66572.0,577360.27
168433,5832.0,155129.82
168434,0.0,1488.0
168435,0.0,3961.0
168436,1388.0,485159.61
168437,72824.0,857648.52
168438,5063870.3,8537079.18
168439,55518.0,267907.54
168440,0.0,7472.0
168441,75596.29,1055729.82
168442,4780.85,637063.4
168443,547935.69,10159958.22
168444,0.0,6500.0
168445,0.0,185337.0
168446,0.0,107717.73
168448,24143.0,505011.91
168450,0.0,261774.08
168451,2982.0,906708.96
168452,1083164.0,897274.55
168453,229137.0,4661.44
168454,0.0,10329.0
168455,0.0,3941.76
168456,0.0,18927.0
168457,0.0,48939.0
168458,3087.0,51951.0
168459,1156.0,88294.99
168460,20854.0,0.0
168461,11185.99,5913.27
168462,61491.0,166706.21
168463,37504.0,7369.08
168464,0.0,8886.95
168465,90531.0,1990417.77
168466,72742.0,1217932.25
168467,3928.0,63397.33
168468,4522.0,32220.77
168470,28843.0,258279.46
168471,3477854.08,33403956.23
168472,216270.98,2858477.14
168473,129833.87,9280074.29
168474,178703.0,895209.27
168475,8123.0,0.0
168476,42106.0,1235.0
168477,452638.28,10701120.65
168478,15259.0,1557000.0
168479,408418.53,9627983.13
168480,251842.97,3056783.82
168481,732317.16,12468423.35
168482,136465.0,977216.38
168483,189765.01,4874956.07
168484,1235361.0,922662.93
168485,167984.0,980896.58
168501,463226.0,3399210.21
168502,4138310.1,14754281.73
168503,10123.0,672101.1
168504,607552.69,15651366.41
168505,20641.0,32306.53
168506,1036853.0,10310991.49
168507,594830.53,8761881.6
168508,2776.0,320092.54
168509,5240.0,172427.22
168510,0.0,34390.0
168511,39419.0,1340707.68
168512,2061383.0,613304.81
168513,0.0,873469.59
168514,7105.0,8247.0
168515,16652.0,918910.62
168516,156097.96,815458.69
168517,20312073.32,115168364.98
168518,39337.32,1226686.71
168519,8283.0,155469.2
168521,58474.0,1034708.9
168522,2290.71,29632.0
168523,360477.51,3032097.9
168524,16632.0,218989.67
168525,3577905.91,27346899.73
168526,74360.6,2112189.58
168527,34827.0,1175395.05
168528,204949.0,6674844.82
168529,1343132.54,12909526.69
168530,14821.0,124913.09
168531,30241.42,315472.29
168532,21724.0,175375.9
168533,0.0,17460.98
168534,27643.0,25738.72
168535,38223.0,165794.62
168536,440802.94,15516865.01
168537,241569.08,3435140.37
168538,145754.0,568772.45
168539,34066.0,2979519.59
168540,146104.0,8528.0
168541,69359.0,388712.74
168542,260488.61,9751117.94
168543,27247.83,1705961.1
168544,3726195.99,29534523.81
168545,0.0,50770.75
168546,2709.0,402347.45
168547,0.0,33966.97
168548,2482.0,40632.59
178607,16766.0,318904.7
178608,5018.0,0.0
178609,5122375.22,888145.86
178701,528140.0,4284291.38
178702,27765147.0,2311667.6
178703,5725632.88,47750358.97
178704,22227904.0,8437799.21
178705,1846443.0,3051011.47
178706,0.0,636365.0
178707,464046.0,14878.0
178708,13216564.45,22415101.56
178709,0.0,9676.0
178710,43793089.0,5654699.0
178711,165473.05,4776487.92
178712,30752.0,831769.01
178713,0.0,8784.85
178714,306654.51,646253.71
178715,0.0,87214.25
178716,10507651.14,4355806.39
178802,36462131.85,51260974.0
178803,2348003.62,12328720.49
178805,46134.0,0.0
178903,193693.0,301458.83
178904,327874.0,0.0
178905,338621850.0,42234.87
178906,0.0,117396.0
178907,14565.0,29696.9
189001,173586.0,156738.4
189002,1188.0,1317.0
189003,0.0,3434.85
189004,1387.0,159088.72
189005,0.0,1022.0
189006,262507.32,470763.0
189007,6363.0,91626.0
189008,0.0,18695.0
189010,13619.0,233659.96
189011,25885.0,143615.94
189013,1186.0,5873.0
189014,109003.0,135174.88
189015,220563.22,1693777.28
189016,0.0,1087.6
189017,19914.0,1010280.58
189018,11763916.8,7753592.69
189019,32808.0,69491.39
189020,1273.0,39187.8
189021,0.0,20010.0
189022,149663.0,6663204.16
189024,1483.53,84502.34
189025,10889.0,505400.52
189026,217947.23,2726608.07
189027,296656.05,7364517.72
189028,3555.0,1019893.94
189029,0.0,16321.0
189030,53205.73,2918113.68
189031,25560.01,1663469.54
189032,22098.83,1896692.5
189033,1391.0,95353.64
189101,0.0,3788.0
189102,32420.0,548869.06
189103,0.0,8265.83
189104,1630.0,0.0
189105,0.0,137620.02
189106,0.0,8007.54
189201,0.0,40039.0
189202,0.0,2685.07
189205,0.0,12590.95
189206,845319.88,32625.25
189207,0.0,5713.69
189208,0.0,16334.28
189209,0.0,14444.37
199301,1036046.0,60403.0
199303,2727312.0,0.0
199304,0.0,2150.0
199305,0.0,6850.0
199306,5036342.0,1234.0
209401,927120.16,4398112.65
209402,0.0,79803.48
209403,407424.58,4957433.17
209404,189495.0,1311706.08
209405,140483.0,2287169.61
209406,226139.06,503058.0
209503,7388.72,2761593.09
209504,5724.0,231233.19
209505,1063.0,359047.26
209506,204488.0,817291.86
209507,17557.16,27072.38
209508,0.0,75735.0
209601,0.0,3503.0
209603,45577.86,459245.9
209604,0.0,16655.0
209605,0.0,1467.58
209606,0.0,43617.72
209607,0.0,219015.91
209608,2769582.47,463988.53
209609,1600.0,163663.16
209610,0.0,65987.27
209611,0.0,31164.42
209612,0.0,40352.75
209613,0.0,183226.0
209614,0.0,8808.26
209615,0.0,106468.79
209616,648371.0,747777.92
209617,71900.95,362614.63
209618,0.0,8718.74
219701,58384.23,26298.7
219703,497844.12,271662.0
219705,23484.0,0.0
219706,174771.0,0.0
