010102,103010.02,0.0
010105,0.0,52279.11
010106,173399.0,1135.0
010201,524034.34,12000.0
010202,14658116.91,11323.33
010204,866644.62,0.0
010205,72121.33,0.0
010206,474726.97,0.0
010207,0.0,1960.74
010208,19640.0,0.0
010209,0.0,12819.24
010210,4480.0,0.0
010301,25229.0,2998.0
010302,171606.22,11929.0
010303,619137.37,29414.06
010304,1199.0,0.0
010401,0.0,2177.0
010402,0.0,271965.11
010404,0.0,1908.81
010405,0.0,20466.68
010406,12817.08,18975.34
010408,0.0,8810.9
010409,0.0,39617.1
010502,35587.0,0.0
010503,371322.5,0.0
010504,5560660.38,0.0
010505,60961.55,9954.52
010506,581663.19,0.0
010507,390721.46,0.0
010510,9468.0,0.0
020601,0.0,1303.36
020602,28589.34,0.0
020603,1121.62,0.0
020701,1960402.94,687951.79
020702,1530.42,4492.15
020703,2594.99,162503.99
020704,3392.82,193396.13
020706,2451.81,45560.7
020707,2180.0,2444.07
020711,16306.0,13432.52
020712,0.0,20431.29
020713,148547.01,2076.0
020714,0.0,6011.81
020801,0.0,4325.12
020802,0.0,10678.0
020803,0.0,35087.53
020805,0.0,62040.89
020806,0.0,32369.56
020807,0.0,52500.47
020808,0.0,1380766.8
020810,0.0,1266.0
020813,0.0,3809.0
020901,5747.0,43688.66
020902,2791.0,854052.92
020904,0.0,4962.71
020910,0.0,31947.54
021001,0.0,100684.46
021003,0.0,39959.06
021004,0.0,4800.0
021005,384694.04,0.0
021006,8252.71,1460896.6
021008,12900.59,1222816.92
021101,0.0,2218728.5
021102,0.0,6276.97
021103,0.0,20985.63
021104,0.0,5453.09
021105,0.0,20817.0
021107,0.0,61091.08
021108,0.0,5135.77
021201,3235.59,0.0
021202,0.0,5258.0
021205,13561.76,6479.0
021208,0.0,4453.32
021209,67822.0,19256.0
021210,0.0,9536.55
021213,0.0,14012.0
021214,14975.0,0.0
021301,0.0,1230.71
021302,0.0,5908.64
021401,9499.06,0.0
031501,0.0,55450.97
031503,0.0,26319.68
031504,0.0,4425.13
031505,0.0,6527.76
031507,0.0,436062.18
031509,0.0,5844.0
031511,0.0,2438712.74
031512,0.0,68678.26
031513,0.0,31212.93
031514,0.0,1925822.51
031515,0.0,15856.33
031516,0.0,765612.34
031517,0.0,425969.84
031518,0.0,5646.0
031520,0.0,1750.0
041601,0.0,2721.0
041602,0.0,45754.08
041603,0.0,3077.05
041604,0.0,5169.83
041701,0.0,2858230.6
041702,0.0,35261.58
041703,0.0,10907.18
041704,47788.0,978103.61
041805,0.0,3694.34
041806,8288.0,2457735.24
041901,0.0,96886.57
041902,37193.0,147196.75
041903,0.0,52705.68
041904,0.0,15705.05
041905,0.0,2223794.99
042001,0.0,115755.23
042002,0.0,4984.8
042003,0.0,4587.82
042004,0.0,17907.18
042005,0.0,80011.78
042006,0.0,9871.87
042007,0.0,162375.9
042008,0.0,191345.03
042009,0.0,523612.52
042101,0.0,57193.0
042102,0.0,34207.49
042103,0.0,784503.37
042104,0.0,188539.43
042105,0.0,30755.57
042106,5863.78,278947.76
042201,0.0,272148.33
042202,7260.0,1493155.41
042203,2085.68,3329660.16
042204,0.0,313586.13
042205,0.0,76174.81
042206,0.0,13151.08
042207,169558.0,938122.78
042208,1002902.91,292161.37
042209,0.0,1830.39
042301,485272.46,0.0
042302,995713.46,0.0
042308,0.0,40589.0
042309,4831.48,25662.22
042401,0.0,24118.0
042402,327252.0,6806220.39
042403,0.0,1489144.78
052501,19557.71,114344.19
052505,0.0,145030.8
052508,0.0,34280.27
052512,0.0,2421.22
052513,5774.0,0.0
052515,0.0,20598.12
052516,0.0,9887.85
052517,2559.14,21662.09
052518,0.0,9000.0
052519,0.0,23104.0
052520,0.0,55036.77
052522,0.0,589621.7
052523,0.0,148216.03
052524,0.0,5476.73
052526,0.0,4377.87
052529,17672027.75,0.0
052530,215422.23,1877.97
052603,131855628.12,0.0
052611,137281.86,0.0
052613,9720391.9,0.0
052616,4841.0,0.0
052619,20372.0,0.0
052621,0.0,2177.0
052701,0.0,3202.66
052704,0.0,10425.77
052706,4739.0,0.0
052707,0.0,9360.0
052709,1155021.3,0.0
052710,156168.0,60841657.51
052711,0.0,6201.63
052712,0.0,114094.96
062801,28500.0,27223.36
062803,0.0,2289.17
062804,0.0,41638.56
062806,4471.39,8652.81
062807,0.0,11114.53
062808,0.0,5309.41
062809,0.0,3627.45
062811,0.0,8196.0
062814,1719.93,1420.23
062815,0.0,22226.28
062817,45776.69,0.0
062819,0.0,1051.0
062822,0.0,1618.0
062825,0.0,5456.73
062826,0.0,2717.93
062827,0.0,33798.11
062828,0.0,24721.39
062829,0.0,14931.0
062830,0.0,1098170.92
062832,0.0,17841.98
062833,0.0,33737.53
062834,0.0,6143.58
062835,0.0,13198.51
062836,0.0,32898.02
062840,0.0,5785.41
062843,0.0,2610.0
062844,0.0,46738.98
062846,0.0,1620.0
062849,0.0,5484.06
062850,0.0,2869.3
062851,0.0,8573.5
062901,0.0,4666.0
062902,0.0,26804.97
062903,0.0,8465.0
062905,0.0,4946.26
062906,0.0,165156.0
062907,0.0,2344.61
062910,0.0,14295.67
062914,0.0,22914.12
062915,0.0,45208.98
062916,0.0,241941.59
062917,0.0,4592.98
062918,9071.86,27697.28
062921,0.0,1094.2
062922,80441.57,0.0
062924,0.0,46890.75
062930,0.0,1177415.38
062931,0.0,4000.0
062933,0.0,16996.0
062934,0.0,12437.0
062935,0.0,49259.06
062936,0.0,192910.15
062939,0.0,36197.0
062941,8699.0,71570.75
062942,0.0,12600.8
063001,0.0,12062.0
063002,0.0,144658.41
063003,0.0,67960.0
063004,262871.0,1203329.4
063005,1513.0,21849.85
063006,0.0,134194.84
063102,0.0,6197.54
063201,78360.0,0.0
063202,0.0,5343.54
063204,0.0,71230.28
063206,0.0,4956.3
063207,0.0,1638.12
063208,0.0,378401.13
063209,4290.0,82801.17
063210,0.0,103805.71
063211,0.0,5192.28
063212,0.0,16172.49
063213,0.0,3265.0
063214,0.0,89074.73
063215,0.0,111065.23
063301,0.0,60023.59
063302,0.0,135119.52
063303,14818.0,9578.67
063304,14939.0,755619.96
063305,15103.66,633475.33
063306,0.0,514490.32
063307,0.0,113351.12
063401,4500.0,1773313.01
063402,0.0,684107.82
063403,0.0,135156.08
063404,0.0,4527.67
063405,0.0,96612.08
063406,0.0,23470.92
063504,0.0,2205.61
063505,0.0,85308.33
063506,0.0,105718.56
063507,5535.0,9340.26
063602,0.0,198544.54
063603,0.0,69411.31
063604,0.0,30000.0
063605,0.0,44369.0
063606,0.0,2379.09
063701,0.0,74210.29
063702,0.0,133170.0
063703,0.0,50942.76
063704,0.0,11181.0
063705,0.0,11977.33
063706,0.0,5000.0
063707,1823.0,39509.9
063802,0.0,6789.19
063805,0.0,543498.51
063808,0.0,44692.0
063809,0.0,61250.2
063810,0.0,28391.3
063812,0.0,2322.0
063813,0.0,1306.81
063814,0.0,6426.0
063816,0.0,5719.51
063820,0.0,79590.05
063822,0.0,112927.68
063823,7329.53,53009.69
073901,0.0,10601.3
073902,0.0,62072.01
073903,0.0,21404.5
073904,0.0,8072.13
073906,0.0,1632.0
073907,0.0,2647.0
073909,0.0,1780.0
073910,0.0,2219.0
073912,0.0,5819.61
073916,0.0,22445.0
073917,0.0,1964677.14
073918,0.0,51271.02
073919,0.0,70520.63
073920,0.0,162183.7
073921,0.0,49277.42
073922,0.0,69920.92
073923,0.0,814190.32
073924,0.0,131186.12
073925,0.0,209034.4
073926,5787.21,760848.25
074002,0.0,30423.72
074003,0.0,12616.02
074004,12000.0,0.0
074005,0.0,8773.02
074006,0.0,4898.0
074008,0.0,114282.7
074009,0.0,110020.54
074010,0.0,518778.95
074011,77500.0,1976618.46
074012,7416.0,259236.34
074013,0.0,26078.74
074014,43367.0,99388.02
074015,0.0,51213.49
074016,3174.0,229160.92
074017,0.0,12189.91
084101,8279066.3,0.0
084102,10547586.05,0.0
084103,566853.0,0.0
084104,60952.0,26318.99
084105,0.0,2138.03
084106,0.0,19593.0
084107,0.0,246867.38
084108,0.0,3332.0
084110,0.0,15328.39
084202,3488.78,50817.69
084203,112199.0,9161.0
084205,1005.0,4422.0
084206,0.0,3265.0
084301,5676075.22,0.0
084302,131540.06,0.0
084303,109859.0,67278.04
084304,0.0,9749.0
094401,32823.0,0.0
094402,0.0,2312.38
094403,418964.09,0.0
094406,20173.0,0.0
094407,5164867.23,8163.0
094408,10771.83,11375.18
094409,0.0,30854.0
094410,0.0,208371.47
094411,0.0,36630.73
094412,0.0,61687.74
094413,0.0,8649.26
094414,0.0,1887.29
094415,0.0,5705.64
094416,0.0,14566.0
094417,0.0,8138.0
094418,78540.37,144028.55
094419,1262.58,3760.41
094420,7015.6,127208.89
094421,35949.55,34313.28
094504,0.0,6559.0
104701,0.0,9796.0
104703,0.0,6993.0
104707,2607.55,0.0
104801,0.0,259347.81
104802,0.0,1202812.04
104803,0.0,27028.55
104804,0.0,19056.12
104805,0.0,54473.25
104806,0.0,40144.6
104807,0.0,519147.38
104808,0.0,7280.51
104809,0.0,27631.0
104810,0.0,146330.61
104811,0.0,138936.3
104812,0.0,2721.0
104813,0.0,2123.0
104814,0.0,168366.18
104816,0.0,17652.0
104817,0.0,30629.22
104818,0.0,378089.2
104819,0.0,1026787.55
104820,0.0,193533.15
104821,1861.0,514492.98
104822,0.0,1642.4
104823,0.0,253449.45
104901,4925.0,360372.19
104902,19378.79,18134.8
104903,0.0,37212.79
104905,0.0,12855.0
104906,0.0,10724.0
104907,55521.37,429608.92
104909,0.0,2250.0
104910,0.0,61343.36
104911,1088.0,186276.14
115007,0.0,4279.0
115101,6136101.41,0.0
115102,41075830.81,148659.12
115103,658517.05,38826.68
115104,9233.33,0.0
115105,15411320.22,219250.9
115107,4733.0,104832.0
115108,668071.75,62952.86
115109,73470.0,179425.85
115111,8021.0,49950.48
115112,7782.0,2263735.64
115202,0.0,12677.59
115203,0.0,18476.6
115204,0.0,560086.78
115205,0.0,473890.44
115206,13933.0,1454631.98
115207,0.0,185444.95
115208,36190.0,13995917.56
115209,0.0,3652834.33
115210,0.0,916017.64
115211,0.0,1064077.0
115212,0.0,111832.0
115307,16809.79,17500.0
115309,0.0,159689.96
115311,0.0,53582.0
115401,0.0,214020.06
115402,216535.41,47851.49
115403,0.0,54373.0
115406,0.0,3832.1
115407,78367.0,9056497.54
115408,0.0,61837.0
115506,0.0,104586.95
115507,0.0,2687.0
115508,0.0,99459.8
115509,4350.0,1006948.0
115510,0.0,94850.0
115512,0.0,156865.0
115513,0.0,1966577.77
115514,0.0,930484.88
115515,53419.0,356530.0
115516,0.0,307397.0
115601,0.0,67822.3
115602,0.0,1092281.44
115603,0.0,216797.53
115604,0.0,227414.18
115605,0.0,62967.0
115606,0.0,19136.0
115607,0.0,259614.85
115608,0.0,38727.02
115609,0.0,155175.39
115701,271506.08,18787.0
115702,173620.17,250262.45
115703,660044.0,71577.12
115704,2099.98,36940.47
115705,0.0,12783.0
115801,0.0,1397628.15
115802,0.0,191155.0
115803,0.0,3762.0
115804,0.0,6777.0
115805,1774.0,0.0
115806,0.0,105686.38
115807,0.0,639389.59
115808,0.0,89513.0
115810,0.0,8539.0
115811,0.0,76443.0
115902,0.0,2323.0
115903,0.0,243912.28
115904,0.0,66206.73
115906,0.0,4805.0
115907,0.0,18728.0
115909,0.0,12662.88
115910,0.0,4303.0
115911,0.0,32603.0
116001,0.0,1348433.45
116002,3454777.0,4233635.63
116101,252713.0,8463.0
116102,655952.0,2721.0
116103,1476929.97,1400741.31
116104,670023.03,420542.0
116105,4843814.3,4334.17
116106,477591.33,50735.41
116107,94980.0,196307.0
116108,3586.0,9197.0
116109,387448.0,17057.32
116110,25324080.12,873839.05
116111,83416.0,0.0
116112,116389.68,6550.0
116113,0.0,1088.0
116114,360163.0,125380.0
116115,1000.0,41674.03
116116,8039.0,0.0
116117,216894.5,3847957.38
116201,9937386.22,141874.11
116202,3260774.7,212522.43
116203,11721413.31,1842360.98
116204,6090431.17,865889.86
116205,6993817.0,79126.96
116206,990032.78,99991.63
116207,160933.22,7369.0
116208,213194.54,33587.0
116209,415712.88,16359.0
116210,6097048.91,9904.99
116211,1803992.03,17174.57
116212,15895.0,27058.68
116214,176997.0,398708.0
116215,0.0,19540.34
116216,1883.0,13022.0
116217,22661.0,1498624.12
116301,133364.61,17191.02
116302,0.0,22111.44
116303,0.0,40261.71
116304,0.0,8923.0
116305,0.0,2279060.34
116306,35837.87,28847.64
116307,0.0,29364.1
116309,6398.47,1204233.29
116310,7107.92,21349.51
126401,0.0,11725.23
126402,47002.0,33977.99
126403,75026.0,581658.25
126404,7562.0,64284.17
126405,0.0,76035.89
126504,0.0,131968.0
126505,1857.0,2788.0
126506,32716.0,5960.92
126601,0.0,5817.0
126603,0.0,1088.0
136801,0.0,112952.58
136802,0.0,205146.87
136803,0.0,1979.0
136804,5000.0,19151.46
136805,0.0,2444.0
136806,0.0,228213.06
136807,0.0,183073.74
136808,0.0,96137.78
136809,0.0,181316.63
136810,39306.0,478193.3
136811,0.0,143815.82
136812,0.0,8489.44
136813,0.0,38409.26
136814,0.0,4908.0
136815,0.0,4871.62
136901,0.0,4206.57
136902,0.0,446665.36
136903,0.0,11566.0
136904,0.0,22021.5
136905,0.0,11402.76
136906,0.0,1528.05
136907,0.0,70712.43
136908,0.0,119027.56
136909,0.0,4154.03
136910,0.0,113746.95
136911,0.0,10790.06
136912,0.0,22182.0
136913,1679.0,0.0
137001,0.0,2170.31
137003,0.0,2568.63
137004,0.0,337403.55
137005,0.0,28669.76
137007,0.0,79064.48
137009,0.0,24960.3
137010,0.0,169116.58
137011,0.0,2592.0
137012,0.0,413014.0
137013,3020.17,79356.62
137014,0.0,2468.0
137016,0.0,11912.01
137017,0.0,142642.28
137018,0.0,2264.0
137019,0.0,72301.63
137020,0.0,4245.27
147103,229201.0,0.0
147108,4205215.01,0.0
147113,19140.0,1274.0
147117,3199.0,19126.0
147118,33559.08,1632.0
157201,25276.2,0.0
157202,0.0,394884.8
157203,0.0,1419.72
157204,2135063.54,64876.29
157206,1005988.0,0.0
157207,1057378.68,0.0
157208,0.0,27969.11
157209,0.0,29831.34
157210,5751.81,33962.19
157213,0.0,48091.0
157214,0.0,32643.92
157215,0.0,52766.0
157216,0.0,168213.99
157217,0.0,9580.88
157219,0.0,23233.8
157220,0.0,66049.0
157222,0.0,8851.0
157223,0.0,5469.22
157225,0.0,3021.36
157226,0.0,85051.57
157228,0.0,15398.0
157229,0.0,5523.65
157301,0.0,1103.1
157302,129049.0,57813.0
157303,0.0,13284.73
157304,103261.0,1132297.31
157305,416340.5,136150.36
157306,0.0,635045.0
157307,21686.0,1463458.29
157308,168603.0,570470.82
157309,224090.0,79996.75
157310,38158.49,37035.18
157311,99982.0,80639.84
157312,39904.71,84367.15
157313,0.0,2221.67
157314,0.0,57454.4
157315,0.0,9509.77
157317,0.0,62060.68
157318,3531.0,219698.13
157319,0.0,34681.32
157320,0.0,117978.34
157321,4212.35,136395.74
157322,0.0,106418.14
157323,0.0,76922.08
157324,0.0,67297.92
157325,0.0,77404.18
157326,2216.0,240217.39
157403,1738110.29,0.0
157404,124270.72,0.0
157408,0.0,19433.72
157409,0.0,16740.0
157412,1031.0,0.0
157413,0.0,4851.17
157415,0.0,4610.0
157418,0.0,11723.0
157419,0.0,14614.0
157506,0.0,3823.0
157601,447591.63,0.0
157602,514145.32,0.0
157604,495255.0,30927.12
157605,0.0,302081.35
157606,0.0,117361.44
157607,0.0,10719.0
157608,0.0,3131.0
157609,0.0,6800.0
157610,114404.0,148663.27
157611,0.0,11429.0
157612,0.0,237483.0
157613,0.0,1088.0
157614,0.0,161152.85
157615,1105.0,7982.64
157616,0.0,30584.91
157801,51460.97,0.0
157802,526739.0,0.0
157803,0.0,2179.0
157804,0.0,2427.0
157907,0.0,1155.84
158102,129932.0,0.0
158201,0.0,16937.5
158202,0.0,20395.0
158203,11704.0,32620.52
158204,6493.0,332022.4
158205,5193.0,105786.56
158206,0.0,38169.03
158207,81927.0,177655.96
158208,0.0,20419.0
158209,0.0,4268.0
158211,0.0,4720.0
158212,0.0,11033.0
158213,0.0,5944.0
158214,0.0,25011.0
158215,0.0,21896.62
158301,0.0,34551.27
158302,40729.47,466557.0
158303,0.0,31404.09
158304,0.0,8563.42
158306,0.0,6289.83
158307,0.0,36261.0
158308,0.0,34236.31
158309,0.0,68115.24
158310,0.0,4844.0
158311,0.0,178799.19
168401,0.0,234929.56
168402,0.0,808465.71
168403,0.0,1322320.09
168404,0.0,37688.61
168405,0.0,7551.0
168406,45726.0,1624163.71
168407,19168.0,76043.98
168408,0.0,209229.46
168409,19242.0,168092.46
168410,0.0,10437.0
168411,0.0,9235.0
168412,186993.0,514487.46
168413,794423.0,6916423.73
168414,3488.67,669231.93
168415,0.0,340271.05
168416,0.0,897973.25
168417,0.0,143550.68
168418,22572.0,580190.23
168419,4354.0,1068247.06
168420,0.0,2574.0
168421,0.0,520044.53
168422,35899.0,477865.15
168423,6210.0,42080.77
168424,8000.0,232442.24
168425,183340.14,106403.3
168426,0.0,73625.51
168427,0.0,217727.9
168428,13734.0,338395.97
168429,142300.85,6732719.98
168430,35444.0,358549.52
168431,789573.0,8709224.62
168432,35199.0,37288.33
168433,52492.0,59178.88
168434,8275.0,5999.0
168435,0.0,336331.26
168436,0.0,41740.0
168437,0.0,1238472.86
168438,29682.0,436114.69
168439,0.0,27659.0
168440,0.0,137563.29
168441,7500.0,164898.29
168442,2500.0,1464578.67
168443,103000.0,351117.99
168444,0.0,2199.0
168445,0.0,393551.14
168446,0.0,59219.0
168447,0.0,2436073.11
168448,0.0,419476.38
168449,0.0,3672.0
168450,0.0,345530.9
168451,0.0,1257450.34
168452,0.0,3524116.08
168453,0.0,8333.0
168454,0.0,5243.12
168455,0.0,24031.13
168458,15169.0,0.0
168459,24106.0,3809.0
168460,214808.0,65802.46
168461,425683.0,250409.78
168462,11023.0,125083.92
168463,63319.0,91632.0
168464,0.0,2415.0
168465,3520.0,1457705.71
168466,0.0,66393.0
168467,0.0,48118.48
168468,0.0,6670.3
168470,0.0,21014.2
168471,354490.0,3157925.07
168472,0.0,139206.69
168473,36417.51,300950.84
168474,10850.0,4228396.66
168475,0.0,4649.0
168477,0.0,27061.0
168479,105126.0,556431.96
168481,0.0,1602223.05
168482,16525.0,1224998.41
168483,0.0,642460.28
168484,0.0,188590.42
168485,0.0,177213.0
168501,214594.0,3352214.44
168502,41559.0,1734109.3
168503,0.0,1049306.91
168504,82663.0,1131325.88
168505,0.0,257038.54
168506,0.0,249474.62
168507,20045.0,528653.72
168508,219221.0,104635.55
168509,0.0,35380.29
168510,0.0,3557.0
168511,0.0,74923.3
168512,7187.0,22634.73
168513,0.0,17132.81
168514,1733958.0,67559.0
168515,42414.0,231814.22
168516,471285.07,635639.89
168517,105514.0,7320115.75
168518,39586.0,260457.06
168519,0.0,103738.0
168520,0.0,299246.0
168521,175299.5,210625.24
168522,0.0,27464.0
168523,1047.0,37565.49
168524,19475.0,57557.19
168525,69550.0,3963087.05
168526,0.0,52658.0
168527,0.0,1151174.12
168528,88668.01,223486.05
168529,213365.0,2724044.54
168530,0.0,812453.0
168531,1088.0,50442.51
168532,0.0,18073.0
168533,0.0,63753.0
168534,0.0,671668.0
168535,0.0,142803.3
168536,0.0,695156.72
168537,0.0,1556136.98
168538,0.0,764403.75
168539,0.0,202031.99
168540,0.0,61726.0
168541,32779.0,116704.28
168542,241785.0,118911.0
168543,33225.0,1001216.26
168544,0.0,57223317.62
168545,0.0,250397.04
168546,0.0,14887.0
168547,0.0,50681.0
168548,0.0,64658.0
178602,358000.0,964304.0
178607,96600.0,1470013.9
178608,0.0,189257.26
178609,21672.88,248239.16
178701,14367.0,909073.68
178702,22906.0,4140513.47
178703,1211595.31,15929787.85
178704,186166.0,12130645.43
178705,8148.0,1908230.31
178706,0.0,57135.0
178707,0.0,305475.53
178708,70049.0,5927970.68
178709,0.0,12978.44
178711,78658.96,273925.61
178712,0.0,34865.99
178713,0.0,15155.0
178714,33646.0,11651.45
178716,0.0,731698.25
178802,1812552.0,0.0
178803,206889.38,23667.36
178805,3213.0,4354.0
178901,300000.0,0.0
178903,1653.0,41194.88
178905,0.0,38119.0
178906,0.0,1500.0
189001,0.0,1625.0
189002,3920.0,19813.0
189003,0.0,4353.0
189004,2574.0,0.0
189005,3880.0,2407.0
189006,34021.0,243901.76
189007,16186.0,30958.0
189008,0.0,26319.37
189009,0.0,153302.14
189010,230762.0,84847.0
189011,0.0,30842.86
189012,0.0,8602.0
189014,0.0,8574.0
189015,276937.0,1727137.31
189016,0.0,9206.0
189017,1637.0,8585.0
189018,58772.0,3735520.92
189019,0.0,532275.36
189021,7102.0,24725.02
189022,0.0,4576118.0
189023,4503.0,596001.27
189024,0.0,278203.15
189025,14208.0,194435.41
189026,5262.0,1127738.78
189027,4503.0,235089.82
189028,0.0,657543.22
189029,0.0,68538.0
189030,138345.0,1931322.84
189031,234398.0,512038.53
189032,0.0,76550.83
189033,0.0,127909.0
189101,7910.0,14011.0
189102,0.0,398182.53
189103,0.0,7389.35
189105,0.0,79611.77
189107,0.0,52792.0
189108,1199.0,26860.0
189109,0.0,1899.0
189114,0.0,1088.0
189201,0.0,139801.04
189202,9790.16,3662.0
189205,20685.0,9933.0
189206,3518.0,0.0
189207,0.0,6488.72
189208,0.0,4678.0
189209,0.0,12860.0
199301,0.0,7190.0
199302,0.0,6055.0
199303,16000.0,10254.0
199306,0.0,15796.0
209401,13712.75,301714.04
209402,0.0,297377.27
209403,64939.6,1209499.31
209404,178002.0,58254.78
209405,0.0,526760.83
209406,313836.92,660956.05
209502,8006.45,0.0
209503,1000.0,12063.62
209504,189182.0,333686.17
209505,7935.0,7186.0
209506,0.0,51981.14
209507,0.0,6821.79
209508,34525.0,0.0
209601,1665.23,0.0
209603,0.0,24720.56
209605,0.0,1965.0
209606,0.0,524447.15
209607,1556.0,1039215.06
209608,12952.0,52178.72
209609,0.0,21780.21
209610,0.0,24282.25
209611,0.0,9796.0
209612,0.0,1322.0
209613,0.0,4190.0
209615,0.0,5613.42
209616,0.0,2157.0
209617,0.0,1858.64
219701,30103.21,34500.0
219704,8632.0,9503.49
219705,8170.0,0.0
219706,107153.0,0.0
