010101,1897330.55,5510071.42
010102,0.0,3283164.0
010103,0.0,18776398.42
010104,0.0,53575.08
010105,0.0,7860496.62
010106,9899.0,1836831.76
010201,0.0,632614.07
010202,6705.74,12307438.83
010203,6629.54,9968021.2
010204,3730.0,1006334.31
010206,2299.03,3522936.48
010207,19886.17,4355724.76
010208,0.0,262808.76
010210,7600.0,733433.07
010301,4871.0,6131884.19
010302,1209876.0,2125526.81
010303,88234.45,576600.61
010304,23597.61,452366.59
010305,596801.41,2819656.89
010306,689231.79,2790012.21
010307,346611.89,4126020.6
010401,7806.6,4062950.29
010402,52665.98,20306673.65
010403,0.0,2550738.51
010404,0.0,51630.23
010405,4375.38,1819709.05
010406,18664.0,2402172.79
010407,2996.0,3046950.42
010408,12569.77,18193.59
010409,2736.05,221348.69
010410,8738.0,4096485.22
010504,0.0,2514256.0
010505,13454.61,425251.49
010506,2312.0,54476.27
010507,0.0,26014.0
010508,27188.68,0.0
010510,9760.74,51237.13
010511,64427.0,998278.23
020601,0.0,2444.97
020602,4656.0,554167.43
020603,0.0,176667.81
020604,0.0,27595.0
020701,0.0,110309.95
020702,10283.62,98172.01
020703,9171.94,296870.57
020704,0.0,1542474.65
020705,0.0,949085.71
020706,0.0,186043.04
020707,0.0,114396.67
020708,24108.71,66083.91
020709,69647.51,5113729.59
020710,1189.16,325254.95
020711,0.0,64197.14
020712,126495.48,719078.73
020713,1682.47,183655.93
020714,0.0,207549.74
020801,0.0,56721.37
020802,21926.0,426833.72
020803,100250.3,96134.51
020804,39195.63,323632.71
020805,292429.82,882031.72
020806,15692.59,500698.28
020807,0.0,899060.99
020808,0.0,1270115.87
020809,0.0,434098.06
020810,23982.34,562821.41
020811,1563.64,29770.0
020813,40663.17,248985.89
020814,0.0,10170.59
020901,566355.63,949454.64
020902,376776.04,2343609.72
020904,3438.07,79207.37
020905,0.0,1365.0
020907,0.0,1679.0
020908,0.0,3658.0
020909,83304.16,7368.39
020910,8207.0,116779.61
021003,0.0,9895.25
021004,0.0,29958.98
021006,6857.61,321919.44
021101,13068.8,2256736.01
021102,0.0,240430.92
021103,1830.0,11777.79
021104,12272.57,157602.33
021105,0.0,11032.58
021106,14281.0,450372.16
021108,0.0,363915.77
021109,0.0,1181.36
021201,6511.68,355800.72
021202,0.0,166209.65
021204,0.0,1412.61
021206,0.0,3793.16
021207,0.0,46071.74
021208,0.0,124486.6
021209,0.0,499758.0
021210,0.0,2438.0
021211,133174.25,1097765.43
021212,17537.0,565869.5
021213,0.0,77509.66
021214,0.0,61418.8
021301,0.0,1346.0
021302,25817.14,26573.0
021401,0.0,121945.24
021404,0.0,46154.93
031501,9930.0,140504.94
031504,0.0,112867.0
031507,7508.62,1318652.15
031508,2502.0,629336.71
031509,4562.0,124193.53
031511,0.0,2586.99
031512,0.0,21718.85
031513,0.0,10244.0
031514,5523.65,2855991.74
031515,2406.24,734099.56
031516,0.0,12341.47
031517,60170.73,688946.11
031519,0.0,17516.44
031520,0.0,3161.66
041601,17371.24,1055474.54
041602,29845.14,3495338.64
041603,2153.56,99404.43
041604,53007.28,1878918.09
041605,42249.1,1230483.85
041701,8978.51,1606078.38
041702,9289.06,226058.11
041703,0.0,60279.26
041704,212567.68,3806681.66
041805,0.0,17850.0
041806,209206.72,3009772.74
041901,56447.65,386976.8
041902,132795.41,7260547.26
041903,0.0,5051.0
041904,6702.79,498757.27
041905,1937399.34,11131734.85
042001,0.0,34646.71
042002,1628.25,12542.22
042003,4563.28,126416.36
042004,0.0,9408.05
042005,58037.88,6943994.13
042006,4366.56,269974.03
042007,5005.61,574951.99
042008,71724.75,1439270.52
042009,287888.42,1040010.56
042101,9301.0,1027713.48
042102,22894.58,196691.23
042103,133351.3,5339727.27
042104,20483.49,2004059.91
042105,0.0,1068422.1
042106,1238214.84,4104568.26
042201,6784.64,13636942.25
042202,266317.14,21411564.3
042203,182332.0,7237818.73
042204,115279.83,11248096.21
042205,0.0,46449.37
042206,704033.72,1602013.04
042207,11983.0,150046.41
042208,2028173.95,78506728.24
042209,3707.71,126943.39
042301,5276.96,0.0
042302,0.0,80590.31
042308,0.0,312820.0
042309,66939.2,2098948.36
042401,0.0,336441.49
042402,28555473.36,49909968.49
042403,581019.2,13657986.81
052501,4449.0,87974.57
052504,0.0,1802.7
052505,0.0,855534.74
052506,0.0,185503.0
052507,0.0,5028.62
052508,0.0,230180.85
052509,0.0,38693.42
052513,16229.8,2303589.31
052514,0.0,78094.0
052515,1342.54,264831.73
052516,3370.0,141642.32
052517,81503.82,1631500.12
052520,0.0,68827.31
052521,0.0,3849.83
052522,0.0,127664.64
052523,354353.3,23294554.87
052526,0.0,376539.83
052530,61849.78,65447.45
052601,0.0,24984.0
052620,2845.97,0.0
052621,0.0,524984.45
052701,0.0,7487.59
052703,0.0,5518.0
052706,0.0,3525.0
052708,0.0,14526.59
052710,100845156.0,144151191.86
052711,0.0,5373975.73
052712,54292.0,2696727.28
052713,0.0,444976.78
052714,0.0,11081.25
052715,0.0,205891.73
052716,0.0,28867888.82
062801,0.0,124964.2
062803,36717.0,138266.7
062804,9784.0,408163.79
062805,69333.0,0.0
062806,10109.0,52598.42
062807,0.0,11755.08
062808,0.0,3647.3
062810,0.0,11642.6
062811,0.0,708386.96
062814,0.0,3074402.43
062815,0.0,63171.01
062818,0.0,1234664.67
062821,18034.57,9660.0
062823,0.0,41166.86
062825,17671.0,54102.0
062826,0.0,6493.0
062827,11241.0,287523.14
062828,0.0,104682.36
062832,8563.0,19844.77
062833,0.0,35841.45
062834,0.0,519976.41
062835,0.0,16137.12
062836,28975.0,191564.38
062839,0.0,36493.15
062843,0.0,608428.0
062844,0.0,31913.0
062845,0.0,4644.0
062847,0.0,28045.47
062851,2348.0,3398809.49
062901,1248.0,215362.24
062902,0.0,177253.22
062903,9665.0,412896.3
062904,0.0,99842.0
062905,9873.0,486535.45
062906,0.0,46735.46
062907,0.0,1143303.02
062909,46189.0,450701.56
062912,0.0,7913.14
062914,6319.0,1336107.51
062915,29017.0,5569939.56
062916,0.0,83904.0
062917,1872.0,223965.67
062918,0.0,20296.0
062919,0.0,202129.0
062920,0.0,65413.0
062921,11378.0,8258.96
062922,0.0,767905.0
062923,1311.0,126923.04
062924,7737.93,160440.59
062925,0.0,1721.0
062926,3533.0,107403.37
062928,0.0,5070.0
062929,0.0,1644583.19
062930,0.0,688227.51
062931,0.0,188086.75
062932,14832.0,82501.32
062933,1163929.21,282979.71
062934,0.0,5101.11
062935,0.0,13822.0
062936,11474.0,486974.0
062937,263605.2,24994.13
062938,1080562.63,0.0
062939,457510.0,293197.0
062940,0.0,130448.38
062941,11314017.64,2467833.24
062942,6963.0,5015.47
063002,18831.0,1670219.08
063003,579684.0,945763.13
063004,2800084.92,18485520.92
063005,21092.27,632796.77
063006,3048.8,695037.2
063101,0.0,68524.19
063102,0.0,46198.87
063104,0.0,20494.0
063105,0.0,88002.25
063202,0.0,37087.0
063203,0.0,3751.0
063204,1344412.09,1425236.02
063205,0.0,1957.0
063206,18637.62,1234261.32
063207,31779.0,102768.09
063208,84417.0,286146.38
063209,124372.43,656026.92
063210,255189.0,1663537.56
063211,6678.0,36488.38
063212,32291.51,80775.49
063213,0.0,5025.0
063214,135065.46,1203649.75
063215,997791.66,2150490.03
063301,168280.0,100313.29
063302,9794.0,140696.67
063303,184547.96,299908.01
063304,1575094.58,15145113.32
063305,1252964.12,9533078.82
063306,150710.56,2266752.25
063307,902328.84,2773959.32
063401,138108.38,3505641.37
063402,639943.66,5664152.02
063403,46503.0,115638.62
063404,5893.54,31301.39
063405,3459.0,207809.31
063406,4694579.76,235442.47
063407,0.0,9083.21
063503,0.0,62137.23
063504,0.0,1701.49
063505,1324.21,22980.62
063506,1877834.7,2311915.88
063507,87650.61,201696.93
063602,0.0,26993.42
063604,0.0,371357.79
063605,0.0,1656.0
063606,0.0,277396.82
063701,470061.01,1552714.9
063702,123502.0,2399325.38
063703,25931.0,535658.05
063704,1786.0,0.0
063705,64141.0,0.0
063706,2575.91,3600.0
063707,1193189.16,2383386.71
063802,0.0,40401.63
063805,0.0,22159.9
063806,1123.0,2718.0
063808,0.0,1526197.32
063809,918459.51,806424.09
063810,53436.0,31125.05
063811,0.0,91143.5
063812,629848.0,1201996.17
063813,0.0,55000.28
063814,51071.27,93035.94
063815,650337.0,239089.01
063816,0.0,203383.88
063818,131209.0,203796.82
063819,6474.0,66396.26
063820,2796.0,1894.09
063821,0.0,50598.0
063822,18136.58,312101.56
063823,315517.32,3780555.18
073901,278794.96,979239.75
073902,44307.34,256018.05
073903,74484.82,585064.42
073904,193608.75,699598.65
073905,39292.31,49983.0
073906,1831.08,97069.78
073907,170675.61,9544392.78
073908,0.0,50007.0
073909,396401.0,2597696.96
073910,37050.0,157246.75
073912,16184.0,49702.0
073913,1174.0,0.0
073914,0.0,19679.41
073915,31620200.98,1589266.47
073916,59486.0,30760.38
073917,32331.06,1784249.82
073918,11262.61,429179.15
073919,234259.53,631493.58
073920,552330.78,4968110.11
073921,246451.71,1723054.49
073922,5068.0,95046.35
073923,8212164.54,10079700.83
073924,401617.55,3792216.52
073925,323147.1,303986.46
073926,5146410.84,14368586.75
074001,73677.44,6856.35
074002,469087.1,375995.89
074004,0.0,39370.48
074005,0.0,12910.0
074006,0.0,18555.48
074007,64531.09,148790.19
074008,94961.73,193366.36
074009,1003.0,155972.54
074010,18589.0,168735.24
074011,125064.74,2052274.23
074012,485292.86,2661571.6
074013,0.0,77574.72
074014,3892.12,102096.77
074015,67722.84,337342.48
074016,134415.46,1130475.17
074017,0.0,24848.73
084101,4896.0,9451.2
084104,2254394.28,3334021.2
084105,60889.0,254365.0
084106,580797.33,360215.81
084107,64009.0,333542.37
084108,0.0,79146.0
084110,0.0,6684.0
084111,26097.0,5910.11
084201,1338352.35,76112.64
084202,1764181.44,7505273.61
084203,324643.77,920115.05
084205,360464.32,201106.56
084301,1344887.0,10996887.81
084302,7811.0,145264.0
084303,36464.0,372006.39
084304,24663.0,18040.02
094401,1185.0,253668.42
094402,0.0,82551.24
094403,10661.0,108627.02
094405,0.0,3670.56
094407,193395.93,4373729.12
094408,0.0,59219.94
094409,579318.3,1129573.25
094410,0.0,17888.78
094411,24663.14,243771.05
094412,966444.01,5611568.52
094413,0.0,2481.19
094414,41779.4,26683.24
094415,36618.81,129866.73
094416,0.0,5159.05
094417,4750.0,2386.1
094418,198628.45,3236382.42
094419,7353.11,168647.49
094420,192549.56,89186.28
094421,479593.39,803918.34
094502,5692.0,5231.0
094503,1182.0,0.0
094504,4644.0,37581.71
094601,0.0,42264.89
094602,23459.97,65004.0
104707,1253605.85,69003.0
104801,291225.13,2653338.65
104802,379047.38,1576719.6
104803,0.0,63365.4
104804,0.0,103646.78
104805,184802.96,575532.33
104806,17419.0,164288.62
104807,0.0,4763.42
104808,18293.73,92586.78
104809,30011.25,578083.91
104810,273331.89,774702.89
104811,248951.25,292712.38
104813,0.0,890937.6
104814,54410.35,296825.07
104816,1086.0,60925.36
104817,4365.37,141699.02
104818,401649.12,12061319.29
104819,354996.26,5626927.94
104820,64916.46,365442.18
104821,3402426.19,8482899.05
104822,4035.0,29632.82
104823,346161.04,3560560.82
104901,331061.35,2058884.46
104902,1334383.94,29207.84
104903,2861.0,72095.14
104905,0.0,2261.8
104906,0.0,4358.96
104907,319890.0,1043013.52
104908,4127.0,99476.97
104909,3753.86,60201.18
104910,7190.43,252362.73
104911,271125.8,1925145.83
115004,402454.45,359620.57
115005,498202.0,205295.57
115006,0.0,4587.0
115007,415573.34,640983.61
115101,1840817.4,3594345.86
115102,0.0,3258.0
115103,503938.0,308553.82
115105,118534.52,3317312.0
115106,21217183.68,13227542.11
115107,9791540.15,16788292.06
115108,13808449.57,17657939.36
115109,0.0,49905.19
115111,53221.0,396248.17
115112,129939.0,545560.42
115201,0.0,51994.0
115203,0.0,3406.0
115204,354480.11,269950.4
115205,13310156.5,24890987.46
115206,3238812.7,5272732.5
115207,2574.0,53264.52
115208,29854356.87,47270426.61
115209,36870745.01,88071584.67
115210,1809916.13,6862739.8
115211,2301190.32,7531153.03
115212,166450.0,559849.77
115305,0.0,1968.0
115306,473052.71,454927.42
115308,573037.24,607625.59
115309,1074765.66,3299609.7
115310,0.0,13181.0
115311,18185.0,166760.54
115401,452473.91,741817.17
115402,6546329.03,15153359.71
115403,543895.06,2020408.2
115404,6524.0,29108.41
115405,15266.0,475801.0
115406,0.0,1320.32
115407,12797982.58,31953777.34
115408,928539.91,4185193.08
115501,0.0,8698.0
115502,0.0,608622.49
115503,91941.39,501248.02
115504,0.0,106266.31
115505,148610.71,0.0
115506,11220.0,154764.43
115508,469064.72,2760801.0
115509,4388746.23,3749217.21
115510,1391562.86,2158053.98
115511,0.0,10268.0
115512,2103205.96,5470395.69
115513,1098265.74,2700054.36
115514,176432.79,1029548.68
115515,379675.05,833704.06
115516,1533927.89,2380494.88
115601,121147.91,603163.93
115602,13863.11,49562.08
115603,726872.6,1762295.94
115604,205996.58,628384.82
115605,506289.27,1061382.55
115606,480076.0,396888.66
115607,265099.3,652734.01
115608,58069.0,42531.54
115609,9920.92,11556.77
115701,24122.0,154950.27
115702,53981.0,1297258.48
115703,25828.0,917730.2
115704,0.0,1803.0
115705,3193.82,102508.92
115801,2598848.52,6004060.76
115802,25514.0,38807.81
115804,2785229.68,6726795.4
115805,1338.0,0.0
115806,2319421.68,8612880.66
115807,824431.14,1468619.62
115808,244980.24,439373.9
115810,3357594.27,6088909.78
115811,115207.44,481201.6
115901,0.0,31425.94
115902,0.0,1498.0
115903,1301950.46,1678531.69
115905,2744.0,240114.0
115906,148201.0,420841.68
115907,1169.0,214985.0
115908,0.0,51671.16
115909,0.0,14708.32
115910,0.0,6389.99
115911,12000.0,916909.12
116001,2459734.23,7310763.64
116002,71019195.86,218973244.84
116101,16347491.03,1049049.56
116102,33010667.07,3034131.08
116103,10965047.35,9023867.3
116104,78338733.82,30972238.74
116105,56493371.71,10301150.84
116106,107773284.58,13698058.16
116107,14261784.43,2284257.3
116108,94993197.47,18292702.93
116109,150583027.98,57000284.23
116110,427410323.12,108964881.2
116111,12840161.52,2545594.91
116112,1823632.03,483349.92
116113,155165.46,43518.1
116114,63330031.99,13099484.62
116115,180431.55,501507.36
116116,148972.86,152224.37
116117,3102981.01,9854623.5
116201,14873799.29,3204284.77
116202,22105287.9,4163671.08
116203,183841367.83,47624868.07
116204,343301473.08,105432497.72
116205,67243922.87,23888698.06
116206,32104243.89,11591929.86
116207,7426876.04,1762512.81
116208,13042866.63,3848612.0
116209,2635202.24,1699279.2
116210,2555767.6,2280435.93
116211,10480098.85,3760366.43
116212,31533479.44,5964417.48
116213,0.0,2679.0
116214,152463.97,336981.02
116215,130326.3,172553.17
116216,17113.46,12812.62
116217,410802.22,2312494.6
116301,497558.16,169491.17
116302,333556.26,2059693.16
116303,20513.34,109624.32
116304,71982.0,116229.47
116305,12961.28,93626.81
116306,8702.0,365645.72
116307,160571.24,431173.75
116308,5315.0,0.0
116309,2989.4,69384.47
116310,315637.09,7045.9
126401,18435.36,32984.66
126402,4131732.27,3965261.77
126403,33380631.06,13287007.29
126404,7391385.08,1276208.78
126405,464706.89,298079.79
126406,1582328.7,2284617.6
126503,3730.0,0.0
126504,3158.0,4141.65
126505,5673439.39,843613.28
126506,188158.99,119537.72
126507,61306.53,283255.71
126601,44101.0,225493.8
126602,0.0,3364.0
126603,1272.0,0.0
126701,608589.98,435260.24
126702,27319.58,16828.47
126703,14799.0,0.0
126704,99501.0,14356.27
136801,5969.0,5510.45
136802,425978.2,3486239.73
136803,39510.0,19230.63
136804,22989.0,108050.54
136805,68855.09,67620.35
136806,0.0,256369.38
136807,0.0,7742.57
136808,0.0,4971.33
136809,3860.0,2084895.43
136810,91904.08,29885529.63
136811,0.0,165473.49
136812,10031.49,0.0
136813,0.0,1864.0
136814,22759.0,0.0
136815,23083.99,20549.91
136901,0.0,119110.15
136902,0.0,119548.66
136904,0.0,788612.87
136905,0.0,141479.58
136906,0.0,40641.78
136907,5346.33,1939702.51
136908,132076.19,4740791.24
136909,0.0,43869.62
136910,24273.98,852636.48
136911,21355.87,282769.33
136912,14452.81,123810.73
136913,130601.02,205456.33
136914,25547.0,127925.95
137001,8731.0,0.0
137002,214855.0,224797.78
137004,0.0,506266.43
137005,0.0,678168.52
137006,1023.0,81289.19
137007,9132.0,1283706.21
137008,0.0,480081.93
137009,9486.46,208858.53
137010,734680.33,262396.65
137011,5366.02,377526.0
137013,96466.35,550973.74
137015,4002.0,0.0
137016,20269.8,1180414.61
137017,4735.0,20376.43
137018,100172.78,110828.0
137019,14953505.37,16075565.19
137020,49144.63,1266372.04
147101,291687.0,0.0
147102,4788373.0,3955347.0
147103,17149.0,33362.0
147104,192846.0,72673.0
147105,38139.0,704036.0
147106,62001.0,659346.0
147107,0.0,6625.0
147108,507871.0,429115.0
147113,9673504.24,38611075.28
147114,95749.0,1637169.97
147115,45801.0,0.0
147116,17068921.0,28274177.77
147117,2486380.74,1889065.48
147118,1628.0,151183.94
157201,0.0,3493.15
157202,1107268.06,33607.36
157203,1560.0,0.0
157204,1065993.49,2355040.73
157205,0.0,24328.27
157206,3375.19,1561.54
157207,0.0,22134.25
157208,17166.69,2295904.34
157209,215534.0,182286.98
157210,214819.68,1058377.41
157211,0.0,568361.0
157212,0.0,42028.94
157213,0.0,1430.79
157214,193327.72,79964852.75
157215,2364.0,777698.89
157216,140325.0,14599200.78
157217,16053.0,200384.03
157219,12166.0,5553899.79
157220,7524.0,126621.54
157221,0.0,29559.0
157222,0.0,295323.45
157223,8780.0,10501.2
157225,0.0,429785.07
157226,0.0,114764.0
157228,15984.0,194490.87
157229,0.0,10607.82
157301,208954.72,5675453.74
157302,0.0,3295.67
157303,27865.0,861690.85
157304,105792.32,1817924.25
157305,49817.47,396980.08
157306,912981.23,4762497.65
157307,40639.74,1625366.71
157308,374170.12,24451681.86
157309,149348.18,453286.24
157310,297907.78,1383075.12
157311,3658271.57,1561145.86
157312,58588.76,1264559.31
157313,0.0,1205.85
157314,166988.51,685232.5
157315,15040.37,218449.62
157316,4181.69,19531.0
157317,55938.98,187592.35
157318,170676.88,1786081.55
157319,6870.0,198519.83
157320,94088.0,109664.1
157321,55270.9,957924.06
157322,0.0,2912.3
157323,166534.86,742642.78
157324,34479.0,1408554.22
157325,0.0,372167.26
157326,1548788.37,6746020.93
157403,1773.0,0.0
157404,686397.7,4504.0
157406,6396.15,77825.0
157407,88940.79,1588493.69
157408,7872.0,766432.32
157409,2261353.0,892572.87
157410,41401583.85,10809787.92
157411,285308.35,2114758.03
157412,955841.0,461963.41
157413,0.0,4129.24
157415,48918.0,33540.09
157418,7633.0,262677.95
157419,14017.0,263510.9
157502,0.0,1435316.0
157505,0.0,80504.0
157506,0.0,31271.0
157508,0.0,3745.0
157601,1574573.2,0.0
157602,269400.37,1771.0
157603,0.0,55178.0
157604,31635.92,951260.71
157606,484037.8,1038092.63
157607,5397.0,593748.15
157608,27784.05,628468.9
157609,0.0,20658.1
157610,40596.45,4032397.74
157612,4458.2,28781.79
157613,22843.0,26901.56
157615,116735.9,88584.53
157616,38160.21,328916.34
157803,0.0,3246.0
157804,0.0,147533.37
157805,0.0,63461.0
157905,0.0,58247.67
157907,0.0,74750.0
158003,12705.0,10839.46
158005,0.0,6993.49
158006,0.0,7675.0
158007,172304.0,177124.84
158101,0.0,1707.0
158105,0.0,2000.0
158108,5483.0,4916.74
158110,1763.0,0.0
158112,174695.0,0.0
158201,9048.0,35955.12
158202,166181.0,131806.46
158203,11879.71,46832.82
158204,13287.06,20174.7
158205,417318.84,359421.45
158206,205611.0,162342.95
158207,190618.84,683666.28
158208,6145.0,157768.02
158209,100289.0,3000.0
158210,24000.0,2092.0
158211,0.0,19100.56
158212,2441.61,531916.23
158213,0.0,31949.26
158214,3907.0,31297.54
158215,12002.0,73665.11
158301,424637.93,1235595.7
158302,135214.6,839730.87
158303,34872.0,254127.33
158304,0.0,13773.3
158305,0.0,17578.63
158306,75586.21,147812.49
158307,24686.0,8722.96
158308,628228.91,1422049.75
158309,3991.8,17469.48
158310,9329.0,64343.03
158311,2173.15,292102.05
168402,10624.0,329312.91
168403,13538.0,61278.0
168404,0.0,87648.86
168406,115718.0,89989.0
168407,11035.82,377697.86
168408,62278.27,397951.94
168409,104497.68,4186190.71
168411,44852233.0,20609787.45
168412,238140.0,1960032.5
168413,578576.45,1938881.47
168414,1914254.59,4518355.54
168415,527574.15,23373526.67
168416,0.0,21767.0
168417,0.0,358035.0
168418,166180.17,6796431.48
168419,144424.68,2633063.63
168420,129685.0,123458.0
168421,506031.1,2400321.7
168422,101165.0,969242.1
168423,34172.0,473900.6
168424,883191.1,1358262.84
168425,266654.64,443480.0
168426,16915204.49,32518813.64
168427,112150.41,673072.76
168428,100262.23,8044575.29
168429,841205.8,7587693.18
168430,10052400.09,17386701.33
168431,2126261.42,9432993.91
168432,7638.0,50813.79
168433,0.0,19001.0
168435,1155.0,7472.5
168437,0.0,4199.0
168438,13731.0,106012.5
168439,0.0,3397.0
168440,0.0,137690.99
168441,10962.28,31858.0
168442,166582.0,143644.1
168443,364127.33,1539439.71
168444,0.0,47481.0
168445,303605.0,582642.09
168446,9910.0,4979380.0
168447,7857163.93,6330345.24
168448,331065.0,6244639.89
168450,21807.39,2343526.35
168451,2183124.58,5238903.31
168452,2392078.19,7948999.58
168453,205683.82,300471.48
168454,0.0,4494.0
168455,40303.0,38573.0
168456,4218.0,67939.0
168457,0.0,76529.0
168458,0.0,5672.0
168459,11406.0,107021.72
168460,250283.0,10892.83
168461,62581.0,148853.35
168462,533814.43,1800900.51
168463,8050.0,80071.44
168464,7069.0,119786.79
168465,255417.0,1695731.0
168466,547451.53,747902.7
168467,390798.73,190540.4
168468,14407.0,36862.69
168469,0.0,18884.03
168470,23076.93,364331.2
168471,10218353.21,64205314.75
168472,98870.31,419249.89
168473,28936011.08,29268049.23
168474,104171.51,1528289.31
168475,0.0,558912.0
168476,0.0,131155.79
168477,174087.0,10975453.46
168478,17392.0,97375.41
168479,9246984.3,1818089.95
168480,314186.65,2087100.63
168481,221388.19,3090176.46
168482,329406.0,744480.18
168483,194752.59,981979.02
168484,9495.0,74934.34
168485,170697.0,281917.9
168501,1061055.63,1264173.34
168502,433269.56,2902285.94
168503,225724.2,4727165.76
168504,25640117.33,18644896.75
168505,22604.0,99908.52
168506,113584.83,1411853.46
168507,341126.12,6520078.07
168508,2815271.41,160641.38
168509,2011610.99,755100.71
168510,172542.0,796914.72
168511,0.0,93589.14
168512,5046.0,108866.73
168513,537895.07,135018.03
168514,25174.0,373581.75
168515,188108.92,406508.4
168516,2678551.38,4143616.97
168517,2188965.0,20688081.69
168518,2078789.77,4341239.58
168519,539058.34,2483444.28
168520,1732354.26,3526625.73
168521,584170.5,31200772.03
168522,1913707.33,5451489.33
168523,17762441.59,2428002.71
168524,1955583.77,4743900.78
168525,4867413.54,66178219.81
168526,51680.0,717650.94
168527,503322.92,3766467.69
168528,1352221.24,7346133.08
168529,1854285.92,6300489.29
168530,0.0,541290.49
168531,4055354.83,6055259.84
168532,73556.63,8072342.33
168533,202540.42,18830197.27
168534,2076713.61,904861.52
168535,49500.0,421484.42
168536,2130442.48,6330110.52
168537,319158.1,6188841.35
168538,840218.28,2519186.45
168539,1096792.89,1570542.73
168540,652731.3,3653451.89
168541,4709678.14,15555033.57
168542,10816759.97,10586101.7
168543,786197.33,1572711.7
168544,4767640.97,18069810.71
168545,0.0,5000.0
168546,5621.0,134478.5
168547,3651.4,141437.38
168548,218343.0,79422.0
178606,0.0,2989.76
178607,1590.0,0.0
178608,0.0,31893.0
178609,361001.69,1684976.6
178701,905947.0,3849147.32
178702,11250.0,24616409.63
178703,15842895.18,179284288.95
178704,212343.47,24097013.72
178705,21858.0,9646874.0
178706,0.0,1757075.0
178707,0.0,17771.0
178708,357680.9,5647053.64
178709,0.0,59916.0
178711,107702.3,16208812.77
178712,4599529.25,950038.78
178713,0.0,27784.41
178714,50371.0,2318504.17
178715,1259.0,27174.08
178716,900491.66,2328686.49
178803,6033486.15,22187698.77
178804,28468.0,0.0
178901,2341465.89,2830395.0
178902,0.0,1475725.0
178903,174036.22,654650.2
178904,706660.0,948789.0
178905,0.0,1997.0
178906,0.0,501190.21
178907,3996.73,82870.97
189001,4530923.04,5051008.88
189002,127274.49,6168589.4
189003,611619.21,73722.1
189004,214263.57,869143.49
189005,1284.0,15142.79
189006,521873.7,6232278.2
189007,11731.0,16341.5
189008,50298.0,581732.93
189009,2216903.78,4075281.88
189010,112689.1,694277.6
189011,7032.0,67466.64
189012,0.0,3446.0
189013,2583120.13,1532003.42
189014,0.0,11585.49
189015,131884.76,609800.65
189016,1043.0,1050.0
189017,548800.0,669216.75
189018,612788.86,6077964.59
189019,213232.49,2597789.15
189020,1011389.68,124097.66
189021,76400.0,383911.64
189022,42739.0,970799.0
189023,871691.59,1216226.67
189024,26432.0,163694.8
189025,247271.4,95727.42
189026,135881.0,540027.39
189027,531234.47,1928518.58
189028,32323.08,374713.39
189029,21446.0,228710.92
189030,475867.96,4945067.32
189031,307330.47,1455955.18
189032,124709.0,752826.49
189033,43062.0,121939.46
189101,783125.34,758903.44
189102,1150550.26,4673954.13
189103,7312.22,1562.26
189104,16000.0,29276.0
189105,42251.33,73868.49
189106,361188.0,4166296.65
189107,0.0,3765.0
189109,2234.0,122000.0
189110,4244.0,5674.0
189111,0.0,110511.0
189113,0.0,125715.0
189114,13008.47,141782.97
189201,850845.71,1154038.18
189202,23407.65,14670.19
189205,37502.0,96820.67
189206,13592.31,58539.74
189207,3522.16,552601.41
189208,2863.0,2869.0
189209,8127.5,455964.31
199302,18708.0,70624.03
199303,0.0,5998.0
199305,0.0,15736.78
199306,1613.0,1166423.78
209401,654023.12,4118007.55
209402,9671.0,306452.66
209403,1836830.18,10748433.4
209404,104679.92,3004834.68
209405,2836748.68,9124591.0
209406,29833.23,706058.6
209501,0.0,14752.0
209502,50520.79,273547.33
209503,2633627.63,5055460.26
209504,2612193.85,69217434.81
209505,263345.43,258442.93
209506,110503.38,3910217.63
209507,23265.69,513546.45
209508,40676.29,431189.66
209601,0.0,36025.72
209602,5000.0,5880.49
209603,117904.27,739840.06
209604,0.0,3198.82
209605,0.0,12093.93
209606,2578517.32,6884919.78
209607,3138012.08,9035102.73
209608,418651.44,744051.48
209609,4638.04,38116.57
209610,0.0,34346.89
209611,0.0,2574.0
209612,928190.5,285394.25
209613,15526.85,135866.31
209614,0.0,226368.51
209615,175694.82,300813.72
209616,3345.0,44705.56
209617,121946.0,97897.77
209618,1109.43,29292.82
219701,224645.97,300582.17
219702,0.0,1011.61
219703,47678.0,36535.6
219704,728858.0,253085.0
219706,557119.0,350066.0
