010101,132179201.95,19803399.88
010102,151320075.99,230114900.66
010103,842756412.73,135071089.23
010104,36062879.82,1692165.85
010105,359328758.78,304517540.9
010106,105631811.14,34471021.17
010201,2020842124.12,1095060055.94
010202,277444307.98,250110330.18
010203,1786390448.11,599737090.2
010204,72667932.5,44288522.24
010205,20239950.18,46343167.01
010206,266801133.05,65117762.14
010207,1790927752.95,853975489.47
010208,44604767.92,58712641.33
010209,40512962.71,24038185.66
010210,666442654.8,305258870.52
010301,33976426.84,47131234.55
010302,333798951.98,332119230.14
010303,667680473.15,240383217.64
010304,651142017.81,662181624.01
010305,248786741.76,121505708.45
010306,289015190.48,294890740.78
010307,232310198.82,104506841.08
010401,534445190.17,417564851.86
010402,1506968646.96,844736021.18
010403,103123067.76,229688489.67
010404,429255727.15,810841936.51
010405,698711684.57,177730985.8
010406,2970181669.31,781033355.72
010407,565107426.12,143788323.66
010408,200426928.69,19957583.2
010409,3918335.43,24919306.06
010410,2631994.73,2490902.9
010501,392619.01,72750.07
010502,16477697.66,16838190.25
010504,163774910.02,102324413.52
010505,9221546.15,3129826.43
010506,6700661.0,1636068.15
010507,278438.0,131363.0
010508,2778648.05,2406130.65
010510,10110717.29,2848510.19
010511,66542854.62,57170929.81
020601,1146524379.09,93450160.53
020602,3031414818.0,549068623.9
020603,3906038281.38,622791345.53
020604,230286818.12,291379340.5
020701,761379035.5,273742629.07
020702,1450666294.77,322910535.93
020703,494247799.94,119796717.07
020704,176350896.83,84870684.33
020705,186311256.39,92542788.04
020706,189330226.22,30304253.23
020707,426497422.98,89113439.57
020708,66684795.6,97478527.94
020709,1729112158.73,502959852.45
020710,310734862.98,169754097.27
020711,25373861.52,27610967.33
020712,51754688.52,97284818.26
020713,98752897.12,83928820.24
020714,34332912.85,59098977.61
020801,89017990.99,207924553.09
020802,135292306.19,310898312.78
020803,176457115.28,217982001.93
020804,232511980.23,344998929.19
020805,322399483.6,544608593.09
020806,229906254.58,514934023.81
020807,94033161.67,159894802.47
020808,521796501.06,293252854.17
020809,78012666.91,142453254.76
020810,340073496.16,261713901.47
020811,134609315.16,219513107.43
020812,5496612.7,6964291.22
020813,41351436.48,41109331.9
020814,3001361.22,4034156.55
020901,269227282.63,608730012.0
020902,33749019.4,72040367.84
020903,38371.07,131381.96
020904,56895205.27,77680675.25
020905,1615902.2,2387592.02
020906,6613101.66,4359012.76
020907,2024165.79,3165406.1
020908,15684612.5,19730114.15
020909,8581368.23,10978995.26
020910,69763900.42,38381419.14
021001,170097573.12,1022769004.13
021002,4464819.82,24163234.41
021003,96553678.1,358134674.21
021004,6295143.98,17593858.53
021005,125364512.21,757676045.83
021006,120018297.8,102554696.5
021007,31974776.19,34101444.1
021008,15207422.91,34792852.9
021101,64764021.76,147705788.35
021102,17631599.39,10920747.3
021103,14009854.31,17121901.92
021104,64589957.02,36814408.55
021105,117396079.76,9686158.02
021106,5024203.37,4579275.25
021107,96412008.41,63859539.02
021108,248643487.8,95056646.6
021109,100641708.32,29491571.23
021201,182209552.48,1050247333.06
021202,60947443.5,133261437.9
021203,17723.57,985300.39
021204,15379183.08,18313985.86
021205,31840210.41,242524382.59
021206,30691323.46,129032370.14
021207,78138469.48,57221029.22
021208,35665559.27,22866799.79
021209,977752622.63,346623037.91
021210,862126.57,1354199.35
021211,14452056.51,38556472.64
021212,12856468.36,21333385.56
021213,5522691.85,6291017.98
021214,20517904.85,8971570.07
021301,6341487.51,15245046.17
021302,66654940.5,78877211.89
021401,5330648.81,19707812.13
021402,0.0,122233.0
021403,0.0,403917.0
021404,9226028.24,9531108.03
031501,30367893.93,30571928.19
031502,16259497.41,26118175.13
031503,2761281.28,488488.12
031504,44202466.81,57117383.37
031505,2215818.33,7303945.28
031506,7342900.08,8477245.07
031507,405546455.89,348018986.5
031508,12025906.75,25152740.78
031509,12284010.79,76203030.76
031510,854546.74,2596052.97
031511,975616306.21,1225649279.12
031512,385410927.68,466882065.31
031513,180136733.44,288756910.01
031514,453354381.73,300777963.01
031515,120321728.3,121835712.53
031516,287357335.14,164577284.16
031517,392055862.15,133427958.27
031518,153987181.28,80342059.09
031519,421198906.94,473226871.37
031520,25444137.75,34480455.57
031521,7427846.47,7290118.89
031522,11814972.49,12257396.41
041601,117719825.99,113224823.04
041602,607006419.12,691792846.35
041603,8715738.47,11262215.8
041604,161753784.44,226506974.76
041605,291033782.54,126063337.14
041701,214066541.8,144088450.25
041702,533394454.89,317805023.19
041703,16230536.47,25826702.0
041704,479839453.54,255068573.52
041801,95550566.69,997850078.01
041802,6195548.7,13164846.76
041803,340019895.86,142667288.61
041804,1242122227.97,349585569.84
041805,408366288.09,36829871.12
041806,1211183854.93,767316227.44
041901,924925420.39,277089686.88
041902,99386556.89,173251231.42
041903,1201872.48,1121953.04
041904,122849839.62,111722317.08
041905,1144816746.06,811269593.85
042001,61485998.01,105544966.91
042002,49388887.57,84751005.36
042003,208142971.15,14691135.9
042004,1153408951.06,138760008.17
042005,490170828.26,271035034.14
042006,14824267.07,5080740.32
042007,147895388.36,131814937.41
042008,391565178.07,472723292.19
042009,1099446901.18,1274425309.56
042101,282593712.12,154858229.99
042102,41050679.8,35299494.25
042103,766751387.68,227081340.87
042104,153277030.84,130803843.03
042105,109543476.62,125894150.13
042106,1611676930.23,664169308.94
042201,38830062.98,104193487.49
042202,1161851298.79,771766279.8
042203,1967095551.05,285417836.82
042204,121686672.43,1158797335.3
042205,7808611.66,15211129.3
042206,18511290.36,8871394.42
042207,278688205.0,665492750.81
042208,728886123.69,430889909.26
042209,7321014.09,10687614.33
042301,53649845.74,84577223.11
042302,57008970.29,130336121.55
042303,105149917.38,97413721.76
042304,809900877.46,1220898158.86
042305,1293802.54,1831765.81
042306,140252463.75,385264318.54
042307,2332.34,27015.73
042308,32848695.52,145738250.55
042309,2332860859.88,680719567.18
042401,55283007.27,455883926.97
042402,4061764864.17,488989854.22
042403,482156727.66,66761014.54
052501,250934969.1,19718917.0
052502,1889242.77,4623222.69
052503,28932058.34,4754576.08
052504,2462895.93,7986583.47
052505,127521728.14,149118802.36
052506,5849139.47,7281987.3
052507,88549303.6,81287300.73
052508,64727304.55,123216915.49
052509,15197186.96,17611642.34
052510,12994639.7,51720778.11
052511,22391940.92,17231532.49
052512,8586007.69,3676161.75
052513,7714718.93,8808941.08
052514,832782.12,6423215.4
052515,8655970.85,28671919.61
052516,12151931.25,36660126.98
052517,37913685.99,295447796.36
052518,8676897.85,51938267.36
052519,94819172.39,126983380.81
052520,14194984.08,27253950.44
052521,1033153.73,10424492.48
052522,4839326.97,97406168.79
052523,102150738.73,329250377.17
052524,25001.37,6667.79
052525,2248950.83,4574443.37
052526,61423799.79,56806246.3
052528,216306.19,256133.08
052529,6849878.25,33702727.23
052530,45685728.11,41546622.99
052601,226336756.78,665468131.34
052602,9481338.79,4397598.49
052603,8997308.36,47877.01
052604,1584177.94,1787923.75
052605,1181830.97,60391.0
052606,21042559.34,32160129.29
052607,19038727.0,18262911.68
052608,37390914.29,804622490.9
052609,332332.65,9344.0
052610,19701763.23,6153469.95
052611,2840594.05,4806901.0
052613,1366892756.7,1351509994.66
052614,1671181.35,29630075.2
052615,15342938.07,12247228.29
052616,825627.0,278361.0
052617,653732.23,2745391.33
052618,14369698.48,15072148.48
052619,3561722.97,6809186.53
052620,119507231.58,57212509.81
052621,24599094.67,16906000.69
052701,384226715.55,2534845110.12
052702,1901194.02,773204.02
052703,99479865.45,90318365.36
052704,83658919.13,123675155.97
052705,24965.36,52303.0
052706,3654338.45,6935961.0
052707,1341499270.2,3123966242.18
052708,11394348.26,6975205.27
052709,13485833538.48,16625291367.05
052710,34427534130.31,30351153688.3
052711,6236047822.63,4738414382.12
052712,209793470.66,123204171.59
052713,178359109.02,470052913.48
052714,7463168.1,3379222.4
052715,14575403.72,40009143.65
052716,403733395.32,276934015.0
062801,27092993.22,35877491.14
062802,236278.51,8592.0
062803,177899538.47,63797576.27
062804,279065523.82,233387503.92
062805,20598481.75,17064093.67
062806,16509519.29,10312202.35
062807,11593221.07,15917925.09
062808,14168558.3,8604094.26
062809,135717883.4,270397235.58
062810,7655271.9,30221521.55
062811,114449187.1,114670687.18
062812,32730688.02,10990577.5
062813,1311867.54,4007978.89
062814,168264518.01,80039838.6
062815,152201249.33,184523495.7
062816,10816665.6,1387254.49
062817,211133374.32,52724134.28
062818,208041952.76,527111215.69
062819,4936404.21,3784129.95
062820,6151603.48,5524010.93
062821,9675257.46,26343152.28
062822,5194490.55,15468795.22
062823,15967815.23,18588899.88
062824,2057931.83,2163670.19
062825,249796449.5,210452411.18
062826,16475666.36,40557423.09
062827,89157615.85,93590607.21
062828,11254999.63,6994737.74
062829,5674862.33,21710419.4
062830,1749654.09,5930431.38
062831,584092.97,1447796.97
062832,4945060.31,5661764.03
062833,56837811.16,77981995.42
062834,12051714.09,64806917.38
062835,182706041.74,94439741.43
062836,104012059.93,129761688.03
062837,11655530.3,3831421.34
062838,49560.0,0.0
062839,88533374.9,25543125.26
062840,15705201.98,30060835.69
062841,52601943.94,72892646.86
062842,41572245.6,11711715.85
062843,20407892.82,107063187.95
062844,1718939612.46,1282827355.28
062845,12707684.49,2892982.42
062846,4648815.03,40750367.32
062847,34652819.91,10153848.98
062848,1003343.95,115156.5
062849,96530079.53,51924936.0
062850,11814399.02,27705232.94
062851,32369164.07,17685358.56
062901,3048937851.11,1471085113.78
062902,5527548097.46,2541490570.52
062903,322931120.32,405033016.41
062904,28550469.27,24788349.15
062905,1707210792.17,1280625418.8
062906,117012352.64,49044600.43
062907,299476270.23,873472226.93
062908,3935680.73,4033289.35
062909,1936184583.12,1132034390.7
062910,954076572.99,614143432.94
062911,5147742.37,2441117.94
062912,138095516.48,64436525.18
062913,2345967.36,1541151.43
062914,349741995.43,328523463.86
062915,760177618.21,632046153.01
062916,326570318.25,443692200.34
062917,967473662.42,377358594.4
062918,281691486.08,180342687.99
062919,43879668.86,33141412.08
062920,36439614.0,28261445.83
062921,262417772.99,495415026.96
062922,314453761.78,324289730.15
062923,134693854.89,106942119.81
062924,208787371.95,163753477.88
062925,32244967.97,30242915.55
062926,465220711.41,271623899.02
062927,7105720.61,17066007.7
062928,80171488.26,94050317.46
062929,317209209.84,101007991.67
062930,92354767.81,166769706.96
062931,118212544.87,104417955.23
062932,767405747.25,692601434.95
062933,1332134834.01,1014904748.7
062934,225576899.45,196173188.1
062935,46727422.87,58108493.44
062936,442980655.3,612117485.85
062937,406985281.36,132987842.2
062938,2088289.67,6976059.62
062939,22270239.84,27716715.49
062940,30554973.92,13248113.47
062941,441641290.24,547937730.15
062942,26121897.44,16890308.89
063001,46514342.06,27695377.42
063002,2933016474.22,4637193602.6
063003,165984354.52,137310574.64
063004,9616885714.22,10125231369.59
063005,90093392.96,186325381.12
063006,496895535.01,197825407.31
063101,58854204.72,26774528.95
063102,1212539623.17,189386245.76
063103,50079931.67,24806716.71
063104,70661058.43,128364120.94
063105,440630510.13,269970165.13
063201,1438201.61,9215528.96
063202,26330816.94,7504854.66
063203,43629346.28,33046619.62
063204,327434530.37,424806728.5
063205,9694771.71,4317638.2
063206,378463574.3,254586482.85
063207,220154172.79,50347620.28
063208,627366626.74,381221868.05
063209,244081920.84,117391899.69
063210,28924184.65,20306852.59
063211,5828935.14,11602102.99
063212,71243732.41,50636326.02
063213,33479978.45,13287403.22
063214,308458949.24,178178633.02
063215,795141595.82,417631352.34
063301,38231923.51,81962952.94
063302,587203931.94,334020418.94
063303,347084185.19,475403813.21
063304,378751491.9,590418891.1
063305,162794720.36,273929977.67
063306,78339688.69,90541091.98
063307,349138684.8,286610345.61
063401,129871131.28,134962396.45
063402,1165813364.73,783615443.44
063403,371743972.42,140717543.62
063404,87329223.72,72308850.07
063405,135579232.13,41663892.02
063406,155948665.75,135093787.68
063407,17790715.79,13283962.31
063501,252216085.08,143781637.53
063502,88843362.45,28677065.41
063503,52899908.86,34942382.67
063504,73527238.44,123218651.08
063505,632887296.68,165184894.44
063506,320663796.22,176683453.51
063507,240447793.15,196003404.99
063601,164925.0,307590.0
063602,13223661.84,1572788.46
063603,4143271.57,6979673.18
063604,17827258.29,44951077.53
063605,3133697.22,3442344.6
063606,21584200.31,5040446.95
063701,415876016.91,152881446.05
063702,64158939.08,191762123.64
063703,272398380.52,14932917.9
063704,1808289.43,3830448.43
063705,7176995.51,22760071.4
063706,959700.51,14703280.68
063707,574923539.4,324890910.51
063801,33805394.05,26766872.38
063802,98710509.74,53056613.41
063803,1066355.34,3432372.42
063804,7969042.41,3461641.63
063805,688380.93,1085473.05
063806,115059714.39,66687756.8
063807,585294.13,4358930.11
063808,629871595.62,620156814.62
063809,125243792.64,150405682.78
063810,21398688.94,16144593.75
063811,368317822.24,464804408.67
063812,154216160.31,98744361.28
063813,4225003.89,7773814.26
063814,116711505.86,80417497.06
063815,551357486.21,271996660.29
063816,54395729.87,24921422.25
063817,35127836.77,9761173.2
063818,26631477.43,130340488.16
063819,66279921.68,13619583.7
063820,51556824.75,41625139.59
063821,13902527.21,41025412.79
063822,535049496.34,484925301.52
063823,2444813376.96,1749022389.31
073901,3775555558.48,1016700357.46
073902,2087093315.2,686225461.5
073903,1150469875.36,393441058.53
073904,985900572.96,368717899.45
073905,235020417.53,218130572.91
073906,706035756.44,388827270.65
073907,4426167884.13,1435606384.34
073908,848863773.73,240648635.48
073909,462449212.68,273302020.64
073910,282183265.74,323382670.97
073911,267466945.37,186799920.82
073912,278715995.19,85991889.04
073913,27137297.75,36616411.0
073914,8919638.42,12204198.92
073915,259966922.02,131065545.67
073916,86223773.98,131314095.06
073917,499343082.95,472333431.42
073918,119361007.54,78701779.41
073919,433096627.68,347383379.23
073920,1428788383.23,1378614013.47
073921,687346569.69,512671703.76
073922,161223916.26,138197050.14
073923,1299633864.97,1522605404.13
073924,252201917.41,292072422.46
073925,239647816.16,291572032.99
073926,1082479666.46,1243632952.8
074001,36274786.37,85006375.71
074002,802841756.85,477513825.16
074003,19490336.28,3729150.13
074004,14316599.24,8067435.16
074005,95927725.01,110656641.82
074006,13685595.42,13739895.17
074007,1314055.55,6821090.29
074008,92333878.85,168469972.79
074009,107121087.95,151361230.92
074010,126448836.99,103938572.62
074011,1353928572.58,2144580852.17
074012,90956769.04,62307258.63
074013,14056460.16,19054953.73
074014,14472269.5,30480513.15
074015,31425023.04,101911512.83
074016,269309552.43,384216315.4
074017,8354656.92,10955375.14
084101,216421078.51,110454768.38
084102,6635525.65,1532926.4
084103,1440601.0,75308.91
084104,226643094.23,253075831.57
084105,1926519.9,1438027.98
084106,4544197.12,2370315.97
084107,16511528.9,11684623.36
084108,602515.96,1775875.74
084109,3289665.0,1898435.64
084110,1617635.08,1220719.09
084111,1898652.43,438628.94
084201,9791248.79,35693625.05
084202,348675151.42,707055082.33
084203,133107643.9,242152845.22
084204,191491.0,0.0
084205,15422271.2,22733050.38
084206,451454.07,160782.93
084301,134334122.84,5296653.0
084302,36387622.01,20305334.14
084303,1988828.03,7299766.87
084304,561484.74,848037.03
094401,82965456.01,146061773.11
094402,23933006.92,19320824.72
094403,73428952.71,57450885.8
094404,3777172.36,13536957.55
094405,1748596.27,8985434.41
094406,7676926.26,2887267.64
094407,256695273.17,1406138757.94
094408,32554888.33,57226285.83
094409,91345678.07,262153885.41
094410,99331071.01,302853967.14
094411,118548600.38,337389043.76
094412,69517765.05,510008659.42
094413,8548497.66,11575462.76
094414,21200517.02,24986357.27
094415,169506666.77,157021836.12
094416,1157309.89,1620726.23
094417,1420929.72,5956086.38
094418,144703987.93,304217130.17
094419,7151836.81,19370717.12
094420,20342756.5,48301072.23
094421,123643286.34,178162044.19
094501,383756.55,2840023.09
094502,235108.28,35476.59
094503,2368343.84,1723432.63
094504,6306034.54,11368015.48
094601,5784614.05,12507563.85
094602,18868020.68,54449091.55
104701,5978398.63,8085990.45
104702,21918155.59,1106794.15
104703,241988127.3,1407048743.83
104704,8468957.55,19346440.55
104705,946730.9,21209819.91
104706,7103935.24,27564839.93
104707,642916862.08,382311772.76
104801,293377200.53,280043823.19
104802,624756597.1,784164311.18
104803,27894245.79,56457702.73
104804,261180382.21,483274056.66
104805,390537976.74,222497743.15
104806,39693857.87,41124552.57
104807,312551724.47,19092573.49
104808,51251843.32,90418429.88
104809,7927536.59,18549029.72
104810,730196708.28,1335209575.92
104811,626089101.47,410998235.62
104812,1336375.42,1326709.92
104813,50955486.95,135892996.48
104814,80240156.16,34790874.82
104815,102243.96,0.0
104816,13798344.47,20872706.27
104817,33528032.38,74151861.81
104818,871129700.16,643731170.6
104819,760014370.92,826243582.52
104820,82156282.97,148217203.5
104821,175307211.6,127300593.5
104822,28307438.4,9096877.89
104823,168305736.74,227144416.34
104901,474390199.77,550006330.58
104902,519968162.74,180547348.32
104903,7625766.12,16897217.44
104904,1768985.44,3844312.9
104905,5230635.05,16675555.71
104906,4610613.69,2972195.32
104907,130954620.41,14290899.28
104908,9136927.66,11986296.65
104909,52052447.23,43304019.96
104910,5993486.84,10804447.65
104911,348818118.53,509993837.61
115001,28191.0,74116.0
115002,146182.0,3000.0
115003,614206.89,764227.0
115004,172834.6,39561.67
115005,120880.6,25688.56
115006,10610.0,73964.11
115007,3274885.69,10420021.99
115101,8712966.94,3340168.2
115102,5664505.95,3020175.15
115103,357612.68,45984.17
115104,8902.8,16249.0
115105,2157076.02,2689247.35
115106,3216533.15,52452868.97
115107,1380449.74,4817629.0
115108,59208.0,1672927.29
115109,352271.93,1995147.54
115110,280923.0,94415.06
115111,11280871.09,9329379.8
115112,20482185.34,20001996.41
115113,270501.54,62300.44
115201,894554.3,8491873.88
115202,2002865.78,9483035.38
115203,532692.81,1512484.95
115204,1153623.48,1445689.94
115205,7611169.3,16105371.54
115206,2698121.79,2868981.64
115207,2241894.65,3220133.89
115208,156227770.15,102434960.74
115209,77471290.87,68333207.89
115210,37733437.7,35524967.86
115211,43418295.76,21029963.35
115212,7310872.4,11730598.18
115301,17971258.2,16685983.34
115302,794179.72,13463.65
115303,326533.21,321589.34
115305,1989505.3,6469804.19
115306,558639.21,1143805.5
115307,398374.61,855688.12
115308,2893477.88,5011345.02
115309,27899506.33,24248008.58
115310,2278757.93,14654624.55
115311,2469112.26,3074371.19
115401,13821550.19,22098399.0
115402,1001921007.43,455970523.1
115403,18938507.91,12883017.29
115404,115683430.24,34272049.02
115405,273339.5,231024.99
115406,451501.78,1219907.43
115407,174929997.89,260154331.71
115408,19364283.3,20192257.5
115501,2286009.66,21272145.94
115502,9305320.36,59293308.57
115503,58033382.45,87193413.15
115504,8249947.25,33346883.21
115505,10029998.0,15835858.91
115506,3402727.17,1331740.1
115507,91972.0,71309.7
115508,7059749.1,5442852.79
115509,21810719.44,57830059.25
115510,3062786.07,6433199.52
115511,3360164.69,7183900.82
115512,58162350.87,58352054.99
115513,27624582.77,22734472.36
115514,65970660.8,33071251.78
115515,34444204.89,35008067.49
115516,15699464.11,27081256.27
115601,187160696.84,80213229.15
115602,12105724.26,33840365.36
115603,298952977.12,267093412.99
115604,8470836.34,4238116.05
115605,474000.6,1052347.08
115606,1077173.83,1519144.29
115607,55097162.35,59670548.09
115608,14797257.54,21392401.82
115609,7554212.46,12456566.77
115701,6537736.86,25902828.28
115702,82559561.55,90078059.03
115703,918304699.14,334734089.29
115704,117547871.85,29374158.96
115705,44266039.77,33899794.2
115801,48736209.63,37707812.67
115802,4109761.43,4344660.34
115803,578803.62,431776.73
115804,1653649.59,2878380.5
115805,299756.0,927672.46
115806,85137464.25,32315312.43
115807,14024612.91,6778815.6
115808,1584772.7,3865046.21
115809,2625154.87,2459709.4
115810,4741013.13,12683556.05
115811,1854188.48,1591731.22
115901,25792982.88,20008742.81
115902,24161520.6,19742527.79
115903,166837914.98,85838539.27
115904,146430630.31,22521360.53
115905,17523077.79,1109254.99
115906,9564062.1,31165142.26
115907,29937618.59,29071287.61
115908,192330.8,961099.76
115909,1682562.88,5577787.46
115910,25035066.28,12153134.23
115911,51639579.89,82182119.59
116001,22465760.2,12256826.07
116002,65544429.23,111503901.88
116101,19647253.48,36378700.42
116102,28430800.57,57888450.35
116103,41104317.34,71263268.29
116104,114526157.15,282469364.34
116105,71522609.88,143895983.34
116106,43478964.9,170855725.57
116107,93593691.05,109893601.72
116108,90255953.97,231721172.09
116109,479023778.82,1032072775.9
116110,469974183.71,894739372.22
116111,48360784.75,105145276.89
116112,53623508.27,116820485.21
116113,5093823.5,9896218.86
116114,66549072.48,90952306.71
116115,144553514.63,308434932.89
116116,22501456.19,45962538.37
116117,24124256.15,30976459.85
116201,176104722.54,237465035.92
116202,147189644.59,314865770.75
116203,514366696.28,1109062557.14
116204,549319275.47,1442722120.19
116205,170666249.43,308611852.55
116206,104222790.61,313496182.65
116207,15605417.03,31663085.82
116208,18101011.0,34602821.5
116209,30102964.54,50202635.7
116210,96630225.48,197638623.25
116211,96732102.92,194356130.46
116212,113775160.76,207203173.47
116213,934267.64,1746755.62
116214,14783943.28,28153677.92
116215,15744520.53,27141541.53
116216,12615919.33,11681298.33
116217,31689613.25,28375690.53
116301,13726180.37,24403699.66
116302,116670853.17,323053058.32
116303,57012786.88,142100324.5
116304,20980141.93,49573806.75
116305,56435686.8,103827129.12
116306,55441717.55,126765301.88
116307,161447081.9,205478021.41
116308,2264473.7,2347354.93
116309,120061076.68,48915623.94
116310,23977432.66,11561209.63
126401,34994724.21,21111985.29
126402,273980002.49,469691382.71
126403,1117624024.27,1684184197.07
126404,206077063.86,356733003.76
126405,23191434.0,70981323.35
126406,25728573.02,56748851.89
126501,157924.72,98206.13
126502,16729.94,23514.55
126503,17582.0,2435849.0
126504,870545.62,2103047.91
126505,41843022.56,66884381.95
126506,11759365.63,48218349.96
126507,1204631.15,3058622.12
126601,27736023.59,64674231.72
126602,528136.56,1759768.56
126603,1850291.55,3235070.11
126701,2204207.03,5005002.53
126702,35747793.98,43287800.3
126703,1456894.28,3557922.09
126704,5951131.37,16040005.4
136801,10391510.31,38359770.9
136802,28850709.23,169136201.53
136803,4736245.53,14300878.66
136804,80297811.78,74047239.09
136805,54671803.62,96043511.84
136806,255896966.33,150860488.8
136807,39291372.26,65384638.76
136808,15515437.21,18270825.15
136809,44591673.38,85090710.09
136810,148997010.15,366616600.38
136811,31558712.28,31063328.78
136812,2537744.28,727885.94
136813,8357198.36,22483824.89
136814,532190.62,2051350.79
136815,33394648.81,97549055.63
136901,13417155.12,1106860.57
136902,62905084.57,47562045.01
136903,10702707.17,29128925.64
136904,64800506.93,48102231.14
136905,49985609.02,36783031.56
136906,26769032.68,8543166.48
136907,35135051.89,79724453.97
136908,25220775.56,184690095.37
136909,18352978.22,79041964.86
136910,14969259.49,121604580.75
136911,39638619.89,79912650.58
136912,23550080.97,52399150.21
136913,66728990.57,71621502.46
136914,24156299.75,28644346.69
137001,14089078.87,25358535.18
137002,55958451.98,19057136.43
137003,8319601.66,17077798.45
137004,3816391.97,5349167.82
137005,110653148.39,150996644.76
137006,10860393.0,31123425.83
137007,126020659.92,274413518.08
137008,16778031.47,80806854.5
137009,32129337.13,61022483.86
137010,196823588.8,147317643.67
137011,10616542.39,5195429.99
137012,2565.0,31928.0
137013,162034098.09,183437610.83
137014,949950.68,1722819.21
137015,535144.95,557965.54
137016,7422800.95,14927006.99
137017,13654250.94,24596834.48
137018,5146729.52,12261792.25
137019,320816382.18,227064201.41
137020,33632979.54,25376336.6
147101,2741401.25,4031093.62
147102,22256765.4,32504990.98
147103,556983.52,2853723.07
147104,1701761.99,3706066.16
147105,490360.44,698482.12
147106,76978537.96,100395679.48
147107,813887.0,1660524.8
147108,481383472.25,549946987.53
147109,368477.0,21870.39
147110,40521033.73,102971935.66
147111,63956.65,1969611.35
147112,170915380.1,27128841.02
147113,55808723.96,189809768.29
147114,1471596.82,6682124.81
147115,2013367.56,54398352.93
147116,2336223.25,4244653.07
147117,50727519.4,101587860.89
147118,12321235.24,2949875.37
157201,26218622.65,43443671.46
157202,1402254061.69,2673485919.4
157203,12632726.9,61492792.01
157204,4302437816.93,1846706384.82
157205,8290376.77,18043736.65
157206,6409005.65,16019120.06
157207,463332852.66,74411097.11
157208,1877306681.24,1359621363.94
157209,898548588.99,211275984.6
157210,2154637333.43,971263894.46
157211,111388829.23,199687646.4
157212,242579310.33,156633448.87
157213,142801677.33,576037580.73
157214,133155297.16,362851432.37
157215,63930042.01,89404221.79
157216,242571401.22,752003063.86
157217,96448809.43,210268478.44
157218,27534741.82,22287737.88
157219,1072240399.93,2469319607.01
157220,187738039.73,145310942.92
157221,1069980.64,2964596.97
157222,89982358.27,228908377.5
157223,20912908.77,68103345.09
157224,107283932.37,49737978.8
157225,511380829.8,432032381.99
157226,67120122.14,88292633.17
157227,113516184.84,53416314.28
157228,75708911.63,171237741.58
157229,48814201.91,34109748.47
157301,86849945.33,175497120.96
157302,22127937.13,52863287.52
157303,11700905.94,12237143.16
157304,505143014.06,678640380.71
157305,149564639.99,213951699.88
157306,561860243.06,701466245.36
157307,372080323.94,515592964.76
157308,1116209507.33,1112064052.79
157309,62048932.84,60790941.14
157310,281461255.75,428347220.99
157311,26553323.71,57938597.78
157312,107387489.8,155844753.15
157313,2505736.3,1630161.84
157314,196110977.85,161368672.32
157315,79085157.77,138343551.96
157316,50208874.76,10310909.46
157317,49308675.45,61123398.17
157318,470755962.71,731024654.99
157319,1425308.28,2229236.39
157320,64354393.26,139495595.97
157321,110197805.11,164397121.18
157322,169357689.91,206287503.79
157323,120657255.03,221225301.36
157324,37577364.7,73903297.78
157325,120035354.84,185002569.13
157326,940564649.8,926742411.0
157401,371747.3,78234.0
157402,482500410.65,240660355.28
157403,417878545.57,2631989035.32
157404,923589628.86,558729934.9
157405,11778659.12,1199707.82
157406,1750553.22,1920347.57
157407,152355881.44,265656985.45
157408,82779763.48,1125196082.59
157409,184434887.17,59362426.31
157410,123330808.98,20846921.83
157411,45432532.62,192930268.22
157412,99821612.46,126633862.7
157413,10684654.24,40952241.05
157414,603150.0,0.0
157415,13767015.73,16688021.01
157416,87553.0,0.0
157417,1250.0,2130.0
157418,21259960.27,15494265.85
157419,63234800.19,88019289.28
157501,231770395.0,85547814.44
157502,2069541579.45,4603988301.93
157503,46102039.41,69854954.55
157504,4222979.54,8398760.4
157505,24324879.72,47730076.59
157506,27592215.97,20883675.85
157507,10320237.78,13481873.45
157508,67711185.25,9981730.86
157601,2943899740.2,3551533338.25
157602,742641132.79,393494699.16
157603,648034.32,8626204.15
157604,553637623.74,659948649.07
157605,64940032.56,79122379.6
157606,455170014.03,800410311.39
157607,285777385.27,383098598.83
157608,31982543.03,93613062.89
157609,32858714.84,19442737.05
157610,312543652.71,289449435.36
157611,22745687.06,2948804.27
157612,241530604.71,215006197.42
157613,6394623.23,5313969.61
157614,1682117.95,7763224.78
157615,40699498.9,78743961.93
157616,211197094.51,330440956.44
157801,42095800.48,97365828.93
157802,46422449.07,40517075.23
157803,63762.38,0.0
157804,17708557.14,33431191.46
157805,13650.58,0.0
157806,7447732.65,7177515.4
157901,1071796137.51,1232621730.32
157902,66522336.32,35383457.65
157903,5242791.81,17305404.09
157904,3901374.34,2643596.89
157905,74226865.53,26240355.65
157906,124308.0,0.0
157907,10043450.66,22264002.23
158001,77773589.48,159004904.48
158002,13491034.43,3672863.14
158003,30682760.24,10462168.3
158004,54150.87,0.0
158006,3126.0,0.0
158007,10813427.64,7736721.99
158101,15386598.94,10607526.69
158102,28898693.67,44620145.93
158103,321537.1,5676658.02
158104,34879782.86,80651315.47
158105,99506479.91,233611445.83
158106,1050758.06,5433746.88
158107,8309076.23,4652168.79
158108,47688047.54,150543248.26
158109,2327378.63,2347511.91
158110,5499076.5,4042942.24
158111,36955880.59,113605728.36
158112,34677307.21,59634216.57
158113,3857794.7,4190169.08
158201,17108182.27,52167131.15
158202,118814468.95,191732472.42
158203,49910029.92,70688270.32
158204,40989340.03,64753403.49
158205,96503537.37,173753904.38
158206,27475244.17,38491237.81
158207,274478077.01,379638634.79
158208,56270396.42,61801161.11
158209,232043942.24,473541154.55
158210,4072953.52,7485200.54
158211,33628489.05,66938077.25
158212,34373709.31,108240376.16
158213,3277045.58,13350978.26
158214,6623495.14,13535454.19
158215,25021490.76,51358498.43
158301,96999450.01,201942237.74
158302,327029682.51,521235173.49
158303,17952213.47,22735595.02
158304,4909653.63,5212428.71
158305,36124534.16,29362999.09
158306,45131448.16,74224781.42
158307,29916733.23,54269576.99
158308,32664473.99,54826159.0
158309,157605971.73,254068921.76
158310,9521908.41,12180117.43
158311,110923817.0,55579471.5
168401,125094753.33,73759813.9
168402,90204489.85,64646174.06
168403,499677066.3,201090967.28
168404,46754727.49,15657118.91
168405,104727558.33,22610170.78
168406,103652324.8,61823429.96
168407,124494535.21,259802518.06
168408,490221089.77,1054917404.17
168409,1222954025.62,1037888893.42
168410,9929780.85,1890716.99
168411,1446137706.98,1669249776.27
168412,393301960.86,307943922.66
168413,1087143547.61,923564484.08
168414,1293467244.61,1292142793.34
168415,451626778.16,517272862.32
168416,87293232.46,51814923.09
168417,64606116.64,71478221.27
168418,515746015.93,1159093867.84
168419,917764530.79,627945611.65
168420,26633920.04,16675174.08
168421,957470333.49,973700476.35
168422,576994696.29,591922978.78
168423,65441580.58,95748469.37
168424,434367851.52,654647402.39
168425,206017796.69,158641773.43
168426,484719978.83,371430558.71
168427,727123795.81,524939187.65
168428,696583276.23,745101094.41
168429,1495333497.72,2040855851.91
168430,283453777.93,177130860.0
168431,1879684023.75,1650857055.71
168432,202452258.47,131966707.23
168433,665077271.39,403347267.77
168434,178155861.34,65781692.97
168435,1963105.84,3099808.9
168436,503412617.27,146280993.37
168437,62574404.7,12618274.57
168438,1169426851.94,225030700.02
168439,52162004.69,48491262.14
168440,61335619.41,87180310.75
168441,141952657.57,129436010.08
168442,108876933.43,83227167.81
168443,7588101063.47,10572236509.46
168444,1253318.89,3295070.65
168445,31329943.23,12052586.36
168446,2982434.94,2073923.16
168447,14629345.16,11409464.81
168448,77742421.16,31210965.71
168449,248674.19,1902459.74
168450,73317970.07,321207261.45
168451,74770801.56,176134266.42
168452,36965881.6,81737415.78
168453,9776953.74,8591480.62
168454,18124010.23,28126868.05
168455,31096116.76,54193704.63
168456,54673133.57,78961767.29
168457,85260526.54,69213085.91
168458,49832662.28,153160973.67
168459,60393092.7,82705076.03
168460,36653329.28,38729317.49
168461,23033997.1,31121892.56
168462,138817709.94,141972469.22
168463,16215692.29,20215345.07
168464,23625091.28,28444920.42
168465,57448615.17,102629276.79
168466,267338220.62,387541463.62
168467,120545742.17,151664049.01
168468,32111446.49,25020752.77
168469,3559624.39,1018023.06
168470,124490122.24,146461793.79
168471,16479073428.84,19964889329.97
168472,157269455.04,136631959.04
168473,7433055471.85,8947175598.02
168474,181815256.06,190176208.09
168475,38609624.67,24333805.23
168476,30882147.48,63210974.26
168477,360732685.33,219954995.56
168478,60774489.75,72676451.44
168479,6878813322.12,1482995380.4
168480,102203494.07,99235827.44
168481,1017615385.56,1449610445.52
168482,445602185.74,671577486.99
168483,381483975.93,786695117.78
168484,40732018.16,69622818.38
168485,227988011.64,215593342.78
168501,424982299.32,754051166.46
168502,329785612.33,306787643.98
168503,118667205.41,138288962.31
168504,1108164019.97,1864037301.97
168505,72311387.15,117085912.53
168506,90595951.23,160557397.7
168507,223516824.63,522611351.2
168508,100048976.02,335362033.83
168509,161538588.76,306150410.82
168510,494455871.84,126553806.5
168511,161682510.41,241156840.05
168512,190938584.15,307808804.05
168513,16618042.47,43231226.84
168514,108933760.32,54504269.19
168515,200245148.48,200681265.74
168516,352406734.74,787597177.03
168517,6712550632.38,10773707511.97
168518,625017548.63,688252704.09
168519,722375754.13,998446122.75
168520,494560.26,4245117.9
168521,493263497.54,670211369.5
168522,43780931.17,52075875.88
168523,919200437.04,918918647.14
168524,2013194723.59,1348623124.32
168525,4427955286.31,5847090488.29
168526,1779990420.81,884308897.53
168527,251096133.98,483501766.91
168528,3279833200.84,5052839489.23
168529,803543408.28,1038220911.08
168530,35764216.29,32753533.01
168531,500281998.74,528380044.11
168532,225202283.81,256961443.37
168533,104667694.48,106881535.86
168534,95480091.2,181665017.67
168535,95651174.42,58660141.95
168536,1459971636.68,1745297344.3
168537,465625017.12,452498604.29
168538,327737949.09,513314461.15
168539,620998143.68,735547967.42
168540,118655274.93,65791339.97
168541,790899008.22,832273254.96
168542,6607091179.72,4985627059.91
168543,508260729.47,590301101.25
168544,1028889050.64,1217446263.61
168545,332226159.87,78955580.64
168546,24352279.92,26717418.48
168547,44125813.5,29658374.33
168548,86459452.5,96470353.61
178601,10648699.72,11661519.82
178602,24172866.0,86875038.97
178603,137876.0,63297354.7
178604,2035052.0,20743582.16
178605,444724.0,441401.0
178606,2245738.13,90000.26
178607,159067399.8,70690798.81
178608,10736575.1,11960172.98
178609,105780035.14,137256978.3
178701,4840191884.98,1151173655.79
178702,280688949.18,188372433.42
178703,3475463523.61,11499989654.39
178704,3530185638.64,2534904083.96
178705,344651826.79,330518476.63
178706,218620716.28,13164709.41
178707,57050085.37,1273368374.81
178708,4068579272.52,4783925095.39
178709,32578086.19,38703704.97
178710,4522903.0,12878811.0
178711,336156096.84,857618483.66
178712,267079767.23,240300155.9
178713,27359281.78,44060726.35
178714,348178080.01,596675573.21
178715,57926121.49,81817162.98
178716,1047837348.03,1169000648.0
178801,1338470.48,1731240.96
178802,184127872.0,1145227042.18
178803,730665867.63,764923054.5
178804,689623.1,3324648.43
178805,28097718.34,43449861.62
178901,615428552.31,1047153856.75
178902,12211945.7,68561436.84
178903,906281617.6,292067919.09
178904,199393911.46,36998423.54
178905,516220669.38,590475600.98
178906,559886510.98,254327927.45
178907,106627624.78,26038616.37
178908,11775726.69,210434.93
189001,327989923.17,506869567.56
189002,251809793.67,1732251967.39
189003,56799097.92,88694862.2
189004,63013223.5,116012010.75
189005,15814320.97,28329571.22
189006,94585919.65,130131096.72
189007,33153370.51,8511615.55
189008,27810048.29,14832525.72
189009,30821434.0,93077323.0
189010,70285143.92,62657762.43
189011,86493478.54,33526388.98
189012,270831821.38,86012688.14
189013,116545216.35,208550848.04
189014,150952095.54,199022471.86
189015,307784261.42,276913968.93
189016,893469.98,2498298.81
189017,32607305.05,39114459.18
189018,3676651475.24,4042300594.84
189019,148926664.29,213817166.69
189020,21754383.38,27814575.79
189021,1901959261.36,2990041620.81
189022,1616013803.32,1094197632.46
189023,31742255.86,49329321.26
189024,30629763.02,28792019.03
189025,57926669.7,85678298.35
189026,515054667.7,506884565.14
189027,768597556.68,774963471.03
189028,56795549.63,71711479.57
189029,101771005.31,102511790.08
189030,396477281.56,360571220.34
189031,376114301.16,405668283.13
189032,396229683.49,446972481.18
189033,89493402.61,73659494.44
189101,36940136.16,50161464.9
189102,42969582.55,179785296.76
189103,2429760.56,3658706.77
189104,576586.15,664228.21
189105,22021646.0,35675882.43
189106,5690564.64,14065569.76
189107,1813754.38,8509226.07
189108,3313658.85,2382389.99
189109,2365373.61,2070907.63
189110,4392146.15,1579926.91
189111,889561.49,1096133.44
189112,398713.66,63523.99
189113,2395013.49,8988511.51
189114,2581037.16,8193349.11
189201,5384835.82,20234711.99
189202,7761556.56,13765870.85
189203,53693.0,7986.0
189204,0.0,31980.0
189205,3458740.3,16306483.75
189206,25101901.6,19965422.22
189207,65119187.96,76610450.04
189208,1430032.61,1782594.77
189209,17721748.0,19338085.06
199301,64475.0,14661284.0
199302,16326.0,1501581.0
199303,393011.38,2152071.33
199304,601744.0,2577649.98
199305,17202339.87,10639483.7
199306,42169151.42,44457909.57
199307,1011246.0,108240.0
209401,499808231.92,1357298490.5
209402,52016223.94,88863168.0
209403,841954824.67,2300499746.94
209404,137785119.19,426931910.52
209405,441129439.52,822432754.52
209406,300751247.12,170134518.67
209501,100755.14,64968.0
209502,94107.0,5690086.0
209503,520407833.24,528055099.54
209504,590670079.84,892391228.38
209505,121733776.22,126495139.86
209506,299514891.92,508586203.19
209507,56662763.94,87820536.03
209508,41499629.19,13539315.27
209601,783056.34,1334369.22
209602,9049368.9,18780207.07
209603,71291265.94,167757527.99
209604,888625.76,818167.93
209605,5026304.3,5353988.58
209606,11296853.21,15190190.49
209607,5906643.26,9210177.31
209608,52088195.34,113153878.23
209609,13862351.36,21544261.11
209610,18447970.04,13869424.79
209611,2282477.11,4942552.72
209612,120749803.5,105897267.03
209613,65116812.76,72045495.81
209614,3886915.28,1802940.5
209615,7058459.81,13471028.36
209616,9325417.4,8447728.66
209617,8492415.41,18337606.43
209618,6883150.54,13375239.45
219701,388413426.06,214486547.98
219702,1133416.1,2893422.72
219703,27330009.25,28439523.52
219704,5344188.98,6788699.62
219705,7037592.21,17350412.87
219706,56377774.96,16056319.81
