010101,185123030.7,186368637.65
010102,279114273.66,232996826.08
010103,1224837085.93,1220762380.29
010104,34797790.65,38328107.38
010105,568310971.42,520122361.55
010106,129572372.46,88439714.66
010201,2416231395.67,2963706149.59
010202,432530719.4,522345647.41
010203,2037775945.08,1927431461.52
010204,159400897.82,169758777.06
010205,19502387.83,66087480.87
010206,403189106.28,387114018.6
010207,2365219204.16,2331845717.05
010208,50398941.68,92393732.24
010209,66693573.76,85490741.16
010210,570362472.51,971435127.84
010301,35095131.55,45001165.24
010302,356601235.18,362787965.91
010303,787967364.9,742099413.12
010304,689381079.16,766842586.01
010305,255624016.33,247649212.62
010306,424254454.57,519080450.11
010307,284758359.64,304442369.51
010401,706427186.29,750916844.26
010402,2145689822.65,2037719518.63
010403,144407885.51,204631418.79
010404,483745403.12,865684471.5
010405,1009239087.13,1053405900.83
010406,3614049054.57,3749382394.34
010407,785630924.62,864318337.48
010408,253613864.44,252137656.27
010409,8768528.89,37718738.17
010410,2412713.62,2347198.69
010501,182703.55,2858507.78
010502,4081867.74,3897979.22
010504,246437304.16,463426941.89
010505,13632527.37,11768146.33
010506,21083400.56,31238772.67
010507,621689.0,293250.42
010508,3067662.78,2980182.79
010510,8633173.0,6664227.74
010511,153879364.17,158585045.76
020601,1241930627.76,814753845.45
020602,3630415732.31,3720867796.33
020603,4025290580.33,3091879118.89
020604,228204485.74,274050589.79
020701,1019049403.23,656798203.38
020702,1610667113.48,1177699534.68
020703,671005443.77,406821075.28
020704,196367685.5,211256047.88
020705,201521703.31,184293214.52
020706,263877957.16,261200997.81
020707,399892247.75,299884272.69
020708,73708915.93,132740018.78
020709,1897766212.3,1943231817.11
020710,386071227.24,363021905.42
020711,21919264.5,22794480.45
020712,66779403.71,70869327.11
020713,58619704.68,78181030.33
020714,22737740.1,37942113.75
020801,140084413.13,213333896.72
020802,150281591.64,155662830.65
020803,149755004.12,387357614.37
020804,475828061.44,628817891.87
020805,358115079.8,552959672.05
020806,554170854.06,1113143723.17
020807,133571857.84,238519882.21
020808,637820135.21,837177288.73
020809,105955330.1,119513495.04
020810,501533575.75,518432634.79
020811,183547502.88,258131689.03
020812,4387142.59,10041670.35
020813,48429699.89,51617658.9
020814,2555225.02,5619187.43
020901,609564851.13,982075573.65
020902,36177500.98,49946033.14
020903,22499.24,220123.11
020904,66668139.84,96071323.87
020905,1834811.72,5684867.9
020906,6253306.63,10503910.27
020907,4449420.31,10529303.13
020908,30387213.5,50410787.82
020909,13942696.78,20822303.59
020910,90355305.12,113321028.72
021001,315100376.53,366154256.4
021002,4429228.15,37468984.87
021003,134594231.58,606242346.26
021004,7455611.71,23040322.66
021005,195935868.44,343278905.92
021006,170468432.08,198830823.56
021007,3466979.43,10610667.58
021008,20313666.51,33470916.01
021101,54652452.68,269003298.5
021102,23678991.48,26526009.96
021103,20565196.65,28017018.61
021104,59261528.13,66411577.97
021105,125175859.69,97591870.28
021106,4027939.03,7219815.37
021107,134115452.35,158745747.57
021108,366802646.22,379350531.9
021109,81375827.42,117933030.84
021201,189628132.73,1381927853.83
021202,87312610.13,94881775.71
021203,14309.66,1027712.0
021204,24195660.88,48504650.98
021205,230986021.05,1262578040.56
021206,55389673.0,311950331.71
021207,75265081.19,85500949.18
021208,118105206.16,44937431.2
021209,1117771082.32,1124575834.77
021210,95970.08,677392.64
021211,25675032.62,52295400.44
021212,24866307.17,30614121.18
021213,9317880.01,33571544.93
021214,29735222.52,31294387.96
021301,19833041.49,12012199.6
021302,80720135.02,88712137.67
021401,6279389.63,10154338.04
021404,16928673.34,24538805.61
031501,100195386.33,200995396.55
031502,35173620.48,83247763.8
031503,6511581.12,15590818.33
031504,92661106.64,120538697.62
031505,3127473.82,2103649.97
031506,15102307.21,33087743.14
031507,549629993.6,503886315.36
031508,7128879.69,18536062.73
031509,11724204.63,40159091.86
031510,2614640.91,3539024.89
031511,1703818507.93,3222909950.53
031512,610513388.82,787668843.57
031513,598120447.54,1104018105.87
031514,766388518.15,1100300403.0
031515,166132186.74,202323259.04
031516,468034290.88,412865430.34
031517,680397060.61,596360334.23
031518,478110463.62,557016653.36
031519,789833707.15,826245335.14
031520,66107176.47,81734349.37
031521,9179534.71,17525767.7
031522,3873529.22,33084320.64
041601,154890482.82,189387038.18
041602,872147185.26,1070809662.53
041603,9147896.18,20257565.53
041604,252143783.9,341253671.26
041605,341844643.54,510405986.19
041701,257449625.6,281158119.46
041702,502047339.48,507362606.83
041703,32406698.72,69795555.86
041704,588683025.04,591179242.23
041801,634922102.3,1921425436.97
041802,6707255.54,15809482.67
041803,633665419.87,779502443.88
041804,1116847688.84,1026712973.67
041805,1031212644.32,638156614.79
041806,1447957367.86,1417845507.79
041901,1521990490.63,1096330858.27
041902,88490539.36,111074338.06
041903,1919848.23,3522530.24
041904,158420861.33,215992238.66
041905,1412584308.7,1393384660.13
042001,92298313.92,126780345.18
042002,17223256.64,46508894.69
042003,230225540.29,168554146.08
042004,1318897222.36,937558780.41
042005,563562700.11,568580702.46
042006,21730238.21,21548894.56
042007,90033909.94,123485717.76
042008,494735270.3,561866842.08
042009,1096562072.6,1188271319.79
042101,392951160.85,433516905.48
042102,36279822.14,46028527.01
042103,845680978.57,824365488.21
042104,141497095.19,185753938.35
042105,229869763.25,286772415.7
042106,2340017459.36,2310397554.51
042201,29808012.16,104048299.76
042202,1228082746.79,1495738420.01
042203,1897850977.8,733101326.04
042204,171480330.82,244707901.82
042205,5364781.35,12091711.17
042206,49352406.81,37948881.1
042207,909868817.23,1483649198.26
042208,785583844.45,836440275.8
042209,8964042.9,19331430.25
042301,131455242.32,141911144.86
042302,71857743.36,151761705.91
042303,164922151.27,222568517.15
042304,1448519652.51,3554796831.73
042305,2402977.3,5226685.57
042306,299615129.03,425779124.75
042307,21036.6,0.0
042308,61309396.72,121257415.61
042309,2976062444.43,2866538123.69
042401,91477897.53,210969100.45
042402,4035286499.07,4139790826.97
042403,980578282.14,725665784.2
052501,353987856.23,320841507.33
052502,2017657.92,6449060.71
052503,50279225.21,64676903.48
052504,4012935.98,9087655.16
052505,162526880.15,200626574.37
052506,3905821.84,3414817.6
052507,24511783.81,35973812.78
052508,90133207.49,105778652.79
052509,7672644.63,22746607.95
052510,27301582.98,116593979.56
052511,27606392.92,32742147.43
052512,1147472.87,2586443.75
052513,5742126.85,8911617.85
052514,941540.16,4604792.63
052515,3985737.3,3953688.36
052516,14743995.34,15523533.53
052517,82388559.17,282564650.13
052518,14159976.57,28539645.18
052519,169585818.41,285453727.23
052520,7545683.45,15122895.94
052521,1532820.73,20820343.81
052522,2755014.23,73345981.69
052523,96119320.87,139169571.24
052524,165300.92,0.0
052525,3428987.37,4410802.25
052526,60858136.97,100130661.57
052528,1417193.88,3882533.67
052529,13652479.24,21768729.16
052530,57749365.57,60328349.8
052601,17408362.78,1248993588.36
052602,14026205.7,18704630.43
052603,89371.21,48307668.03
052604,282720.02,211163452.39
052605,941376.36,1249284.87
052606,10103565.18,46342389.09
052607,120940150.31,58715369.77
052608,72792402.26,430982891.54
052609,354681.0,171152.57
052610,21141793.43,66952731.99
052611,217676.48,40827572.0
052612,4418.0,0.0
052613,992157507.41,1254147129.52
052614,15326309.01,124600924.62
052615,28505674.88,103211486.84
052616,9376416.75,1172678.98
052617,5923019.44,40443120.77
052618,10796123.54,12753723.83
052619,5014353.34,7948233.31
052620,196914201.54,201408567.54
052621,24602409.08,24901734.45
052701,419783987.83,2976992384.49
052702,710565.2,38831702.02
052703,112524887.16,189556087.68
052704,39560709.01,133484542.23
052705,207170.45,4136.12
052706,4373524.22,4881519.76
052707,1842671119.9,2264477526.58
052708,14482219.23,37560770.3
052709,19283561267.02,73722732150.15
052710,68933115180.31,71156693951.36
052711,9392962293.25,9686404109.61
052712,227618923.59,259829507.71
052713,362616403.09,435187713.22
052714,49281099.59,34542050.24
052715,56243222.97,99608195.89
052716,895774694.41,1817163715.91
062801,40247779.71,72272603.96
062802,126312.5,264214.02
062803,176143173.03,129774857.51
062804,313948171.55,397669579.58
062805,34523965.42,41666411.22
062806,16899009.99,27026933.8
062807,35169114.8,57072019.63
062808,15540850.74,19933356.95
062809,184876455.53,349238918.42
062810,11896691.98,15498057.64
062811,171914743.84,184140735.27
062812,14093979.57,15903353.72
062813,3636542.29,6740323.37
062814,365937359.82,254078261.14
062815,220208258.51,345994148.3
062816,10698754.59,9018216.84
062817,94658477.14,150528066.23
062818,158183839.38,399714347.24
062819,9032104.47,8340582.02
062820,9275825.24,11264558.83
062821,11729961.79,36152956.19
062822,3718925.83,4268622.95
062823,14525612.18,36885984.04
062824,516174.87,2193868.89
062825,248049217.47,350120774.81
062826,10126417.17,13120209.35
062827,118791523.45,122297310.12
062828,12726391.23,13148930.95
062829,5010277.34,9849640.93
062830,1276652.82,1562859.05
062831,783698.39,2430999.36
062832,4594526.38,10941210.33
062833,56169973.21,65357932.73
062834,24939573.24,41126559.53
062835,147813382.62,149822754.14
062836,73393431.0,119434134.2
062837,29099510.58,14432990.67
062839,64077628.09,58233889.9
062840,17219611.5,14729103.88
062841,82007271.13,76634917.77
062842,59316643.33,47206395.33
062843,38642216.67,39103576.8
062844,1998649202.13,1824000613.89
062845,10835232.75,5484680.38
062846,19650193.45,26336127.15
062847,38640430.17,46785451.04
062848,819417.05,717732.55
062849,123392898.02,72962370.9
062850,12498061.78,13136694.02
062851,15835116.11,11551642.69
062901,3873955588.54,3887990327.33
062902,5961159520.54,6046905367.94
062903,439499920.98,439949840.13
062904,33368378.07,16335368.32
062905,2045702762.92,2368045708.65
062906,95132713.39,93364764.57
062907,234401459.49,905566684.46
062908,4786313.11,4534575.62
062909,2128827371.54,2143828288.36
062910,1105623171.17,1094897511.87
062911,21930473.36,4645339.32
062912,133673510.75,138181043.53
062913,3757432.0,5835690.46
062914,519313438.92,695075940.01
062915,838806278.02,877617324.87
062916,405645955.46,481545082.01
062917,1166603853.63,1178180229.61
062918,328034119.32,296248683.76
062919,35128506.71,60243546.54
062920,38671527.03,24192032.94
062921,330408262.73,333826270.75
062922,425905421.81,467562597.52
062923,154800757.77,203545494.57
062924,180352578.01,156109300.77
062925,40942570.61,42959338.41
062926,508237140.11,644254287.95
062927,7047651.63,21916983.7
062928,56022293.24,58740100.34
062929,342489903.68,232372456.92
062930,103270513.21,104028876.26
062931,160753514.01,233643195.94
062932,359748090.05,361530006.64
062933,1247364705.76,1252046406.81
062934,221156294.08,238110716.52
062935,49887619.91,92425112.58
062936,399255158.59,403219273.22
062937,764422697.4,771902612.57
062938,3598367.4,9118811.42
062939,21511460.7,20275304.52
062940,33085328.8,17452759.89
062941,381101299.93,408955583.0
062942,26859960.6,26859296.84
063001,181461755.97,184450226.42
063002,6926103344.85,5670647680.31
063003,199750095.42,193675173.49
063004,11776984418.25,11739306201.7
063005,94919141.08,145484520.43
063006,683784079.97,681442731.16
063101,101364565.38,94414958.15
063102,1594273532.98,1527576875.24
063103,99241172.35,128626214.83
063104,73789442.1,146035560.88
063105,644658080.17,675647826.34
063201,1300936.84,2280641.65
063202,31254808.04,20051535.13
063203,105056511.85,74098752.42
063204,301368738.25,302621867.27
063205,11062099.78,20331596.53
063206,484897176.81,461229821.05
063207,181311715.98,142132177.32
063208,667029870.95,667069666.44
063209,286193367.0,341158643.66
063210,51663963.09,33797334.95
063211,3094564.69,6134334.34
063212,78383996.17,94514065.96
063213,34126299.82,38968602.36
063214,299117456.88,285002814.08
063215,1184297737.82,1152550249.7
063301,31189965.45,55176145.6
063302,923111041.1,943780440.95
063303,408630935.1,580064705.03
063304,394902114.51,410569897.06
063305,173221552.72,219765301.82
063306,60059007.82,116421013.04
063307,392485567.27,414006398.13
063401,143180165.83,161685124.42
063402,1516605852.81,1542401117.2
063403,488992238.49,662324016.24
063404,133614986.74,161937028.12
063405,112236475.83,121570818.53
063406,259420681.18,264130076.87
063407,24350305.21,31841695.28
063501,312816907.93,304968242.83
063502,164448543.02,140110789.31
063503,76813891.41,111512317.26
063504,116735027.01,190840982.8
063505,654697926.52,472111017.84
063506,382064432.58,385250388.98
063507,325052888.73,392269824.51
063601,55071.15,383564.93
063602,4628488.03,3073452.65
063603,2252769.8,1455811.14
063604,32226743.84,77531899.11
063605,5218414.55,6684251.53
063606,27729649.55,25663805.08
063701,400079398.5,426292874.66
063702,45945601.54,44424759.0
063703,340680128.15,274962889.43
063704,750934.44,2345541.6
063705,8720068.44,9876575.33
063706,441872.41,1885610.02
063707,531549728.53,528753596.28
063801,24987355.22,44570731.18
063802,123172869.12,104736070.19
063803,7824583.61,6725215.41
063804,8815565.4,13260116.43
063805,2605564.01,1149567.46
063806,232177539.09,324293117.21
063807,4053282.01,24783509.53
063808,787406261.67,847439381.44
063809,147942307.76,142852968.29
063810,34328269.33,28931512.13
063811,374411906.39,488431029.53
063812,169648382.39,179465733.83
063813,6700806.49,9201638.46
063814,139305167.39,517130732.79
063815,532757029.44,503340619.52
063816,60843013.66,47846390.98
063817,38357061.4,38205886.78
063818,21091208.27,66618458.72
063819,72869764.16,43763176.61
063820,96751660.06,141485892.14
063821,44244776.89,59252991.06
063822,700796507.73,723962957.64
063823,4574792897.49,5157353009.2
073901,4197001957.31,4195232600.83
073902,2331254506.49,2561194768.18
073903,1229039492.45,1171622753.19
073904,994521332.65,995875236.98
073905,262478785.73,290644307.25
073906,880778050.84,845821242.85
073907,4748880691.35,4546196322.76
073908,1022564343.94,974282129.61
073909,672716710.42,680064235.83
073910,330927773.33,573709339.0
073911,363573737.76,344054956.05
073912,280498031.89,283866912.48
073913,34093453.59,34051440.81
073914,5289379.3,11877548.94
073915,276793092.84,314089195.56
073916,91286136.93,95275345.1
073917,492656743.1,498008543.04
073918,152240588.19,184760570.08
073919,402236109.25,483106629.09
073920,1411066063.67,1777513361.83
073921,807096828.99,829447445.82
073922,134277982.64,189673874.63
073923,1367085156.06,1644974190.68
073924,278821517.71,409066046.41
073925,249899529.59,278261058.96
073926,1365810816.56,1440764005.28
074001,207881945.33,259842494.0
074002,1113192109.78,1084535633.88
074003,26059519.88,14300417.33
074004,15000987.8,22732487.2
074005,85735434.99,100509183.08
074006,13830496.01,21190670.03
074007,2466965.27,3144826.73
074008,162887910.49,172889410.03
074009,148109509.49,159122066.67
074010,148433379.56,144796432.18
074011,2018162317.87,2970282122.13
074012,107825243.52,142339879.35
074013,7904642.14,19280713.96
074014,33694595.01,20995070.33
074015,44424592.35,66467601.4
074016,274348549.13,285599794.29
074017,3425958.16,10409943.72
084101,278364129.88,285153537.32
084102,23243603.93,21024838.22
084103,14740217.03,918209.29
084104,252386844.21,229184198.02
084105,2837830.05,2635388.35
084106,3741991.19,3848900.67
084107,19060419.59,13966875.86
084108,767162.06,1664278.13
084109,4248008.85,456843.99
084110,4152899.31,1068933.85
084111,1979546.7,2801290.1
084201,18295573.14,51817726.92
084202,558672084.12,562430068.37
084203,166983546.35,242180617.94
084205,12112371.0,22992055.67
084206,142078.73,685509.61
084301,150762916.72,22302197.38
084302,92450694.61,81947355.99
084303,4050963.49,11808738.0
084304,870696.45,1324085.63
094401,111777153.59,116295450.02
094402,15389679.52,24539128.6
094403,68655068.72,77938857.33
094404,5403541.46,10868432.11
094405,1916211.4,11684611.07
094406,2495688.86,4222119.13
094407,193244043.73,715283778.64
094408,18919607.74,30017153.42
094409,61685909.65,85039763.85
094410,96210382.21,289958965.38
094411,100739273.36,199396644.5
094412,55216375.24,184065053.06
094413,7227887.27,16319409.05
094414,10663587.86,30299588.81
094415,235741466.46,220721167.41
094416,5672237.4,5833975.76
094417,4772050.7,11687795.57
094418,142184777.18,192766787.27
094419,9201743.53,41988015.66
094420,17986988.35,47685386.01
094421,119147027.8,146405054.94
094501,275440.6,3042307.5
094502,21523.67,34554.67
094503,1076257.83,1898772.57
094504,2957629.8,3575746.84
094601,2997797.74,7851299.0
094602,20460071.61,76911904.05
104701,6812245.07,37849892.4
104702,17720832.39,65966560.95
104703,595708495.24,593851654.23
104704,18211908.52,30903018.99
104705,4262583.14,40338882.37
104706,15635261.02,30813438.34
104707,1083914535.27,1137161083.02
104801,168269106.89,225823083.39
104802,484974219.17,481156331.26
104803,42124539.03,66313198.77
104804,181870626.36,172615094.93
104805,502397959.38,491924739.36
104806,22493465.92,32174191.89
104807,300378486.69,165509856.69
104808,49253518.87,121266238.15
104809,5303724.64,9686815.6
104810,784129220.52,956381406.17
104811,669717447.75,680761870.56
104812,1670044.11,2644168.28
104813,60984159.22,164922554.65
104814,69608725.85,65763983.22
104816,11261202.29,15981507.61
104817,29300153.25,59810383.29
104818,1025936685.95,1177854457.43
104819,861585092.35,1310800691.55
104820,81853004.15,151769197.72
104821,190655521.8,257517188.64
104822,25037923.72,23664668.63
104823,168734031.82,190507757.29
104901,381786638.99,438569646.33
104902,371293725.53,365160946.72
104903,8609075.94,35369196.6
104904,2156611.22,3898483.21
104905,3829024.27,4575732.69
104906,4584337.56,5551986.05
104907,49035519.55,50644839.47
104908,6514703.54,7232926.78
104909,36199693.63,84691197.91
104910,6428682.52,13270540.37
104911,433550806.25,612015227.37
115001,19827.21,87823.6
115002,143401.0,133564.0
115003,4018.0,37249.36
115004,182244.96,74004.8
115005,656991.3,959372.5
115006,27701.07,101080.07
115007,1600436.79,1292249.97
115101,13543283.11,7817053.1
115102,1384985.31,345970.16
115103,243389.8,176996.6
115104,5983.46,0.0
115105,5055804.0,566185.16
115106,233910.01,16489587.87
115107,930774.0,2249674.81
115108,57972.87,1019727.24
115109,440982.15,6920845.39
115110,491562.0,50103.24
115111,5650163.0,6621300.63
115112,13643699.09,19788620.08
115113,116446.93,104905.06
115201,8428020.26,47611350.49
115202,6116081.97,9492587.04
115203,764889.12,4823993.78
115204,1037048.42,908366.77
115205,6276196.57,11803181.89
115206,1748567.82,1838342.13
115207,1021778.05,2927951.34
115208,205670398.28,144022798.77
115209,54008457.84,58696000.94
115210,25192172.6,24244733.39
115211,36453767.83,36363345.7
115212,10902752.92,12975623.7
115301,18221993.54,15978289.4
115302,1324297.24,1399358.42
115303,1043507.54,1383498.09
115305,2246452.83,10307448.48
115306,690184.54,309095.69
115307,156237.19,1525031.73
115308,3023052.35,2948755.59
115309,26515356.15,41198536.14
115310,1716672.11,19909356.8
115311,4112728.66,7088409.74
115401,8114271.33,10033717.75
115402,880829551.73,681398838.29
115403,14930642.24,15470748.92
115404,77593978.57,94743788.38
115405,219260.06,2316113.34
115406,1756828.56,3051513.52
115407,144481916.3,166363229.37
115408,32686025.84,35061232.13
115501,3000076.32,23916074.33
115502,15756854.12,55010083.8
115503,100803667.78,77223075.58
115504,2045314.74,19443244.15
115505,11952066.71,17885891.17
115506,3040167.1,2905242.14
115507,16594.0,86928.03
115508,6560560.09,9011197.62
115509,17416276.65,18917396.89
115510,2620251.52,5260009.95
115511,3504059.52,6991547.54
115512,60468141.18,62362192.86
115513,16085517.66,16480890.76
115514,59981041.31,60076517.25
115515,18641958.73,18324246.16
115516,14836692.51,14004074.94
115601,221814393.82,241060402.8
115602,15197761.77,30462465.79
115603,356774654.14,479761368.66
115604,7086503.53,10061141.57
115605,362879.32,935514.6
115606,1100946.08,1171733.37
115607,40951939.79,43988380.19
115608,10596956.47,14316098.05
115609,5822627.29,12401827.91
115701,4516328.8,10472442.59
115702,88722561.66,89085831.52
115703,792423713.01,767448634.41
115704,115267723.8,104005482.24
115705,52349980.26,48022842.22
115801,42640869.58,37130019.15
115802,3756585.08,2080683.76
115803,413842.94,439560.16
115804,1213089.91,1591622.8
115805,39262.1,72635.0
115806,79143489.06,79705119.96
115807,10187750.78,9103806.33
115808,2472773.3,3267191.43
115809,1081396.24,735053.29
115810,2605081.98,3527075.54
115811,2753822.03,2270032.52
115901,25898490.61,25895217.51
115902,23829149.74,20559706.69
115903,154054042.89,168171454.12
115904,188958874.69,86620872.39
115905,11321429.01,2994261.21
115906,19714040.7,31526871.06
115907,26725242.08,30468489.58
115908,324354.28,979091.03
115909,3035954.98,5521575.72
115910,30488224.61,30141512.91
115911,74286365.66,101091661.32
116001,22502946.38,21648115.18
116002,60004099.74,61847663.62
116101,39108096.31,63752539.04
116102,85652424.18,100331229.34
116103,59818394.21,62455419.25
116104,202419340.02,205452311.1
116105,114669347.33,192796533.63
116106,51101160.18,105033400.05
116107,128193784.02,201227028.89
116108,131772079.63,140914431.21
116109,629989595.49,1168719233.12
116110,627546640.06,736062702.15
116111,63323592.82,186922830.39
116112,65496745.91,74663297.06
116113,12824170.06,25707634.96
116114,61863637.83,86127017.51
116115,173216083.42,199767580.24
116116,40615612.8,72142809.14
116117,31942306.42,74959918.32
116201,279468259.87,300521613.58
116202,182039921.93,208503658.61
116203,612496286.91,711326497.47
116204,581584779.61,584389042.89
116205,251960995.76,466381072.02
116206,132060061.85,143658822.73
116207,31583323.96,27933948.92
116208,27711337.75,28338443.06
116209,31442211.6,79719061.35
116210,99772479.65,132285823.96
116211,100677638.35,110865441.36
116212,155868404.89,342588837.6
116213,1169438.8,2665733.75
116214,26389546.69,31874642.83
116215,13318462.68,25216063.51
116216,13303674.58,33532466.69
116217,27920533.46,35721324.01
116301,19938747.74,25354094.61
116302,229887276.08,262164195.83
116303,64060542.4,68429542.78
116304,25927504.19,28542849.56
116305,53392484.45,69548693.9
116306,63597293.58,85445912.65
116307,230212513.91,258688227.86
116308,1047925.41,1473673.25
116309,172262668.4,92534639.38
116310,22496204.37,20887730.54
126401,62039933.1,55005835.67
126402,409505493.87,434234732.35
126403,1276293517.33,1281303291.69
126404,359262256.3,586705410.1
126405,62411052.78,66897751.95
126406,29740003.24,40013065.91
126501,60848.6,246567.24
126502,159085.98,274502.84
126504,1330629.35,3600183.26
126505,81552358.18,86235585.82
126506,31138939.05,91989721.05
126507,1646800.99,4220554.2
126601,27928596.51,67233344.05
126602,3400157.26,12248553.56
126603,3729329.74,3635842.13
126701,1357304.83,3791639.26
126702,29771430.61,61176386.24
126703,780689.06,5302470.29
126704,3185267.97,6143326.35
136801,10231653.14,43383760.87
136802,24259827.0,28924362.52
136803,1184719.84,11102601.28
136804,79785530.89,77806895.51
136805,46572920.6,63036246.0
136806,250536507.15,239030483.88
136807,37495901.75,110496852.15
136808,6267070.76,14677328.13
136809,84415638.53,116216875.71
136810,177357109.87,232370379.98
136811,24118878.16,39886324.42
136812,2290989.25,2688691.84
136813,7748141.14,13674464.29
136814,460961.92,1421907.91
136815,55810186.38,97314627.25
136901,7845959.91,2334299.67
136902,49733006.22,36324676.29
136903,17407249.52,17060894.43
136904,56365445.07,88936797.07
136905,32408026.33,58217248.11
136906,26500661.09,24012637.49
136907,31875217.0,34472328.58
136908,26003177.89,30727326.02
136909,41641105.59,26122551.14
136910,18118472.47,96254752.61
136911,54328129.53,124158319.12
136912,27743318.26,63688056.9
136913,44185089.15,63518161.28
136914,17921379.43,21409921.24
137001,19779812.93,40895254.21
137002,79783841.14,73007755.83
137003,13740125.43,14235124.8
137004,2468682.56,1765567.67
137005,97659076.97,114590710.2
137006,7062314.79,18251428.51
137007,113662810.64,136374893.95
137008,18575153.29,157485256.14
137009,38852212.42,48883164.17
137010,247914630.8,265444597.76
137011,8097470.42,8668856.5
137013,197518627.15,200276614.12
137014,790282.79,2468932.53
137015,528041.62,815757.75
137016,5236634.67,5703939.3
137017,24465466.32,29504070.97
137018,6275746.96,6671077.77
137019,320782019.05,366173834.74
137020,24695126.61,47276512.31
147101,2938733.68,2995044.15
147102,39243031.93,39277532.94
147103,941094.53,916702.59
147104,862267.11,4136144.46
147105,366851.69,830188.62
147106,295320355.39,259808018.63
147107,917316.1,2507091.9
147108,2071408146.1,1997644309.16
147109,101273.15,326709.81
147110,51309653.97,73318852.02
147111,10712820.0,56262.97
147112,417086421.97,264481376.79
147113,486519227.87,541238547.81
147114,4293876.04,5709857.05
147115,9997846.3,38912171.08
147116,2832763.04,3795610.87
147117,40160443.53,44527190.38
147118,17367955.21,31251634.11
157201,58074992.55,150431068.94
157202,1528744327.45,2181371017.04
157203,34422523.82,277497248.15
157204,4718677744.27,4936951893.19
157205,8103592.12,18463776.78
157206,6518339.88,59999684.14
157207,442943661.15,996025922.23
157208,2327445062.74,2420373610.5
157209,794280752.01,781724900.38
157210,2426002448.96,2139079803.65
157211,73604168.37,115609277.64
157212,286834423.92,283125585.57
157213,124455760.75,203810265.09
157214,178425519.06,193798685.2
157215,39163619.12,44609713.89
157216,221946588.96,229458777.66
157217,155366427.53,239543875.72
157218,9909984.28,27015488.93
157219,1003357816.04,1090153329.79
157220,125839575.08,121029421.18
157221,2247994.2,3069674.3
157222,62121706.18,93841616.44
157223,19536962.14,64481652.34
157224,153685894.64,174394192.71
157225,977530956.67,969909607.99
157226,77372808.31,58758430.55
157227,174420972.69,175796940.6
157228,66909163.92,69222043.7
157229,54879226.24,48184812.13
157301,77980131.22,179499275.04
157302,16413603.5,47588540.14
157303,12130246.15,23875520.29
157304,345306386.95,404349827.15
157305,234627343.37,260315562.31
157306,462125902.55,508109026.35
157307,406349120.54,431919837.77
157308,1133567212.61,1130133039.35
157309,77845237.97,102010328.11
157310,296680301.66,343360710.16
157311,27010828.25,63897584.62
157312,114333100.93,211412383.72
157313,5734470.98,3712724.95
157314,343812021.74,352856204.04
157315,89511444.55,153759885.84
157316,19278330.63,12913739.02
157317,58855896.15,101016063.08
157318,571404750.72,580068566.79
157319,2057512.27,1716182.06
157320,78831734.36,113778879.7
157321,120472391.58,186148783.31
157322,159983482.94,148771784.21
157323,143072419.46,143725819.95
157324,41172806.19,51246088.94
157325,128113730.64,183151746.83
157326,980150971.12,970034099.77
157401,2059000.96,2752439.12
157402,511181717.02,912530417.33
157403,354950476.7,1700002247.7
157404,1486244762.28,2261194226.02
157405,19713833.46,17223403.82
157406,2243112.48,6904582.42
157407,141585635.65,167094235.63
157408,93186486.41,343703188.21
157409,226381353.34,176964918.8
157410,110964070.21,45818912.02
157411,53609698.37,136653223.25
157412,56565247.35,66083360.65
157413,11483757.13,35551241.99
157414,1873.0,0.0
157415,14755338.06,11430214.12
157418,20498962.41,18695449.85
157419,47087886.61,46639856.36
157501,109229322.31,75912064.66
157502,1177056272.35,1779752624.09
157503,25028051.22,40046019.74
157504,2713855.84,46274096.5
157505,12504311.62,14448456.77
157506,31039099.96,10858317.16
157507,12306864.4,6850185.81
157508,63495918.36,29369820.1
157601,3517742396.43,4197868955.02
157602,676960940.22,903106086.19
157603,21184394.99,7453220.13
157604,576574894.6,2010099006.32
157605,130153675.97,147667682.55
157606,445464073.96,594644049.36
157607,299778258.48,384687553.6
157608,51531408.47,56489944.55
157609,23655570.31,29701249.86
157610,321500868.27,339794890.43
157611,20809708.73,4211445.94
157612,224426986.04,198236881.49
157613,2430280.15,8543219.64
157614,569906.38,14381919.58
157615,77331783.04,153642434.45
157616,224873510.71,228419747.03
157801,52317661.38,54942445.94
157802,53317495.06,72060046.42
157803,12747.13,12769.0
157804,21320728.73,28463434.66
157806,7439769.39,10562196.86
157901,601664182.22,1065178981.67
157902,71322323.28,59343090.17
157903,4826229.7,7898760.76
157904,3465367.95,5577613.4
157905,48820806.38,62946826.63
157907,15617329.37,36379524.42
158001,132939551.62,429511798.84
158002,21897494.26,23899912.14
158003,89660160.16,56669311.23
158004,2604009.92,0.0
158007,9244621.63,14902447.37
158101,15542737.34,17672110.39
158102,7959474.02,12456970.68
158103,4950157.46,14350667.29
158104,44142781.95,62613387.76
158105,56762287.44,109659685.26
158106,819824.11,4752514.26
158107,2569084.12,2615584.43
158108,51394862.85,90894568.55
158109,1777212.16,1705295.99
158110,8624998.13,4349506.31
158111,62990192.5,146237251.83
158112,55600876.4,94662471.77
158113,2863593.25,13049816.59
158201,26270081.76,31743486.0
158202,140678281.47,141978232.4
158203,38403248.76,37770927.41
158204,40333621.26,58892366.89
158205,100174570.44,102845703.34
158206,26821881.86,72433043.33
158207,385935706.24,388484046.63
158208,60809252.44,63816689.62
158209,376059333.72,598911523.21
158210,3306893.29,10334374.31
158211,27936010.28,36391082.71
158212,78154516.22,136898027.1
158213,4354885.55,16484608.69
158214,7391961.52,10341063.41
158215,28202000.78,30109800.51
158301,79238620.79,93700791.12
158302,281097326.73,319552636.57
158303,20332469.85,28522532.23
158304,5201184.4,8575961.0
158305,52323021.19,48044605.85
158306,37346117.42,38622236.08
158307,29951549.38,667680341.39
158308,43658471.93,49189105.37
158309,175296813.88,160779654.8
158310,8440319.94,14796446.36
158311,124926594.89,118823413.03
168401,391718178.87,407810796.19
168402,84809517.4,56566932.81
168403,481034716.45,464640152.8
168404,42601883.6,54004988.17
168405,37021453.63,25712472.08
168406,86458996.45,86464156.99
168407,131231528.64,83581034.06
168408,517087961.16,571225490.5
168409,1376958248.06,1391384605.75
168410,3557024.32,4054367.87
168411,2233035669.75,2123735453.06
168412,472711066.11,520239764.89
168413,1189039300.41,1171295491.16
168414,1411962907.48,1452723035.31
168415,499477639.44,549855993.41
168416,98596962.31,92776105.53
168417,80572858.83,56051539.06
168418,470336755.13,564886107.34
168419,887560582.13,878007507.83
168420,28063235.08,23502222.23
168421,1042198399.12,1053989105.68
168422,692856899.21,796980493.86
168423,83364889.68,111595698.17
168424,459937882.42,487254806.07
168425,264471008.63,277591428.56
168426,436919399.06,400548743.4
168427,609365713.78,707026977.96
168428,811424795.7,870000563.84
168429,1215914533.74,1270816271.93
168430,274074308.31,239741630.56
168431,1742796685.61,1778252158.36
168432,228584684.82,231662516.43
168433,764339596.98,826048212.08
168434,318380616.9,290225602.56
168435,3774154.84,3750254.15
168436,720691542.77,679715962.4
168437,77473354.32,70404847.63
168438,1326086123.76,1267890599.66
168439,78101098.56,75665349.12
168440,33880042.28,53588887.23
168441,139986472.28,141352334.71
168442,92858820.27,90085439.41
168443,6969138557.36,7066488294.35
168444,2211399.78,5684866.14
168445,27136082.01,22842702.31
168446,10065239.56,6346376.4
168447,9366535.7,8047938.99
168448,44932562.15,50443081.92
168449,1025214.24,10164120.06
168450,75273638.19,295781529.47
168451,71812672.59,87353759.81
168452,34210593.33,55071605.51
168453,6278946.63,10585180.04
168454,24630577.43,34921765.16
168455,44681724.02,39728507.92
168456,44699349.92,78813651.43
168457,93845127.22,166365282.38
168458,99119588.44,157939928.05
168459,52979295.32,42465899.62
168460,24516483.39,21282981.58
168461,17285021.5,15185021.31
168462,123595526.04,120148171.15
168463,18717760.18,23796181.13
168464,20475072.82,22809705.12
168465,53182618.39,65010083.31
168466,264892529.47,380127956.33
168467,141008319.92,170767631.87
168468,30702839.34,32024525.43
168469,4099681.7,498899.2
168470,84273417.17,98792659.11
168471,14546672272.25,20753794267.31
168472,148311299.85,143627809.0
168473,4975908836.66,6877816781.94
168474,158727321.93,172389153.37
168475,36846782.55,37343257.77
168476,48430251.52,82572837.43
168477,389426711.89,417877454.18
168478,95993746.0,74840939.68
168479,10629936424.76,10642248835.83
168480,79102502.41,77132958.88
168481,1162239613.41,1187342567.19
168482,462256582.88,686551784.2
168483,420611950.9,503461468.46
168484,55473827.53,65853985.29
168485,169167475.92,178054108.28
168501,479862240.49,563697889.31
168502,281097172.34,293989852.5
168503,154127765.66,251804053.53
168504,1441074854.46,1477064237.85
168505,114486518.3,230220495.39
168506,96676728.82,143283304.49
168507,332805874.18,452550216.68
168508,67302983.76,170729537.09
168509,190334967.83,318721007.67
168510,564121087.01,449468193.84
168511,259349616.72,314282518.13
168512,171886433.98,194359729.27
168513,33319226.44,79547824.99
168514,87683585.63,74011129.88
168515,237001302.19,248760729.21
168516,431076614.35,463992174.57
168517,7462311355.76,7735591153.63
168518,566666142.08,577859342.13
168519,207883223.69,230669625.94
168520,243329.01,669247.78
168521,339132123.54,565480743.77
168522,38054777.72,99559035.16
168523,765931033.45,885688277.07
168524,1232168237.19,1756514632.41
168525,5812278545.21,5843762666.61
168526,699845567.96,680494358.12
168527,184863310.33,250567291.49
168528,2038535684.39,2890768090.67
168529,484861750.77,531739244.02
168530,44536853.75,48885709.51
168531,529861434.26,676606577.01
168532,224010865.52,235110824.16
168533,98937506.11,96177697.33
168534,105730428.06,242382467.85
168535,87325711.36,86846406.6
168536,1346289715.85,1375467442.35
168537,518517528.08,663122733.62
168538,335683202.78,379824931.64
168539,596862550.08,593850740.97
168540,112564695.77,107759570.39
168541,2546650112.59,2639204076.22
168542,6278487128.51,6683697419.19
168543,462625779.28,502734424.55
168544,1032004559.47,1046239002.41
168545,391035795.69,441935253.46
168546,16130499.43,15711885.44
168547,63705933.52,56045556.6
168548,62164031.06,133821537.4
178601,2417817.01,40288799.0
178602,15056751.97,33619813.67
178603,542455.0,348683085.57
178604,941437.02,8708991.32
178605,599202.06,189860.0
178606,2755664.74,11675755.09
178607,68945297.44,75569326.07
178608,8396974.75,11291264.09
178609,119690272.32,143016679.0
178701,4867199667.99,3746419640.83
178702,238323419.15,151873328.87
178703,2605496347.49,3139187962.42
178704,3119749727.49,3113870362.06
178705,303722335.88,376293919.45
178706,169633828.87,122540810.34
178707,66310111.86,67941427.59
178708,4635251472.92,4684319909.08
178709,38138122.1,35678003.69
178710,16824450.0,5721328.0
178711,263505703.36,379224275.27
178712,470136597.64,825009717.07
178713,38878128.57,55623006.74
178714,359435607.09,361266424.37
178715,86664492.99,109565483.8
178716,804425186.41,926321031.07
178801,1970087.31,4139710.0
178802,191184895.71,261741084.04
178803,856995744.67,833274763.86
178804,1048954.29,2597969.64
178805,95421132.32,49800379.18
178901,665685611.98,300287323.88
178902,3536349.53,25659563.81
178903,829290544.49,397148070.32
178904,155284568.68,103716844.3
178905,1034897514.58,619414746.69
178906,291300436.52,60109729.83
178907,40491561.2,74428879.46
178908,4423892.13,4419071.57
189001,402128394.23,499202446.67
189002,399756925.81,936440138.3
189003,65755897.52,115329764.71
189004,62667533.37,171903507.87
189005,18291073.57,32428749.83
189006,97415770.34,96491449.28
189007,51029822.08,53307149.0
189008,19712873.34,109204607.4
189009,595993.0,287441.0
189010,35783878.64,38788371.04
189011,43478831.56,42693242.2
189012,293741915.86,251937125.61
189013,106898913.54,114592317.74
189014,121157544.1,174742275.18
189015,291781137.56,284779343.75
189016,1361690.31,3165726.16
189017,50954833.46,51426654.04
189018,4726836234.95,4723880560.26
189019,235480539.53,290728055.8
189020,29574404.62,36045106.37
189021,3123428462.71,3321552674.84
189022,1874465232.81,1389421052.74
189023,61618430.7,46899613.37
189024,25031370.72,27717728.48
189025,107500687.57,108751315.0
189026,654151523.94,581042310.83
189027,969451848.49,998914088.29
189028,72417230.32,82190316.5
189029,126237903.51,145674117.38
189030,344389672.16,355127511.51
189031,501691226.34,505808534.03
189032,408098737.75,454669064.26
189033,102883352.35,126368306.74
189101,80061357.08,78536442.72
189102,78195824.27,156317671.31
189103,3373342.78,4068595.52
189104,397240.32,1147972.27
189105,25296773.48,36366839.01
189106,8492009.46,10375409.67
189107,3304262.74,12309638.79
189108,12417612.39,9178293.87
189109,1483045.28,840689.83
189110,1708823.51,781672.38
189111,1270297.05,1369955.3
189112,154303.53,53596.41
189113,4268032.52,5572938.54
189114,4881160.82,4994594.25
189201,2671965.79,12960284.37
189202,31468162.16,30261657.48
189205,4829227.63,8376306.07
189206,28005860.95,30843573.25
189207,111337326.31,127484488.63
189208,817465.67,2669013.93
189209,27764914.18,28619727.43
199301,6436940.76,10709531.83
199302,13598.0,396525.27
199303,645482.96,2155836.49
199304,461220.08,4719017.62
199305,15745486.12,7105328.25
199306,72622983.8,78882181.95
199307,15787.0,337773.85
209401,668603063.56,680214762.76
209402,63343559.3,73339103.02
209403,773551789.38,841076656.02
209404,155871065.66,242017963.38
209405,575011109.28,819953806.16
209406,331025033.77,338244119.15
209503,661056870.56,1269333133.14
209504,695490749.76,1296327728.37
209505,152588709.21,205444113.17
209506,271668845.76,280579969.06
209507,46948796.62,57618439.96
209508,70701868.85,45448359.25
209601,3062966.79,1878703.97
209602,9606520.27,12611628.69
209603,111200341.62,111526472.38
209604,573053.56,1192735.0
209605,3399091.23,7216017.0
209606,10505948.57,15714585.85
209607,6144901.93,5483519.18
209608,53925813.84,98367743.15
209609,21547069.42,34702507.1
209610,18448138.87,33358594.17
209611,3729935.35,9506585.22
209612,129548962.67,170695848.14
209613,72508555.76,47642625.94
209614,5809808.68,16226248.0
209615,8419813.6,15305883.71
209616,8719574.39,15073202.1
209617,9271890.49,24315536.6
209618,11787672.75,23549583.82
219701,357039675.09,37733995.91
219702,4880373.79,1062815.83
219703,28712242.79,13924908.71
219704,4504061.65,5053764.74
219705,13825655.19,9862543.68
219706,40163042.8,5385502.82
