010106,162705.0,10000.0
010202,0.0,143544.0
010203,0.0,950616.0
010206,0.0,47697.0
010207,0.0,77565.0
010301,176215.0,20652.0
010302,1549.0,0.0
010303,1472.83,5121168.0
010305,97877.0,0.0
010306,8568.0,0.0
010307,1786.69,0.0
010402,0.0,5231482.0
010404,0.0,48413.0
010406,89517.0,0.0
010407,0.0,12442.0
010504,0.0,9800.0
010505,1506.01,0.0
010507,106281.0,0.0
010511,2855.93,0.0
020601,11000.0,0.0
020602,60027.64,326016.0
020603,1461042.0,51006.0
020604,400880.0,2950.0
020701,2688.28,12049.0
020702,0.0,19278.0
020703,10587.54,341261.0
020704,4143.87,11739.0
020705,0.0,9997.0
020706,0.0,3875.0
020708,17271.69,2544.0
020709,2333078.01,119377.0
020710,854787.79,145591.0
020711,78685.78,0.0
020712,16369.0,0.0
020713,318602.22,990748.0
020714,395214.26,0.0
020801,9269.24,0.0
020802,100999.88,1475.0
020803,345040584.1,0.0
020804,13542425.18,4734.0
020805,171540.15,4492.0
020807,62416.7,1426.0
020809,0.0,6434.0
020810,379987.6,67499.0
020811,55752.86,0.0
020813,124690.97,0.0
020901,82422095.47,136727.0
020902,0.0,3179280.0
020903,0.0,4616.0
020904,81781.48,5900.0
020910,168926.04,61955.0
021001,0.0,15503267.0
021003,0.0,428945.0
021005,0.0,541381.0
021006,23580.44,4091.0
021101,0.0,46080.0
021102,6716.12,176640.0
021103,0.0,39175.0
021104,8883.96,452732.0
021106,90727.03,0.0
021108,79658.22,178479.0
021202,485897.68,38000.0
021207,50910.03,0.0
021209,0.0,15106.0
021211,2869520.62,20360.0
021212,172837.7,8946.0
021301,184186.0,0.0
021302,207148.0,0.0
021401,14783.02,0.0
021404,7489.85,0.0
031504,0.0,3318.0
031505,0.0,22196.0
031507,0.0,1575910.0
031509,0.0,26372.0
031511,79510.92,372116.0
031512,0.0,27575.0
031515,0.0,22531.0
031516,2841.04,2950.0
031517,0.0,313584.0
031521,568049.31,0.0
041602,0.0,623264.0
041604,0.0,90830.0
041701,0.0,13069866.0
041702,7667.65,193706.0
041704,5079.0,1532313.0
041801,354161370.61,0.0
041802,102242.02,0.0
041803,23631783.21,0.0
041804,30754611.0,0.0
041805,0.0,11662.0
041806,121691.0,616605.0
041901,578602.64,11917680.0
041902,67298.36,489414.0
041904,0.0,39085.0
041905,1466.94,4580983.0
042002,0.0,5750695.0
042003,0.0,1179.0
042004,445025.17,102045.0
042005,12839215.42,769750.0
042007,2074.14,0.0
042008,101330.17,69330.0
042009,8285.79,112372.0
042101,28603.0,1115155.0
042102,0.0,519802.0
042103,7204.64,1607397.0
042104,97533.69,179770.0
042106,44552.17,10071581.0
042202,196534.11,615284.0
042203,340613.31,389691.0
042204,0.0,274653.0
042206,1440.76,7376.0
042207,0.0,646511.0
042301,0.0,111951.0
042304,0.0,532881.0
042309,0.0,5850.0
042401,2472404.17,0.0
052505,5642.97,0.0
052507,6253.72,0.0
052508,1343.88,125245.0
052515,0.0,9305.0
052516,7499.64,0.0
052517,9026.49,0.0
052519,0.0,6720.0
052520,0.0,2964.0
052523,0.0,16424577.0
052525,1856.84,0.0
052530,21726.48,0.0
052605,1473.0,25077.0
052616,661828.47,0.0
052620,64230.24,0.0
052709,2475655256.87,0.0
052710,196510735.39,34240110.0
052713,0.0,4286867.0
052715,0.0,140800.0
062806,129409.94,0.0
062809,0.0,122470.0
062811,28126.02,30964.0
062815,0.0,451648.0
062818,0.0,70234180.0
062821,0.0,3046.0
062825,0.0,108000.0
062826,2587.0,397002.0
062827,132404.99,11355.0
062828,0.0,40507.0
062829,0.0,130020.0
062832,0.0,13419.0
062833,0.0,364491.0
062835,0.0,4450.0
062836,0.0,66750.0
062839,0.0,8968.0
062842,0.0,5138.0
062844,1131.0,85489.0
062846,3298.0,0.0
062849,58855.0,709671.0
062901,0.0,1778.0
062903,9347.23,29723.0
062905,0.0,76714.0
062907,0.0,162383.0
062909,0.0,2020.0
062913,0.0,105377.0
062914,30594.0,0.0
062915,0.0,61598.0
062916,0.0,28880.0
062917,0.0,10160.0
062918,16012.84,259062.0
062921,2470.18,0.0
062922,0.0,394442.0
062924,11771.0,9553.0
062926,0.0,78178.0
062929,312503.1,0.0
062930,0.0,7854.0
062932,2944.0,16628.0
062933,91137.0,75824.0
062936,36962.0,176264.0
062941,3176.0,0.0
062942,0.0,1357.0
063002,84765.0,1900.0
063003,16853.0,6532847.0
063004,23972.0,3684921.0
063005,39000.0,1129880.0
063006,0.0,87181.0
063101,81809.57,21792.0
063102,9731.35,83685.0
063104,0.0,4915799.0
063105,0.0,77402.0
063204,8549.0,401099.0
063205,0.0,116307.0
063206,0.0,51151.0
063208,0.0,3166332.0
063209,0.0,508593.0
063210,0.0,490349.0
063213,8054.0,4542.0
063214,3125.94,25066.0
063215,4568.0,87147.0
063302,0.0,1968.0
063303,0.0,2322.0
063304,155469.0,4817075.0
063305,0.0,675843.0
063306,1484.0,1022380.0
063307,0.0,129292.0
063401,0.0,1436732.0
063402,20332.65,6018792.0
063403,0.0,68788.0
063404,0.0,5158.0
063405,2819.0,165048.0
063406,2911.09,689941.0
063407,0.0,2636.0
063506,4749.0,645587.0
063507,0.0,14451.0
063604,7000.0,0.0
063605,0.0,135304.0
063701,0.0,233843.0
063705,20833.0,0.0
063706,1315.0,0.0
063707,1473.0,130118.0
063802,0.0,40800.0
063806,0.0,28750.0
063808,10257.0,5730364.0
063811,0.0,10042.0
063812,40229.91,31358.0
063814,0.0,36299.0
063818,0.0,4901.0
063819,0.0,106724.0
063820,0.0,9639.0
063821,0.0,3698.0
063822,1188.0,224448.0
063823,11748.94,2961700.0
073901,0.0,3871346.0
073902,14305.01,506764.0
073904,4291.37,1696784.0
073905,0.0,4888.0
073906,0.0,78971.0
073907,1621.0,282161.0
073908,2011.45,0.0
073909,15371.57,2728.0
073912,0.0,126460.0
073913,4158.0,16906.0
073915,3917866.86,0.0
073916,0.0,208899.0
073917,0.0,1030268.0
073918,0.0,1351617.0
073919,8355.0,478893.0
073920,69114.69,1830866.0
073921,8308.72,214162.0
073922,4238.0,264721.0
073923,415932.69,7170072.0
073924,146489.66,3232050.0
073925,0.0,338687.0
073926,575523.81,6055603.0
074001,135945521.38,16226.0
074002,558600.58,9703.0
074003,0.0,74402.0
074004,0.0,15900.0
074006,0.0,2707.0
074007,0.0,18773.0
074008,20553.97,7380.0
074009,23693.0,4167094.0
074010,11819.0,11559.0
074011,428434.01,20125442.0
074012,28442.79,2412760.0
074013,23786.86,563604.0
074014,0.0,56466.0
074015,2959.0,73561.0
074016,67216.9,291016.0
074017,0.0,7953.0
084101,3241.13,0.0
084102,76047.44,0.0
084106,23425.0,0.0
084201,4386.0,10464.0
084202,1016337.0,10050965.0
084203,39376.0,224444.0
084205,11232.0,6598.0
084301,8478.0,0.0
094401,29329.92,0.0
094402,10528.55,0.0
094403,150533607.3,609392.0
094404,230946.43,0.0
094405,4073480.9,0.0
094406,2446666.67,0.0
094407,527661355.19,94331.0
094408,72750063.67,4425.0
094409,7611485.19,1149.0
094410,371917.9,19177.0
094411,0.0,39256.0
094412,6301850.34,104855.0
094413,601523.46,0.0
094414,142587.87,60480.0
094417,26777.59,26825.0
094418,588769.62,288830.0
094419,40131.32,2556.0
094420,623838.54,95517.0
094421,1878626.36,360536.0
094601,0.0,2520.0
094602,74797.29,176786.0
104706,0.0,3527.0
104707,20959.17,2979.0
104801,0.0,483563.0
104802,0.0,3398931.0
104803,0.0,129703.0
104804,0.0,3290558.0
104805,0.0,270615.0
104808,0.0,1494.0
104809,0.0,772224.0
104810,18758.91,1387911.0
104811,3910.83,53529.0
104813,4478.0,3271.0
104814,0.0,12210.0
104816,0.0,55854.0
104817,0.0,39569.0
104818,34816.26,1440406.0
104819,133394.48,422230.0
104820,501953.69,4003659.0
104821,256742.0,88235.0
104823,55855.86,144504.0
104901,117000.0,9243819.0
104902,0.0,3669.0
104903,149815.0,19255.0
104905,2947.0,1399.0
104908,0.0,2834.0
104909,61861.0,4711.0
104910,0.0,77714.0
104911,55901.0,281859.0
115007,10793.0,0.0
115201,67698754.86,117314.0
115203,449428.28,0.0
115204,0.0,89499.0
115205,28585.21,28513.0
115207,14877.0,0.0
115208,402714.0,16640725.0
115209,129054.0,257159.0
115210,351560.0,0.0
115211,47468.0,250352.0
115310,0.0,286443.0
115311,2815.0,704233.0
115401,0.0,40752.0
115402,0.0,112383.0
115403,0.0,20150.0
115406,0.0,7994.0
115407,41807.0,8197457.0
115501,0.0,18200.0
115502,96106.0,189886.0
115506,0.0,28360.0
115508,0.0,467837.0
115509,409630.0,24480.0
115512,22505.0,876960.0
115513,71882.0,2784851.0
115514,0.0,1243632.0
115515,0.0,1169951.0
115516,0.0,255598.0
115601,6892.0,212611.0
115603,5997.5,384620.0
115604,0.0,67196.0
115606,0.0,34440.0
115607,6464.0,878172.0
115608,0.0,279595.0
115701,0.0,15990.0
115702,0.0,224552.0
115703,0.0,307816.0
115704,0.0,47880.0
115705,0.0,107900.0
115801,12338.0,704837.0
115802,0.0,36597.0
115804,84945.0,228385.0
115806,55804.0,77945.0
115807,191406.0,1880.0
115808,0.0,31060.0
115810,9093.0,1622665.0
115901,0.0,12930.0
115902,0.0,8443.0
115903,34784.05,1997809.0
115904,0.0,598325.0
115906,2836.0,3143.0
115907,3000.0,3000.0
115909,0.0,3828.0
115911,0.0,5641.0
116001,1763.0,99215.0
116002,282522.0,999848.0
116102,4977.0,0.0
116103,39041.0,10267636.0
116104,128212.0,1744510.0
116105,13043.0,147308.0
116106,17600.0,11985.0
116107,31870.0,244698.0
116108,66053.0,266387.0
116109,140755.0,2039032.0
116110,462237.0,60030.0
116111,13038.0,68919.0
116112,6722.0,807071.0
116113,0.0,59009.0
116114,18100.0,30237.0
116115,5700.0,289649.0
116116,8541.0,232379.0
116117,25441.0,71649.0
116201,168230.0,202482.0
116202,62346.0,47635.0
116203,156590.0,2828172.0
116204,390623.0,1235663.0
116205,78565.0,1393418.0
116206,50863.0,271230.0
116207,22899.0,89200.0
116208,0.0,73519.0
116209,24881.0,378506.0
116210,202230.0,83357.0
116211,78349.0,4773560.0
116212,0.0,299936.0
116213,0.0,1350.0
116214,4581.0,128033.0
116215,0.0,167786.0
116216,0.0,44011.0
116217,13183.0,111107.0
116301,125359.0,3940868.0
116302,32181.0,956408.0
116303,4528.0,697239.0
116304,77945.0,1538287.0
116305,60298.5,3892680.0
116306,66956.0,177069.0
116307,99687.0,99651.0
116309,25932.55,810888.0
116310,2930.75,0.0
126401,0.0,61861.0
126402,165678.0,8036477.0
126403,143277.0,5628517.0
126404,78124.0,1133174.0
126405,3893.0,54581.0
126406,163692.0,783404.0
126505,15691.0,290709.0
126506,98484.0,86967.0
126507,0.0,2617.0
126601,263900.0,1181286.0
126602,0.0,51943.0
126701,2932.0,0.0
126702,19800.0,319705.0
126703,0.0,9411.0
126704,6925.0,342520.0
136802,80194.42,792542.0
136803,11536.14,32793.0
136804,0.0,186726.0
136805,43960.0,6053.0
136807,0.0,288354.0
136808,0.0,29267.0
136809,22193.33,78096.0
136810,15934.35,186590.0
136811,0.0,2130.0
136813,0.0,119731.0
136815,23438.83,82606.0
136901,0.0,68730.0
136902,0.0,487198.0
136903,1578.0,0.0
136904,0.0,95709.0
136905,0.0,67829.0
136907,9942.95,4472547.0
136908,62523.14,4437455.0
136909,14798.53,11001.0
136910,3371.59,1132158.0
136911,2947.0,840347.0
136912,1113.0,12280.0
136913,83147.7,130895.0
136914,40802.04,1500.0
137001,0.0,25135.0
137002,0.0,2825.0
137003,0.0,57156.0
137004,0.0,321832.0
137005,0.0,848299.0
137006,0.0,65027.0
137007,33059.0,263787.0
137009,20215.83,305405.0
137010,6441378.46,477045.0
137013,4529.45,3427634.0
137016,0.0,132162.0
137017,0.0,63466.0
137018,0.0,133425.0
137019,1460.66,239555.0
137020,5693.0,327479.0
147101,25351.0,3960.0
147102,8855.0,0.0
147103,4234.0,0.0
147104,11246.0,0.0
147108,8734300.0,25106.0
147110,2454229.0,0.0
147112,10614354.0,0.0
147113,165410.0,1376169.0
147115,3921.0,0.0
147116,5666.0,0.0
147117,111666.0,1306705.0
147118,11520.0,0.0
157202,306023.52,0.0
157204,59658982.15,127984.0
157208,286653.48,3445079.0
157209,0.0,373791.0
157210,547626.97,2695246.0
157211,0.0,95350.0
157212,0.0,102228.0
157213,0.0,6188419.0
157214,5746.98,1575334.0
157215,0.0,1153484.0
157216,0.0,2130461.0
157217,24302.67,1172792.0
157220,0.0,15378.0
157223,0.0,5875.0
157227,0.0,2686363.0
157228,0.0,549558.0
157301,0.0,96178.0
157303,0.0,3649855.0
157304,1845979.21,28210340.0
157305,0.0,272779.0
157306,0.0,3712674.0
157307,0.0,590208.0
157308,1405770.92,8500239.0
157309,2062.0,2343.0
157310,14396.0,6888.0
157311,34111.43,999498.0
157312,9863.98,639390.0
157313,0.0,57582.0
157314,18166.65,512034.0
157315,5735.0,233678.0
157316,0.0,46291.0
157317,9648.9,1795856.0
157318,66519.32,739325.0
157319,0.0,69103.0
157320,22771.0,6031.0
157321,25931.87,1503794.0
157322,44651.52,0.0
157323,25474.82,3821732.0
157324,17442.0,505919.0
157325,9114.63,480711.0
157326,400238.77,2522551.0
157404,5534506.64,0.0
157411,0.0,78642.0
157412,0.0,152769.0
157415,0.0,1468.0
157419,7493.0,4534.0
157601,158206010.91,21421.0
157602,2462836.91,0.0
157604,8098.78,924315.0
157605,6745.41,552312.0
157606,273174.0,2037839.0
157607,0.0,180615.0
157610,0.0,663385.0
157611,0.0,1200.0
157612,0.0,99031.0
157614,0.0,37470.0
157615,0.0,464596.0
157616,31487.0,130121.0
157801,2475840.53,0.0
157802,853203.42,0.0
157806,2239.0,5338.0
157901,59415.94,0.0
157902,16333.87,0.0
157907,0.0,13130.0
158007,15578.0,5684.0
158104,1226.6,0.0
158201,21138.0,1372190.0
158202,4209.0,156358.0
158203,0.0,197657.0
158204,1985.0,7993.0
158205,74097.62,3301263.0
158206,7459.0,135699.0
158207,229383.0,3446169.0
158208,38445.0,0.0
158210,7680.0,164404.0
158211,19068.0,137970.0
158212,0.0,23902.0
158213,0.0,63793.0
158214,1961.0,88985.0
158215,4385.0,429036.0
158301,3292.0,3698592.0
158302,139490.94,2291367.0
158303,0.0,132486.0
158304,18000.0,19723.0
158305,0.0,12396.0
158306,66745.0,236219.0
158308,5976.0,84754.0
158309,0.0,53910.0
158310,101468.0,8295.0
158311,0.0,375399.0
168401,0.0,36628.0
168402,0.0,11670.0
168404,0.0,119587.0
168405,0.0,6000.0
168406,4420.0,33928.0
168407,0.0,1643140.0
168408,5894.0,1274395.0
168409,461987.0,10982824.0
168411,92274.0,329540.0
168412,80621.0,1110809.0
168413,412799.0,10380232.0
168414,260124.0,9626115.0
168415,374482.0,5250130.0
168416,0.0,3300.0
168417,0.0,141431.0
168418,1598.0,3690839.0
168419,2915.0,503769.0
168421,101267.0,9432837.0
168422,1473.0,4022747.0
168423,6827.0,183076.0
168424,38300.0,494723.0
168425,54146.0,1579109.0
168426,0.0,209330.0
168427,0.0,309207.0
168428,298660.0,300362.0
168429,217065.0,20708681.0
168430,13261.0,4619961.0
168431,1560805.0,87874534.0
168432,40093.0,59984.0
168433,0.0,24549.0
168434,0.0,1000.0
168435,0.0,50012.0
168436,75147.0,37903.0
168437,9905.0,2947595.0
168438,18438.0,2113658.0
168440,0.0,6236.0
168441,26895.0,299015.0
168442,0.0,37298.0
168443,654928.0,1450629.0
168448,32854.0,710622.0
168449,161112.0,0.0
168450,0.0,250415.0
168451,13261.0,314321.0
168452,0.0,342011.0
168453,2025.0,64704.0
168455,0.0,391424.0
168459,10800.0,47200.0
168460,0.0,13399.0
168462,31500.0,50202.0
168463,0.0,56076.0
168464,0.0,7655.0
168465,0.0,24739.0
168466,9314.0,244703.0
168467,2321.0,55288.0
168468,0.0,286305.0
168470,2591341.0,353794.0
168471,2283036.0,25426388.0
168472,0.0,256189.0
168473,880391.0,11357524.0
168474,0.0,2588615.0
168475,1232.0,8007.0
168477,10887.0,3114151.0
168479,174111.0,13425163.0
168480,58991.0,1578711.0
168481,661704.0,3434400.0
168482,141544.0,151681.0
168483,16177.0,737923.0
168484,10871.0,28742.0
168485,8697.0,268439.0
168501,73540.0,2085767.0
168502,18910.0,4170247.0
168503,178361.0,1024559.0
168504,460688.0,12093584.0
168505,27165.0,103072.0
168506,12285.0,7157908.0
168507,37523.0,4828919.0
168508,78313.0,74517.0
168509,83234.0,845040.0
168510,0.0,16807.0
168511,135629.0,191649.0
168512,28189.0,53235.0
168513,1327.0,1227447.0
168514,2760.0,173595.0
168515,17157.0,36465.0
168516,825972.0,1566416.0
168517,2562766.0,44885320.0
168518,72639.0,927745.0
168519,304866.0,190368.0
168521,47645.0,426342.0
168522,44561.0,34039.0
168523,44729.0,43709.0
168524,5894.0,1089578.0
168525,828212.0,17077751.0
168526,4000.0,40258.0
168527,65619.0,629145.0
168528,1226288.0,9419040.0
168529,1069020.0,2508917.0
168530,0.0,6145.0
168531,177243.0,888078.0
168532,7218.0,11000.0
168533,1473.0,3418.0
168534,284250.0,126614.0
168535,0.0,16837.0
168536,609067.0,15192750.0
168537,36193.0,268883.0
168538,10660.0,87182.0
168539,17882.0,1532978.0
168540,23583.0,1302.0
168541,286307.0,302759.0
168542,1005021.0,7408802.0
168543,243142.0,2934832.0
168544,357572.0,18469184.0
168545,0.0,18210.0
168546,0.0,29687.0
168547,0.0,11287.0
168548,0.0,259085.0
178607,0.0,3542892.0
178608,0.0,335434.0
178609,28099.66,324657.0
178701,0.0,4065794.0
178702,0.0,6942326.0
178703,434299.0,77155770.0
178704,0.0,12148132.0
178705,0.0,7384797.0
178706,0.0,27814.0
178707,0.0,10249.0
178708,274458.99,33919996.0
178709,2947.0,402604.0
178711,86223.0,32032813.0
178712,247882.0,592293.0
178713,2870.0,30635.0
178714,0.0,631033.0
178715,0.0,239667.0
178716,36634.58,2741440.0
178802,0.0,236493.0
178803,59049.0,1842222.0
178903,7367.0,167038.0
178907,5894.0,1719579.0
189001,45436.0,64873.0
189002,104777.0,6500.0
189003,44205.0,16514.0
189004,104168.0,169376.0
189006,1931.0,15829.0
189008,0.0,6596.0
189010,0.0,11306.0
189011,3687.0,34329.0
189013,295770.0,95447.0
189014,0.0,20136.0
189015,243424.0,4518680.0
189016,0.0,8374.0
189017,1030.0,389377.0
189018,69457.0,2569523.0
189019,42182.0,38133.0
189020,10527.0,663382.0
189021,227399.0,3000.0
189022,45055.0,757256.0
189024,12719.0,72571.0
189025,9259.0,119662.0
189026,35888.0,75635.0
189027,36064.0,2028194.0
189028,0.0,274376.0
189029,0.0,5262.0
189030,54534.0,654132.0
189031,102003.0,1778109.0
189032,36807.0,874730.0
189102,34450.0,4144.0
189105,37989.0,14517.0
189106,0.0,5374.0
189107,1859.0,2614.0
189111,1714.0,0.0
189113,2000.0,0.0
189205,2000.0,0.0
189206,82869.0,0.0
189208,19041.0,0.0
189209,140934.0,0.0
199301,221506.0,0.0
209401,658435.01,2779878.0
209402,1345.0,66016.0
209403,689512.16,11571410.0
209404,96245.0,385977.0
209405,596732.0,5016762.0
209406,50559.9,868331.0
209503,503116.0,1557350.0
209504,51593.0,341416.0
209505,222828.0,341757.0
209506,215381.29,793756.0
209507,3133.0,6654.0
209508,1034.0,0.0
209601,3443.0,0.0
209603,62526.0,1716773.0
209605,0.0,1795.0
209606,5031.0,57165.0
209607,2351.0,176682.0
209608,36121.0,452546.0
209609,50673.0,207829.0
209610,6866.05,48206.0
209611,0.0,4647.0
209612,2173.0,33569.0
209613,0.0,28582.0
209615,4216.0,105910.0
209616,0.0,62114.0
209617,0.0,865220.0
209618,11617.0,20095.0
219701,36924.0,79235.0
219703,115845.0,129491.0
219705,307907.0,85557.0
219706,306173.0,0.0
