010106,1041932.18,140255.0
010201,10300.0,0.0
010202,208037.43,0.0
010204,10322.0,46529.0
010206,18323.98,5542.0
010207,41964.22,59812.0
010210,0.0,77765.33
010301,156269.17,13179.14
010302,4505162.05,230771.56
010303,15297870.49,158431.09
010304,11227187.69,167089.38
010305,5558539.68,38051.08
010306,38841440.55,514547.96
010307,68882.0,1171.37
010401,48595.58,555459.41
010402,75733.81,6155225.63
010403,0.0,24938.95
010404,0.0,810487.0
010405,15296.0,57308.05
010406,17768.71,1021445.33
010407,39346.0,4977059.92
010409,2681.96,0.0
010504,0.0,35174.0
010505,31368.0,1327.01
010506,18883.71,0.0
010508,2322.94,0.0
010511,52502.33,13784.22
020604,2582.0,0.0
020701,0.0,1376047.38
020702,98894.0,5981.85
020703,173045.0,1552727.89
020704,925615.32,77067.67
020705,891837.0,10071.08
020706,0.0,8655.0
020707,16943.29,242635.53
020708,118569.46,223830.95
020709,406499.66,609587.42
020710,21343.25,449994.88
020711,1145.0,0.0
020712,3107.0,0.0
020713,67403.82,2874767.38
020714,169149.02,405162.84
020801,79756.11,424719.59
020802,0.0,15283.72
020803,212086.41,25309.44
020804,303552.68,89282.26
020805,72615.45,39201.41
020806,0.0,61249.5
020807,158216.43,2232.7
020808,0.0,139320.93
020809,2465.0,0.0
020810,73685.47,208396.34
020811,2794.98,0.0
020812,29620.09,19216.91
020813,8951.93,51946.36
020901,42367.16,29112.79
020902,12052.93,188343.03
020904,155068.26,638206.74
020906,9312.94,0.0
020907,6389.0,1934.0
020908,11429.0,9451.22
020910,533988.62,312030.88
021001,0.0,13938885.66
021003,0.0,8440.21
021005,79798.3,1695330.12
021006,95290281.41,2506456.57
021008,0.0,24554.33
021101,189579.46,9575.45
021102,28223.29,52473.96
021103,47334.76,174096.99
021104,0.0,109131.01
021105,1002.0,0.0
021106,1726.0,20839.95
021107,81867.88,315410.68
021108,0.0,55598.58
021201,1308.0,530182.12
021202,1663.0,557567.59
021203,664383.9,0.0
021206,0.0,3113.27
021207,7004.0,5193.35
021208,30250.95,0.0
021209,21931.0,1163990.46
021210,0.0,21176.0
021211,3298.0,4552.38
021212,3905.05,1337.0
021301,0.0,93164.26
021302,0.0,54796.11
031501,0.0,4878.0
031504,0.0,179215.0
031507,111211.33,5582207.06
031508,16657.77,0.0
031509,1406.0,4625.03
031510,0.0,7613.71
031511,0.0,576460.86
031512,9134.0,377459.0
031513,1814731.24,0.0
031515,0.0,186885.65
031516,0.0,56588.9
031517,648977.2,1491741.55
031519,0.0,18227.72
031520,4804.0,7858.06
031521,0.0,1562.0
041601,0.0,449301.2
041602,3293.0,632659.79
041603,2420.0,0.0
041604,9285.0,1563148.86
041605,145653.67,3250.1
041701,161705136.21,6755847.59
041702,0.0,4795.48
041703,5133189.91,0.0
041704,308500.23,1769805.8
041805,1926.59,5494.13
041806,0.0,617024.35
041901,1398.78,1121265.85
041902,1463490.63,600584.97
041903,11634.0,0.0
041904,10393.97,2782458.06
041905,12749.69,2237752.11
042001,1625.0,0.0
042004,0.0,307802.87
042005,130105.72,1417798.55
042006,1717518.0,12521.55
042007,36698.51,142684.44
042008,3427872.26,801119.18
042009,129925.63,2315796.43
042101,24431.32,1863979.53
042102,43287.18,346170.21
042103,552747.77,2328145.6
042104,74928.98,1438758.17
042105,1035.0,197186.62
042106,242630.01,5483635.14
042201,47539.75,100872.72
042202,321221.35,9186746.86
042203,113503.75,2858489.37
042204,65599.71,175944.84
042205,1009.0,72617.49
042206,330902.58,43994.17
042207,758103.69,175254.0
042208,20098955.61,4690424.95
042209,50614.93,0.0
042302,263126.42,0.0
042306,8043.58,0.0
042309,31163.61,210425.11
042401,522284.0,122416.27
042402,24900.04,5082978.42
042403,103019.0,0.0
052501,0.0,70978.38
052505,1588792.83,0.0
052506,2086.35,1254.54
052507,33688.53,1631.05
052508,149921.79,67969.89
052509,0.0,7080.0
052510,2703.96,0.0
052517,297150.28,465045.48
052518,0.0,8476.04
052521,0.0,31566.4
052522,0.0,187127.72
052523,0.0,10249612.51
052524,0.0,27337.78
052526,0.0,2789.0
052530,0.0,8873.84
052606,118956076.36,0.0
052615,0.0,2538.0
052621,0.0,1101.19
052701,1965.0,0.0
052703,1584.0,0.0
052704,0.0,16566.67
052705,1405.0,0.0
052710,148829.84,196884396.03
052711,0.0,32962.54
052712,0.0,349421.03
052713,0.0,349374.38
052714,0.0,52823.0
062801,20114.64,0.0
062805,0.0,579153.0
062806,0.0,1190.58
062807,0.0,5218.72
062808,0.0,1186.24
062809,1328.0,0.0
062811,0.0,2573.99
062815,18904.82,118995.82
062818,1443978.87,0.0
062819,0.0,2459.61
062821,0.0,123647.66
062822,0.0,56794.0
062823,0.0,2045.3
062824,0.0,6640.13
062827,0.0,55516.33
062828,0.0,9741.12
062831,0.0,4265.31
062832,0.0,45921.33
062833,0.0,44675.73
062834,0.0,2647.79
062835,0.0,346812.62
062836,0.0,33201.62
062839,0.0,2132.32
062842,0.0,2192.37
062849,0.0,189526.43
062850,0.0,11233.0
062851,0.0,68901.17
062901,0.0,6647.89
062902,10893.0,3507.76
062903,0.0,1097.74
062904,0.0,15353.0
062905,9811.0,150740.47
062906,0.0,25414.0
062908,0.0,9407.11
062910,0.0,2741.95
062915,9305.0,43770.64
062916,0.0,32518.0
062917,0.0,79479.66
062918,0.0,70192.05
062922,4197.0,429627.78
062924,0.0,160836.0
062929,0.0,1818.41
062931,0.0,20913.0
062933,0.0,199582.0
062936,72581.34,122965.5
062937,0.0,6349.0
062939,0.0,48250.85
062941,0.0,9648.0
062942,0.0,129971.48
063001,0.0,1707.73
063002,8323.0,140421.15
063003,836844.8,3355028.1
063004,1369413.22,4967298.89
063005,3750.56,1707790.99
063006,35870.34,216779.35
063102,308304.54,5435125.63
063103,0.0,3468003.61
063104,0.0,853139.11
063105,0.0,334165.86
063201,2257.0,0.0
063204,0.0,29190.0
063206,0.0,56363.68
063207,0.0,9000.0
063208,57558.23,596597.15
063209,1004.0,120549.64
063210,188029.16,806047.78
063212,0.0,217779.72
063214,23650.99,358308.18
063215,0.0,20739.65
063301,11721.82,117942.23
063302,37655.1,2852842.1
063303,319361.08,297906.42
063304,30783.24,158207.58
063305,5219.57,1510475.01
063306,13435.0,855108.87
063307,28960.59,1986596.03
063401,601711.48,1797712.24
063402,174854.49,6734898.15
063403,36038.0,4984.32
063404,0.0,8201.56
063405,0.0,49871.38
063406,0.0,20340.68
063501,1004.0,11264.0
063505,1129.0,22977.21
063506,4794.03,74285.63
063507,0.0,51264.81
063602,0.0,168284.41
063603,0.0,36390.47
063604,2487.0,160013.0
063605,0.0,5933.62
063701,0.0,44164.53
063702,0.0,9840.0
063704,0.0,3695.0
063705,0.0,6483.0
063707,0.0,11856.63
063801,0.0,11529.04
063802,31798.0,9029.44
063805,1200.0,17106.28
063808,79910.48,3735676.52
063810,12698.0,11201.42
063811,0.0,97473.97
063812,0.0,7417.91
063813,0.0,4525.62
063814,0.0,50216.29
063815,0.0,1068.0
063816,1348.0,531743.97
063818,0.0,2038.0
063819,0.0,96041.02
063820,0.0,2506.87
063821,0.0,2000.0
063822,0.0,70561.08
063823,5914854.66,152083.48
073901,18936.06,12000.0
073902,0.0,21411.49
073903,0.0,7025.0
073904,0.0,1694990.9
073905,0.0,5000.0
073906,0.0,100710.89
073907,0.0,882594.45
073909,164296.85,35216.05
073910,0.0,11951.07
073913,0.0,1314.0
073915,101793.22,0.0
073916,0.0,33443.6
073917,421698.39,1421658.68
073918,1967.0,345005.15
073919,23332.0,218801.2
073920,0.0,451312.16
073921,1453014.0,378885.27
073922,4968.0,189271.53
073923,37848.0,6933204.24
073924,17007.95,1337102.97
073925,33775.0,1907795.62
073926,14500.65,1688638.11
074005,32063.09,21550.74
074006,0.0,2549.0
074008,235515.0,89284.27
074009,17191.0,720918.83
074010,15788.0,660077.8
074011,24567.0,4843786.12
074012,0.0,665669.51
074013,10045.0,125444.89
074014,0.0,54864.51
074015,0.0,81555.03
074016,19914.0,928403.79
074017,2000.0,66547.64
084103,352626.0,0.0
084105,0.0,1312.0
084107,48708.0,0.0
084201,0.0,5206.0
084202,27214.55,1011590.07
084203,2289.0,76797.47
084205,0.0,29731.47
084206,0.0,3948.0
084301,0.0,102889.0
084303,2839.0,0.0
094402,191184.78,0.0
094403,19989429.99,7215.62
094404,12375432.44,7510.4
094406,180278.43,0.0
094407,32214873.62,100203.44
094408,153886.1,53435.73
094409,8514170.06,18421.4
094410,0.0,25361.52
094411,40982.0,219983.49
094412,17894304.96,145667.83
094413,315965.75,13686.52
094414,0.0,8351.66
094415,9312.79,5002.89
094417,1722.05,3250.32
094418,4555956.0,489114.58
094419,4197.57,6342.16
094420,33010.0,10708.09
094421,303578.58,68248.21
094503,0.0,4545.46
094504,0.0,2399.19
094601,4758.43,7560.5
094602,6921.35,0.0
104801,3581.0,595311.13
104802,252960.32,174890.24
104803,0.0,88702.12
104804,19776.41,281282.65
104805,1194.0,106838.78
104806,0.0,5056.63
104808,34250.17,11575.24
104809,0.0,2880.04
104810,5875.22,8800.53
104811,9216.47,236043.67
104812,0.0,36174.09
104813,106488.0,0.0
104816,0.0,259534.03
104817,2150.0,61312.76
104818,8794.0,2954337.36
104819,2636421.3,1752997.66
104820,4200.02,116283.0
104821,4171.0,1600869.62
104822,0.0,1041.7
104823,26297.14,811755.45
104901,314103.5,6159056.78
104902,0.0,1050.0
104903,0.0,26230.65
104904,0.0,3061.0
104905,0.0,4743.0
104907,39278033.0,1455290.03
104908,0.0,120271.0
104909,0.0,183327.86
104910,0.0,14955.47
104911,14410.57,290171.92
115112,0.0,4678.88
115201,1035.0,0.0
115202,0.0,1783.93
115206,0.0,1718.0
115207,0.0,95117.45
115208,57647.0,66441.0
115209,8235.0,5500.0
115210,0.0,15903.3
115211,0.0,6447.0
115212,0.0,1602.0
115303,0.0,1844.6
115305,5562.02,0.0
115401,0.0,2483.0
115402,0.0,36122.86
115407,0.0,148000.66
115408,1392.0,2284.0
115508,2280.0,27762.89
115509,0.0,231342.57
115512,0.0,4077.0
115513,0.0,227808.04
115514,0.0,54911.0
115515,9010.0,3910338.26
115516,0.0,349939.0
115601,0.0,28233.04
115602,0.0,69373.0
115603,0.0,99627.95
115604,0.0,11543.0
115607,1479.0,191859.29
115608,2712.0,532259.79
115609,0.0,2964.04
115701,0.0,25240.24
115702,0.0,147923.86
115703,2359.0,40915.65
115704,0.0,138816.41
115705,3593.0,113903.43
115801,0.0,115343.55
115803,0.0,72775.0
115804,0.0,14746.0
115806,0.0,7179.0
115807,0.0,69051.05
115808,0.0,14184.82
115810,0.0,17928.03
115901,0.0,5829.73
115903,0.0,45383.13
115906,0.0,1410.0
115908,0.0,21775.0
115909,0.0,28885.35
115910,0.0,14171.0
115911,0.0,69434.27
116001,0.0,143937.0
116002,0.0,107011.0
116103,2100408.0,92563.0
116104,612085.0,158425.0
116105,50237.0,44230.28
116106,1961.0,147994.0
116107,3993.0,33235.72
116108,265396.0,353951.0
116109,92530.76,535330.83
116110,1062730.0,36590.0
116111,0.0,11959.0
116112,1025.0,6768.0
116113,3783.0,23608.0
116114,1676438.0,4956.78
116115,0.0,82479.32
116117,0.0,61841.7
116201,0.0,48327.0
116202,1849.0,15680.0
116203,1501236.16,1013188.8
116204,763389.11,1123437.02
116205,75936.35,346858.5
116206,234761.0,359453.17
116207,0.0,303960.0
116208,109157.0,98402.0
116209,0.0,64040.12
116210,398721.0,65188.25
116211,3979.0,50920.0
116212,5111.93,772798.51
116213,1320.58,50550.22
116214,1442.12,11879.6
116215,0.0,10711.0
116216,0.0,10440.0
116217,0.0,24433.04
116301,0.0,8505.75
116302,1332.0,385744.46
116303,7023.0,239816.44
116304,10673.0,48997.34
116305,41290.0,1572510.32
116306,81111.67,226241.54
116307,0.0,115577.01
116308,1759.0,9043.0
116309,151563.76,1749882.07
116310,2164.0,2610.06
126401,1091.0,134913.42
126402,45295.45,1911051.93
126403,16819.36,907105.48
126404,21954.0,320636.11
126405,38480.52,1667798.61
126406,3963.0,114557.6
126504,0.0,28251.12
126505,9286.1,46011.44
126506,12895.0,356079.38
126601,0.0,127996.66
126602,0.0,15612.0
126603,0.0,2193.33
126702,1250.0,235414.97
126703,0.0,14608.0
126704,2051.0,312298.0
136802,0.0,36589.0
136804,6045.0,84522.16
136805,0.0,157181.97
136806,6011.0,495010.0
136807,0.0,90184.45
136808,2540.7,22507.87
136809,0.0,83837.33
136810,0.0,75459.8
136812,0.0,27137.94
136813,6096.0,189283.05
136815,0.0,76589.0
136901,0.0,2814.69
136902,0.0,130813.22
136903,7311.0,32862.33
136904,5819.24,15654.68
136907,14901.0,135483.67
136908,0.0,2137097.4
136910,1560.0,515308.32
136911,0.0,47929.3
136912,4955.0,67653.04
136913,6205.59,92239.8
136914,18005.73,23521.54
137002,0.0,5520.77
137003,0.0,21238.0
137004,0.0,29857.69
137005,0.0,338303.46
137006,0.0,141199.31
137007,0.0,86942.46
137009,0.0,102879.12
137010,27401.49,1406608.97
137011,0.0,12223.49
137013,7993.0,231317.61
137016,3307.0,16371.66
137017,0.0,72276.67
137018,0.0,2649.02
137019,0.0,29326.37
137020,0.0,31903.54
147102,43081065.96,130900.0
147104,0.0,2000.0
147106,0.0,4400.0
147108,148208520.53,2079349.0
147110,42563.0,18276.0
147112,564696.0,0.0
147113,38132.75,10532.0
147116,1000.0,0.0
147117,13410.0,34712.05
147118,0.0,784675.0
157201,0.0,1785.74
157204,2862344.85,28623.0
157205,0.0,3937.0
157207,12641.0,0.0
157208,424181.69,1755268.45
157209,0.0,324093.11
157210,9031.37,4705382.56
157211,0.0,56941.7
157212,5163.0,977564.51
157213,0.0,14843.19
157214,0.0,949233.28
157215,1658.0,126367.06
157216,7702.0,1087464.75
157217,0.0,596741.1
157219,1271.0,54038.5
157220,1972.0,70081.63
157221,0.0,2179.0
157222,0.0,286287.56
157226,79351.0,16360.44
157227,0.0,17680.75
157228,43147.0,1570486.25
157229,0.0,89896.7
157301,0.0,267661.62
157302,0.0,4515.25
157303,16750.0,165211.88
157304,10387.79,1865334.19
157305,0.0,74403.99
157306,100992.0,2260224.98
157307,50153.89,2023641.31
157308,173706.45,21333625.21
157309,116105.22,1329545.34
157310,17294.73,190225.05
157311,139761.0,38821.35
157312,27502.47,553681.01
157313,0.0,38226.95
157314,20090.0,776827.74
157315,37507.0,500512.16
157316,2500.0,11908.21
157317,21511.73,425330.05
157318,70387.95,1490991.04
157319,0.0,10746.62
157320,7702.0,200112.56
157321,3616.8,566654.93
157322,48815.0,185809.0
157323,7422.0,194230.58
157324,0.0,295761.16
157325,0.0,44269.0
157326,125203.65,352397.41
157403,129809.65,0.0
157404,645936.03,3585.0
157407,0.0,5964.89
157408,0.0,15711.0
157409,0.0,4679.43
157411,0.0,48483.36
157412,0.0,17106.73
157415,0.0,7570.0
157418,0.0,50468.0
157419,0.0,75636.95
157507,0.0,1230.0
157602,184314.67,0.0
157604,137837.0,1396553.09
157606,122804.56,458839.25
157607,0.0,114104.84
157609,0.0,8935.49
157610,216709.16,777342.91
157611,4930.0,26714.99
157612,0.0,120738.0
157615,62102.01,248743.01
157616,7687.0,95292.56
157801,0.0,57387.92
157802,36349.32,0.0
157804,0.0,41255.11
157905,4010.86,663464.35
157907,0.0,3360.0
158002,0.0,12803.27
158104,21986.0,0.0
158201,7027.0,595299.93
158202,7835.0,228025.68
158203,7453.0,246401.77
158204,2325.0,158168.63
158205,30484.64,482447.22
158206,20770.6,34935.79
158207,15787.0,403461.61
158208,3728.0,105174.5
158209,0.0,3974.0
158210,0.0,14723.38
158211,1772.0,51284.07
158212,0.0,40121.0
158213,0.0,14139.9
158214,3000.0,20891.52
158215,0.0,18594.16
158301,0.0,209902.01
158302,3183.0,796752.58
158303,0.0,58099.11
158304,29839.0,294020.59
158305,0.0,9741.78
158306,1245.0,52201.42
158307,0.0,1544.81
158308,0.0,27181.99
158309,4616.15,433390.09
158310,0.0,36029.23
158311,3698.0,156493.26
168401,0.0,9350.0
168402,0.0,258222.61
168403,0.0,122702.0
168404,0.0,81343.67
168405,1489.0,0.0
168406,33119.0,306142.38
168407,132362.0,1011906.79
168408,56997.81,2164356.94
168409,517917.09,5812779.36
168411,1217.0,21923.0
168412,27828.0,951491.08
168413,369414.89,7114426.28
168414,135404.34,1487552.42
168415,117596.29,1878805.72
168416,0.0,48551.0
168417,15914.0,153642.74
168418,10786.0,600125.73
168419,105150.0,1292665.42
168420,29839.0,143750.87
168421,16523.0,2789674.82
168422,173572.0,697647.55
168423,5344.0,267621.55
168424,7856.63,713657.32
168425,5045.66,118078.4
168426,543134.12,57259.0
168427,76735.0,1548064.03
168428,52182.0,2200597.16
168429,792539.0,5844729.73
168430,343430.0,54192.45
168431,1596249.56,5275031.16
168432,18328.0,385638.66
168433,0.0,878708.47
168436,0.0,212871.06
168437,1202.0,858077.15
168438,113207.06,10384348.63
168441,0.0,1800.21
168442,0.0,109307.0
168443,106607.48,2969828.46
168447,1374.0,9932.0
168448,0.0,76847.0
168450,10174.0,128734.26
168452,3572.0,167618.43
168454,0.0,104579.0
168455,3160446.0,74502.0
168456,2395.0,0.0
168457,0.0,234621.0
168458,0.0,104640.12
168459,495181.0,375789.0
168460,11587.0,20744.02
168461,0.0,19173.0
168462,1205.0,208206.14
168463,0.0,143814.0
168464,0.0,29380.64
168465,9881.0,3447114.57
168466,57645.0,265107.85
168467,38635.0,1266744.82
168468,43002.42,52106.56
168470,7996.0,111399.88
168471,1773831.72,6413844.26
168472,0.0,120456.52
168473,126241.53,3465768.27
168474,211776.95,2503121.68
168477,97269.0,204986.73
168479,138385.0,77408.84
168480,1591.0,96010.54
168481,16247.12,1999147.37
168482,39638.0,1566282.19
168483,117294.46,3698411.73
168484,22002.0,914818.45
168485,11062.85,177684.98
168501,174948.07,1788853.9
168502,847753.01,4830770.09
168503,19162.77,668653.44
168504,50830.0,3360779.44
168505,5016.0,117880.68
168506,107541.0,323722.42
168507,524568.17,2623548.54
168508,2642.0,100939.94
168509,1074.0,230903.79
168510,0.0,1796.6
168511,41336.62,511581.06
168512,2299.0,55486.2
168513,13635.0,139749.15
168514,51848.0,0.0
168515,28959.0,83166.82
168516,42276.54,719431.54
168517,1192653.69,23920132.67
168518,177711.0,1054020.26
168519,52114.46,453262.86
168521,27980.0,925623.01
168522,1481.0,0.0
168523,4335.0,82096.26
168524,38457.0,370117.86
168525,4956700.66,15611490.58
168527,14314.0,345641.76
168528,22747.5,1933121.78
168529,333106.43,1124724.06
168530,0.0,29198.0
168531,1253.0,234979.29
168532,4663.0,23455.0
168533,1373.0,3858.0
168534,83369.6,88245.44
168535,178833.58,197426.65
168536,168561.05,4155209.19
168537,0.0,2877644.35
168538,137200.0,104842.05
168539,8483.0,1345187.96
168540,0.0,2939.0
168541,33112.0,656987.01
168542,21073.0,776654.97
168543,0.0,5174.42
168544,25754.0,6541062.27
168545,0.0,4369.36
168546,0.0,41351.57
168547,0.0,27916.16
168548,1808.0,28026.0
178609,36977.67,708534.56
178701,44355.34,3607713.01
178702,0.0,50574.1
178703,410328.37,3918937.21
178704,89617.0,6422814.58
178705,469680.55,2496878.61
178706,0.0,27065.77
178707,1235.43,98329.77
178708,66906.15,3552955.99
178711,36608.52,1662942.44
178712,5993.0,1117823.11
178713,0.0,9469.12
178714,0.0,435619.26
178715,0.0,13135.65
178716,43769.63,449969.46
178802,750000.0,0.0
178803,216742.0,1125432.34
178805,1002.0,44267.0
178901,325000.0,0.0
178902,167189.21,14422.0
178903,0.0,533999.0
178904,0.0,1585488.0
178905,0.0,4933698.0
178907,30244.0,108705.47
189001,0.0,5031.0
189002,4955.0,3000.0
189003,0.0,12332.0
189004,2593.0,16458.78
189005,0.0,3000.0
189007,240013.0,45347.47
189008,2002.0,0.0
189009,8696.0,0.0
189010,0.0,21600.0
189011,0.0,18674.0
189012,0.0,2441.0
189013,0.0,1360.0
189014,0.0,5957.43
189015,151067.0,927552.45
189016,2855.0,13504.64
189017,1311.0,94061.16
189018,59839.0,1633815.93
189019,0.0,20586.0
189020,0.0,23542.66
189021,10509.0,35654.79
189022,0.0,75604.4
189023,0.0,296712.0
189024,5284.0,1722.0
189025,4120.0,133695.53
189026,54275.0,623760.77
189027,60102.0,539523.09
189028,0.0,296808.86
189029,0.0,20436.44
189030,118086.0,387418.29
189031,13937.0,127987.73
189032,11995.0,3160099.49
189033,0.0,17283.54
189101,0.0,14086.0
189102,71766.0,14296.0
189103,0.0,6282.67
189105,0.0,35158.68
189106,0.0,6464.0
189108,0.0,3122.61
189109,0.0,1504.0
189205,0.0,28041.0
189206,3000.0,23810.27
189207,0.0,31504.0
189208,0.0,10520.0
189209,0.0,8289.0
199303,0.0,196773.0
199305,0.0,137852.0
199306,0.0,174943.0
199307,0.0,11572.0
209401,1288695.24,1120124.61
209402,0.0,194206.66
209403,2555537.76,3322292.58
209404,16491.53,87964.75
209405,14783.0,896021.51
209406,108160.14,242390.56
209503,3408.0,423192.09
209504,0.0,114651.73
209505,26437.93,162594.41
209506,6621.0,160362.82
209507,0.0,4292.39
209603,8000.0,413676.43
209604,1137.0,7635.56
209606,0.0,49994.9
209607,0.0,17518.02
209608,18139.14,82715.03
209609,11162.0,68465.49
209610,3581.0,10006.0
209612,3306.0,73754.76
209613,0.0,4603.0
209615,0.0,29320.75
209616,0.0,14023.0
209617,0.0,37644.33
209618,0.0,7974.99
219701,6271.0,23284.42
219705,25211.74,13152.0
