010102,34662.14,0.0
010105,4570.0,0.0
010106,84372.0,4719.0
010202,0.0,8198.0
010203,0.0,334843.0
010204,0.0,52911.0
010206,0.0,678537.0
010207,0.0,5825158.0
010209,0.0,9852.0
010301,339973.0,1499.0
010302,1543.13,247856.0
010303,89171.88,16629.0
010304,4371.09,14784.0
010305,22663.58,162007.0
010306,34548.31,0.0
010401,0.0,86865.0
010402,0.0,9579539.0
010404,0.0,41199.0
010405,0.0,7165.0
010406,0.0,139063.0
010407,0.0,282125.0
010409,2257.59,7165.0
010504,0.0,185397.0
020603,2112.0,0.0
020604,20586.56,0.0
020701,0.0,7185.0
020702,0.0,7165.0
020703,0.0,59111.0
020708,1196.85,6804.0
020709,8684.39,38141.0
020710,3408.63,4961.0
020712,1116.22,17842.0
020713,0.0,1508708.0
020714,2304.81,0.0
020801,0.0,2707.0
020803,53914.4,0.0
020804,68182.03,1791.0
020805,22691.9,19339.0
020806,8592.03,8060.0
020807,0.0,4478.0
020808,0.0,6269.0
020809,0.0,3582.0
020810,11295.7,0.0
020901,12116496.27,13207.0
020902,0.0,100216.0
020904,0.0,8666.0
020907,1703.25,2203.0
020908,0.0,29386.0
020909,0.0,5759.0
020910,0.0,6528.0
021001,11681.47,1280709.0
021005,0.0,92839.0
021006,2857.73,876157.0
021008,11993.01,3625.0
021101,0.0,7257637.0
021102,3619.11,3542111.0
021103,0.0,11174.0
021104,0.0,9436.0
021106,1434.99,0.0
021108,0.0,1790.0
021201,0.0,2379.0
021202,0.0,2288.0
021207,0.0,1315.0
021208,0.0,2407.0
021209,209407.0,82733.0
021211,278402.44,0.0
021301,0.0,1259.0
021302,9589343.0,217046.0
021401,0.0,3672.0
021404,0.0,4865.0
031503,78372.24,0.0
031507,39173.13,992856.0
031508,0.0,1791.0
031509,0.0,7949.0
031511,114502.46,3445866.0
031512,0.0,6290.0
031513,96985.07,15440.0
031514,0.0,94860.0
031515,0.0,203866.0
031516,1661.42,1244497.0
031517,4639.25,1177142.0
031518,0.0,87129.0
031519,0.0,101790.0
031520,0.0,40368.0
041601,0.0,18074.0
041602,0.0,64702.0
041604,0.0,2822520.0
041701,13555.56,1513498.0
041702,1483.32,4600.0
041704,0.0,3515508.0
041801,1059669.3,0.0
041806,1099.0,820315.0
041901,2775.68,1794684.0
041902,0.0,31075.0
041904,0.0,11113.0
041905,0.0,346929.0
042001,0.0,5104.0
042002,11159.57,8941.0
042003,0.0,1700.0
042004,4640.3,10802.0
042005,0.0,57583.0
042007,0.0,10809.0
042008,0.0,28976.0
042009,0.0,67746.0
042101,0.0,14195.0
042102,0.0,941447.0
042103,0.0,66724.0
042104,0.0,2021783.0
042106,4612.0,296976.0
042201,0.0,27373.0
042202,0.0,71127.0
042203,8472.32,1024689.0
042204,0.0,30979.0
042206,0.0,7545.0
042207,0.0,12707.0
042208,0.0,548851.0
042301,12734.93,3100.0
042302,557517.67,27923.0
042309,0.0,137014.0
042401,9083264.9,3123585.0
042402,19912.0,2358836.0
052501,0.0,1343321.0
052502,0.0,50221.0
052504,0.0,9280.0
052505,0.0,2342.0
052506,1275.39,0.0
052515,0.0,14021.0
052520,0.0,28548.0
052522,0.0,7131.0
052523,360127.28,197095.0
052530,15393.57,98691.0
052602,1057457.7,0.0
052603,165491.2,0.0
052605,82579088.03,0.0
052609,2314259.98,0.0
052610,1106.92,0.0
052615,744955.44,65077.0
052616,75742.0,4301944.0
052617,31534.68,63764.0
052621,0.0,30441.0
052701,4820411.21,2001.0
052702,0.0,1088.0
052707,0.0,6197.0
052709,107135819.46,0.0
052710,601473.17,28847454.0
052711,48127.48,0.0
052712,0.0,140112.0
052713,2575.0,270381.0
052716,95836931.77,0.0
062804,0.0,12368.0
062806,0.0,2686.0
062807,0.0,13113.0
062808,0.0,1331.0
062810,0.0,2807.0
062811,0.0,9848.0
062814,0.0,6269.0
062815,0.0,360639.0
062818,0.0,4476.0
062823,0.0,11639.0
062825,2010.0,0.0
062827,0.0,2880.0
062828,0.0,340863.0
062833,0.0,19712.0
062836,2357.0,236716.0
062839,0.0,42112.0
062844,0.0,2687.0
062845,0.0,17500.0
062849,0.0,51000.0
062903,0.0,9848.0
062905,0.0,100875.0
062909,2758.15,0.0
062915,0.0,77850.0
062917,0.0,1790.0
062918,0.0,16115.0
062922,0.0,246249.0
062923,0.0,9057.0
062927,0.0,7500.0
062929,0.0,95800.0
062931,0.0,3115.0
062932,0.0,44505.0
062933,0.0,47447.0
062934,0.0,17011.0
062935,0.0,4476.0
062936,0.0,21108.0
062937,0.0,6574.0
062939,881232.0,27378.0
062940,0.0,1080.0
062941,0.0,48712.0
062942,0.0,65359.0
063001,0.0,11748.0
063002,0.0,1261998.0
063003,198226.0,241119.0
063004,360823.0,6937543.0
063005,0.0,86097.0
063006,0.0,372481.0
063101,0.0,4358.0
063102,0.0,9641131.0
063105,0.0,137032.0
063204,1705.0,8453.0
063206,1245.03,0.0
063207,14074.0,0.0
063208,0.0,275260.0
063209,10452.46,44938.0
063210,0.0,70280.0
063212,0.0,5372.0
063213,0.0,4694.0
063214,0.0,74357.0
063215,0.0,468107.0
063301,2659.0,0.0
063302,0.0,223673.0
063303,6474.0,5961.0
063304,3204.0,885881.0
063305,0.0,96142.0
063306,0.0,272306.0
063307,0.0,198029.0
063401,15832.22,2233242.0
063402,0.0,1071509.0
063403,0.0,17237.0
063404,0.0,31606.0
063405,0.0,200022.0
063406,15885.26,906412.0
063407,0.0,142357.0
063502,0.0,9804.0
063505,0.0,29750.0
063506,0.0,62217.0
063507,324867.73,48796.0
063601,0.0,105704.0
063605,0.0,92715.0
063606,0.0,6881.0
063701,0.0,10753.0
063705,0.0,15462.0
063707,0.0,27915.0
063802,0.0,38512.0
063804,0.0,1790.0
063808,10012.24,253217.0
063809,0.0,53722.0
063811,9886.7,368171.0
063812,10000.23,0.0
063814,0.0,54861.0
063815,0.0,14325.0
063816,0.0,259586.0
063819,0.0,22714.0
063820,0.0,2686.0
063822,0.0,74576.0
063823,0.0,225098.0
073901,0.0,11462746.0
073902,0.0,75586.0
073903,8485.9,23054.0
073904,0.0,7529.0
073905,0.0,38499.0
073906,0.0,33713.0
073907,0.0,146012.0
073908,21750.02,0.0
073909,0.0,3581.0
073911,0.0,230994.0
073912,0.0,8057.0
073914,0.0,16115.0
073916,0.0,1678.0
073917,6447.26,147573.0
073918,0.0,29589.0
073919,2262.41,129445.0
073920,0.0,95221.0
073921,0.0,12334.0
073922,0.0,610384.0
073923,39182.0,1456829.0
073924,0.0,889893.0
073925,0.0,23306.0
073926,35450.9,286412.0
074001,211104.02,0.0
074002,0.0,64463.0
074005,0.0,13429.0
074006,0.0,2987.0
074007,0.0,5159.0
074008,0.0,32985.0
074009,0.0,10759.0
074010,0.0,3808.0
074011,706523.45,602554.0
074012,9717.22,44651.0
074013,0.0,106779.0
074015,0.0,1833.0
074016,0.0,38014.0
074017,0.0,1790.0
084104,0.0,1560.0
084107,118505.0,27164.0
084111,0.0,11643.0
084202,1464.0,1042240.0
084203,0.0,6027.0
084301,0.0,20611.0
094401,3476.0,0.0
094403,8532549.77,0.0
094407,5721170.38,140068.0
094408,119593.28,31014.0
094409,1955036.97,0.0
094410,0.0,12244.0
094411,0.0,111549.0
094412,0.0,263409.0
094415,0.0,6470.0
094418,264340.33,89763.0
094419,0.0,2686.0
094420,62923.61,1439.0
094421,0.0,5599.0
104701,145492.18,0.0
104703,1438330.51,0.0
104802,0.0,508054.0
104803,0.0,5045.0
104804,0.0,141424.0
104805,0.0,71787.0
104808,0.0,14217.0
104809,0.0,75194.0
104810,0.0,227010.0
104811,0.0,167573.0
104812,0.0,14325.0
104813,8249.68,0.0
104816,0.0,1800.0
104817,7449.0,72742.0
104818,39584.46,69491.0
104819,0.0,157620.0
104820,0.0,1484639.0
104821,15668.14,41834.0
104822,0.0,4629.0
104823,0.0,432998.0
104901,38089.82,1853553.0
104902,0.0,340318.0
104905,0.0,9622.0
104907,0.0,6971925.0
104909,0.0,20662.0
104910,0.0,2290.0
104911,10929.0,74199.0
115112,0.0,1745.0
115201,328845.13,1336620.0
115204,0.0,70740.0
115205,0.0,188266.0
115207,0.0,14000.0
115208,4105.0,6361025.0
115209,0.0,4724.0
115210,0.0,21216.0
115212,1158.0,0.0
115303,0.0,41425.0
115311,0.0,25304.0
115401,0.0,25413.0
115402,0.0,167672.0
115404,0.0,321424.0
115407,0.0,371277.0
115502,0.0,488998.0
115503,0.0,73669.0
115508,0.0,145348.0
115511,0.0,435836.0
115512,0.0,34196.0
115513,0.0,328672.0
115514,0.0,39904.0
115515,0.0,580226.0
115516,0.0,178897.0
115601,1057.0,28992.0
115603,0.0,19740.0
115607,0.0,164612.0
115608,0.0,284628.0
115609,0.0,4770.0
115801,0.0,20977.0
115804,0.0,14840.0
115901,0.0,5372.0
115903,0.0,75294.0
115904,0.0,47313.0
115907,0.0,15786.0
115910,0.0,10743.0
115911,0.0,34203.0
116002,0.0,21204.0
116103,0.0,163908.0
116104,5116.0,202722.0
116105,0.0,163494.0
116106,0.0,416625.0
116107,0.0,182061.0
116108,0.0,289891.0
116109,1188.0,621065.0
116110,0.0,425931.0
116111,0.0,61226.0
116112,0.0,462051.0
116113,0.0,1705.0
116114,0.0,47038.0
116115,0.0,78189.0
116116,0.0,4545.0
116117,2047.0,391572.0
116201,2889.0,2447.0
116203,0.0,2649601.0
116204,0.0,196717.0
116205,2104.0,467429.0
116206,0.0,198780.0
116207,9163.0,38839.0
116208,0.0,14799.0
116209,0.0,563475.0
116210,0.0,12367.0
116211,1981.0,449043.0
116212,0.0,597732.0
116213,0.0,119338.0
116214,0.0,131469.0
116217,0.0,134474.0
116301,0.0,1942866.0
116302,0.0,790848.0
116303,0.0,26305.0
116304,2520.0,9556.0
116305,0.0,27614.0
116306,0.0,86889.0
116307,0.0,4102.0
116309,32147.35,2286322.0
116310,0.0,85330.0
126401,11895.0,87017.0
126402,0.0,5625733.0
126403,0.0,257737.0
126404,0.0,122429.0
126405,3000.0,907770.0
126406,0.0,13251.0
126505,0.0,45248.0
126506,0.0,3398.0
126601,0.0,390629.0
126702,0.0,3633.0
126703,0.0,59106.0
126704,0.0,145479.0
136805,0.0,2961.0
136806,0.0,24173.0
136807,0.0,1595.0
136811,0.0,5722.0
136812,0.0,4892.0
136813,0.0,8282.0
136815,8693.06,8118.0
136902,0.0,52824.0
136904,0.0,82056.0
136905,0.0,3235.0
136907,0.0,143252.0
136908,0.0,266702.0
136910,4179.88,96235.0
136911,0.0,23131.0
136912,0.0,14761.0
136913,7453.46,1529.0
136914,0.0,1166.0
137001,0.0,11501.0
137003,0.0,2969.0
137004,0.0,5183.0
137005,0.0,44504.0
137006,0.0,1400.0
137007,0.0,16203.0
137009,0.0,79273.0
137010,11096.76,827566.0
137011,0.0,20665.0
137013,7112.0,159543.0
137016,0.0,1873.0
137018,0.0,3336.0
137019,2947.84,839108.0
137020,0.0,14436.0
147102,99881161.46,2911624.0
147103,205587.65,27096.0
147104,2013.0,0.0
147105,204000.0,0.0
147108,8095044.0,892234.0
147110,0.0,646426.0
147112,0.0,196059.0
147113,0.0,20434.0
147116,39782.0,0.0
147117,31701.0,57526.0
147118,1791.0,0.0
157202,0.0,1411.0
157204,0.0,6917.0
157207,0.0,7669.0
157208,0.0,153249.0
157209,1528.73,228107.0
157210,0.0,3767604.0
157211,0.0,20375.0
157212,0.0,25364.0
157213,0.0,140034.0
157214,5850.92,811786.0
157215,0.0,3497.0
157216,0.0,739952.0
157217,6618.19,18923.0
157219,0.0,3052.0
157220,0.0,35572.0
157222,3278.15,0.0
157227,0.0,4377.0
157228,0.0,113415.0
157229,0.0,8574.0
157301,0.0,54055.0
157302,0.0,2759.0
157303,0.0,41906.0
157304,1413.11,152993.0
157305,26409.68,195570.0
157306,1021.73,384440.0
157307,0.0,27009.0
157308,0.0,75442.0
157309,0.0,53807.0
157310,0.0,181160.0
157313,29259.41,42925.0
157314,0.0,85775.0
157315,0.0,10148.0
157317,0.0,401495.0
157318,1786.0,37550.0
157319,0.0,5500.0
157320,0.0,54748.0
157321,0.0,4476.0
157323,0.0,755867.0
157324,0.0,2509.0
157325,0.0,7162.0
157326,9086.86,151952.0
157402,28261.43,0.0
157403,16379720.97,1579.0
157404,109433.6,0.0
157407,0.0,6266.0
157408,80316.0,0.0
157415,0.0,5173.0
157419,0.0,2691.0
157502,0.0,3581.0
157508,0.0,63590.0
157602,5825.0,0.0
157605,0.0,3647.0
157606,0.0,116227.0
157607,0.0,276787.0
157611,0.0,1116.0
157612,0.0,91769.0
157615,0.0,610141.0
157616,0.0,102310.0
157901,60696.1,0.0
158103,132875.0,0.0
158105,33034379.0,58196.0
158201,0.0,282725.0
158202,0.0,14780.0
158203,0.0,4529.0
158204,0.0,9944.0
158205,0.0,65653.0
158206,0.0,97591.0
158207,13985.0,392422.0
158208,0.0,83689.0
158211,0.0,5881.0
158212,0.0,1418826.0
158213,0.0,8043.0
158214,0.0,4725.0
158215,0.0,49815.0
158301,0.0,164060.0
158302,0.0,19097.0
158305,0.0,20626.0
158306,0.0,6471.0
158308,0.0,1058.0
158309,0.0,71279.0
158310,0.0,2343.0
158311,0.0,115266.0
168402,0.0,2103.0
168404,0.0,3414.0
168406,4586.0,5372.0
168407,15981.0,264830.0
168408,0.0,57524.0
168409,0.0,107216.0
168410,0.0,427967.0
168411,1409.0,53039.0
168412,1335.0,22757.0
168413,4416.0,301365.0
168414,1256.0,378387.0
168415,1634.0,764978.0
168416,0.0,10740.0
168417,0.0,19473.0
168418,45621.0,594555.0
168419,0.0,76321.0
168421,7721.0,492280.0
168422,0.0,726117.0
168423,3134.0,37472.0
168424,17773.0,1582894.0
168425,0.0,134093.0
168427,0.0,81474.0
168428,0.0,154944.0
168429,1368.0,945162.0
168430,0.0,28314.0
168431,10796.0,589344.0
168432,6179.0,1791.0
168433,0.0,2744.0
168435,0.0,7022.0
168437,5386.0,1508.0
168438,6941.0,323400.0
168439,14487.0,2686.0
168441,0.0,1791.0
168442,0.0,43826.0
168443,96566.0,273442.0
168447,0.0,4476.0
168448,0.0,37603.0
168449,2000.0,0.0
168450,0.0,1609.0
168451,0.0,35813.0
168452,5150.0,44171.0
168454,2679.0,58196.0
168458,0.0,11643.0
168464,5900.0,0.0
168465,0.0,54015.0
168466,0.0,3194567.0
168467,0.0,196972.0
168468,0.0,74868.0
168470,0.0,54308.0
168471,61173.0,3661288.0
168472,0.0,16530.0
168473,105370.0,1569070.0
168474,1770.0,148358.0
168477,0.0,9848.0
168478,0.0,2095207.0
168479,110225.0,762757.0
168480,3101.0,18678.0
168481,0.0,59906.0
168482,1112.0,18270.0
168483,6000.0,412044.0
168484,0.0,13429.0
168485,0.0,381511.0
168501,5138.0,93771.0
168502,0.0,131838.0
168503,3198.0,32672.0
168504,57698.7,336124.0
168505,0.0,11515.0
168506,0.0,777050.0
168507,2422.0,287725.0
168508,0.0,1550.0
168509,0.0,8717.0
168511,0.0,44651.0
168512,0.0,21590.0
168513,0.0,127476.0
168514,0.0,17150.0
168515,0.0,9616.0
168516,51464.0,418863.0
168517,87831.0,2581986.0
168518,0.0,4332.0
168519,0.0,386840.0
168520,1372.0,18808.0
168521,13434.0,188724.0
168523,0.0,102818.0
168524,24173.0,60717.0
168525,134436.0,4921785.0
168526,0.0,10216.0
168527,0.0,585582.0
168528,33227.0,1360505.0
168529,0.0,552364.0
168531,0.0,6161.0
168532,6502.0,18143.0
168533,4193.0,0.0
168534,28204.0,20650.0
168535,0.0,132194.0
168536,11141.0,290291.0
168537,4656.0,26191.0
168538,10511.0,13555.0
168539,0.0,243047.0
168541,59392.0,145837.0
168542,59046.0,124579.0
168543,3495.0,43305.0
168544,63441.0,3068230.0
168548,0.0,14509.0
178607,0.0,11639.0
178608,8059.0,0.0
178701,4697.0,571029.0
178702,2423.0,919687.0
178703,117434.36,13791209.0
178704,89749.0,6295312.0
178705,13302.0,524984.0
178707,0.0,232785.0
178708,9481.0,7002649.0
178711,8202.0,799361.0
178712,0.0,42868.0
178713,0.0,5411.0
178714,0.0,22993.0
178715,0.0,4194.0
178716,2348.0,1327519.0
178803,4191.0,97650.0
178804,0.0,39000.0
178903,0.0,11331.0
189004,0.0,109402.0
189005,0.0,1224.0
189006,0.0,3990.0
189009,0.0,89979.0
189010,0.0,46557.0
189011,0.0,25252.0
189014,0.0,1313.0
189015,42636.0,299913.0
189017,0.0,23270.0
189018,4899.0,395977.0
189021,0.0,54299.0
189022,2876.0,190861.0
189023,12525.0,0.0
189024,28037.0,58196.0
189025,0.0,16935.0
189026,24182.0,14171.0
189027,98258.0,81092.0
189028,0.0,3570.0
189029,0.0,15674.0
189030,12983.0,65768.0
189031,0.0,92219.0
189032,10000.0,7696.0
189033,2489.0,19996.0
189102,0.0,398916.0
189103,0.0,24624.0
189105,0.0,59417.0
189209,0.0,2977.0
199302,0.0,30441.0
199304,0.0,2686.0
209401,1103.0,98214.0
209402,0.0,14635.0
209403,31590.87,567754.0
209404,0.0,1185663.0
209405,0.0,345439.0
209501,0.0,1896.0
209502,0.0,1084.0
209503,5597.0,8254.0
209504,0.0,36979.0
209505,1171.54,1157.0
209506,0.0,16009.0
209603,0.0,197524.0
209605,0.0,2550.0
209608,0.0,244233.0
209609,0.0,53207.0
209615,0.0,59668.0
209617,0.0,77178.0
219701,1794.0,0.0
219703,76184.0,0.0
219705,267353.0,0.0
219706,1866200.0,6748.0
