010101,0.0,422184.0
010102,0.0,7126553.0
010103,0.0,9121.0
010104,0.0,648018.0
010105,0.0,466878.0
010106,82646.0,83016.0
010201,0.0,209069.0
010202,0.0,650622.0
010203,0.0,2704505.0
010204,0.0,865761.0
010205,0.0,52038.0
010206,0.0,3882628.0
010207,0.0,28927595.0
010208,0.0,325893.0
010209,0.0,79923.0
010210,0.0,177792.0
010301,349512.0,27262.0
010302,1745.0,3724218.0
010303,18550.92,1672400.0
010304,0.0,387583.0
010305,378462.81,1697473.0
010306,0.0,311235.0
010307,129403.0,7065.0
010401,0.0,1182007.0
010402,233508.4,31965836.4
010403,0.0,656548.0
010404,0.0,181148.0
010405,0.0,4051285.0
010406,0.0,241270.0
010407,0.0,3628630.0
010408,0.0,57186.0
010409,0.0,54787.0
010501,0.0,25751.0
010502,0.0,3022.0
010504,0.0,4418774.0
010506,0.0,164690.0
010507,1000.0,0.0
010510,0.0,3994.0
010511,0.0,4091.0
020602,0.0,80356.0
020603,6600.0,87696.0
020604,41994.97,5769.0
020701,4226.8,390327.0
020702,0.0,61116.0
020703,0.0,3673783.0
020704,0.0,25499.0
020705,0.0,106818.0
020706,0.0,22978.0
020707,0.0,14189.0
020708,34024.44,245548.36
020709,471654.31,413116.64
020710,59563.37,160716.01
020711,0.0,3192.0
020712,0.0,187468.0
020713,2996.48,15133525.0
020714,17139.48,1828.0
020801,0.0,3489.0
020802,0.0,32821.0
020803,161469.0,0.0
020804,6492.52,9955.0
020805,2368.97,195542.0
020806,0.0,142644.0
020807,0.0,14035.0
020808,0.0,956104.0
020809,9670.41,17180.24
020810,56626.75,321971.99
020811,0.0,18419.0
020813,1363.1,10810.0
020814,0.0,94849.0
020901,16861407.4,4203108.64
020902,132756.91,341533.0
020904,0.0,31931.0
020905,0.0,2662.0
020906,0.0,1799.0
020907,0.0,5055.0
020908,0.0,343095.0
020909,0.0,4592.0
020910,11577.57,53457.0
021001,0.0,70365796.0
021004,0.0,3787.0
021005,190157.7,1227333.13
021006,0.0,11811976.0
021007,737895.94,9901.0
021008,0.0,57505.0
021101,258138.41,89516162.0
021102,4936.55,5876554.37
021103,0.0,10444066.0
021104,0.0,1698616.0
021105,0.0,105404.0
021106,5831.21,27161.0
021107,0.0,25818589.0
021108,3795.16,223192.0
021109,0.0,5992.0
021201,40477.52,71404.0
021202,44535.6,9756.0
021206,0.0,7437.0
021207,3862.35,2585773.0
021208,0.0,373255.0
021209,0.0,924373.0
021211,8463844.95,80304.0
021212,0.0,4536.0
021213,0.0,1533.0
021214,0.0,2364.0
021301,0.0,92825.0
021302,3962773.0,11600145.0
021404,0.0,2030.0
031502,0.0,59948.0
031503,0.0,43684.0
031504,0.0,2566.0
031505,0.0,217812.0
031507,0.0,2369887.0
031508,0.0,120390.0
031509,0.0,580182.0
031510,0.0,7467957.0
031511,3186987.89,19222106.64
031512,0.0,11208410.0
031513,0.0,22722.0
031515,0.0,619937.0
031516,7464.54,12844865.0
031517,0.0,5085313.0
031518,0.0,2816374.0
031519,0.0,1192345.0
031520,0.0,614376.0
041601,2793.54,3787885.0
041602,0.0,883415.0
041603,0.0,1733.0
041604,4430.0,7557763.0
041605,0.0,57821.0
041701,0.0,75088983.0
041702,4263.09,238266.0
041704,1093.0,9675103.0
041801,2486741.86,0.0
041802,10385.54,21214.54
041804,0.0,47253.0
041805,0.0,84065.0
041806,0.0,1438525.0
041901,1279461.23,36637141.23
041902,1328.19,596651.0
041904,0.0,3654716.0
041905,1841.0,2406605.0
042001,2086.12,119141.12
042002,2609.74,16006866.0
042003,0.0,478313.0
042004,57517.22,1428911.0
042005,77691.96,387309.0
042006,0.0,2918.0
042007,0.0,83599.0
042008,2132061.33,2305993.7
042009,3934.72,758746.0
042101,0.0,541236.0
042102,0.0,4533746.0
042103,100246.02,5734251.0
042104,1043.0,5006342.0
042105,0.0,345298.0
042106,1205.0,15164610.0
042201,6042.53,975883.0
042202,8420.3,11712633.0
042203,41439.14,6828870.13
042204,6062.51,1557501.0
042205,0.0,1330056.0
042206,0.0,328153.0
042207,0.0,685973.0
042208,2157.0,3055713.0
042209,0.0,54469.0
042301,0.0,20872.0
042302,2247398.83,10148.0
042304,0.0,842770.0
042306,0.0,173588.0
042308,0.0,20312.0
042309,0.0,681169.0
042401,3598467.75,2162723.91
042402,3181.0,4900281.0
042403,0.0,20643.0
052501,0.0,10933949.0
052502,0.0,1258.0
052503,0.0,5427633.0
052504,0.0,2970.0
052505,1540.0,109210.0
052506,38582.47,53317.47
052507,7394.65,2811.0
052508,24097.95,503476.8
052509,0.0,2196.0
052510,0.0,120687.0
052512,0.0,317820.0
052513,0.0,212170.0
052514,0.0,1385.0
052515,0.0,80993.0
052516,0.0,24029.0
052517,6947.01,22371.0
052518,15056.45,0.0
052519,9961.18,8486775.18
052520,0.0,268328.0
052521,0.0,1576359.0
052522,4131.89,33658400.0
052523,0.0,54901869.0
052525,0.0,30772.0
052526,0.0,17491.0
052530,22127.72,339953.0
052601,309233.74,18815.0
052603,851836887.26,0.0
052604,188407.0,0.0
052605,883329694.15,0.0
052609,8713515.91,0.0
052610,0.0,20068.0
052611,257915.4,0.0
052615,9126058.0,0.0
052617,2467.0,0.0
052618,0.0,31495.0
052620,0.0,46405.0
052621,0.0,557300.0
052701,0.0,439047.0
052702,0.0,4798.0
052703,0.0,38686.0
052704,849797.71,15372182.0
052705,0.0,36677.0
052707,0.0,34262.0
052708,39072.78,911213.0
052709,987555948.55,316600.0
052710,50640548.79,156628307.0
052711,30808071.75,95952.0
052712,0.0,3051584.0
052713,0.0,129180.0
052714,0.0,369254.0
052715,23889.93,752851.0
052716,1345233.0,1634385.0
062801,0.0,71739.0
062802,0.0,38475189.0
062803,0.0,18548.0
062804,0.0,1319978.0
062805,0.0,84868.0
062806,0.0,109007.0
062807,0.0,39666830.0
062808,0.0,105859.0
062809,0.0,634152.0
062810,0.0,10054.0
062811,0.0,44700.0
062812,0.0,178738.0
062813,0.0,44945.0
062814,0.0,120694.0
062815,0.0,3437515.0
062817,0.0,99655.0
062819,0.0,2523.0
062821,0.0,124412.0
062822,194256041.0,43365.0
062823,0.0,201520.0
062824,0.0,24257.0
062825,46827.0,10638.0
062826,0.0,5184.0
062827,2058.38,99187.0
062828,0.0,115769.0
062829,0.0,77982.0
062830,0.0,9920733.0
062831,0.0,258613.0
062832,0.0,16780133.0
062833,41735.04,485770.0
062834,0.0,48461.0
062835,0.0,39055.0
062836,1467551.04,339561.0
062837,108000.5,1868085.0
062839,0.0,54240.0
062840,0.0,58531.0
062841,0.0,7319.0
062842,0.0,3937.0
062843,0.0,1618.0
062844,157197.0,65677.0
062846,0.0,10659.0
062847,0.0,77343.0
062849,0.0,411307.0
062850,0.0,328741.0
062851,0.0,122245.0
062901,0.0,23936.0
062902,0.0,28554.0
062903,0.0,175283.0
062904,0.0,35515.0
062905,0.0,89001.0
062906,0.0,20402.0
062907,0.0,1396539.0
062909,0.0,138204.0
062910,0.0,107520.0
062911,0.0,201895.0
062912,4229.07,92937.0
062914,0.0,421597.0
062915,0.0,331973.0
062916,0.0,31856.0
062917,0.0,6027.0
062918,13420.15,242645.0
062920,0.0,4628.0
062921,0.0,21392.0
062922,0.0,498812.0
062923,0.0,62005.0
062924,0.0,1074723.0
062925,0.0,2471.0
062926,0.0,7292.0
062927,0.0,1471.0
062928,0.0,8992135.0
062929,0.0,3461047.0
062930,0.0,115964.0
062931,0.0,116171.0
062932,0.0,11800.0
062933,0.0,33081.0
062934,0.0,54195.0
062935,0.0,255781.0
062936,0.0,105990.0
062937,0.0,106965.0
062938,0.0,11287.0
062939,329652.0,235531.0
062941,0.0,377656.0
062942,133416.0,48209.0
063001,2783.0,0.0
063002,0.0,52010653.0
063003,0.0,442765.0
063004,122181.0,13268424.0
063005,1449.0,718245.0
063006,7389.0,654123.0
063101,0.0,16913.0
063102,18675.31,1955101.0
063103,0.0,229442.0
063104,0.0,1434508.0
063105,0.0,1723869.0
063201,0.0,7316.0
063202,0.0,13132.0
063204,1515.0,530666.0
063205,0.0,71598.0
063206,0.0,655102.0
063207,0.0,53667.0
063208,0.0,565870.0
063209,6609.0,628834.0
063210,0.0,1155564.0
063211,0.0,2088.0
063212,0.0,376904.0
063213,0.0,43588.0
063214,0.0,1280007.0
063215,0.0,466365.0
063301,5566.0,185083.0
063302,0.0,23005818.0
063303,9723.0,2111239.0
063304,2341186.0,975293.0
063305,60662.0,1285560.0
063306,35890.0,6234454.0
063307,2000.0,1071786.0
063401,85343.11,5477891.98
063402,0.0,2141903.0
063403,5183.0,616725.0
063404,0.0,3792236.0
063405,12889.0,2184669.0
063406,0.0,17008978.0
063407,0.0,170655.0
063501,0.0,521792.0
063502,0.0,37913.0
063503,0.0,68040.0
063504,0.0,21578.0
063505,0.0,75041.0
063506,4797.97,899721.0
063507,4200528.0,3602630.0
063602,0.0,11142455.0
063603,0.0,1592918.0
063604,0.0,27771.0
063605,1628.12,6062361.0
063606,0.0,21935.0
063701,0.0,135384.0
063702,1016.0,33954.0
063703,0.0,1630743.0
063704,0.0,84697.0
063705,1536.0,47043.0
063707,0.0,560564.0
063801,0.0,521867.0
063802,2185.06,643252.0
063803,0.0,9342.0
063804,4754.27,131750.0
063805,0.0,4134.0
063806,0.0,60217.0
063808,32546.0,1507344.0
063809,0.0,58163.0
063810,0.0,54959.0
063811,0.0,3867625.0
063812,0.0,231421.0
063813,0.0,294055.0
063814,0.0,896635.0
063815,0.0,972184.0
063816,0.0,2006227.0
063817,0.0,15489.0
063818,0.0,1783.0
063819,0.0,433571.0
063820,0.0,555316.0
063821,0.0,122323.0
063822,0.0,2899035.0
063823,10101411.97,12372192.81
073901,0.0,892752.0
073902,0.0,20730086.0
073903,0.0,273018.0
073904,7987.27,1848674.0
073905,0.0,244034.0
073906,24878.82,3746235.0
073907,67280.46,7434746.0
073908,0.0,81493.0
073909,0.0,391919.0
073910,0.0,822706.0
073911,0.0,19446.0
073912,0.0,194274.0
073913,0.0,774928.0
073914,0.0,5684.0
073915,41020.63,207207.0
073916,0.0,98904.0
073917,4524.0,1390493.0
073918,0.0,748467.0
073919,1399.0,4964748.0
073920,13623.73,4889931.0
073921,3473.6,717033.0
073922,1324.0,504358.0
073923,23907.0,7159026.0
073924,0.0,886643.0
073925,0.0,1619681.0
073926,11115.0,3167743.0
074001,3176703.55,51001.0
074002,179068.41,81237.0
074003,0.0,229707.0
074004,0.0,82176.0
074005,0.0,256354.0
074006,0.0,72841.0
074007,0.0,803145.0
074008,0.0,305230.0
074009,0.0,407892.0
074010,17298.0,602287.0
074011,58023.0,3097196.0
074012,0.0,552511.0
074013,0.0,253659.0
074014,0.0,1488257.0
074015,4718.0,375594.0
074016,24199.0,406870.0
074017,16468.0,84441.0
084101,42103.47,53808.44
084102,2487.0,0.0
084201,0.0,21788.0
084202,4368.0,976774.0
084203,7336.0,115301.0
084205,0.0,43507.0
084302,5566.0,2119.0
084303,0.0,5634.0
084304,0.0,7535.0
094401,16033.26,24672.0
094402,3269.0,15091.0
094403,96607976.82,739439.15
094404,0.0,14024.0
094405,0.0,173597.0
094406,0.0,3307.0
094407,39246588.37,23203917.19
094408,316368.23,97167.8
094409,1502416.27,40562.0
094410,0.0,145326.0
094411,0.0,186438.0
094412,1274.98,350869.0
094413,7352.48,79945.0
094414,0.0,47379.0
094415,0.0,100170.0
094417,0.0,17878.0
094418,2544.0,714106.0
094419,0.0,28312.0
094420,83634.59,50097.0
094421,0.0,182548.0
094502,0.0,11499.0
094503,0.0,1058.0
094504,0.0,11891.0
094601,8531.64,61906.84
094602,0.0,11591.0
104703,0.0,382741.0
104707,0.0,33765.0
104801,0.0,481496.0
104802,0.0,7372820.0
104803,0.0,465480.0
104804,0.0,2890610.0
104805,0.0,3220992.0
104806,0.0,17984.0
104808,0.0,195166.0
104809,0.0,510903.0
104810,0.0,2241698.0
104811,0.0,340643.0
104812,0.0,63397.0
104813,0.0,272765.0
104814,0.0,18223.0
104816,0.0,125540.0
104817,0.0,412223.0
104818,10964.0,2344246.0
104819,157263.0,4032010.0
104820,0.0,2400152.0
104821,4126.0,788837.0
104822,0.0,34631.0
104823,0.0,468943.0
104901,146201.0,1557868.0
104902,0.0,116229.0
104903,0.0,14426.0
104904,0.0,7293.0
104905,0.0,105161.0
104906,0.0,2872.0
104907,1694.0,20016136.0
104908,0.0,130778.0
104909,0.0,49672.0
104910,0.0,232663.0
104911,52712.0,2974227.0
115007,0.0,3267.0
115101,0.0,103718.0
115104,0.0,1481.0
115105,0.0,8797.0
115112,0.0,4798.0
115202,0.0,8829.0
115203,0.0,1608.0
115204,91315.0,44372.0
115206,0.0,2208.0
115207,0.0,525915.0
115208,380682.0,1138523.0
115209,35745.0,15020.0
115211,0.0,51667.0
115212,7689.0,17011.0
115301,0.0,6498.0
115303,0.0,8659.0
115307,0.0,8022.0
115310,0.0,11158.0
115401,0.0,123415.0
115402,0.0,1211069.0
115404,0.0,1288005.0
115407,17340.0,26965.0
115408,0.0,4492.0
115501,0.0,2005123.0
115502,0.0,1653507.0
115503,0.0,266975.0
115508,0.0,602925.0
115509,0.0,2077.0
115511,0.0,178467.0
115512,0.0,2263801.0
115513,0.0,698533.0
115514,0.0,13491.0
115515,0.0,1997769.0
115516,0.0,205695.0
115601,0.0,531643.0
115602,0.0,289525.0
115603,0.0,526217.0
115604,0.0,67863.0
115605,0.0,9291.0
115606,0.0,599187.0
115607,0.0,762953.0
115608,0.0,8157212.0
115609,0.0,37179.0
115701,0.0,140061.0
115702,0.0,155593.0
115703,37788.0,100510.0
115704,0.0,35054.0
115705,0.0,711525.0
115801,0.0,2464.0
115802,0.0,53878.0
115803,0.0,2464.0
115804,1329.0,566542.0
115805,1153.0,0.0
115806,0.0,115336.0
115807,0.0,11481.0
115808,0.0,211778.0
115809,0.0,2461.0
115810,0.0,81107.0
115901,0.0,17072.0
115902,0.0,594009.0
115903,0.0,659915.0
115906,0.0,74823.0
115907,0.0,26017.0
115908,0.0,107856.0
115909,0.0,467157.0
115910,0.0,71990.0
115911,7644.0,447954.0
116001,0.0,254214.0
116002,0.0,57826.0
116101,0.0,47879.0
116102,0.0,13309.0
116103,31652.0,92590.0
116104,0.0,113874.0
116105,0.0,178261.0
116106,0.0,60427.0
116107,21210.0,21722.0
116108,0.0,81828.0
116109,9370.0,1661265.0
116110,0.0,33956.0
116111,0.0,34649.0
116112,0.0,261815.0
116113,4779.0,122911.0
116114,0.0,184267.0
116115,0.0,59611.0
116116,0.0,69293.0
116117,1617.0,282013.0
116201,0.0,67185.0
116202,0.0,15838.0
116203,18343.0,877991.0
116204,2191.0,117664.0
116205,37746.0,1968459.0
116206,0.0,54296.0
116207,0.0,37203.0
116208,0.0,102727.0
116209,25000.0,310935.0
116210,6147.0,177149.0
116211,230429.0,242211.0
116212,0.0,479480.0
116213,0.0,8357.0
116214,1840.0,129155.0
116215,0.0,38405.0
116216,0.0,64248.0
116217,0.0,255946.0
116301,0.0,311746.0
116302,12209.0,87847.0
116303,0.0,8640349.0
116304,9222.0,4153977.0
116305,138473.0,807569.0
116306,32970.0,279257.0
116307,32000.0,274020.0
116308,0.0,17553.0
116309,148410.23,52712869.0
116310,0.0,748871.0
126401,1065.0,651652.0
126402,0.0,951623.0
126403,0.0,299125.0
126404,0.0,281476.0
126405,10416.0,16981638.0
126406,0.0,56187.0
126501,0.0,2038.0
126502,0.0,3963.0
126504,0.0,43745.0
126505,14938.0,768838.0
126506,0.0,527473.0
126507,0.0,3539.0
126601,1329.0,514515.0
126602,0.0,7826.0
126603,0.0,5473.0
126702,0.0,942931.0
126703,0.0,446455.0
126704,0.0,1664226.0
136801,0.0,3408105.0
136802,0.0,227553.0
136803,0.0,15192.0
136804,0.0,270222.0
136805,3391.0,65834.0
136806,0.0,327346.0
136807,0.0,347807.0
136808,0.0,247313.0
136809,0.0,464372.0
136810,0.0,842724.0
136811,0.0,262377.0
136812,0.0,389750.0
136813,0.0,185986.0
136814,0.0,10232.0
136815,25202.14,420010.0
136901,0.0,91405.0
136902,0.0,3099750.0
136903,0.0,40676.0
136904,0.0,84036.0
136905,0.0,368320.0
136906,0.0,78351.0
136907,0.0,675866.0
136908,0.0,1911134.0
136909,0.0,117930.0
136910,0.0,327072.0
136911,0.0,678602.0
136912,7311.1,140801.0
136913,0.0,213708.0
136914,0.0,19194.0
137001,0.0,493239.0
137002,0.0,29976.0
137003,0.0,341302.0
137004,0.0,500764.0
137005,0.0,611812.0
137006,0.0,199804.0
137007,1858.0,225072.0
137008,0.0,155981.0
137009,0.0,147645.0
137010,6172.4,2715973.0
137011,0.0,128979.0
137013,0.0,445485.0
137014,0.0,5853.0
137015,0.0,2295.0
137016,0.0,87511.0
137017,0.0,327825.0
137018,0.0,30334.0
137019,0.0,995010.0
137020,0.0,484114.0
147102,227802283.0,215982602.0
147103,200911.0,20792.0
147104,13254.0,0.0
147108,4425128.0,0.0
147112,169810.0,8870.0
147113,6287.0,998323.0
147114,0.0,3292.0
147115,0.0,22767.0
147116,118813.0,0.0
147117,0.0,387501.0
157201,0.0,2169.0
157202,0.0,37230.0
157204,2004405.33,1291041.3
157205,0.0,135071.0
157206,0.0,111335.0
157207,0.0,8395.0
157208,654638.79,1187914.5
157209,0.0,197912.0
157210,98263.41,1755837.57
157211,54096.29,459066.05
157212,0.0,291989.0
157213,0.0,1309479.0
157214,1083.3,2772808.0
157215,0.0,1089742.0
157216,1299.19,1028498.0
157217,20597.61,768553.0
157218,0.0,20558.0
157219,0.0,101486.0
157220,0.0,989247.0
157221,0.0,68238.0
157222,0.0,231731.0
157223,4327.0,49363.0
157224,0.0,5583.0
157225,0.0,1426382.0
157226,0.0,22223.0
157227,0.0,137337.0
157228,199556.8,127907.0
157229,61430.52,109279.0
157301,0.0,1968304.0
157302,308387.06,847682.15
157303,0.0,902056.0
157304,4216.27,3556272.0
157305,0.0,134968.0
157306,11488.8,2880013.0
157307,2086.0,830454.0
157308,19099.86,6868517.0
157309,9036.0,18299475.0
157310,2342.0,1831049.0
157311,2553.0,541522.0
157312,75976.37,1653174.0
157313,0.0,858571.0
157314,0.0,500672.0
157315,7250.0,813535.0
157316,0.0,299357.0
157317,0.0,4963721.0
157318,11967.71,134014.0
157319,6707.0,8133.0
157320,0.0,325100.0
157321,0.0,272537.0
157322,0.0,34063.0
157323,29571.0,337976.0
157324,105311.0,227430.0
157325,0.0,1459383.0
157326,1391.0,6736567.0
157401,20864607.92,14546.0
157402,722879659.77,0.0
157403,1208302213.39,5065217.0
157404,9700969.38,239471.0
157406,0.0,2287.0
157407,0.0,2690222.0
157408,270607.0,878095.0
157409,0.0,380843.0
157410,0.0,6323.0
157411,0.0,337652.0
157412,0.0,120593.0
157413,0.0,618142.0
157415,1391.0,81358.0
157418,0.0,135742.0
157419,0.0,355955.0
157501,112876.0,1924357.0
157502,0.0,53876.0
157506,0.0,46236.0
157508,1409812.0,19602.0
157601,123711.98,776539.0
157602,17100.56,0.0
157604,0.0,809652.0
157605,0.0,251466.0
157606,0.0,133876.0
157607,0.0,1296754.0
157608,0.0,52972.0
157609,0.0,213059.0
157610,0.0,1632679.0
157611,0.0,89182.0
157612,0.0,106242.0
157613,0.0,6039944.0
157614,0.0,486165.0
157615,0.0,2279276.0
157616,0.0,570416.0
157801,0.0,3001571.0
157802,73878.27,0.0
157804,0.0,10216724.0
157806,3042.0,274293.0
157901,0.0,65562.0
157903,44110.96,0.0
157904,0.0,3313.0
157905,0.0,180981.0
157907,0.0,784952.0
158001,0.0,40917.0
158003,0.0,140471.0
158007,0.0,25420.0
158101,0.0,1215.0
158104,477546.71,0.0
158105,486216369.0,23652.0
158108,0.0,2703.0
158112,0.0,1081.0
158201,22243.0,3203268.0
158202,3172.0,226487.0
158203,0.0,128146.0
158204,1001.0,160211.0
158205,75284.0,607196.0
158206,0.0,1024975.0
158207,54846.0,1020656.0
158208,1010.0,285200.0
158209,1980.0,954099.0
158210,0.0,60288.0
158211,0.0,119221.0
158212,0.0,9192167.0
158213,0.0,291586.0
158214,0.0,88434.0
158215,0.0,227131.0
158301,0.0,1361166.0
158302,3259.0,559309.0
158303,0.0,89627.0
158304,0.0,136208.0
158305,0.0,30471.0
158306,0.0,87726.0
158307,0.0,178254.0
158308,0.0,92199.0
158309,0.0,5389264.0
158310,1328.0,751361.0
158311,0.0,1699055.0
168401,0.0,28679.0
168402,0.0,600938.0
168403,0.0,20168.0
168404,0.0,72763.0
168405,0.0,102138.0
168406,3943.0,70643.0
168407,16913.0,2731928.0
168408,195820.0,695356.0
168409,28357.0,1437627.0
168410,1852.0,3053535.0
168411,1475.0,231806.0
168412,77575.0,617673.0
168413,138072.0,841234.0
168414,25645.0,1853948.0
168415,3931.0,5983200.0
168416,3948.0,161628.0
168417,0.0,219315.0
168418,7418.0,1622741.0
168419,64796.0,1744710.0
168420,0.0,26901.0
168421,85558.0,2827754.0
168422,53132.0,1445524.0
168423,6062.0,209732.0
168424,1064.0,990077.0
168425,17048.0,386044.0
168426,98067.0,6551189.0
168427,0.0,5282412.0
168428,306227.0,9421896.0
168429,5568164.0,11621490.0
168430,497080.0,4517169.0
168431,915892.0,1525113.0
168432,47825.0,670320.0
168433,0.0,235730.0
168434,0.0,47092.0
168435,0.0,3527.0
168436,0.0,142308.0
168437,2528.0,1413169.0
168438,11936.0,38619330.0
168439,0.0,192343.0
168440,0.0,77913.0
168441,0.0,563792.0
168442,0.0,178255.0
168443,1555.0,1611822.0
168444,0.0,4565.0
168445,0.0,5044.0
168446,0.0,2047.0
168447,0.0,23747.0
168448,0.0,56937.0
168450,0.0,336392.0
168451,0.0,173336.0
168452,5105.0,316897.0
168453,0.0,1299.0
168454,0.0,389632.0
168455,0.0,47288.0
168456,0.0,31745.0
168457,0.0,222564.0
168458,0.0,1174489.0
168459,1718.0,351076.0
168460,0.0,49698.0
168461,0.0,80330.0
168462,271722.0,310437.0
168463,0.0,105703.0
168464,21662.0,172182.0
168465,0.0,379852.0
168466,9730.0,282923.0
168467,18089.0,206660.0
168468,6287.0,197492.0
168469,0.0,12079.0
168470,0.0,341693.0
168471,144834.0,3868443.0
168472,0.0,1367887.0
168473,19068.0,2471464.0
168474,140583.0,6115930.0
168475,0.0,279941.0
168476,0.0,3767.0
168477,60101.0,2947066.0
168478,0.0,56665.0
168479,1210.0,7114249.0
168480,39829.0,322858.0
168481,231631.0,1165880.0
168482,75915.0,850743.0
168483,62206.0,4546212.0
168484,0.0,860957.0
168485,2852.0,1121824.0
168501,295547.0,521987.0
168502,420900.0,12872764.0
168503,4990.0,4527272.0
168504,418819.0,1790913.0
168505,0.0,67593.0
168506,1729.0,19119313.0
168507,27659.0,10368700.0
168508,10405.0,459462.0
168509,0.0,146364.0
168510,0.0,5401.0
168511,15703.0,421946.0
168512,3464.0,89996.0
168513,0.0,4991251.0
168514,0.0,1277483.0
168515,0.0,332516.0
168516,1760.0,673647.0
168517,258422.0,7032453.0
168518,5166.0,242532.0
168519,0.0,561132.0
168521,0.0,1759946.0
168522,0.0,346551.0
168523,51455.0,460695.0
168524,30552.0,838287.0
168525,64394.0,3214063.0
168526,0.0,45514.0
168527,0.0,422376.0
168528,3731.0,5555779.0
168529,28479.0,2536248.0
168530,0.0,246410.0
168531,3277.0,343444.0
168532,0.0,3571012.0
168533,0.0,3923177.0
168534,4076.0,47056.0
168535,0.0,4211629.0
168536,5366.0,734250.0
168537,2999.0,222501272.0
168538,2725.0,951113.0
168539,1049.0,331745.0
168540,2675.0,114384.0
168541,4981.0,719531.0
168542,10143.0,1335783.0
168543,0.0,486345.0
168544,2206.0,8168942.0
168545,1927.0,1501750.0
168546,0.0,74441.0
168547,0.0,1061615.0
168548,1628.0,90982.0
178602,0.0,5885235.0
178604,0.0,16732.0
178605,0.0,781662.0
178606,0.0,24070.0
178607,0.0,552268.0
178608,0.0,18160.0
178609,81516.45,975590.45
178701,191717.0,14644396.0
178702,161532.0,7336254.0
178703,347357.0,4716984.0
178704,1184291.0,43880256.0
178705,10712101.0,4658442.0
178706,0.0,228928.0
178707,18726.0,21559.0
178708,210601.0,1000239.0
178709,7518.0,612789.0
178711,113346.0,5911851.0
178712,1531.0,1086118.0
178713,0.0,6097.0
178714,0.0,235302.0
178715,0.0,100201.0
178716,6135931.11,2299659.11
178802,26871.0,2388408.0
178803,93857.0,310161.0
178805,0.0,4945.0
178901,0.0,13416415.0
178903,6881.0,380917.0
178904,0.0,60000.0
178905,0.0,1025991.0
178906,0.0,220398.0
178907,0.0,17031.0
178908,0.0,80521.0
189001,6007.0,104683.0
189002,0.0,25448.0
189003,3000.0,29996.0
189004,0.0,214727.0
189005,0.0,42683.0
189006,15088.0,26143.0
189007,0.0,57169.0
189008,5566.0,19271.0
189010,1378.0,153589.0
189011,0.0,264814.0
189012,0.0,31441.0
189013,0.0,112521.0
189014,29022.0,385960.0
189015,19713.0,573520.0
189016,0.0,118448.0
189017,0.0,92798.0
189018,56922.0,1052426.0
189019,0.0,1611102.0
189020,0.0,1128592.0
189021,1101.0,106506.0
189022,6110276.0,1579671.0
189023,0.0,618952.0
189024,0.0,297614.0
189025,0.0,275332.0
189026,10194.0,5019223.0
189027,111989.0,186052.0
189028,0.0,146397.0
189029,0.0,58781.0
189030,5145.0,929935.0
189031,1193.0,1711940.0
189032,161877.0,237198.0
189033,0.0,162573.0
189101,7607.0,358240.0
189102,9540.0,95764.0
189105,0.0,15533.0
189106,0.0,22484.0
189107,0.0,35401.0
189108,0.0,5349.0
189109,0.0,130133.0
189112,0.0,3784.0
189113,0.0,23490.0
189201,0.0,5261.0
189202,0.0,3340.0
189205,0.0,26107.0
189206,4089.0,38273.0
189207,0.0,77258.0
189208,0.0,222267.0
189209,0.0,14593.0
199303,0.0,51907.0
199304,0.0,291197.0
199306,0.0,223264.0
209401,17573.52,637523.52
209402,1622.0,630814.0
209403,62731.87,2203226.43
209404,1110.0,1576840.0
209405,0.0,1576178.0
209406,142593.54,17537938.0
209503,55333.0,638596.0
209504,3031.0,128683.0
209505,0.0,220939.0
209506,4095.0,143062.0
209507,13355.0,126498.0
209508,0.0,61717.0
209601,52641.0,0.0
209602,0.0,7530.0
209603,0.0,1096114.0
209604,0.0,50879.0
209605,3314.0,41342.0
209606,0.0,82660.0
209607,0.0,27851.0
209608,0.0,3279684.0
209609,5002.0,93701.0
209610,0.0,129338.0
209611,0.0,181278.0
209612,0.0,203277.0
209613,0.0,36210.0
209614,0.0,1020.0
209615,0.0,382179.0
209616,0.0,69504.0
209617,0.0,1175032.0
209618,6505.0,145774.0
219701,16124.0,30171.0
219703,246753.0,0.0
219705,16222.0,0.0
219706,2691605.0,0.0
