010101,11547.0,4220.0
010102,25453.0,2843.0
010104,0.0,12055.31
010105,0.0,147645.62
010106,740229.0,90442.0
010201,0.0,8348.0
010202,0.0,169237.64
010203,0.0,12875.59
010204,0.0,1589.3
010206,0.0,754610.13
010207,1065766.0,5275500.88
010208,27804.0,73184.0
010210,0.0,121000.0
010302,225384.0,1502983.39
010303,454367.0,15508861.05
010304,0.0,190835.0
010305,6998594.7,15505.0
010306,0.0,4355.0
010307,2874.49,4174.0
010401,0.0,101858.79
010402,6055909.86,9569296.48
010403,1551273.0,1951885.6
010404,122170.15,1473815.4
010405,47359.65,322571.21
010406,0.0,102162.0
010407,11332.81,61885.04
010409,0.0,18822.04
010410,0.0,5565.0
010504,0.0,351774.5
010508,0.0,131880.0
010510,7298.9,0.0
010511,0.0,2526.74
020602,17161.37,125432.37
020603,20477.0,0.0
020604,134352.0,33725.0
020701,21192.71,1300849.74
020702,0.0,78120.53
020703,40360.66,690035.72
020704,0.0,2532.0
020705,0.0,26292.79
020708,35432.0,56148.97
020709,2766936.68,2774959.88
020710,200820.23,104258.06
020711,0.0,5660.01
020712,488097.27,354752.17
020713,1435346.22,1464286.98
020714,163420.24,115232.04
020801,6556765.39,780166.0
020802,0.0,98417.0
020804,2312219.58,41082.15
020805,1518.37,22226.59
020806,6041.77,257302.89
020808,32217.43,2015080.35
020809,0.0,14119.0
020810,153855.05,3029.37
020811,0.0,1391.0
020813,1378.24,2769.24
020901,96682814.49,38259924.41
020902,177020.0,20552637.59
020904,50998.23,35306.64
020908,5519.0,22261.0
020910,192812.79,182317.54
021001,0.0,23546956.17
021004,7540.92,0.0
021005,19811.0,902201.53
021006,735521.14,9264715.74
021007,1221.01,0.0
021008,7806.0,341528.03
021101,1131170.52,896344.08
021102,50423.41,111432.65
021103,0.0,233994.67
021104,5113.35,354893.23
021105,1274.0,1764.42
021106,214928.98,40798.25
021107,0.0,3531385.32
021108,24608.63,193869.44
021201,506029.6,0.0
021202,683118.91,65705.67
021203,15712.59,0.0
021207,10156722.14,216648.9
021208,40853.65,248649.84
021209,15350.39,309178.5
021210,0.0,63960.27
021211,49236.38,28694.1
021212,12268.57,28341.57
021301,512816.28,31064.0
021302,31845.0,3904882.0
021401,0.0,1072.0
021404,3085.05,29217.0
031503,0.0,18514.0
031505,15297.18,29197.0
031507,0.0,356095.5
031508,72211.0,805455.84
031509,0.0,106607.82
031511,384124.05,29227838.82
031512,1100724.33,432211.64
031513,12829.72,722191.44
031514,52220.79,38957.0
031515,14632296.28,4935656.89
031516,42122.6,396965.22
031517,417706.0,3253808.02
031518,0.0,341808.5
031519,13754.0,1176986.0
031520,0.0,383596.72
031521,1391.0,0.0
031522,1918.0,0.0
041601,235086.0,1913583.55
041602,28175.0,1450602.94
041604,132391.66,2310939.47
041605,0.0,6957.0
041701,1805562.36,4032301.65
041702,0.0,2411490.0
041704,4640918.72,8473677.24
041801,399039739.29,11192211.34
041802,17758.85,0.0
041805,245741.09,218361.3
041806,230120.0,1382949.35
041901,376541.15,44651464.44
041902,503930.79,26726199.99
041903,18670.53,0.0
041904,5863.0,263085.76
041905,426741.18,3759442.23
042001,0.0,17038.89
042002,111041.14,28160953.25
042003,0.0,42830.3
042004,0.0,344317.84
042005,6122.02,183033.6
042006,0.0,5565.0
042007,64726.6,215074.13
042008,649730.43,570005.27
042009,133069.29,634705.89
042101,86995.0,5030522.48
042102,23251.0,1677236.66
042103,145050.79,6877087.31
042104,206482.62,7645952.46
042105,5347891.86,194143.08
042106,74749.07,8153548.07
042201,39802.18,278269.35
042202,14100154.6,7105274.45
042203,3711527.53,2729632.44
042204,381777.28,5132694.01
042205,100915.87,1594216.96
042206,11250.22,706453.37
042207,0.0,4519907.3
042208,1418397.48,4471612.93
042209,1026.0,10770.02
042301,0.0,341136.04
042302,128234.46,0.0
042304,141707.21,32177.82
042305,622457.0,97626.0
042306,2467369.12,1135097.66
042309,6074.3,363805.0
042401,0.0,32454.0
042402,525201.0,14211320.14
042403,0.0,1750949.0
052501,9705.03,376389.63
052505,19159.19,11105.08
052506,0.0,1813.0
052508,126226.0,211183.56
052509,0.0,11936.54
052510,135542898.53,70133948.0
052512,0.0,90222.98
052513,0.0,17832.0
052515,888926.0,10833734.67
052516,7942.33,0.0
052517,0.0,1904.76
052518,0.0,156983.0
052520,1705505.42,4974492.16
052521,3533917.88,4363524.07
052522,2840.12,358663.99
052523,190753693.22,202349063.52
052524,0.0,108025.0
052526,10181.0,91207.0
052528,0.0,3099.0
052530,0.0,71277.07
052601,2912149.1,0.0
052602,1980098.28,3209961.0
052604,0.0,9707.0
052620,364493.91,0.0
052701,0.0,14256700.0
052703,0.0,5067.0
052707,0.0,34281.0
052710,14877949.77,756517553.04
052711,235385.0,8039693.45
052712,43988.83,1828199.06
052713,1078301.28,81923804.74
052714,3873.37,2257820.26
052715,0.0,126438.54
062801,20448.0,70426.45
062802,0.0,36434.14
062803,75725.01,0.0
062804,236062.6,227803.74
062805,124199.0,542602.05
062806,1003.23,215054.16
062807,9034.02,381737.34
062808,0.0,16187.0
062809,0.0,33003.0
062810,0.0,1511.0
062811,2886.18,441833.69
062812,0.0,5538.74
062814,8456.99,29217.0
062815,183063.16,2260620.93
062817,0.0,7739.0
062818,0.0,1039.17
062819,0.0,23652.0
062821,0.0,87050.0
062823,0.0,5805.0
062824,0.0,11577.0
062827,8484.0,14304.59
062828,0.0,452110.32
062829,0.0,12190.0
062831,0.0,345880.0
062832,0.0,23447.8
062833,0.0,288205.66
062835,0.0,60062.31
062836,0.0,1173304.57
062837,0.0,37993.0
062839,0.0,6675.0
062840,0.0,5512.0
062841,0.0,6845.0
062842,0.0,22848.0
062843,0.0,8410.0
062848,0.0,18425.0
062849,1612.0,579540.62
062851,0.0,10636.34
062901,0.0,236644.0
062902,0.0,21526582.85
062903,78328.77,288552.32
062904,3252.0,0.0
062905,9436.0,1970201.56
062906,33477.0,284980.58
062907,495907.0,4258495.12
062909,0.0,16369.83
062910,0.0,5033.28
062912,0.0,11549.46
062914,5254.0,192365.57
062915,97149.0,2076265.51
062916,0.0,13344.53
062917,0.0,2851.94
062918,15310.0,182626.82
062921,0.0,1674.0
062922,3379.0,1332433.61
062923,0.0,608787.0
062924,0.0,249858.0
062925,0.0,83900.0
062926,0.0,12960.0
062929,0.0,1002031.01
062930,0.0,16633.0
062932,0.0,37371.0
062933,0.0,127034.0
062934,0.0,111363.02
062935,0.0,294556.0
062936,0.0,320093.11
062937,0.0,2605.0
062939,0.0,688728.0
062940,0.0,23825.0
062941,28650.0,501809.0
062942,0.0,303150.0
063001,5085.0,0.0
063002,0.0,3993718.79
063003,67908.14,440390.36
063004,4503771.75,7966025.09
063005,0.0,580116.27
063006,0.0,1215505.48
063101,7104650.49,19372.2
063102,2060901.73,3379235.27
063103,1189.86,0.0
063104,170211.0,13324405.65
063105,41588057.82,28815281.45
063202,0.0,21279.0
063203,5749.0,2519.71
063204,21418.0,912549.82
063205,0.0,38191.0
063206,0.0,390093.86
063207,0.0,2117.0
063208,37287.52,1294456.21
063209,29328.94,210922.66
063210,24003.0,38370.87
063211,0.0,4675.0
063212,0.0,35783.0
063213,0.0,28187.15
063214,13486.0,599193.6
063215,90667.0,637094.34
063301,11764.0,18455.0
063302,66698.0,5827435.5
063303,3798368.43,4999594.84
063304,33326560.68,32173130.09
063305,70522.0,1449116.78
063306,299160.0,3727798.74
063307,18623.0,949382.35
063401,1168458.75,19745219.02
063402,114814.92,1189844.67
063403,0.0,255096.21
063404,0.0,825522.0
063405,0.0,144715.84
063406,37534.0,1145756.44
063407,0.0,35024.07
063501,0.0,54397.25
063503,0.0,111001.0
063504,23108.0,0.0
063505,0.0,92045.22
063506,17180.0,1102986.76
063507,3067.0,234174.33
063602,0.0,1327356.31
063603,0.0,912211.48
063604,0.0,35108.0
063605,30239.6,1295556.27
063606,0.0,9235.63
063701,0.0,123081.89
063702,0.0,5259.92
063703,14254.0,235321.0
063704,22330.0,14877.0
063705,0.0,6276.62
063707,0.0,174642.35
063802,0.0,78823.52
063803,0.0,15314.0
063805,0.0,65091.0
063806,0.0,12265.0
063808,122643.0,6527799.7
063809,0.0,179867.36
063810,0.0,61564.49
063811,989239.0,1835948.79
063812,0.0,70139.0
063813,0.0,119004.56
063814,0.0,396335.88
063815,0.0,70914.0
063816,0.0,448971.3
063819,7524.54,106262.6
063820,0.0,248941.38
063821,0.0,46474.18
063822,0.0,3381389.32
063823,132561.77,2694178.69
073901,594087.19,9332375.78
073902,344688.94,14684536.0
073903,4773.0,74678.72
073904,5963.0,22718186.0
073905,0.0,3833.58
073906,0.0,11257.0
073907,86520.36,3457912.45
073908,0.0,4938.0
073909,0.0,220336.0
073910,0.0,665200.0
073911,0.0,14023.77
073912,0.0,75138.39
073913,0.0,182487.38
073915,197941.31,371098.86
073916,4854.0,16268.46
073917,1149814.89,1144549.28
073918,2026.0,482733.06
073919,141247.0,2025590.43
073920,6066297.22,9264055.86
073921,186934.21,716769.22
073922,20999.0,171434.08
073923,33333700.44,35157733.42
073924,2318628.69,4538753.76
073925,76636.1,162608.64
073926,148292.0,2207785.37
074001,0.0,4195.61
074002,0.0,44648.54
074005,0.0,139095.36
074006,0.0,39398.0
074007,0.0,38817.0
074008,0.0,339517.66
074009,0.0,65190.61
074010,87848.0,2756071.22
074011,202119.88,2614909.18
074012,33995.97,520342.52
074013,1059.0,668014.94
074014,4153.0,863542.85
074015,6845.0,659174.46
074016,278575.56,244279.39
074017,0.0,20333.94
084101,42348.46,211465.46
084102,306158.86,0.0
084103,32764.1,9815.0
084104,38104.72,4453.0
084105,127684.0,0.0
084106,1113816.0,205608.0
084111,0.0,2800.0
084201,0.0,8187.62
084202,364213.96,1110525.81
084203,20464.0,76079.31
084205,0.0,8799.76
094401,23568.0,14387.35
094402,11077.72,0.0
094403,28410466.05,28763355.45
094404,1127.62,0.0
094406,0.0,50648.95
094407,2666193.82,1046897.08
094408,0.0,193306.23
094409,1404779.49,63470.05
094410,0.0,34542.21
094411,0.0,174308.0
094412,45315.18,674831.31
094413,23219.0,11293.0
094414,4144.0,3048.0
094415,528941.4,6279.06
094417,0.0,10136.31
094418,610059.72,443538.5
094419,7305.0,21814.0
094420,185445.16,88824.09
094421,7031.85,163965.61
094601,12392143.42,118418.03
094602,183034.64,60736.0
104704,0.0,16664.0
104706,5409.0,76722.59
104707,42277.65,0.0
104801,120360.37,329400.82
104802,84480.75,6889598.54
104803,0.0,68518.23
104804,89357.1,740960.25
104805,219632.93,725732.85
104806,2189.0,81044.71
104807,10122.64,149835.62
104808,370796.0,1263057.15
104809,0.0,814599.87
104810,37412.91,2017742.72
104811,0.0,55792.83
104812,0.0,233473.12
104813,5055.0,1268.47
104814,0.0,34874.0
104816,0.0,48271.7
104817,0.0,369791.04
104818,16726.0,675243.01
104819,1665094.23,9859372.21
104820,494549.47,2411180.06
104821,1553824.58,3331349.93
104822,0.0,49563.0
104823,338594.2,358986.5
104901,200697.54,1144269.88
104902,3349.0,8616.0
104903,0.0,4119.0
104905,0.0,18312.0
104906,0.0,3811.0
104907,183265.0,626849.99
104908,0.0,5063.0
104909,0.0,11443.03
104910,14917.81,228947.8
104911,269059.87,1312864.18
115004,0.0,27972.0
115005,0.0,19008.0
115007,0.0,79593.0
115101,0.0,2768.45
115102,0.0,4010.0
115108,0.0,467767.0
115111,0.0,1351.0
115112,0.0,7564.0
115201,125927055.69,0.0
115202,521852.98,76548.28
115203,12727.0,20470.0
115204,0.0,61687.0
115205,129058.0,267682.0
115206,0.0,4624.0
115207,1691.0,0.0
115208,2424453.94,15216207.94
115209,1647103.0,1709913.0
115210,327015.24,535953.75
115211,1852.0,82263.0
115212,21953.0,290795.0
115301,0.0,3144.0
115303,205371.0,54516.46
115308,0.0,3173.0
115309,0.0,94126.0
115310,0.0,23261.96
115311,0.0,12598596.0
115401,18076.0,75470.0
115402,101282.55,6060492.55
115404,168384.0,2694515.0
115407,739252.0,16950117.0
115408,0.0,315128.0
115501,197524.0,15773617.0
115503,8128.0,619400.0
115504,0.0,16498.0
115505,0.0,22626.81
115506,73622.0,0.0
115508,0.0,1041179.0
115509,0.0,64168.0
115511,0.0,19939.0
115512,287136.0,3163042.0
115513,317256.0,2946754.76
115514,172540.0,566383.0
115515,296284.0,20243791.0
115516,240619.0,3558426.0
115601,1563.0,131941.56
115602,1843.0,0.0
115603,0.0,299517.43
115604,0.0,186298.0
115605,0.0,46547.0
115607,231291.5,1121651.01
115608,2368363.52,3043455.83
115609,0.0,12110.85
115701,4696.0,52481.02
115702,0.0,120738.52
115703,0.0,176714.0
115704,0.0,57524.84
115705,3818.0,1025339.11
115801,0.0,900151.0
115802,0.0,79612.0
115803,0.0,12138.0
115804,340623.0,700717.57
115806,0.0,32345.29
115807,0.0,24807.0
115808,3383.0,216498.87
115809,0.0,446486.0
115810,12824.0,5528852.0
115811,0.0,1050.0
115901,0.0,65076.25
115902,0.0,2976.0
115903,2595.0,1107187.9
115905,0.0,5279.19
115906,0.0,125011.19
115907,0.0,3435267.02
115909,0.0,3724.0
115910,0.0,11033.71
115911,0.0,99687.21
116001,0.0,1148.0
116002,5741.0,140271.0
116101,4644.0,260876.0
116102,0.0,54535.0
116103,829455.0,1025561.0
116104,1179369.0,4421982.0
116105,327950.0,3130398.45
116106,983039.0,153328.57
116107,382460.0,158931.15
116108,570717.0,404299.94
116109,1514850.21,7313918.14
116110,33004.0,324087.0
116111,37288.0,107062.0
116112,6979.0,215077.0
116113,70528.0,17995.0
116114,3775738.98,1227752.0
116115,11302.0,87258.0
116116,0.0,112735.0
116117,4007.0,865837.0
116201,1007.0,35186.0
116202,0.0,29846.26
116203,861765.0,1460100.5
116204,573562.0,899812.97
116205,305939.0,1800423.95
116206,235430.0,271118.0
116207,54091.0,147374.65
116208,449335.0,511197.0
116209,286070.0,296288.91
116210,1602.0,327847.0
116211,32405.0,168240.0
116212,137398.0,1419447.03
116213,6103.0,310080.0
116214,227599.84,1084364.41
116215,1693.0,126338.0
116216,0.0,31694.06
116217,0.0,194463.52
116301,57126.0,221497.0
116302,31868.3,635361.94
116303,51177.0,368236.39
116304,14800.0,795381.65
116305,5920055.18,7105665.32
116306,3423403.94,396319.9
116307,8381.0,249961.01
116308,0.0,7492.45
116309,903572.88,32981616.92
116310,17781.26,547571.87
126401,74326.0,52927.77
126402,554607.14,2598668.19
126403,331103.0,817735.0
126404,42322.92,1664710.92
126405,1314898.0,2084657.24
126406,0.0,1474502.0
126501,0.0,9156.0
126502,0.0,23945.0
126504,1569.0,101686.84
126505,22253.91,292597.67
126506,4903.0,533737.62
126601,2683.0,139124.42
126602,0.0,10585.0
126603,0.0,1685.0
126702,0.0,286912.25
126703,299037.0,3534560.0
126704,10060261.76,3976480.48
136801,0.0,71948.0
136802,14072.97,215746.38
136803,0.0,3056.54
136804,0.0,104295.51
136805,0.0,137649.05
136806,0.0,224822.69
136807,0.0,429185.56
136808,37028.73,6076.21
136809,0.0,71546.07
136810,18467.04,59769.28
136811,0.0,746784.22
136812,0.0,357948.68
136813,0.0,41058.0
136815,0.0,46083.8
136901,0.0,380140.99
136902,6766.0,1488788.72
136903,2264.0,45372.91
136904,2323.78,1551030.98
136905,39769.14,765728.27
136907,2318.57,192091.77
136908,42003.94,1002031.49
136909,0.0,63051.0
136910,16912.74,589997.51
136911,0.0,73620.11
136912,1126.33,219743.32
136913,17129.48,271096.81
136914,0.0,12844.41
137001,47034.88,9930.0
137002,0.0,4160.72
137003,0.0,290276.06
137004,0.0,35132.69
137005,9085.46,248010.03
137006,0.0,194209.96
137007,0.0,158849.08
137008,1059.0,180763.45
137009,1234.0,138964.1
137010,159406.25,2235584.37
137011,3272.0,78661.99
137013,80084.46,223152.13
137014,0.0,1661.0
137015,0.0,4174.0
137016,81991.0,98426.18
137017,0.0,75996.96
137018,0.0,49492.0
137019,0.0,64388.14
137020,0.0,274814.32
147102,0.0,441767.0
147105,0.0,1559.0
147106,6837.0,0.0
147107,0.0,3711.0
147108,177592495.42,172211.0
147113,5458.52,20719.22
147117,63425.0,128422.84
147118,0.0,3809393.0
157202,5303.0,528096.0
157203,1061.0,0.0
157204,30912014.32,13578121.1
157205,0.0,3496.0
157206,0.0,2435665.2
157207,0.0,91536.0
157208,479350.66,1046244.59
157209,325257.67,5174912.3
157210,9653646.91,5048126.52
157211,0.0,85653.23
157212,6363.0,26209.94
157213,106305.39,32714330.72
157214,4460965.71,8034892.54
157215,61720.67,336525.83
157216,3059602.42,4593923.27
157217,2494545.28,3990996.19
157218,0.0,1748.0
157219,0.0,466067.8
157220,0.0,268342.82
157221,0.0,83922.0
157222,17003.56,7744.0
157223,0.0,28188.69
157225,12727.0,626834.59
157226,0.0,3078.0
157228,0.0,47435.58
157229,0.0,16685.66
157301,85440.0,420684.96
157302,0.0,422157.13
157303,0.0,1603416.68
157304,394890.29,717302.14
157305,0.0,357314.94
157306,5102690.57,5643992.97
157307,18946.0,179314.97
157308,318126.21,2925632.13
157309,3353.0,425870.58
157310,8976.0,587826.71
157311,105159.0,826658.98
157312,51977.0,320276.04
157313,0.0,76078.07
157314,301436.16,166480.31
157315,6783.0,1109712.11
157316,0.0,38529.0
157317,1005409.15,1651053.73
157318,62870.0,364630.77
157319,0.0,5623.0
157320,0.0,139682.87
157321,48606.0,338810.57
157322,0.0,205649.86
157323,550401.27,923727.57
157324,7760.0,452712.73
157325,48623.0,731764.2
157326,25823.0,901491.74
157401,0.0,3573.0
157402,0.0,36791.0
157403,0.0,1225.0
157404,10317276.63,0.0
157407,0.0,132940.0
157408,0.0,2765556.0
157409,0.0,27318.97
157411,4691.0,143431.06
157412,0.0,75741.25
157413,10606.0,108919.44
157415,0.0,131252.32
157418,0.0,47431.0
157419,4737.0,51360.03
157503,12282.0,0.0
157601,0.0,32848.0
157602,2581375.99,9294.0
157604,18183.0,3241944.05
157606,127674.0,542217.61
157607,37971.0,949875.16
157608,0.0,20516.53
157609,0.0,4690.06
157610,635575.57,1157556.35
157611,0.0,109008.0
157612,8326119.0,12626201.0
157614,43580.0,194816.1
157615,121111.0,2072204.05
157616,38004.0,1459334.84
157801,0.0,58445.0
157802,52640.32,0.0
157806,45102.0,15259.75
157901,0.0,3444717.3
157902,57452.77,0.0
157904,0.0,9739.0
157905,0.0,223406.0
157907,0.0,37653.05
158007,0.0,9162.0
158101,0.0,12036.0
158106,0.0,5724.0
158108,0.0,24374.0
158201,5836.0,561152.02
158202,0.0,305201.11
158203,50409.0,44636.0
158204,24233.0,119304.0
158205,280909.0,809771.27
158206,0.0,239392.92
158207,265185.0,575518.64
158208,0.0,30266.89
158209,0.0,5937.0
158210,0.0,54110.0
158211,0.0,10781.87
158212,34491.0,1263584.4
158213,0.0,93502.86
158214,0.0,57412.52
158215,0.0,95026.26
158301,4509.0,944512.6
158302,11184.0,461663.43
158303,0.0,621142.29
158304,0.0,46859.29
158305,0.0,36684.64
158306,36388.0,29934.12
158307,9864.0,55080.16
158308,8976.0,129141.39
158309,2573697.42,5566565.63
158310,0.0,163098.07
158311,29822.0,880455.43
168402,0.0,358487.43
168403,0.0,18890.0
168404,7434.0,71705.74
168405,0.0,734476.0
168406,0.0,3022.0
168407,11435.0,3039355.23
168408,401868.0,927246.91
168409,334223.0,1503026.66
168410,0.0,10717.0
168411,466646.0,34338.42
168412,68559.0,327135.72
168413,149440.0,1066246.66
168414,225275.0,904127.0
168415,13298.0,5037529.25
168416,0.0,304244.17
168417,0.0,413848.83
168418,168184.0,1081015.03
168419,7645.0,2389861.46
168420,59689.0,86356.0
168421,188903.0,869514.78
168422,33805.0,1963841.41
168423,182347.0,721480.68
168424,31089.0,340988.21
168425,1567.0,93854.37
168426,681931.0,1195823.8
168427,154497.0,1923241.88
168428,606266.0,2090603.35
168429,6556337.25,12630037.39
168430,131719.0,1571070.47
168431,1134065.29,5488134.13
168432,0.0,117902.17
168433,0.0,350237.0
168434,0.0,211204.0
168436,0.0,226092.0
168437,0.0,439681.14
168438,21041.0,585921.68
168439,0.0,26169.0
168440,0.0,164007.93
168441,89004.0,402319.07
168442,1097.0,410524.03
168443,500162.0,1462810.49
168446,0.0,682505.0
168447,0.0,90705.0
168448,0.0,166556.99
168450,12147.0,258435.43
168451,46161.0,240023.1
168452,7687.0,628894.2
168453,0.0,4887.27
168454,0.0,159306.0
168455,0.0,242669.0
168456,0.0,14495.0
168457,0.0,18180.0
168458,0.0,99692.0
168459,0.0,23993.0
168460,0.0,9619.0
168461,0.0,46499.0
168462,0.0,294536.04
168463,0.0,309128.49
168464,23717.0,44735.0
168465,1181.0,72214.21
168466,2826.0,119841.0
168467,17519.0,236517.19
168468,0.0,7384.0
168469,0.0,15303.0
168470,4779.0,222657.23
168471,359562.71,4238459.51
168472,1064.0,517417.04
168473,13830.0,588752.98
168474,59920.12,4135074.56
168475,0.0,20112.0
168476,0.0,5403.0
168477,16002.0,2029940.0
168479,52200.0,1915871.83
168480,59194.0,1130498.11
168481,10150.0,318835.58
168482,113414.0,4231312.07
168483,38981.0,341702.13
168484,43054.0,424321.33
168485,34308.49,216914.64
168501,23203.0,242297.03
168502,412309.35,5186953.87
168503,10812.0,572460.73
168504,74952.0,1289996.36
168505,0.0,150151.67
168506,224722.43,29903040.83
168507,141733.97,2233190.3
168508,0.0,87584.25
168509,2253.0,386785.15
168510,0.0,1391.0
168511,3134.0,404816.09
168512,2312.0,214910.78
168513,9841.7,4624541.0
168514,0.0,133231.0
168515,44962.0,307727.0
168516,17902.0,450989.29
168517,301572.0,2408771.43
168518,92358.0,1128971.92
168519,14810.0,845882.0
168521,92966.0,11732485.08
168522,5083.0,76927.86
168523,22560.0,570602.16
168524,0.0,387139.61
168525,17354.0,2018210.13
168526,28830.0,60925.0
168527,135430.0,317768.19
168528,46891.64,4046778.52
168529,395242.0,2362956.69
168530,0.0,42607.0
168531,1135.0,783370.95
168532,0.0,100436.55
168533,0.0,64263.0
168534,21688.0,20587.0
168535,0.0,129610.64
168536,67920.0,569179.2
168537,4020.0,2018256.91
168538,0.0,461429.79
168539,13570.0,387996.48
168540,2277.0,10732.0
168541,54257.0,1686564.76
168542,384552.0,1801265.69
168543,86037.0,359386.89
168544,148252.0,2504463.15
168545,0.0,13835.44
168546,5668.0,267582.0
168547,5944.0,47181.0
168548,0.0,24422.0
178603,0.0,11783.0
178607,0.0,671974.35
178608,0.0,9739.0
178609,110640.01,290753.65
178701,812934.26,7621906.75
178702,194211.91,7947545.86
178703,10291596.62,10322258.4
178704,13130565.52,22156276.44
178705,531401.0,2321505.64
178706,0.0,566387.0
178707,0.0,198767.0
178708,110540.21,850544.65
178709,0.0,533228.0
178710,63634.0,0.0
178711,4853936.85,6842634.07
178712,29655.0,1356306.39
178713,0.0,53084.0
178714,157367.0,1123812.96
178715,0.0,6901.03
178716,669692.03,1545541.48
178801,0.0,1391.0
178803,44340.0,624735.0
178805,0.0,6655.0
178901,47409.28,333654.0
178903,111935.0,117974.0
178904,0.0,247884.0
178905,189339.0,190719.0
178906,0.0,606680.0
178907,419312.0,0.0
178908,7526997.87,4174.0
189001,8512.0,158791.61
189002,0.0,135868.0
189003,40219.0,61688.91
189004,99851.0,175880.14
189005,0.0,44912.0
189006,3088.0,59899.0
189007,0.0,53845.0
189008,0.0,67774.0
189010,1211.0,97206.05
189011,0.0,101180.58
189012,0.0,5565.0
189013,0.0,49970.0
189014,0.0,29655.0
189015,2179073.0,1728052.0
189016,0.0,9129.74
189017,4146.0,78018.0
189018,17899.0,438286.83
189019,0.0,263975.8
189020,0.0,30390.0
189021,35443.0,295999.0
189022,0.0,369961.0
189023,0.0,374370.0
189024,0.0,345935.46
189025,0.0,187212.0
189026,19604.0,145221.11
189027,0.0,301669.9
189028,0.0,176124.1
189029,1047.0,170955.45
189030,779245.0,1013891.01
189031,34486.0,313046.53
189032,3996.0,91720.75
189033,0.0,71413.0
189101,1340.0,76710.0
189102,35008.0,230503.56
189103,0.0,11799.42
189105,7856.0,77178.0
189106,0.0,81616.44
189107,0.0,8654.0
189109,0.0,4870.0
189111,0.0,1608.0
189113,3573.0,5734.31
189202,0.0,1436.0
189205,0.0,10663.0
189206,23654.0,24052.59
189207,18088.0,32182.0
189208,0.0,11701.0
199303,0.0,244870.0
199304,0.0,3038.0
199306,0.0,100485.0
209401,294573.11,301857.45
209402,1405.0,557027.78
209403,1075953.13,2320035.09
209404,279268.98,473542.6
209405,30193.0,1278509.89
209406,35557.77,6291010.68
209503,8292.0,377610.29
209504,0.0,279651.27
209505,148723.0,388641.62
209506,47308.0,260582.17
209507,13486.0,645216.0
209508,0.0,1313.16
209602,9237.0,60058.0
209603,10822.0,124945.9
209605,0.0,101877.0
209606,7682.0,95445.0
209607,0.0,3744.0
209608,5837.0,2223563.82
209609,0.0,456753.11
209610,0.0,176830.23
209611,0.0,34450.64
209612,33655.0,82570.7
209613,0.0,43738.0
209614,0.0,1960.0
209615,71894.0,164872.0
209616,1429.0,143294.0
209617,0.0,483402.0
209618,3370.0,100271.3
219701,7913.0,38426.17
219702,0.0,9988.0
219703,110698.45,47147.47
219704,0.0,44167.0
219705,605960.87,0.0
219706,7407.0,0.0
