010101,36324.26,680344.21
010102,197537.44,8354250.15
010103,2668200.6,468230.69
010104,0.0,86677.57
010105,35232.0,4417631.78
010106,7023322.97,1577744.27
010201,99731.0,3322222.45
010202,358979.71,5691448.23
010203,7492474.95,2171137.0
010204,9056.0,2692526.36
010205,0.0,13235.0
010206,279919.65,5872553.15
010207,20410798.29,1113153.18
010208,1197183.39,67245.9
010209,0.0,315394.0
010210,6788523.0,1424737.41
010301,40926525.61,2135070.24
010302,96098320.7,50753089.0
010303,127172055.99,922497103.54
010304,340038895.35,33591118.25
010305,93380338.37,10747159.79
010306,1318555538.3,99499716.22
010307,427199099.74,74244295.35
010401,24748656.19,922068.24
010402,80569663.08,215450657.05
010403,17283869.64,28097352.1
010404,10023413.38,19065378.12
010405,349997.16,25399443.72
010406,1133770.45,13317885.4
010407,8757934.88,1119347.88
010408,5053586.96,999252.24
010409,4713232.15,1377735.38
010410,5485793.38,23566215.92
010501,8901.0,25090.0
010502,820401.0,2217854.57
010503,11581.0,206634.45
010504,220778.48,2479455.17
010505,16291497.0,6301024.45
010506,3699884.44,1584666.73
010507,78005.06,6488.0
010508,1704001.91,3192326.06
010509,20390.0,215678.81
010510,1079054.36,122681.22
010511,18428531.1,22154772.34
020601,6169450.86,708834.81
020602,21473676.17,1552927.42
020603,86637258.49,2571308.78
020604,3109262.53,363446.61
020701,29227.2,7673610.83
020702,1443850.26,104541.93
020703,28254570.05,19055458.79
020704,2144054.15,6930016.04
020705,1738208.11,475036.2
020706,354394.52,16335971.33
020707,1498695.45,5164.39
020708,4762107.79,2349519.53
020709,125980526.49,3554887.65
020710,50839171.44,2986170.38
020711,4669270.85,4247374.98
020712,3341042.24,25858228.51
020713,33672423.3,7106595.94
020714,473178430.28,549357.89
020801,17209279.71,10250065.24
020802,14079755.43,15428868.38
020803,10928553.22,606091.8
020804,74387175.59,2077682.7
020805,24292711.35,4823981.26
020806,394212.84,25413041.96
020807,5472429.42,232735.35
020808,1851102.95,72788759.06
020809,242910.43,1764432.84
020810,261945618.84,13136726.16
020811,32810558.85,3584981.1
020812,3345551.98,1220753.37
020813,70536091.06,3423337.83
020814,353451.37,159176.51
020901,39028306.55,2562892.34
020902,3271511.55,4021719.71
020903,116269.0,0.0
020904,5866030.64,21933036.23
020905,17901.0,30963.57
020906,185979.38,1262511.73
020907,3914.59,124894.54
020908,88591.77,530145.95
020909,1082469.04,1798067.32
020910,37432053.54,3629815.56
021001,10748921.64,126485940.59
021002,0.0,22421.35
021003,116555.91,1702655.88
021004,40137.01,28353.4
021005,95275134.85,16916454.78
021006,2618834529.21,3509520.53
021007,541068.37,186966.73
021008,8969927.4,2014109.32
021101,4390248.17,31264511.43
021102,42461450.59,669640.93
021103,386849.6,656341.51
021104,1472244.98,440323.27
021105,245288.97,1601233.15
021106,8330125.52,1042130.86
021107,39144.0,55442579.42
021108,373560053.73,21633911.44
021109,79088.35,10280071.53
021201,1113018.99,367945341.38
021202,1312503.16,5044120.24
021203,18169.13,202241.52
021204,0.0,17193.54
021205,0.0,49000.0
021206,265953.67,3578579.96
021207,33078401.52,6391638.55
021208,883610.71,1668023.7
021209,52092649.66,11930615.91
021210,1326.0,3775770.64
021211,13464608.37,6357061.06
021212,8711330.01,16902659.79
021213,65439.98,91031.54
021214,1657233.5,750750.36
021301,21083259.39,5654368.04
021302,11455454.27,49257311.76
021401,4174813.35,3081031.68
021402,395712.88,0.0
021403,430463.16,574665.57
021404,5350660.51,5662585.08
031501,0.0,75091.53
031502,350418.23,602180.41
031503,0.0,96096.74
031504,2003125.36,8167305.62
031505,111056.07,973709.22
031506,465823.66,209537.54
031507,26166446.6,776977.6
031508,58957.89,2514.74
031509,207897.11,7891507.91
031510,13677.0,287880.0
031511,83939220.49,2795659.65
031512,544819.28,9528354.62
031513,31347131.21,1624836.08
031514,265730.41,535146.24
031515,23357360.88,13826277.31
031516,30280876.07,36944459.35
031517,2958473.28,6741905.82
031518,5675130.78,7882847.44
031519,21225067.11,48576523.03
031520,378769.77,4939856.28
031521,381277.31,1285296.56
031522,278027.6,318612.48
041601,5348188.56,138052.15
041602,1020274838.87,3896154.29
041603,6856795.51,587101.02
041604,1637757808.6,18108536.73
041605,1198308642.78,15102632.67
041701,741667027.63,6070993.55
041702,20863493.86,25107242.7
041703,58973676.18,140979.6
041704,91605765.76,22989278.03
041801,227456.95,30332775.98
041803,1015332.35,4282130.11
041804,31000688.31,312103.76
041805,9789538.94,3746507.08
041806,11387957.59,30172847.13
041901,178801945.05,152392632.84
041902,149408605.34,6562935.78
041903,12448860.1,110493.23
041904,35812230.3,18351415.35
041905,143007488.15,46049661.66
042001,17482671.99,1545022.15
042002,3087082.53,3736064.58
042003,2997822.71,4688317.11
042004,24164861.99,13173472.35
042005,197172353.1,8031129.52
042006,37165741.73,2464863.11
042007,10639542.09,3730016.22
042008,719761789.74,57064763.43
042009,179921331.51,23145349.93
042101,51114091.76,34555131.5
042102,4536132.22,4866796.64
042103,203655929.41,23200456.61
042104,29684863.01,3739093.11
042105,20546633.31,4450388.94
042106,431279802.26,162957252.41
042201,1680776.34,431983.1
042202,172541128.01,3433295.25
042203,55607371.52,18460579.87
042204,6315909.35,26579183.25
042205,28623.33,196623.68
042206,1482017.05,1940718.75
042207,9116356.33,9347547.39
042208,26879320.16,156220652.86
042209,627674.27,643854.07
042301,61107456.25,40496008.1
042302,2744802.18,2700182.85
042303,19950639.15,1558558.8
042304,100245.36,379177946.57
042306,459312.16,44327199.33
042308,12586220.19,234812.99
042309,522567711.52,146980770.28
042401,113805266.15,22755389.71
042402,6786887.26,98230395.86
042403,182096.58,1133966.52
052501,8232880.99,1097978.96
052502,28985.59,95806.63
052503,343618.04,7120293.96
052504,12686.1,1218492.24
052505,1125910.53,3581981.9
052506,48128.36,346511.5
052507,2681666.6,20759540.88
052508,5038385.59,11274535.94
052509,154972.66,8479.03
052510,209590.39,2053460.68
052511,3814266.54,3610695.95
052512,266966.44,2886628.38
052513,155221.94,3395818.9
052514,20191.97,38789.09
052515,422380.25,2773724.01
052516,402763.7,17394150.62
052517,888238.43,1256040.71
052518,9947602.3,1093316.55
052519,187473.34,13082166.16
052520,119506005.89,1183792.77
052521,11751751.84,74954.19
052522,1280811.12,195215.7
052523,631011555.4,3082058.36
052524,0.0,39075092.98
052525,17777.58,2013021.15
052526,2096255.34,17224453.68
052528,24027.52,1471057.4
052529,12987801.08,3249642.71
052530,2402017.11,6329392.11
052601,9364562.09,706554.47
052602,135848.47,838457.2
052603,10568.89,61904335.44
052604,211185.94,2804.42
052606,3933.5,4203111.18
052607,196974.58,20206.45
052608,58718.68,102291206.05
052609,48457.35,32487324.52
052610,0.0,150944.18
052611,3662256.6,226062.0
052612,640703.22,0.0
052613,14633.93,77039.0
052614,964760.44,1853895.81
052615,7527254.96,32471029.32
052616,5419.0,3229.0
052617,44545.29,311826.7
052618,14168.65,199074.67
052619,6565550.82,337123.05
052620,63865711.4,17772187.42
052621,11642491.64,8109282.31
052701,667973.15,395147370.27
052703,22463.41,669101.67
052704,24937.2,9885456.37
052706,9482.73,221836.68
052707,440331461.28,317304287.53
052708,7915.9,1906104.64
052709,1570192151.91,16787688956.34
052710,4129791029.11,2118117994.62
052711,388526371.82,1866282784.13
052712,28297418.87,24906880.47
052713,164711472.36,26429396.54
052714,19156855.6,191597.0
052715,7226438.02,1472297.85
052716,29193936.0,251173339.42
062801,840169.65,666067.32
062802,89144.82,861089.28
062803,114478886.27,28420268.86
062804,2736451.32,56669252.05
062805,614047.29,1375544.97
062806,228956.33,517874.63
062807,1553366.56,4910055.04
062808,695770.49,2656523.07
062809,53659.54,31457179.24
062810,5712.09,426695.48
062811,16610635.45,28419398.01
062812,48514.45,548946.8
062813,35200.0,29415.86
062814,80141.84,84557859.69
062815,16397864.82,32295515.6
062816,18823.0,807612.96
062817,4939093.15,31626071.69
062818,1732182.65,55022922.99
062819,483173.58,4048811.08
062820,73209.68,3106175.69
062821,1675782.69,5492592.84
062822,3020.0,1707650.74
062823,1001845.58,15609831.49
062824,3566675.66,10809130.04
062825,1651130.92,15991741.41
062826,311073.29,8531161.08
062827,669787.97,35714524.94
062828,259803.36,4971664.18
062829,70229.25,9133049.77
062830,46041.2,4486653.04
062831,822272.54,7046998.3
062832,14724089.37,2479295.12
062833,11223198.95,47874753.91
062834,298513.86,13055793.12
062835,22494288.56,42443784.69
062836,18489121.66,102995616.82
062837,79913.0,8134981.7
062838,0.0,450244.74
062839,1200496.65,6113705.29
062840,98117.19,1541965.87
062841,417163.97,8996361.12
062842,10819442.26,5941461.72
062843,808272.0,92960553.83
062844,669453.33,5605385.03
062845,0.0,39787.98
062846,39530.0,75728001.93
062847,12427969.66,997956.87
062848,38166.0,681711.34
062849,246550.68,6321941.12
062850,252320.0,350344.44
062851,1739735.09,624377.76
062901,277396347.98,137158936.21
062902,623394296.58,683520418.8
062903,2608609.37,167399914.18
062904,216006.06,3913273.74
062905,86156871.76,602975894.65
062906,583513.6,17329259.45
062907,9013360.07,293478823.83
062908,43949.3,3174536.17
062909,28840403.11,90935911.03
062910,4006538.52,47810387.3
062911,183576.73,242666.5
062912,361846.09,5153792.6
062913,58184.0,126713.16
062914,866513.08,80668626.83
062915,8233950.48,181828557.74
062916,60424235.75,132451069.5
062917,1089999835.21,121007313.13
062918,11411842.09,42348517.02
062919,60739.0,8673822.94
062920,92466.0,7944209.86
062921,1499258.78,40661755.18
062922,118140686.75,79268961.38
062923,813483.11,35038854.46
062924,2266466.83,26633758.95
062925,128649.62,6558634.13
062926,521798.38,201914512.36
062927,2435592.9,7165655.1
062928,479652.91,4787703.69
062929,2784542.5,51578842.93
062930,622118.68,70149144.46
062931,17591450.28,22379778.58
062932,17335799.58,18731565.76
062933,149164621.82,112921575.8
062934,12726569.22,38835503.85
062935,124578.0,3121529.5
062936,11585566.48,37446177.65
062937,329754.93,4282790.35
062938,68665.0,849831.19
062939,378063.93,3972934.21
062940,34591329.58,1125900.01
062941,12994496.83,67030974.96
062942,1759906.64,7797617.24
063001,1277723.44,3138697.07
063002,6401856.72,69822127.23
063003,12653458.49,33018242.0
063004,129795055.57,676821784.71
063005,52337321.48,9364955.59
063006,6052743.91,40190675.5
063101,805514.21,993304.11
063102,36926800.9,415963561.41
063103,791483.2,7357614.83
063104,107881.75,91177828.0
063105,24839873.99,249669692.32
063201,363246.41,1695527.37
063202,5516989.74,10402240.0
063203,523191.86,2563778.72
063204,102520424.96,155723263.88
063205,299432.67,1918796.72
063206,35531632.8,166934531.6
063207,16024912.46,57462485.48
063208,30561819.3,138950812.51
063209,10408724.66,24771898.71
063210,9607597.9,16004374.24
063211,4998657.74,1435332.53
063212,3762354.05,26828263.5
063213,3038539.06,1828984.88
063214,32260859.15,42052513.78
063215,9920890.02,108184554.55
063301,4708664.71,10545789.5
063302,53160963.64,213465154.16
063303,5487056.09,23668231.12
063304,182877684.03,125956308.16
063305,383538475.37,23053779.31
063306,79886040.86,19796891.58
063307,109263794.68,25437157.86
063401,59957340.32,20102283.34
063402,127148735.48,194317258.32
063403,13461998.6,82376389.59
063404,28269578.61,40170441.99
063405,7306395.7,35755844.03
063406,39242543.87,1548164.16
063407,3185121.85,1834868.61
063501,2089076.74,23142418.23
063502,4667.27,3030098.01
063503,457639.23,8627246.11
063504,815657.93,3465196.01
063505,397496165.9,13488427.28
063506,43652987.88,58946350.27
063507,12342270.89,19800784.07
063601,42260.0,2439827.25
063602,147185.65,13228274.39
063603,7383931.0,1297465.75
063604,6582903.25,6276972.37
063605,483319.9,115288.02
063606,6741641.39,2771598.11
063701,654835.23,43647872.38
063702,2586059.88,60821652.03
063703,1919119.24,30841802.78
063704,1699971.02,236709.56
063705,115083.23,852731.94
063706,11505961.93,4976544.23
063707,22589424.65,44208239.02
063801,235105.81,6318057.38
063802,9316882.83,19134576.93
063803,160889.77,323137.81
063804,131459.47,969186.47
063805,104854.1,335606.52
063806,315094.28,12528788.01
063807,23183.3,587634.36
063808,66249065.18,307144323.71
063809,20074248.78,44483510.78
063810,7436039.35,37453542.88
063811,12048512.94,85088510.51
063812,33354575.58,71091966.09
063813,493024.73,1224305.54
063814,5640020.2,7465747.88
063815,181763052.09,167195686.61
063816,5648467.59,19423507.27
063817,688188.08,60906807.8
063818,12543631.24,4417546.39
063819,4258896.12,8312790.28
063820,1176705.5,1238698.35
063821,96508.46,5534731.91
063822,3111695.2,58162379.93
063823,141416194.82,504227180.09
073901,1060897206.55,342519776.42
073902,594069844.03,222234829.39
073903,623952799.57,288389854.06
073904,284196559.46,82668647.06
073905,7920144.37,55618257.71
073906,92673091.42,131335036.77
073907,1559285635.88,533480809.94
073908,75788152.49,139935698.91
073909,40670703.76,148421875.34
073910,193648233.48,83774664.86
073911,44788677.76,68298236.7
073912,8380814.86,31314574.42
073913,2614540.85,9147758.68
073914,1530986.1,9316942.52
073915,80422773.38,1570024.88
073916,5048361.89,18962252.87
073917,46386150.38,85099636.55
073918,56202445.53,8509500.29
073919,57378216.03,202761835.53
073920,425928607.73,272876402.19
073921,87779500.15,249278797.66
073922,4617462.61,8395915.45
073923,657252495.49,288869554.53
073924,158053194.04,17236255.87
073925,14520602.18,18747311.67
073926,373654661.57,845274967.32
074001,4672178757.19,4028942.12
074002,246971096.13,420579459.21
074003,2760296.39,3263771.45
074004,20357549.81,1244367.65
074005,306973683.24,26663193.93
074006,5918784.81,6075999.1
074007,161820659.4,3354497.56
074008,22243818.15,24449778.1
074009,112322532.9,67677360.78
074010,53586854.77,38894133.03
074011,1103039126.36,123347290.62
074012,38600713.88,10112037.69
074013,46391359.74,19466560.7
074014,102640343.07,5595807.82
074015,759221486.75,19950570.06
074016,346255510.64,246181149.87
074017,8096769.29,5814213.95
084101,3778579.02,114625539.28
084102,345264.53,2901264.87
084103,7559636.22,17420164.87
084104,360217606.02,301649671.9
084105,1564590.73,27957363.96
084106,436505.55,1117267.85
084107,11366340.69,5266980.7
084108,71037.0,329181.31
084109,10121934.0,5991570.16
084110,747752.18,141106.11
084111,1556510.7,1185966.2
084201,2837293.98,219874.69
084202,239094413.23,75346146.28
084203,57324045.9,5049815.25
084204,1044508.22,239386.03
084205,31976465.34,5155654.58
084206,231681.91,69756.56
084301,2414.0,52683.0
084302,2398712.64,3982095.01
084303,129321.65,266654.5
084304,643591.27,835548.44
094401,21699835.43,1031318.27
094402,2235051.71,2270653.74
094403,4777846.97,107929199.85
094404,44324.08,179949.2
094405,147179.56,193326.03
094406,0.0,41107.55
094407,275892941.33,344550481.51
094408,14773212.36,25431431.17
094409,40726088.58,10895896.18
094410,224607847.4,5824585.02
094411,187033772.81,11013046.16
094412,40485184.69,64358452.75
094413,1570710.42,1442366.15
094414,113572470.95,2975233.55
094415,5989216.1,5111621.51
094416,247371.23,75073.57
094417,198468.25,468095.45
094418,73741771.61,15107776.55
094419,52671599.03,691402.11
094420,77095713.25,2715772.34
094421,46130852.83,8097205.38
094501,5935.15,170370.87
094502,15678.0,5718.0
094503,41354.0,148874.04
094504,41754.58,1680222.69
094601,4475425.64,555031.9
094602,10428695.15,2483254.21
104701,162879.23,199082.73
104702,319499.17,19984199.98
104703,96703980.83,211807681.3
104704,4953529.41,2704470.04
104705,242909.53,15891639.99
104706,26173099.01,11331573.43
104707,3448904.51,135146000.15
104801,13575522.38,64661548.26
104802,278411868.72,85465467.74
104803,7034270.45,6370825.17
104804,80930764.76,51531791.8
104805,131509955.93,31822940.79
104806,3033360.46,11592036.37
104807,3688790.0,3493247.3
104808,5085272.31,9309819.72
104809,39168361.39,11143608.56
104810,37295762.59,197639320.86
104811,121468291.27,223194186.26
104812,6397568.54,725593.2
104813,112499.78,4342421.05
104814,853598.22,6459929.23
104815,198331.23,62774.71
104816,82717218.9,9972803.8
104817,4816632.3,2569618.11
104818,230360971.9,62311416.09
104819,103499117.19,46411167.53
104820,22961593.92,8570152.38
104821,13133984.06,46221580.2
104822,238768.04,1911812.29
104823,40817008.97,77650702.99
104901,68897014.88,57887296.6
104902,5097808.57,6666524.46
104903,9349413.26,1575486.52
104904,5308.09,154422.6
104905,4242426.08,434865.56
104906,1307600.67,6069314.48
104907,18779680.84,6900682.19
104908,2780108.69,11227743.19
104909,4755399.42,515620.87
104910,1949695.3,846887.02
104911,46353461.98,37947717.4
115001,35977.87,336264.55
115002,753727.21,1234536.51
115003,718509.71,2718330.22
115004,173743.5,5974093.66
115005,11206457.22,2772797.75
115006,999689.03,61186.59
115007,16794625.73,4861425.63
115101,746615.07,38674899.94
115102,0.0,9809.0
115103,1611968.07,61741.5
115104,0.0,44586.57
115105,12503447.29,6730238.28
115106,2205158.46,6479316.13
115107,48708903.85,6888866.48
115108,128908.44,360159.48
115109,387172.0,499678.25
115110,11881.0,1395.0
115111,751935.6,12329516.32
115112,672711.42,21070635.16
115113,0.0,11702.25
115201,1110515.88,334395202.16
115202,6401145.63,1910990.59
115203,758272.77,1199164.48
115204,15447379.84,3820165.03
115205,167922542.61,40615519.99
115206,26460542.96,8396578.77
115207,3071985.02,1717041.48
115208,248498682.9,165924115.43
115209,52342521.56,63907747.29
115210,61243027.56,28169300.59
115211,14858359.3,10910830.01
115212,21498976.46,9574189.9
115301,82042.3,30136.73
115302,1174.46,5373.19
115303,287698.3,5626954.65
115304,27986.1,68907.77
115305,2696402.71,130788.4
115306,15972.0,424268.46
115307,888335.77,323828.89
115308,136096.02,516684.27
115309,6058680.96,18419866.27
115310,673745.1,38420.28
115311,231825.74,1906510.91
115401,11733419.32,11480014.53
115402,361990544.63,257930703.32
115403,10805320.68,9309317.59
115404,6219301.9,12628136.48
115405,0.0,37026.0
115406,19331775.07,1257106.24
115407,223541219.24,156563744.62
115408,9076487.59,10235614.36
115501,39297962.96,9731175.56
115502,5739.35,9694424.26
115503,333054223.76,63473148.38
115504,64583057.71,4327273.71
115505,4221671.46,2674198.75
115506,8571375.3,2762246.05
115507,122131.37,132867.0
115508,15906958.82,5277425.14
115509,127943318.41,39373673.69
115510,76231808.84,1983082.53
115511,4086458.81,215243.16
115512,59003312.05,20419074.12
115513,143604514.37,37919178.2
115514,41552571.97,7419814.0
115515,47811925.01,34411401.25
115516,64000293.59,47018577.8
115601,57037151.34,20201824.68
115602,9152757.16,11156102.6
115603,79855732.46,91126941.3
115604,5557693.59,2078630.32
115605,280068.24,1985381.27
115606,2055510.0,1709072.16
115607,26270577.38,9054070.78
115608,70472253.91,4703443.63
115609,2297000.36,1281985.3
115701,3607096.43,460954.98
115702,23889468.43,3904665.22
115703,90068494.1,3338423.84
115704,8620558.91,621168.6
115705,10269203.67,2769978.0
115801,8412339.15,19734552.87
115802,445927.54,1236391.99
115803,615653.84,216909.19
115804,46834724.24,26094182.32
115805,128041.74,9302.0
115806,20290523.77,37699264.77
115807,9237494.36,21762329.31
115808,4258336.41,1668264.08
115809,283517.0,153231.26
115810,78537849.3,29116600.58
115811,521581.86,3060646.51
115901,1454794.58,1082258.21
115902,78567960.05,71664431.06
115903,42451311.32,62847039.1
115904,1579633.98,69167.79
115905,69266.22,118832.71
115906,4478957.34,24942673.54
115907,1905874.21,7001917.54
115908,0.0,123128.33
115909,1089802.24,1987564.07
115910,831018.91,3349358.01
115911,22199934.73,57011436.86
116001,42737064.84,38577600.04
116002,123842032.96,334629621.87
116101,26878662.97,1078484.1
116102,30537874.0,992572.71
116103,157593231.87,3414323.91
116104,120400876.67,6043178.04
116105,217990905.99,4539240.31
116106,88281283.5,5445283.12
116107,152881388.53,1095776.5
116108,207303372.73,5840838.66
116109,399778430.15,18785027.04
116110,590992474.45,15862386.95
116111,213668285.96,943394.81
116112,39823379.26,1336713.16
116113,62724728.34,327009.42
116114,45321965.37,2057737.19
116115,68819157.25,2780388.3
116116,24020349.72,3469679.25
116117,14170641.19,21453734.63
116201,61985130.96,2081349.82
116202,48977597.91,1558586.68
116203,265504019.43,15667852.9
116204,485017675.55,34871196.59
116205,154001886.0,8603621.85
116206,118026987.71,11144215.5
116207,45453450.64,919108.84
116208,17908576.0,4030183.37
116209,53964734.86,547943.42
116210,63945498.9,3888214.4
116211,78439175.75,10986872.55
116212,340239438.96,42819593.02
116213,3157470.41,190955.54
116214,4719499.28,1481349.93
116215,782986.53,2618774.55
116216,3785167.69,1020648.19
116217,11517545.82,6100678.11
116301,24706950.63,5243397.05
116302,108398377.09,5704729.87
116303,19093320.01,922843.62
116304,29888282.48,2056276.86
116305,60635944.21,11660790.24
116306,9087573.34,5810863.6
116307,77232786.79,42566780.29
116308,874984.14,578240.69
116309,8866345.38,11946863.95
116310,3789284.06,1929986.03
126401,5244384.28,701681.03
126402,208520922.25,24805411.24
126403,728306201.9,25700893.31
126404,152263072.32,13452841.53
126405,17422969.5,7496536.3
126406,14592385.03,38693136.69
126501,424488.0,0.0
126502,37232.0,6863.0
126503,21335.12,48151.19
126504,223889.82,155540.73
126505,24175059.46,1725734.37
126506,25035723.65,2771890.12
126507,1557233.92,1055810.11
126601,2367316.4,5351555.27
126602,118470.16,50934.57
126603,1071788.61,2320657.24
126701,424163.0,374108.35
126702,26910785.12,1727794.22
126703,1289009.41,1152838.89
126704,30303281.63,823207.82
136801,440451.8,174692.35
136802,4720841.25,12653299.42
136803,130122.51,223846.16
136804,60324919.67,49672751.49
136805,14172918.35,33769710.26
136806,7055055.16,13956184.67
136807,778916.43,3447881.41
136808,2623590.8,325155.6
136809,59199374.62,1684149.11
136810,12119670.39,10743880.19
136811,25084479.05,690745.26
136812,3210369.02,3173839.69
136813,8284521.26,14342641.81
136814,742436.0,1673074.07
136815,7125841.14,31107538.0
136901,363790.98,520737.64
136902,23531109.85,37265049.57
136903,8215389.22,17619043.03
136904,1699738.01,585759.52
136905,4336377.56,205634.82
136906,301428.59,1107251.89
136907,10745555.68,23052348.15
136908,104015937.86,44159371.25
136909,11111598.38,59232787.91
136910,133789404.59,3991777.26
136911,74901193.63,4852383.6
136912,128389344.31,1725520.95
136913,37840188.2,1492016.47
136914,19221193.35,39886042.95
137001,3612828.27,6059493.94
137002,5345395.08,9392504.03
137003,20614556.98,7460965.12
137004,2674095.49,669233.34
137005,169070692.22,33269079.44
137006,98841000.56,58441906.01
137007,60079714.42,19729759.77
137008,3205999.01,2508953.7
137009,36528128.85,19700502.91
137010,14929308.7,15150581.5
137011,64462022.25,16096374.2
137012,78821.92,357879.85
137013,70663524.13,22283456.85
137014,16509629.48,25280189.56
137015,6783444.23,7430080.67
137016,4160925.52,8666558.68
137017,121662.27,3660035.0
137018,4428185.15,22756391.89
137019,30318496.97,81811607.99
137020,6511386.82,49019553.87
147101,19624589.15,14299726.27
147102,694045344.1,1260121262.72
147103,486657141.98,192444924.55
147104,43631126.42,38003961.05
147105,997754.47,3424984.26
147106,23784124.08,206639489.98
147107,152449.27,567443.25
147108,832417924.97,2004937966.92
147109,1034918.6,3382068.0
147110,648756.18,28350299.4
147111,1239938.0,9894.0
147112,93488289.55,976236.8
147113,2158488884.89,184537067.4
147114,10451604.29,3317562.68
147115,4886067.14,22527998.74
147116,29567209.03,6856734.1
147117,258578632.71,18371497.9
147118,112476.0,22628891.0
157201,4597.95,86145557.7
157202,1026189.73,75164958.87
157203,435273.1,252690.22
157204,195972750.11,334719728.02
157205,16980711.96,18246658.24
157206,93035.09,445651.66
157207,15397193.0,999993765.08
157208,555370927.38,1067959905.01
157209,104729132.87,433031798.15
157210,131298204.56,1053359926.12
157211,2363726.92,57218608.04
157212,12308970.77,48889224.91
157213,13617413.85,221973185.28
157214,40056647.7,167539024.25
157215,61506403.95,32412021.35
157216,178790414.24,13965900.37
157217,34298881.79,65480572.95
157218,592366.62,638300.63
157219,226351228.39,632543427.02
157220,14429551.92,76213928.91
157221,1592057.04,94424132.13
157222,13624905.73,83682634.42
157223,33170253.16,30030742.04
157224,915075.95,24511215.83
157225,29891749.88,221771849.72
157226,3318899.79,60780577.47
157227,7254094.86,65548853.76
157228,16607664.28,167712413.51
157229,6694553.29,23094243.27
157301,24598134.03,873268.97
157302,8238579.3,16849937.01
157303,2195337.51,2392988.49
157304,56241961.87,551889038.23
157305,14821264.34,126259143.52
157306,186813139.91,190587854.91
157307,216850339.78,140396378.86
157308,326906402.35,186485715.72
157309,17066524.62,15168157.1
157310,54902507.2,22150607.76
157311,58149491.88,44556539.85
157312,92803960.78,41542251.16
157313,255643.25,4810077.71
157314,23383464.09,15830018.09
157315,23768882.07,33322926.25
157316,845554.13,1263326.4
157317,4980723.38,2961632.98
157318,236493689.09,471509302.62
157319,1817131.81,5186019.05
157320,50954065.08,64819720.27
157321,11122260.26,12205004.12
157322,5125297.55,4078929.39
157323,138660204.32,18345861.31
157324,27123265.03,5923690.81
157325,37233716.52,13310232.06
157326,282414820.38,985722563.67
157401,27677132.7,78674.07
157402,17441709.16,290994310.09
157403,214977670.11,1341059223.55
157404,294649101.51,33687091.98
157405,87396.0,1089846.22
157406,1178508.86,7430927.69
157407,104145809.36,95062993.91
157408,20363074.18,264407451.69
157409,84633695.34,233814980.15
157410,44648972.94,154789975.34
157411,151527008.88,113326931.59
157412,43703958.4,12662248.37
157413,678409.4,3772304.38
157414,592657.19,906544.63
157415,2166771.15,10137007.0
157416,51270.23,218572.34
157417,41066.0,84069.0
157418,34369003.16,11082473.85
157419,39583183.25,63536874.82
157501,22031.0,3791700.0
157502,822287.0,42506652.0
157503,6357008.24,1781201.19
157504,45494.0,2302966.14
157505,13889.54,5933568.71
157506,450870.06,7172231.27
157507,298384.36,1627160.14
157508,871755.43,3669387.85
157601,76888829.64,961687212.86
157602,57763334.66,97244562.43
157603,3748974.93,2373842.7
157604,51669109.71,59073982.86
157605,361521.59,14415500.89
157606,24868547.25,325541567.74
157607,21848760.75,183493967.1
157608,17258407.27,44589835.47
157609,9108868.4,6723165.9
157610,312119882.68,20270008.01
157611,780810.77,338813.84
157612,59215614.48,26445648.04
157613,569738.68,778929.12
157614,2147712.19,1712406.79
157615,186552124.91,3958452.97
157616,86500927.4,264102332.42
157801,3649458.43,119077053.16
157802,1023202.93,108707.0
157803,27322.43,5233178.54
157804,386183.0,867234.92
157805,11155.0,2571206.28
157806,1086124.19,2122598.41
157901,19420723.55,97844123.54
157902,4109502.03,388354.96
157903,2379295.62,8169514.15
157904,165256.93,3139386.29
157905,3956213.58,2049995.05
157906,410495.86,135946.89
157907,6641281.66,10560335.62
158001,231378733.55,171772161.23
158002,428214.78,51153.0
158003,23450784.9,2365282.27
158004,345168.7,479456.02
158005,1117054.87,94768.83
158006,0.0,2236.0
158007,4990264.94,1043074.96
158101,3746223.99,15655497.89
158102,14773.0,3911753.76
158103,44914479.4,37638268.11
158104,202671.0,3906268.58
158105,54645.16,6277603.49
158106,86516.0,900245.48
158107,21666.45,2017.0
158108,1418627.81,8015048.14
158109,33969.63,492034.82
158110,893805.6,2496690.52
158111,25624.0,2355709.93
158112,264232.48,3026455.95
158113,278110.36,242835.34
158201,5644204.89,2434210.65
158202,9072587.58,20466637.44
158203,4950658.24,12437151.32
158204,1073846.72,10166759.05
158205,18341293.36,39745321.22
158206,2567171.39,2387740.68
158207,76565354.77,290131867.06
158208,2632964.62,50231661.28
158209,7737697.28,37126436.7
158210,1762028.88,629335.88
158211,8400997.67,5909056.83
158212,230865.94,10433984.58
158213,173847.05,2097763.91
158214,1323222.95,3586183.89
158215,16616322.91,3851944.56
158301,158697483.59,68332865.65
158302,122620438.02,86612311.61
158303,13878119.2,4562865.3
158304,3106230.59,484359.86
158305,5850328.96,6716448.38
158306,35268549.84,2155329.92
158307,6163957.63,6090340.08
158308,7044673.64,21547233.42
158309,30666777.91,21743787.25
158310,3879872.04,5684118.34
158311,23771096.73,43691700.02
168401,81185.0,243807.0
168402,33245985.1,54973806.94
168403,6176687.35,3604184.78
168404,4412793.62,17303289.76
168405,29096212.69,6416543.28
168406,11784406.63,49031517.85
168407,618704886.48,273481093.45
168408,246648585.34,516572021.43
168409,554645856.06,780679936.44
168410,527280.72,1230147.93
168411,120318079.71,641163077.17
168412,17137028.66,63804454.73
168413,234986136.6,382091035.17
168414,783840052.24,789073663.42
168415,2285680659.6,179735489.75
168416,3645129.25,21489910.37
168417,13402604.48,56904470.37
168418,1079740928.79,158221267.41
168419,305519883.55,263913183.95
168420,2563382.0,30352034.65
168421,309514958.96,332677490.59
168422,43864349.06,190271239.32
168423,2817279.46,19881443.83
168424,33805990.66,170021250.92
168425,12829991.95,32701995.03
168426,12359546.69,109198942.63
168427,12429296.04,117238540.55
168428,190989553.89,232641965.79
168429,234313170.33,169957226.72
168430,16679513.26,50144196.64
168431,154115164.76,221609351.92
168432,3795720.4,14487635.39
168433,7556235.92,20217407.85
168434,2457402.29,2453685.4
168435,800530.12,1092814.28
168436,8305872.84,34389248.42
168437,15435965.98,27570596.35
168438,36008191.75,93318924.8
168439,4571428.55,72283968.34
168440,206310.19,6157795.11
168441,10778819.8,55113873.02
168442,5599994.15,23106203.57
168443,58647549.28,160886743.42
168444,904982.39,10224560.39
168445,7439788.57,66579930.42
168446,7231193.37,28741056.33
168447,5490497.01,87500465.78
168448,6438235.99,53543180.28
168449,290043.53,1232442.59
168450,643260060.8,83328397.7
168451,22325675.42,71518056.36
168452,101911645.52,82272119.15
168453,1845488.59,10071802.26
168454,8862449.25,51262384.8
168455,19958099.54,76590305.67
168456,130130833.6,53109959.74
168457,17481098.43,93086227.48
168458,39921292.43,152034839.9
168459,8167008.72,124578240.24
168460,28669405.35,109051965.6
168461,5919790.78,86721763.86
168462,12078487.3,360357512.42
168463,3774039.08,46611644.51
168464,1956168.49,45104395.25
168465,8018922.65,66471249.37
168466,52095863.44,143524153.75
168467,16143545.03,48692537.94
168468,8256489.89,17355521.49
168469,30089.85,758755.43
168470,9109227.16,35418186.91
168471,13149140610.61,1693991064.4
168472,34446681.86,89430278.03
168473,4251187174.31,4518495758.04
168474,54669203.69,89755976.23
168475,2659559.48,18077823.97
168476,29558956.96,3334348.39
168477,64610676.01,512391345.92
168478,244316.48,1727596.63
168479,150428489.52,967033996.78
168480,98606712.34,470028497.55
168481,326082067.08,470434468.55
168482,345810923.93,407168487.22
168483,168473583.59,405842465.62
168484,22559142.9,44527551.09
168485,54235131.59,124096953.67
168501,786734995.33,529625006.03
168502,19277714.13,167162948.75
168503,154887085.32,152629613.46
168504,1049882752.6,611971502.34
168505,182978208.83,179957986.8
168506,22284243.19,46704787.02
168507,165397467.96,67215078.04
168508,2285445.68,70814050.21
168509,54242371.04,27032289.7
168510,2619398.2,2040969.24
168511,165330526.73,160213373.76
168512,121666484.41,117552703.37
168513,17429748.39,6210703.09
168514,9637959.42,106232519.3
168515,45501836.09,176185371.92
168516,690507133.01,155566297.57
168517,3179398954.67,684185799.49
168518,215713941.81,139325127.42
168519,134376452.04,39355034.08
168520,23678764.97,17090820.3
168521,1279722165.08,317363408.4
168522,489182563.47,211586187.61
168523,167147343.87,1658381767.05
168524,42069497.23,136530128.31
168525,346572065.39,1474442923.27
168526,84999412.91,28556321.26
168527,986039559.23,82782736.55
168528,2018866249.62,197618046.4
168529,1505135098.05,1026562700.49
168530,48350981.05,7638963.45
168531,150956949.52,272576032.72
168532,354936023.12,388788480.58
168533,135807623.28,144833759.9
168534,1067294923.11,1024443760.87
168535,64854839.77,58126791.46
168536,688480804.49,981072729.79
168537,272703037.2,573168821.08
168538,170827231.56,167474440.2
168539,118339449.11,104691555.35
168540,227691352.21,500022111.66
168541,1299988983.27,1084904187.21
168542,7595280435.56,7871958511.4
168543,450192751.27,698931579.69
168544,899107825.18,705223823.93
168545,8050970.25,48521209.63
168546,22741382.11,24202553.85
168547,31319098.82,61364203.34
168548,206903277.34,79116490.23
178601,427995.0,99862.0
178602,1670584.0,1895691.0
178603,36747.0,120303.0
178604,309106.44,290614.0
178605,0.0,208628.0
178606,116579.0,59392.0
178607,3128410.47,8310829.29
178608,3097272.14,524360.7
178609,8314639.79,11641157.56
178701,40547523.91,240598016.89
178702,71580393.97,222239230.25
178703,2707693062.59,336934377.95
178704,4493680877.34,131802244.68
178705,11288826.03,75559924.25
178706,73316.0,232083674.6
178707,12760124.96,16292792.97
178708,2197300837.88,2472293470.82
178709,2582837.14,7133797.04
178710,2413945.12,1087635.0
178711,433393079.6,43449748.18
178712,61297110.48,6396663.32
178713,1162199.31,1152551.9
178714,506791877.48,183673525.49
178715,4760211.08,1192039.54
178716,39984151.03,35375741.73
178801,44749.98,605777.96
178802,139919908.0,781768710.5
178803,279918978.46,394655073.36
178804,18521.0,382817.18
178805,1099336.49,11435926.16
178901,123567678.09,35538215.34
178902,5392864.29,38600.18
178903,9713532.38,17262904.03
178904,14175175.0,3073201.72
178905,125571682.0,115004615.89
178906,411166.0,715685.54
178907,15531096.15,15187598.56
178908,670926.91,31073.04
189001,745204606.01,145846126.83
189002,344944404.49,85853594.32
189003,731813.04,9482261.21
189004,7905817.04,16752374.16
189005,416285.56,1833759.77
189006,151040271.04,56943918.18
189007,3220881.24,5390131.06
189008,4668292.72,1919634.0
189009,174176450.59,63832160.79
189010,4590502.44,21737635.89
189011,2911553.19,18570354.03
189012,4023035.03,7712348.49
189013,162087468.26,105007940.55
189014,2277870.95,6412638.17
189015,8884403.33,16814885.74
189016,541282.21,2737630.01
189017,28869169.05,25354701.44
189018,425466843.92,239348566.4
189019,7294616.26,24679586.7
189020,1291583.53,5981250.03
189021,20170945.83,55547487.45
189022,3842085.54,74685847.26
189023,2806502.41,12468460.03
189024,2915002.19,30159995.35
189025,4623995.48,27898438.02
189026,84012297.35,87039263.34
189027,99579383.85,131358023.13
189028,10632060.63,21347979.95
189029,102781826.01,49562255.71
189030,54590784.25,121961766.17
189031,123950585.61,593368808.63
189032,104569972.51,475036914.58
189033,26331373.33,76799801.87
189101,8619155.18,88472427.41
189102,374680741.14,91856090.28
189103,253293.33,328232.54
189104,222490.73,5306219.99
189105,22106757.61,5792318.61
189106,12724442.0,2587102.21
189107,812196.48,14059007.44
189108,58695226.93,13902581.6
189109,219832.95,566974.39
189110,20731229.2,29980559.87
189111,37151131.33,8698337.09
189112,215712.92,326815.53
189113,20161401.05,18469119.25
189114,111621195.33,100951112.53
189201,42973.59,5353179.6
189202,36938.84,3831396.8
189203,2136.0,121584.2
189204,0.0,201764.56
189205,29253.26,2873183.15
189206,16675576.93,2738177.62
189207,238553.9,7754377.7
189208,277706.11,568580.21
189209,3657370.08,3365445.56
199301,7928041.0,11855.0
199302,0.0,8449728.89
199303,97718.0,1539233.99
199304,17598.0,177231.67
199305,2175742.0,41740426.84
199306,6022688.0,6047648.89
199307,3133028.96,94477.0
209401,568687260.17,116996571.71
209402,2540116.87,6492522.58
209403,739895407.1,60226565.66
209404,59235525.72,6632485.31
209405,107730621.75,56281127.21
209406,29170889.67,23103614.82
209501,2644325.08,975123.13
209502,6577214.68,2423956.33
209503,262433763.42,37338386.69
209504,23049144.15,10757676.49
209505,67013447.51,1911110.98
209506,406801997.22,91966603.08
209507,43123099.23,17459474.78
209508,1420751.73,1668481.67
209601,1442252.83,563825.39
209602,16689319.2,2884628.8
209603,51225442.85,32567008.8
209604,6482.81,127519.79
209605,3755646.0,1593512.86
209606,8124293.85,21103143.71
209607,6926779.42,35106520.36
209608,31595490.0,33047950.06
209609,29051481.92,12503179.62
209610,2275022.34,147020.91
209611,1601246.41,2054219.07
209612,7993392.64,19581181.5
209613,19556011.63,8601010.71
209614,1183365.57,1124568.62
209615,11538005.54,3048064.58
209616,9443026.49,5480110.81
209617,33147282.56,2341134.18
209618,1745918.66,886488.46
219701,2885901.07,968660.59
219702,45564.47,96860.28
219703,4023810.66,214008.04
219704,105420.0,218043.16
219705,253874.21,487075.05
219706,5674856.92,1306280.0
