010101,1331246.0,2603387.0
010102,47191367.0,13739783.0
010103,67633835.0,2815788.0
010104,34206.0,928353.0
010105,3047216.0,20685304.0
010106,9974910.0,1333767.0
010201,36516.0,11342211.0
010202,55793514.0,73476055.0
010203,4225790.0,1232563.0
010204,19016.0,10152820.0
010205,41.0,0
010206,3599688.0,14136346.0
010207,197661823.0,3822480.0
010208,1712813.0,423283.0
010209,8853.0,729046.0
010210,83685336.0,15450559.0
010301,40876807.0,3577867.0
010302,34477087.0,77457892.0
010303,208237324.0,2371443093.0
010304,416710876.0,91234940.0
010305,125240814.0,11733213.0
010306,1534668753.0,91869584.0
010307,483903429.0,230318685.0
010401,23886796.0,4003008.0
010402,53825367.0,364955978.0
010403,55412749.0,60021319.0
010404,18740312.0,82739697.0
010405,1652778.0,48729182.0
010406,785903.0,42342072.0
010407,20526185.0,1301211.0
010408,8831756.0,3937297.0
010409,18701947.0,12324695.0
010410,8295031.0,81524012.0
010501,1658.0,443006.0
010502,787696.0,1188337.0
010504,1075192.0,3363902.0
010505,11755857.0,4805948.0
010506,8232748.0,2234279.0
010507,24048.0,73704.0
010508,3286195.0,1098633.0
010510,602088.0,437055.0
010511,10243990.0,38953609.0
020601,1329503.0,380731.0
020602,33702339.0,6104463.0
020603,75962068.0,18646193.0
020604,3531856.0,359149.0
020701,96348.0,23098165.0
020702,600015.0,347050.0
020703,17148518.0,33040199.0
020704,708677.0,40510929.0
020705,329286.0,2363142.0
020706,371296.0,44917363.0
020707,190106.0,46092.0
020708,4328507.0,4342156.0
020709,83596672.0,17824400.0
020710,108832982.0,7941787.0
020711,7034589.0,3920456.0
020712,7749170.0,64166316.0
020713,41280264.0,23506937.0
020714,1098579048.0,102102355.0
020801,30744985.0,58473254.0
020802,42593676.0,40348271.0
020803,13378672.0,3379827.0
020804,131062446.0,4679765.0
020805,6554822.0,131882638.0
020806,337972.0,109270115.0
020807,1087379.0,3310408.0
020808,2999755.0,189829871.0
020809,44329.0,8244845.0
020810,551480050.0,43142060.0
020811,46602692.0,14330855.0
020812,5793327.0,6654823.0
020813,395359872.0,2814667.0
020814,214245.0,352574.0
020901,6535989.0,68878816.0
020902,5741328.0,11529265.0
020903,330153.0,5142.0
020904,7488456.0,48825360.0
020905,59940.0,46956.0
020906,88153.0,2821632.0
020907,1829.0,628582.0
020908,206820.0,1845232.0
020909,331116.0,5510432.0
020910,25947122.0,6751730.0
021001,16411.0,825252513.0
021002,10739.0,36264.0
021003,21836.0,1525659.0
021004,31.0,39016.0
021005,91005552.0,36351675.0
021006,4632269629.0,11556363.0
021007,12.0,122681.0
021008,8428752.0,5223407.0
021101,11506841.0,113080722.0
021102,139282064.0,3212146.0
021103,192403.0,246563.0
021104,3975050.0,3287293.0
021105,1352602.0,6041265.0
021106,19640940.0,914814.0
021107,0,142329526.0
021108,1003835014.0,60678142.0
021109,314023.0,12146170.0
021201,1625550.0,1282024091.0
021202,243475.0,53597567.0
021203,88041.0,3282.0
021204,0,106841.0
021205,375.0,266.0
021206,180548.0,8004022.0
021207,18010150.0,17887140.0
021208,350924.0,1080735.0
021209,83244899.0,23820229.0
021210,17114.0,9644503.0
021211,14374951.0,16152394.0
021212,5792839.0,46087410.0
021213,1124131.0,539732.0
021214,905520.0,681598.0
021301,42492502.0,12432729.0
021302,5320267.0,95138421.0
021401,1844998.0,4027288.0
021404,4120852.0,51858136.0
031501,19101.0,45823.0
031502,1650378.0,2384819.0
031503,93.0,31590.0
031504,13946636.0,16151622.0
031505,8759.0,2966898.0
031506,31367.0,371637.0
031507,73533775.0,99111.0
031508,3428.0,117854.0
031509,52718.0,14988139.0
031510,89347.0,135806.0
031511,306230879.0,44064552.0
031512,1886066.0,27275608.0
031513,79772303.0,50254708.0
031514,157171.0,932630.0
031515,63697577.0,40065027.0
031516,42548238.0,111305864.0
031517,50477250.0,44577196.0
031518,14121500.0,19776706.0
031519,181859526.0,155513153.0
031520,32034923.0,34684285.0
031521,252284.0,2910219.0
031522,2765077.0,535174.0
041601,90905817.0,2548571.0
041602,2215285671.0,7309204.0
041603,9736306.0,468313.0
041604,3440774399.0,171072159.0
041605,1763748782.0,25175680.0
041701,3952642664.0,1327071.0
041702,50392959.0,73100837.0
041703,78053678.0,5049051.0
041704,192328542.0,68473374.0
041801,1988886.0,55538127.0
041803,31617.0,24183538.0
041804,20505226.0,512103.0
041805,36963985.0,34601481.0
041806,19875539.0,121904074.0
041901,280959928.0,419273842.0
041902,368028654.0,18688335.0
041903,18777821.0,65345.0
041904,79330002.0,41427867.0
041905,274640987.0,143101579.0
042001,15593434.0,3299602.0
042002,2360284.0,16990047.0
042003,1577005.0,1375066.0
042004,33747764.0,36017386.0
042005,285680259.0,46225687.0
042006,189740718.0,4303052.0
042007,30991764.0,8087238.0
042008,912069353.0,104157501.0
042009,427477683.0,67547069.0
042101,211851803.0,119175333.0
042102,5650117.0,24444788.0
042103,505767843.0,64046512.0
042104,56025109.0,11025568.0
042105,40777170.0,4873362.0
042106,875701360.0,487167141.0
042201,11053867.0,9042104.0
042202,647917814.0,18334722.0
042203,212652291.0,11750443.0
042204,25619700.0,47420929.0
042205,147364.0,764351.0
042206,2389135.0,4264884.0
042207,216341197.0,19594258.0
042208,92444364.0,243525141.0
042209,1388191.0,1930221.0
042301,70414488.0,153737549.0
042302,3251599.0,2364290.0
042303,92324073.0,90295633.0
042304,379212.0,1352068931.0
042305,2880.0,0
042306,13566178.0,131849991.0
042307,2.0,25662.0
042308,7282922.0,5824514.0
042309,1085518281.0,308136742.0
042401,86396132.0,26474178.0
042402,26253364.0,126910743.0
042403,119465.0,1429495.0
052501,13450050.0,5443804.0
052502,1203.0,112386.0
052503,2740799.0,24349417.0
052504,30691.0,3620835.0
052505,2619429.0,10505755.0
052506,61136.0,497262.0
052507,2845232.0,26308097.0
052508,10777340.0,26675918.0
052509,2311.0,56061.0
052510,117703.0,226884.0
052511,5329718.0,16986385.0
052512,137032.0,1297422.0
052513,117331.0,5775391.0
052514,9.0,18316.0
052515,703230.0,12376588.0
052516,501592.0,19692092.0
052517,465251.0,2252815.0
052518,16201157.0,335236.0
052519,62257.0,22161522.0
052520,184013525.0,4073596.0
052521,3656177.0,61941.0
052522,31220674.0,557255.0
052523,656851084.0,6719852.0
052524,30730.0,26828139.0
052525,57527.0,4500402.0
052526,7744827.0,57839187.0
052528,1701.0,631328.0
052529,21207389.0,5717983.0
052530,2731365.0,7499566.0
052601,19313674.0,2226808.0
052602,1661102.0,1691275.0
052603,203337.0,239018.0
052604,621770.0,4717.0
052605,160353.0,0
052606,5218.0,9244961.0
052607,18683.0,1096.0
052608,172455.0,98246820.0
052609,813732.0,12715742.0
052610,251.0,1801424.0
052611,4960080.0,58662.0
052612,0,3309.0
052613,5306417.0,29464339.0
052614,5882360.0,25035368.0
052615,8638083.0,93470747.0
052616,20978302.0,0
052617,4823418.0,5170694.0
052618,39608.0,687749.0
052619,9022780.0,761563.0
052620,6736032.0,7557350.0
052621,6110917.0,18565384.0
052701,895972.0,1469910834.0
052702,58924.0,512273.0
052703,462.0,2228536.0
052704,2160899.0,20724834.0
052705,2035.0,0
052706,156.0,40362.0
052707,1240245656.0,674292560.0
052708,16019.0,4051659.0
052709,1662198542.0,35843174091.0
052710,11388544922.0,3441579366.0
052711,143119367.0,5729378099.0
052712,46626066.0,48142555.0
052713,273059989.0,118498034.0
052714,1425099.0,1012716.0
052715,25002213.0,5132568.0
052716,156565052.0,500583609.0
062801,3262558.0,1370018.0
062802,378.0,1287653.0
062803,183078529.0,200173854.0
062804,73704030.0,147575443.0
062805,3960154.0,4845977.0
062806,2256921.0,664065.0
062807,6079404.0,19424856.0
062808,786586.0,11342400.0
062809,149606.0,61549883.0
062810,2675.0,4361500.0
062811,40870740.0,66584577.0
062812,55895.0,591835.0
062813,386.0,2012009.0
062814,440288.0,225890670.0
062815,33074883.0,65191439.0
062816,17247.0,2621819.0
062817,9927117.0,26604119.0
062818,1262823.0,82020085.0
062819,20601.0,7950576.0
062820,226044.0,16739619.0
062821,1325635.0,15721089.0
062822,26409.0,3202203.0
062823,565561.0,7825694.0
062824,9678856.0,4837212.0
062825,52581481.0,36774468.0
062826,15389768.0,7155743.0
062827,1816047.0,35598837.0
062828,335830.0,8122512.0
062829,29465.0,21003208.0
062830,97749.0,6755196.0
062831,62022.0,12727573.0
062832,28081023.0,3991648.0
062833,18975696.0,58706749.0
062834,1763720.0,27994426.0
062835,60190953.0,72286776.0
062836,26332687.0,193478138.0
062837,1100881.0,15638382.0
062839,12293836.0,18323273.0
062840,418593.0,10718123.0
062841,28932.0,18236361.0
062842,85362.0,3924823.0
062843,1674041.0,77625017.0
062844,407151.0,8813960.0
062845,74157.0,32319.0
062846,261335.0,9664623.0
062847,34051487.0,1916786.0
062848,6475.0,607494.0
062849,115115.0,15773105.0
062850,160081.0,1196888.0
062851,1458993.0,276476.0
062901,391345922.0,510714479.0
062902,1915732631.0,377909894.0
062903,64168169.0,190898878.0
062904,5507547.0,7783267.0
062905,134069536.0,631356457.0
062906,473526.0,51777551.0
062907,360370739.0,582980984.0
062908,46.0,19403517.0
062909,51892868.0,97324425.0
062910,700411051.0,28242473.0
062911,0,32955.0
062912,161898.0,13618706.0
062913,0,6880.0
062914,78392539.0,170801093.0
062915,9041835.0,306462586.0
062916,229696696.0,198857968.0
062917,1528838816.0,151682418.0
062918,193865677.0,86840638.0
062919,44767.0,7113916.0
062920,375069.0,20652276.0
062921,4994924.0,75499684.0
062922,267755611.0,232832727.0
062923,1238176.0,78704013.0
062924,3336554.0,55638756.0
062925,186738.0,17789188.0
062926,52134015.0,144515786.0
062927,9234012.0,19042340.0
062928,1164282.0,6378481.0
062929,652562.0,94859046.0
062930,11420570.0,196270340.0
062931,20142863.0,40110153.0
062932,21639227.0,46736849.0
062933,85873634.0,181985307.0
062934,446802.0,126079813.0
062935,77626.0,8900521.0
062936,37966324.0,129769080.0
062937,573602.0,11260348.0
062938,41611.0,2728543.0
062939,44386.0,9893968.0
062940,44720650.0,7567123.0
062941,17772698.0,130955336.0
062942,829994.0,6833342.0
063001,964621.0,2686650.0
063002,37528651.0,294771951.0
063003,10346147.0,51198869.0
063004,244016112.0,1397314800.0
063005,87999558.0,34617819.0
063006,13650537.0,87045887.0
063101,6247096.0,45312556.0
063102,67568818.0,1282204681.0
063103,6770305.0,9794661.0
063104,6250816.0,285891126.0
063105,52697475.0,1139477916.0
063201,134909.0,4557245.0
063202,2639927.0,17581180.0
063203,650786.0,14432958.0
063204,158175639.0,285362423.0
063205,1933236.0,4565531.0
063206,82379069.0,391170285.0
063207,19756989.0,68127682.0
063208,90288933.0,265398820.0
063209,22255021.0,68309376.0
063210,20029533.0,30427474.0
063211,13499091.0,3443823.0
063212,3202955.0,51403983.0
063213,3022648.0,2203691.0
063214,70617356.0,106913816.0
063215,84283260.0,181503560.0
063301,11522729.0,20600021.0
063302,89318600.0,461150139.0
063303,6781707.0,77786632.0
063304,391275293.0,410352252.0
063305,1039471445.0,67898906.0
063306,269501667.0,38551644.0
063307,204931521.0,72289761.0
063401,189889064.0,48255540.0
063402,397441108.0,371670744.0
063403,29171685.0,149727326.0
063404,47886318.0,78818143.0
063405,17836326.0,51707988.0
063406,29986879.0,3607976.0
063407,7870569.0,3511260.0
063501,480595.0,42824335.0
063502,36699.0,13731368.0
063503,6835208.0,14798674.0
063504,12196887.0,23671883.0
063505,630836260.0,45295147.0
063506,63391944.0,76542995.0
063507,17450410.0,56576161.0
063601,0,12104793.0
063602,12524.0,12443723.0
063603,1631928.0,9513130.0
063604,1634403.0,14983377.0
063605,437623.0,41224.0
063606,6499238.0,5651644.0
063701,1172309.0,56927564.0
063702,1880388.0,41480532.0
063703,2085193.0,27562441.0
063704,39694.0,114584.0
063705,276147.0,352942.0
063706,28616721.0,6117065.0
063707,17912998.0,60276668.0
063801,690688.0,20274631.0
063802,20657238.0,51765623.0
063803,52086.0,479985.0
063804,98032.0,4039806.0
063805,187403.0,613295.0
063806,5592334.0,15405339.0
063807,119684.0,624656.0
063808,151545809.0,626269819.0
063809,31087114.0,105534106.0
063810,11418868.0,49989914.0
063811,6489679.0,226282924.0
063812,30733925.0,185173700.0
063813,1780410.0,3498635.0
063814,9858692.0,17489141.0
063815,48704757.0,560000619.0
063816,10567265.0,33499113.0
063817,969970.0,147011075.0
063818,16577.0,90091813.0
063819,2718330.0,21528723.0
063820,7889992.0,7679431.0
063821,127871.0,14903119.0
063822,10572039.0,193552539.0
063823,306798497.0,378184405.0
073901,3525567101.0,727136667.0
073902,1133384473.0,668915184.0
073903,539043651.0,580365338.0
073904,390157671.0,220395561.0
073905,3998608.0,102001617.0
073906,160297622.0,265473917.0
073907,1959331589.0,1008168060.0
073908,220832301.0,310775385.0
073909,79584712.0,337941457.0
073910,154464512.0,120070017.0
073911,52752025.0,111284631.0
073912,98317079.0,79386171.0
073913,3346889.0,29891815.0
073914,480015.0,21531437.0
073915,212709185.0,15286560.0
073916,3892558.0,22223210.0
073917,92520682.0,228503577.0
073918,97439005.0,30868701.0
073919,116038657.0,342112888.0
073920,765485761.0,491313405.0
073921,197163323.0,362742744.0
073922,11065789.0,23651302.0
073923,1007667199.0,561551380.0
073924,226080513.0,72851825.0
073925,29010989.0,66584657.0
073926,856960306.0,1666521606.0
074001,8745795141.0,8347279.0
074002,279393496.0,1350749453.0
074003,1903423.0,7321591.0
074004,1409599.0,979761.0
074005,2143723786.0,49219228.0
074006,3772624.0,1922613.0
074007,347665763.0,148516.0
074008,33367933.0,36114953.0
074009,232251494.0,235331283.0
074010,128327155.0,89767261.0
074011,3301701818.0,416939745.0
074012,89053309.0,41604823.0
074013,98601443.0,32289058.0
074014,142505080.0,10541922.0
074015,1181091234.0,34985830.0
074016,695209870.0,504511369.0
074017,16790448.0,5826060.0
084101,805291.0,169096872.0
084102,141558.0,7393035.0
084103,7608000.0,46766284.0
084104,480304148.0,387782734.0
084105,1743160.0,22244338.0
084106,11755.0,2276096.0
084107,28206486.0,6044285.0
084108,26747.0,838536.0
084109,18473.0,2341059.0
084110,668331.0,126987.0
084111,754401.0,1300755.0
084201,2750597.0,746664.0
084202,293233552.0,346703776.0
084203,66104281.0,24393761.0
084205,70332941.0,38965114.0
084206,169506.0,139808.0
084301,1734.0,172347.0
084302,287992.0,1483698.0
084303,275039.0,863523.0
084304,1146049.0,594162.0
094401,353691056.0,9789115.0
094402,10933537.0,15255908.0
094403,989559.0,65651641.0
094404,14026.0,141236.0
094405,103494.0,422393.0
094406,1466.0,128454.0
094407,703658546.0,381362893.0
094408,3640404.0,26741696.0
094409,16952217.0,8040643.0
094410,282292680.0,3646903.0
094411,392957947.0,16319844.0
094412,15036177.0,135489506.0
094413,17579.0,2581240.0
094414,51054165.0,1586713.0
094415,10539013.0,5888517.0
094416,1696980.0,1127463.0
094417,680238.0,462907.0
094418,29900362.0,17510976.0
094419,31829178.0,4418114.0
094420,62177030.0,3780842.0
094421,30052182.0,18421935.0
094501,24279.0,156850.0
094502,1164.0,193.0
094503,73801.0,292788.0
094504,180605.0,1288290.0
094601,5767741.0,709433.0
094602,5449944.0,5890051.0
104701,136880.0,264860.0
104702,2820106.0,153427357.0
104703,19230155.0,266744537.0
104704,0,2089233.0
104705,0,275662.0
104706,41453025.0,46751607.0
104707,10771877.0,214016684.0
104801,12982039.0,63604758.0
104802,509988264.0,142137986.0
104803,7071079.0,34501865.0
104804,26180743.0,94446082.0
104805,160128548.0,55913014.0
104806,2369139.0,23388340.0
104807,348756.0,3138184.0
104808,5903946.0,7526758.0
104809,33506238.0,14741477.0
104810,16391664.0,291862095.0
104811,63292512.0,451036450.0
104812,6932716.0,1542679.0
104813,96797.0,10283470.0
104814,604720.0,14572443.0
104816,23232010.0,10809139.0
104817,7436392.0,3730492.0
104818,359286880.0,110590289.0
104819,175573111.0,104226629.0
104820,14482940.0,13425258.0
104821,26304944.0,54108378.0
104822,938454.0,4860682.0
104823,94114799.0,171528000.0
104901,30333143.0,82967401.0
104902,2936590.0,18252463.0
104903,5825415.0,4933182.0
104904,42896.0,525191.0
104905,117417.0,363465.0
104906,3052900.0,2636558.0
104907,5440268.0,29707358.0
104908,5021877.0,28340812.0
104909,1638615.0,526272.0
104910,969223.0,1895106.0
104911,35547225.0,55982853.0
115001,0,380810.0
115002,1604.0,231983.0
115003,140289.0,1743734.0
115004,32580.0,6222686.0
115005,3210479.0,225187.0
115006,123185.0,62665.0
115007,10695639.0,3116538.0
115101,2436933.0,2911376.0
115102,6674.0,35.0
115103,60458.0,73045.0
115104,65.0,0
115105,82010.0,16852896.0
115106,953921.0,13716863.0
115107,10185462.0,13619021.0
115108,4306.0,161399.0
115109,43978.0,1130238.0
115110,162.0,1969.0
115111,121100.0,6502786.0
115112,1132952.0,13993570.0
115113,77883.0,178559.0
115201,652989.0,748886030.0
115202,5704774.0,75010938.0
115203,13249.0,3218939.0
115204,727227.0,1594968.0
115205,126996157.0,63170280.0
115206,44116128.0,13522062.0
115207,3551340.0,1289019.0
115208,236320329.0,180303421.0
115209,130240024.0,27328836.0
115210,50992982.0,12552277.0
115211,23746473.0,19233974.0
115212,8980489.0,8176363.0
115301,8366.0,479534.0
115302,1405.0,25744.0
115303,160997.0,3507330.0
115305,15413749.0,180953.0
115306,28626.0,2076845.0
115307,123203.0,369491.0
115308,109228.0,1048218.0
115309,3652728.0,8574718.0
115310,112613.0,633438.0
115311,96378.0,1151339.0
115401,5136016.0,14159998.0
115402,417033529.0,493552190.0
115403,579134.0,6698465.0
115404,8898604.0,21286296.0
115405,74064.0,40314.0
115406,1176433.0,995617.0
115407,304978221.0,286025419.0
115408,5057997.0,8268575.0
115501,92172116.0,8716992.0
115502,498005.0,33912527.0
115503,415613814.0,169345669.0
115504,245491887.0,12390981.0
115505,8849949.0,5020633.0
115506,3220590.0,5310286.0
115507,4315.0,172694.0
115508,3235752.0,5510776.0
115509,155056372.0,68633003.0
115510,75412479.0,6407265.0
115511,2016934.0,1752069.0
115512,85932005.0,32804503.0
115513,154204921.0,16834776.0
115514,43064098.0,15238786.0
115515,33605134.0,34516351.0
115516,80853324.0,62135125.0
115601,49467984.0,24444100.0
115602,13185863.0,25177476.0
115603,148427678.0,155492043.0
115604,4535085.0,8927971.0
115605,87745.0,2512653.0
115606,195550.0,3571886.0
115607,38538974.0,23302950.0
115608,107184279.0,15549160.0
115609,688289.0,2856674.0
115701,2942842.0,855530.0
115702,33549142.0,6213127.0
115703,123065624.0,14239515.0
115704,998575.0,546475.0
115705,11598597.0,17014880.0
115801,2220179.0,20150529.0
115802,897911.0,1859214.0
115803,195775.0,304008.0
115804,70062543.0,30291042.0
115805,209700.0,7433.0
115806,28435702.0,63481527.0
115807,11706793.0,25082604.0
115808,3288520.0,4388804.0
115809,32776.0,165183.0
115810,83685803.0,24805447.0
115811,956164.0,5609041.0
115901,1214097.0,3961328.0
115902,63716643.0,225467799.0
115903,41215422.0,127719500.0
115904,202449.0,159558.0
115905,12928.0,249765.0
115906,7867858.0,21190910.0
115907,9873324.0,26623849.0
115908,189909.0,441546.0
115909,1487968.0,4993610.0
115910,1385046.0,11796600.0
115911,35182009.0,117378870.0
116001,42561073.0,32685215.0
116002,221854397.0,353371655.0
116101,24962654.0,1654401.0
116102,23218277.0,1749124.0
116103,150756487.0,7399150.0
116104,120628920.0,35059306.0
116105,149153812.0,15829175.0
116106,56877884.0,20634494.0
116107,119360298.0,4460616.0
116108,221518534.0,13820789.0
116109,384783553.0,50105848.0
116110,230860634.0,39523722.0
116111,132467928.0,6334419.0
116112,11312981.0,3001158.0
116113,55852590.0,505056.0
116114,29773431.0,4013032.0
116115,101321761.0,14199112.0
116116,14752498.0,11597565.0
116117,16776565.0,41768903.0
116201,54539936.0,4960621.0
116202,29478953.0,6506485.0
116203,211065491.0,43429849.0
116204,168685052.0,97918173.0
116205,113046539.0,24039764.0
116206,66587297.0,54846436.0
116207,14248324.0,4100003.0
116208,12436417.0,19761642.0
116209,40984465.0,1703141.0
116210,67289915.0,5501855.0
116211,45181014.0,8464255.0
116212,295431130.0,68802721.0
116213,4114128.0,989690.0
116214,6563370.0,11160181.0
116215,803517.0,2696290.0
116216,3108852.0,4109899.0
116217,4443151.0,7071944.0
116301,25965018.0,9889879.0
116302,67938329.0,30276316.0
116303,5128462.0,5939429.0
116304,20714734.0,8394571.0
116305,92472125.0,129574727.0
116306,16964439.0,14128433.0
116307,85871313.0,93051844.0
116308,3599907.0,417268.0
116309,18002135.0,44880079.0
116310,13755131.0,4446862.0
126401,5579601.0,1638684.0
126402,211197378.0,56392436.0
126403,343837515.0,80584716.0
126404,114613027.0,38071692.0
126405,16441694.0,16315685.0
126406,46723084.0,24165249.0
126501,22824.0,21943.0
126502,12811.0,50079.0
126504,2403640.0,1598067.0
126505,23329760.0,4504596.0
126506,34107790.0,5185962.0
126507,6042405.0,4109837.0
126601,2430508.0,16077922.0
126602,95834.0,424767.0
126603,261213.0,4491302.0
126701,34833.0,293142.0
126702,15947638.0,6449694.0
126703,722824.0,2254046.0
126704,21635341.0,3672356.0
136801,141222.0,487707.0
136802,7097082.0,1506255.0
136803,125606.0,779528.0
136804,118126224.0,80923406.0
136805,19116470.0,58242142.0
136806,9431570.0,32789206.0
136807,1183305.0,9887984.0
136808,12330974.0,230823.0
136809,65214683.0,1900466.0
136810,22630181.0,17235672.0
136811,85918996.0,1984728.0
136812,9599301.0,5246620.0
136813,20666292.0,31415441.0
136814,61729.0,2971352.0
136815,2950644.0,52493262.0
136901,846719.0,552388.0
136902,31194306.0,71836346.0
136903,10470051.0,30587363.0
136904,2755939.0,2016032.0
136905,10520108.0,414795.0
136906,46514.0,1434355.0
136907,6124983.0,173164834.0
136908,113146414.0,90460403.0
136909,146152141.0,157458742.0
136910,139559593.0,29083270.0
136911,77598701.0,9093695.0
136912,115022312.0,4741459.0
136913,20489988.0,2132080.0
136914,19032379.0,123423555.0
137001,2216131.0,845664.0
137002,3270529.0,4163627.0
137003,10003788.0,31605520.0
137004,10491389.0,4300871.0
137005,135690594.0,64708569.0
137006,10713508.0,142459935.0
137007,78050113.0,48418627.0
137008,1214041.0,7769213.0
137009,96649476.0,51112472.0
137010,34528700.0,78872386.0
137011,22210513.0,5173230.0
137013,105723945.0,39858938.0
137014,3707495.0,3916665.0
137015,15492855.0,17342964.0
137016,9198029.0,18139561.0
137017,2169793.0,9104664.0
137018,7302171.0,39563532.0
137019,33795577.0,142246773.0
137020,9548030.0,90838850.0
147101,11817047.0,18050890.0
147102,1492620014.0,1062112666.0
147103,611387568.0,289644017.0
147104,119222962.0,96261828.0
147105,813579.0,6451975.0
147106,14886880.0,684368541.0
147107,675.0,298641.0
147108,6637622119.0,10742256149.0
147109,237543.0,26854.0
147110,2073553.0,52415929.0
147111,244607.0,4216.0
147112,80298889.0,143402.0
147113,3767198266.0,731872105.0
147114,6742144.0,8448466.0
147115,11093398.0,32337343.0
147116,15278107.0,12627258.0
147117,375023520.0,45350543.0
147118,467501.0,84643.0
157201,1098158.0,97116639.0
157202,336110.0,151552172.0
157203,1358897.0,25768.0
157204,266988423.0,735113738.0
157205,32431358.0,52100232.0
157206,1268236373.0,375288.0
157207,30655360.0,2395256851.0
157208,27207492.0,2166553027.0
157209,31158580.0,706005335.0
157210,96623125.0,2676506450.0
157211,6101489.0,69576446.0
157212,12102813.0,128720531.0
157213,25723613.0,276782463.0
157214,99351076.0,306873738.0
157215,18640267.0,68501153.0
157216,307393195.0,28001109.0
157217,53340325.0,160989743.0
157218,259303.0,689467.0
157219,148355552.0,807462346.0
157220,25537909.0,176314033.0
157221,545242.0,127540559.0
157222,16160094.0,170997675.0
157223,33222327.0,66428214.0
157224,1646176.0,681562.0
157225,8879490.0,1423483050.0
157226,3188878.0,44604287.0
157227,323598.0,580257207.0
157228,65441812.0,526204201.0
157229,97090888.0,77849373.0
157301,18367473.0,5225760.0
157302,2360797.0,104598116.0
157303,2425437.0,5370132.0
157304,159067385.0,729715462.0
157305,72058176.0,174744598.0
157306,304007593.0,324474511.0
157307,250905157.0,370362140.0
157308,765472119.0,231599473.0
157309,23240999.0,52142188.0
157310,148267890.0,89047879.0
157311,152816018.0,181856762.0
157312,297948697.0,141865484.0
157313,4840600.0,569324.0
157314,52483327.0,48296751.0
157315,60051920.0,106732874.0
157316,1159195.0,2121780.0
157317,13994258.0,6791498.0
157318,451524109.0,1173015143.0
157319,1329529.0,7499047.0
157320,89526474.0,160965804.0
157321,50052986.0,32116022.0
157322,3653026.0,10311305.0
157323,128652787.0,49330087.0
157324,14685555.0,18763947.0
157325,125637123.0,13960457.0
157326,1301888188.0,2655884711.0
157401,28344.0,495509.0
157402,15628.0,4257221.0
157403,6584028.0,2013891769.0
157404,624030035.0,69520559.0
157405,5600.0,3723284.0
157406,1252472.0,13608167.0
157407,232200463.0,104679245.0
157408,52163355.0,479576813.0
157409,78672152.0,365747533.0
157410,33835894.0,137682705.0
157411,291568309.0,274204331.0
157412,34204808.0,29672965.0
157413,15922748.0,3997618.0
157415,4321668.0,13803219.0
157418,28390216.0,17582609.0
157419,44516611.0,131822031.0
157501,2730.0,171008.0
157502,161861.0,55265739.0
157503,2374207.0,2692905.0
157504,19795.0,7016880.0
157505,474100.0,19957906.0
157506,372409.0,11515068.0
157507,5398771.0,2508337.0
157508,3135343.0,13367909.0
157601,100703354.0,1191658123.0
157602,87753589.0,112447062.0
157603,254343.0,2992139.0
157604,19635757.0,67417056.0
157605,1817157.0,16615801.0
157606,46829725.0,601080689.0
157607,52132839.0,324731991.0
157608,26631593.0,79939966.0
157609,11297588.0,17047469.0
157610,418927373.0,35524669.0
157611,1681429.0,1350624.0
157612,101507346.0,97943429.0
157613,1560080.0,5552425.0
157614,2419969.0,610963.0
157615,187475706.0,13471566.0
157616,186767629.0,498710693.0
157801,20317296.0,207906194.0
157802,5948901.0,2748924.0
157804,144954.0,6951888.0
157806,3926946.0,18297403.0
157901,32136566.0,73842712.0
157902,6831635.0,1459.0
157903,4787683.0,10963801.0
157904,3267867.0,5431970.0
157905,8691160.0,3764579.0
157907,29470409.0,7939615.0
158001,406456008.0,396401589.0
158002,7928839.0,13.0
158003,24734206.0,97956852.0
158007,13387677.0,4935701.0
158101,3379717.0,7990689.0
158102,982572.0,2140561.0
158103,77095755.0,6106696.0
158104,917549.0,8735628.0
158105,13456281.0,12357812.0
158106,35563.0,2029579.0
158107,413.0,50.0
158108,869398.0,12731359.0
158109,7714.0,3661647.0
158110,7407069.0,18424206.0
158111,87368.0,1827646.0
158112,115671.0,3420204.0
158113,52360.0,260493.0
158201,9975328.0,5221958.0
158202,16148242.0,46183379.0
158203,7769250.0,24732052.0
158204,1189859.0,34684452.0
158205,22824164.0,116673808.0
158206,6849295.0,6432672.0
158207,237915768.0,817893694.0
158208,12767069.0,46898516.0
158209,1305753.0,119318531.0
158210,17244.0,1355354.0
158211,13843986.0,14935958.0
158212,2466594.0,22735512.0
158213,78255.0,5234432.0
158214,2409227.0,10581010.0
158215,16310301.0,9636829.0
158301,217147551.0,160094763.0
158302,402805422.0,287005651.0
158303,16582998.0,9831850.0
158304,5022368.0,3948892.0
158305,3439432.0,17309988.0
158306,19893188.0,3565408.0
158307,3500106.0,7053595.0
158308,3501926.0,40136211.0
158309,63745918.0,157308142.0
158310,7269524.0,15445187.0
158311,44568791.0,82856918.0
168401,622032.0,535748.0
168402,41694249.0,172738732.0
168403,2762709.0,22363573.0
168404,5933576.0,24818744.0
168405,3017065.0,7097142.0
168406,11074653.0,125080968.0
168407,1141646772.0,563173507.0
168408,939127656.0,1126310836.0
168409,1121397139.0,2286551018.0
168410,1778313.0,2065948.0
168411,330924366.0,984995385.0
168412,91618297.0,470559948.0
168413,457272861.0,852906335.0
168414,1548774894.0,1756594627.0
168415,4081006911.0,361821969.0
168416,3152759.0,26294424.0
168417,12669970.0,133131881.0
168418,1811571259.0,328045696.0
168419,205180313.0,447232766.0
168420,6101391.0,38497642.0
168421,676051030.0,693415082.0
168422,97096960.0,486626951.0
168423,8128311.0,54212542.0
168424,57714649.0,402594742.0
168425,25515891.0,105584886.0
168426,30213364.0,236462240.0
168427,6758176.0,307132643.0
168428,447340979.0,556445132.0
168429,723807671.0,748280439.0
168430,63103974.0,92473499.0
168431,163571547.0,527469875.0
168432,31525846.0,29397127.0
168433,67056647.0,69481530.0
168434,330094.0,4033294.0
168435,1254807.0,480635.0
168436,12160050.0,59439571.0
168437,50794218.0,40873130.0
168438,51447715.0,253736636.0
168439,7373612.0,57051052.0
168440,410965.0,11136374.0
168441,6106113.0,89278260.0
168442,4019579.0,22372038.0
168443,307821987.0,759139508.0
168444,463857.0,15911973.0
168445,4922413.0,99886327.0
168446,2458124.0,42549880.0
168447,3127092.0,52740867.0
168448,5003052.0,66338547.0
168449,1127464.0,8316868.0
168450,883135853.0,140381535.0
168451,170825862.0,77712795.0
168452,110265845.0,79309719.0
168453,735464.0,16409757.0
168454,19133536.0,85337203.0
168455,28801513.0,97229009.0
168456,76877288.0,161499533.0
168457,12223030.0,345563654.0
168458,105046787.0,508264574.0
168459,17196786.0,408594772.0
168460,86081623.0,395958647.0
168461,13069321.0,241968614.0
168462,37229276.0,832705243.0
168463,2020429.0,149438192.0
168464,4915369.0,70568624.0
168465,11855939.0,148094658.0
168466,109869705.0,212800749.0
168467,40230077.0,122506609.0
168468,10663914.0,19340949.0
168469,67346.0,456901.0
168470,7067341.0,42818553.0
168471,15214794839.0,4884362100.0
168472,34341383.0,104413056.0
168473,3517597413.0,3801994351.0
168474,45181028.0,156870843.0
168475,820015.0,64586061.0
168476,37020589.0,5322404.0
168477,111857900.0,1289113565.0
168478,2616500.0,9353466.0
168479,246764411.0,1552043250.0
168480,201202343.0,824011213.0
168481,596660078.0,1107471982.0
168482,348722471.0,812294611.0
168483,324395718.0,1153378554.0
168484,61794695.0,164143957.0
168485,41656381.0,165786628.0
168501,991802093.0,1361272220.0
168502,74958845.0,931439024.0
168503,96322698.0,408697160.0
168504,1425833078.0,1222286529.0
168505,64753127.0,454853576.0
168506,76818997.0,189180802.0
168507,298962217.0,269214056.0
168508,5287890.0,161497142.0
168509,51765609.0,71618006.0
168510,1988895.0,3473233.0
168511,378904046.0,464974548.0
168512,317907255.0,364292294.0
168513,4299156.0,9426237.0
168514,28988535.0,209228533.0
168515,52885259.0,386992286.0
168516,913535796.0,477655195.0
168517,2127860305.0,1327119922.0
168518,295371306.0,327144151.0
168519,31440721.0,28460651.0
168520,8639.0,74603.0
168521,2340805000.0,602563531.0
168522,371501140.0,190664036.0
168523,254619931.0,1698728953.0
168524,3924282.0,132085228.0
168525,151403579.0,2802553901.0
168526,104350923.0,70704414.0
168527,1091497833.0,101051634.0
168528,1797386389.0,685018299.0
168529,1344757703.0,2357217981.0
168530,55288224.0,11249392.0
168531,267617896.0,589830990.0
168532,170842319.0,547386997.0
168533,169401667.0,213029754.0
168534,610878038.0,1053713763.0
168535,52556169.0,89417966.0
168536,1088663712.0,1965105357.0
168537,700569989.0,1813520613.0
168538,171324638.0,491888168.0
168539,117543083.0,226124507.0
168540,246797598.0,40337217.0
168541,607191294.0,1565672470.0
168542,6807783459.0,9210807696.0
168543,1525449623.0,1843839103.0
168544,1004336658.0,1480862446.0
168545,20394459.0,80688920.0
168546,94696271.0,35729376.0
168547,95974172.0,136554474.0
168548,410865601.0,37377567.0
178601,98.0,808668.0
178602,31161.0,88367.0
178603,4997.0,11.0
178604,49090.0,22269246.0
178605,2297.0,25791881.0
178606,269045.0,35247.0
178607,240045.0,16079579.0
178608,185895.0,2674275.0
178609,28450666.0,16559551.0
178701,203688570.0,438926915.0
178702,35055618.0,536160331.0
178703,5680373783.0,1433133387.0
178704,10519833341.0,389962038.0
178705,25991069.0,138643999.0
178706,678149.0,242759578.0
178707,29385124.0,40647774.0
178708,5861332526.0,8359711643.0
178709,7784939.0,12633830.0
178710,1253414.0,107864514.0
178711,1149700329.0,128402739.0
178712,99952673.0,31826186.0
178713,4908682.0,4798191.0
178714,642356503.0,423580278.0
178715,150813.0,5013110.0
178716,28104123.0,119329519.0
178801,642226.0,1644297.0
178802,18582960.0,2167514775.0
178803,1072815816.0,242280630.0
178804,1680107.0,2797905.0
178805,1476840.0,1262004.0
178901,106066800.0,343519531.0
178902,1914299.0,29513.0
178903,52379933.0,31852471.0
178904,377093749.0,615745212.0
178905,991086831.0,1631466375.0
178906,18881912.0,18203267.0
178907,27806645.0,6349118.0
178908,8347.0,979965.0
189001,716506949.0,487447092.0
189002,932664631.0,290176063.0
189003,15121209.0,69906769.0
189004,98012280.0,80995798.0
189005,1481991.0,15227812.0
189006,218984750.0,95426706.0
189007,4251113.0,10295363.0
189008,47567386.0,31451942.0
189010,7664359.0,110248950.0
189011,11817135.0,90811236.0
189012,395014.0,11240097.0
189013,381682960.0,117913088.0
189014,7944518.0,9221643.0
189015,73204816.0,71831727.0
189016,667226.0,8202304.0
189017,51113723.0,70417174.0
189018,480116887.0,512482211.0
189019,11541304.0,43934328.0
189020,1471819.0,9439012.0
189021,15006747.0,108774070.0
189022,10146252.0,225151593.0
189023,16652874.0,30188974.0
189024,5074647.0,98808163.0
189025,5779661.0,101482824.0
189026,28182309.0,309355762.0
189027,43386393.0,316891882.0
189028,18514078.0,68471221.0
189029,184100298.0,181610462.0
189030,107919159.0,178554334.0
189031,188476260.0,1106672813.0
189032,307675159.0,1437754631.0
189033,141316183.0,197228496.0
189101,18749253.0,208457460.0
189102,78259381.0,141486750.0
189103,12464.0,140587.0
189104,430408.0,5429214.0
189105,9879036.0,10297856.0
189106,3381958.0,3811268.0
189107,856115.0,18376347.0
189108,607292.0,8236194.0
189109,16006.0,406541.0
189110,80003102.0,1017896.0
189111,53166240.0,21032349.0
189112,40037.0,344598.0
189113,56004046.0,29365474.0
189114,160176155.0,176492871.0
189201,183351.0,9388441.0
189202,214051.0,19395991.0
189205,440165.0,5349983.0
189206,20366230.0,5766173.0
189207,197172.0,17525075.0
189208,1910513.0,4307484.0
189209,3862340.0,8941008.0
199301,3544872.0,43861327.0
199302,84614.0,33376811.0
199303,419294.0,47779874.0
199304,78146.0,826249.0
199305,861202.0,15515881.0
199306,951069.0,61207951.0
199307,1013850.0,1075178.0
209401,548955467.0,312183062.0
209402,15617497.0,21204425.0
209403,533495034.0,194642022.0
209404,60092992.0,37346935.0
209405,120700545.0,170584814.0
209406,101924666.0,61623997.0
209503,203023767.0,67743452.0
209504,10719954.0,9510980.0
209505,50620175.0,3540088.0
209506,488855068.0,148468042.0
209507,43881202.0,35867726.0
209508,1981222.0,6749751.0
209601,794634.0,1091652.0
209602,511024.0,21863050.0
209603,67861820.0,85484521.0
209604,1095846.0,73832.0
209605,4953212.0,4383714.0
209606,14078997.0,23248674.0
209607,6536628.0,33981723.0
209608,36137312.0,62160543.0
209609,27914872.0,21434617.0
209610,1110761.0,1054541.0
209611,5919964.0,3005114.0
209612,10251286.0,22362745.0
209613,33049301.0,15197859.0
209614,800450.0,247157.0
209615,24269165.0,10152565.0
209616,8253373.0,12743109.0
209617,87150028.0,5483919.0
209618,1192506.0,4337315.0
219701,3559578.0,2974917.0
219702,49202.0,79310.0
219703,4790139.0,1433181.0
219704,849968.0,16582.0
219705,44969.0,50484.0
219706,20220920.0,60365.0
