010106,6966327.0,0.0
010207,0.0,132334.0
010302,3948.0,0.0
010303,2149.58,0.0
010304,7935.76,0.0
010305,63332.66,0.0
010307,621239.05,0.0
010401,1107.22,0.0
010402,645865.46,251173.0
010406,18029.0,0.0
010409,0.0,13322.0
020601,317898.0,0.0
020602,1556.03,0.0
020703,22968.3,0.0
020709,2581.21,0.0
020713,79035.71,170586.0
020804,83613.69,677366.0
020808,13043.25,0.0
020810,1714.08,0.0
020813,3532.29,0.0
020901,352817.2,32131.0
021004,9883.88,0.0
021006,1263079.82,0.0
021101,888645.53,0.0
021104,47830.23,76159.0
021105,1022.51,0.0
021207,110868.24,0.0
021211,12145.0,25315.0
021301,96020.53,28757.0
031507,12771.91,0.0
031509,2028.0,0.0
031510,162624.07,0.0
031511,390885.4,0.0
031513,15201.19,0.0
031515,370013.74,3480.0
031516,205175.07,0.0
031517,56217.7,0.0
041602,0.0,8025.0
041701,0.0,3948379.0
041704,62657.0,47457.0
041806,17342.73,13917.0
041901,253033.99,504935.0
041902,74128.51,0.0
041904,2638.61,0.0
041905,199585.43,11895.0
042005,26222.0,13477.0
042006,1523.93,0.0
042007,13187.01,17763.0
042008,184160.97,0.0
042009,190501.45,7502.0
042102,250647.44,0.0
042103,5190.37,0.0
042104,1757.0,0.0
042106,226309.0,55129.0
042202,11086.86,185345.0
042203,0.0,101925.0
042204,12584.31,0.0
042206,0.0,5460.0
042208,140550.65,426693.0
042402,0.0,3571847.0
052501,5129910.06,0.0
052508,0.0,1012.0
052515,18371.07,0.0
052614,9889.4,0.0
052710,7572814.79,1831.0
052712,103790.39,58540.0
052713,4585592.49,0.0
052714,469881.46,0.0
062801,3464.49,0.0
062803,0.0,1047.0
062815,0.0,232426.0
062817,0.0,2432.0
062821,0.0,16340.0
062827,0.0,6910.0
062828,0.0,18900.0
062829,0.0,10560.0
062830,24865.16,0.0
062832,0.0,3621.0
062833,0.0,15780.0
062834,17668.83,0.0
062835,0.0,8400.0
062836,0.0,11180.0
062841,0.0,6300.0
062851,5545.15,2832.0
062902,1171.73,0.0
062903,0.0,2100.0
062905,0.0,1642.0
062912,0.0,1760.0
062924,0.0,83699.0
062929,0.0,6785.0
062933,0.0,1650.0
062941,0.0,20735.0
063002,0.0,1820.0
063004,826362.0,432145.0
063005,21915.0,6433.0
063006,0.0,7280.0
063204,2134.0,1210.0
063206,20600.22,0.0
063208,0.0,1266.0
063214,0.0,1820.0
063215,25129.0,5750.0
063302,52378.0,120000.0
063304,0.0,425902.0
063305,61155.0,564051.0
063306,189934.3,0.0
063307,32808.0,302884.0
063401,3159900.3,46246.0
063402,5969.73,86925.0
063403,33460.82,4000.0
063405,0.0,283795.0
063406,0.0,416288.0
063503,0.0,25200.0
063506,8177.0,55512.0
063603,33135.0,0.0
063604,0.0,3119095.0
063605,0.0,83867.0
063703,14338.0,0.0
063707,18230.0,0.0
063808,0.0,22751.0
063813,71516.16,0.0
063814,9416.13,0.0
063822,0.0,4550.0
073901,133083.9,0.0
073905,0.0,22688.0
073907,1819.17,7747.0
073912,0.0,3376.0
073914,0.0,1034.0
073917,19516.43,8269.0
073918,0.0,123205.0
073919,3474.0,1820.0
073920,35007.0,133528.0
073921,29783.0,0.0
073922,20781.0,0.0
073923,54677.3,113191.0
073924,0.0,111335.0
073925,19429.54,0.0
073926,18051.0,363861.0
074001,0.0,14872.0
074003,0.0,8069.0
074008,0.0,6000.0
074009,3652.0,30951.0
074010,3373.0,38683.0
074011,985528.0,2940789.0
074012,1587.12,3800.0
074013,0.0,30536.0
074015,4768.0,0.0
074016,4159.0,0.0
074017,0.0,1995.0
084101,645740.11,0.0
084102,427083.39,0.0
084103,428364.84,0.0
084104,168337.43,0.0
084105,244400.0,0.0
084106,325905.0,0.0
084109,135123.0,0.0
084202,3713.0,154881.0
084203,0.0,145812.0
094404,0.0,72198.0
094410,0.0,7124.0
094411,0.0,13973.0
094412,4063.95,187076.0
094413,0.0,1512.0
094418,34513.64,18848.0
094420,0.0,7370.0
094421,0.0,7759.0
094601,5393.0,0.0
104707,166554.11,0.0
104802,75404.55,387256.0
104803,0.0,48099.0
104805,0.0,10920.0
104810,2078.84,120716.0
104811,0.0,45343.0
104816,14228.48,0.0
104818,471335.0,146876.0
104819,1989.94,11338.0
104820,93612.0,27499.0
104821,2781.0,0.0
104823,10138.36,23033.0
104901,1760.0,0.0
104902,10974.0,0.0
104905,1014.0,0.0
104910,2355.0,0.0
115101,20168.0,0.0
115201,41414.49,0.0
115209,7035.39,0.0
115211,0.0,27270.0
115310,24960.85,0.0
115402,17747.83,20788.0
115403,93324.0,190771.0
115407,218287.0,2997707.0
115508,0.0,83679.0
115509,1024000.0,6569227.0
115512,0.0,126076.0
115513,0.0,329721.0
115515,26885.0,0.0
115516,0.0,239202.0
115603,0.0,19932.0
115604,0.0,3330.0
115607,1011.86,71451.0
115609,2046.0,0.0
115701,15203.0,0.0
115702,17182.0,15401.0
115703,1809.0,0.0
115705,0.0,46634.0
115806,0.0,32808.0
115808,0.0,17581.0
115901,0.0,4184.0
115903,0.0,48116.0
115908,8169.0,5850.0
115911,38944.0,12747.0
116001,52159.0,454412.0
116101,0.0,6568.0
116103,0.0,661150.0
116104,0.0,470702.0
116105,0.0,200605.0
116106,0.0,1820.0
116107,0.0,117616.0
116108,0.0,21170.0
116109,3302.0,337960.0
116110,5690.0,88425.0
116111,0.0,6988.0
116112,0.0,45598.0
116114,0.0,266601.0
116115,0.0,116700.0
116201,0.0,38149.0
116202,0.0,395328.0
116203,21789.0,1752441.0
116204,11792.0,123086.0
116205,0.0,665880.0
116207,1347.0,41460.0
116208,0.0,217486.0
116209,5292.0,221891.0
116210,2894.0,3610.0
116211,3798.0,3300.0
116212,0.0,4981.0
116213,0.0,3638.0
116214,4672.0,72293.0
116215,0.0,5265.0
116217,0.0,151643.0
116301,2827.0,106629.0
116302,7595.0,118663.0
116303,0.0,3205.0
116304,0.0,24528.0
116305,3827.0,95614.0
116306,3169.0,40654.0
116307,2506.0,0.0
116309,5558.7,1441758.0
126402,20613.0,1643724.0
126403,0.0,356006.0
126404,2747.0,2157921.0
126405,0.0,884535.0
126406,0.0,95862.0
126505,0.0,211836.0
126506,0.0,91885.0
126601,1575.0,671674.0
126702,0.0,25462.0
136802,0.0,5551.0
136804,37018.0,0.0
136807,0.0,3526.0
136813,9047.0,0.0
136904,0.0,16385.0
136907,0.0,23698.0
136908,12573.75,52351.0
136910,4114.33,4513.0
136911,1374.0,115659.0
137005,13703.51,21698.0
137007,1081.0,6836.0
137008,2356.32,0.0
137009,6146.02,10961.0
137010,42049.32,0.0
137013,0.0,373509.0
137016,0.0,30217.0
137018,8124.0,33743.0
147108,603000.0,0.0
147113,1000.0,0.0
147117,0.0,12643.0
147118,9063.0,0.0
157204,86549.49,0.0
157209,0.0,18072.0
157210,4316403.65,0.0
157211,1571.17,1350.0
157228,0.0,23032.0
157301,0.0,14800.0
157304,65588.1,43682.0
157307,7937.0,22640.0
157308,4296.0,335501.0
157309,46110.0,0.0
157310,21959.11,2834.0
157314,104711.11,100239.0
157315,0.0,18233.0
157317,0.0,431424.0
157318,11598.0,31491.0
157319,0.0,38087.0
157320,12801.0,8535.0
157321,0.0,235188.0
157323,7418.0,402016.0
157324,17372.0,14578.0
157325,0.0,51381.0
157326,4371.34,301968.0
157404,156024.88,0.0
157415,1241.0,15360.0
157418,0.0,5459.0
157419,2271.0,0.0
157606,0.0,87543.0
157610,14662.0,38628.0
157614,0.0,483504.0
157615,17121.0,3938.0
157616,0.0,36730.0
157801,0.0,109148.0
157803,0.0,31851.0
157907,1474.38,0.0
158201,0.0,56701.0
158202,0.0,14947.0
158203,0.0,1496.0
158204,7754.0,4301.0
158205,2555.0,87658.0
158206,1167.0,0.0
158208,15432.0,0.0
158211,0.0,28310.0
158212,42024.0,0.0
158213,0.0,23350.0
158214,0.0,4978.0
158215,5206.0,0.0
158301,65153.0,104864.0
158302,4179.0,75982.0
158303,0.0,16116.0
158304,22155.0,0.0
158305,1260.0,3640.0
158306,1886.0,0.0
158308,41740.0,1413.0
158310,0.0,3225.0
158311,6260.0,9830.0
168407,43786.0,0.0
168408,29259.0,847949.0
168409,30708.0,907387.0
168412,0.0,4550.0
168413,37659.0,1271007.0
168414,9567.0,145911.0
168415,6618.0,224839.0
168417,0.0,17357.0
168418,193353.0,49624.0
168419,1219.0,11214.0
168420,0.0,3890.0
168421,81784.0,27816.0
168422,0.0,39491.0
168423,127493.0,0.0
168424,39334.0,0.0
168425,7799.0,15305.0
168426,64314.0,0.0
168427,39291.0,4914.0
168428,9564.0,0.0
168429,177435.0,956203.0
168430,11249.0,493360.0
168431,1889.0,354379.0
168432,14687.0,1458.0
168433,62870.0,2120.0
168437,0.0,193940.0
168438,0.0,25566.0
168439,2212.0,0.0
168440,1728.0,1820.0
168441,0.0,298789.0
168447,123502.0,0.0
168448,33838.0,5942.0
168450,13501.0,0.0
168452,3715.0,125442.0
168455,1645.0,0.0
168458,49950.0,24850.0
168459,0.0,28241.0
168461,0.0,2660.0
168463,103971.0,26300.0
168465,0.0,130710.0
168466,3596.0,66041.0
168468,10718.0,0.0
168469,14770.0,0.0
168470,1382.0,0.0
168471,47912.0,1012979.0
168472,15383.0,5963.0
168473,66784.0,44936.0
168474,0.0,3438385.0
168476,0.0,20930.0
168477,21323.0,6036.0
168479,32040.0,442313.0
168480,0.0,1076.0
168481,14446.0,173636.0
168482,30589.0,25201.0
168483,5549.0,27398.0
168484,10872.0,0.0
168485,0.0,156543.0
168501,4228.0,50098.0
168502,408597.0,14881.0
168503,0.0,9681.0
168504,87157.0,6569.0
168505,1496.0,8830.0
168506,559403.86,5746508.0
168507,0.0,5460.0
168508,0.0,6880.0
168509,3634.0,0.0
168511,17215.0,7681.0
168512,23744.0,2595.0
168513,0.0,566762.0
168514,35477.0,3819.0
168515,0.0,6678.0
168516,9579.0,26406.0
168517,39810.0,2439264.0
168518,4722.0,26639.0
168520,76667.0,0.0
168521,8377.0,47322.0
168522,3743.0,0.0
168523,1238.0,27354.0
168524,1210.0,2260.0
168525,10541.0,371836.0
168527,44002.0,0.0
168528,40774.0,12765.0
168529,7016.0,637113.0
168531,0.0,5475.0
168532,0.0,15132.0
168535,16892.0,435608.0
168536,17847.0,70307.0
168537,7546.0,24160.0
168538,81881.0,90315.0
168539,21987.0,197843.0
168541,0.0,2730.0
168542,85391.0,0.0
168543,4533.0,0.0
168544,51184.0,54173.0
168545,2240.0,3640.0
168546,0.0,480450.0
168547,0.0,11210.0
168548,0.0,6370.0
178601,4357.0,0.0
178607,41610.0,0.0
178608,0.0,25783.0
178609,3799.49,91089.0
178701,93658.0,5749.0
178702,1422202.0,67343.0
178703,9567213.0,1348664.0
178704,6801929.17,1922654.0
178705,0.0,825265.0
178707,13400.0,0.0
178708,127468.0,352288.0
178709,0.0,10010.0
178711,444777.0,65919.0
178712,0.0,14030.0
178714,0.0,46806.0
178716,817979.0,25949.0
178804,373621.0,318158.0
178903,3729.0,0.0
189002,329277.0,115832.0
189003,1201.0,0.0
189004,0.0,2920.0
189006,81012.0,0.0
189009,26307.0,14890.0
189010,43380.0,0.0
189011,0.0,14560.0
189015,4323.0,0.0
189017,0.0,7542.0
189018,38321.0,68481.0
189020,0.0,2297.0
189022,0.0,233551.0
189024,133028.0,0.0
189027,87091.0,29197.0
189030,2796.0,0.0
189031,10865.0,16410.0
189032,13901.0,19825.0
189102,0.0,12010.0
189105,0.0,5519.0
189114,0.0,13650.0
189205,0.0,18753.0
199304,0.0,2451.0
199305,0.0,5388.0
209401,69048.0,73880.0
209402,20020.0,40320.0
209403,216330.0,261863.0
209404,15774.0,5609.0
209405,48272.0,148665.0
209406,6163.88,240760.0
209503,1282.0,1820.0
209504,0.0,2537.0
209505,0.0,8394.0
209603,69214.0,18881.0
209605,0.0,1560.0
209606,0.0,2137.0
209607,0.0,22011.0
209608,57169.0,17290.0
209609,0.0,4550.0
209615,0.0,41006.0
209617,3173.0,46129.0
219701,5037.0,0.0
