010101,2030.21,0.0
010105,0.0,218746.57
010106,0.0,1964.0
010201,0.0,10458.0
010202,0.0,363054.88
010203,0.0,359687.51
010204,0.0,588425.3
010206,0.0,300134.86
010207,19392.0,8922194.57
010208,0.0,1207.0
010210,0.0,392580.0
010302,0.0,30448.0
010303,65225.81,341627.89
010304,0.0,273971.59
010305,0.0,796301.05
010306,0.0,99578.19
010401,0.0,433934.03
010402,0.0,559459.98
010403,2291.32,20342.02
010405,0.0,280048.31
010406,0.0,2040697.07
010409,1871.0,0.0
010504,0.0,13467.2
010511,6006.0,0.0
020602,1646.0,267125.44
020603,14706.0,2774.0
020701,0.0,111121.81
020702,0.0,10382.62
020703,0.0,220539.55
020704,0.0,131541.91
020705,0.0,9955.06
020706,0.0,59100.2
020707,2864.0,0.0
020709,633479.52,625077.03
020710,0.0,121060.33
020712,0.0,12487.75
020713,0.0,266460.3
020714,24358.4,0.0
020801,2627.0,0.0
020802,1374.0,44946.76
020803,17537506.78,0.0
020804,49185.28,228132.07
020805,4147.35,29829.84
020806,5435.22,41499.87
020807,22950.67,13474.8
020808,0.0,136017.25
020810,198274.64,509410.91
020812,2878.17,3978.0
020813,0.0,38191.86
020814,0.0,5349.34
020901,0.0,12980.9
020902,8047.0,388760.89
020904,124679.0,19310.52
020906,1897.0,0.0
020909,0.0,22983.09
020910,38687.67,32163.76
021005,0.0,12934.16
021006,0.0,645473.35
021101,0.0,2819668.17
021102,0.0,9025.91
021103,0.0,196647.11
021104,0.0,49958.97
021107,1013.0,10883.01
021108,3033.25,0.0
021202,1565.64,57293.76
021208,0.0,2376.31
021209,0.0,30841.85
021210,0.0,10000.0
021211,0.0,53546.35
021212,1737.68,0.0
031507,0.0,535630.99
031508,0.0,1031.79
031509,0.0,24233.6
031514,0.0,2004.0
031515,0.0,11843.46
031517,39650.8,882884.01
031519,9229.0,49212.59
031520,0.0,1334.76
041601,0.0,549720.83
041602,22282.0,1176411.01
041604,0.0,593782.0
041605,0.0,24555.52
041701,177625.85,2118546.15
041702,1041.55,20859.67
041703,0.0,248030.25
041704,0.0,167131.9
041801,19965.86,0.0
041804,0.0,1002.22
041805,0.0,41957.25
041806,0.0,316530.47
041901,67756.53,1074716.75
041902,330912.96,94970.76
041904,11374.0,282550.15
041905,42278.79,1075961.59
042001,2442.14,10955.0
042002,0.0,2025.79
042003,0.0,2823.27
042004,0.0,383108.46
042005,10777.0,881156.2
042006,2010.0,18983.95
042007,11116.86,112491.89
042008,0.0,48796.87
042009,14311.04,2208298.02
042101,0.0,188727.63
042102,28739.9,27265.1
042103,474342.09,1055442.3
042104,0.0,166025.27
042105,0.0,194265.79
042106,77068.21,3677762.96
042201,50994.85,106105.61
042202,1160906.06,3525615.81
042203,10875612.63,840541.62
042204,13358.52,1411378.58
042205,0.0,92333.99
042206,22912.12,152233.53
042207,0.0,18224.56
042208,713264.32,3740080.19
042209,0.0,6412.91
042302,0.0,75382.54
042303,0.0,2579.34
042306,0.0,11747.93
042309,217832.89,731586.49
042402,0.0,317564.91
042403,0.0,26140.38
052501,0.0,88010.45
052505,13608.71,311188.64
052508,0.0,5504.0
052512,1415.0,0.0
052514,0.0,20271.99
052515,279646.79,140839.0
052516,1624.82,26154.85
052517,414854.74,452781.62
052520,0.0,10256.02
052521,0.0,3102.66
052522,0.0,88289.0
052523,33092.53,2889433.44
052703,0.0,3000.0
052707,0.0,7908.0
052709,0.0,39166436.0
052710,55410498.1,92733392.96
052714,0.0,320318.39
052715,0.0,79764.45
062801,0.0,15348.82
062804,2013.0,43629.32
062807,0.0,2512.76
062811,21058.48,0.0
062814,0.0,1079.02
062815,5128.1,7192.11
062823,0.0,1145.0
062827,0.0,4149.19
062828,1401.0,2303.64
062836,0.0,20413.09
062842,0.0,8000.0
062847,0.0,3185.06
062849,0.0,15117.09
062851,0.0,1426.0
062902,0.0,14673.0
062903,0.0,30033.56
062906,0.0,2148.0
062912,0.0,1615.93
062915,0.0,2046.87
062922,0.0,1257.57
062933,0.0,52368.0
062934,0.0,2171.0
062936,0.0,30720.0
063001,0.0,23294.0
063002,2374.0,72217.0
063003,5107.0,35006.71
063004,118202.7,4667092.56
063005,0.0,87401.07
063006,128356.0,267529.63
063101,0.0,342827.0
063102,0.0,120964.24
063104,0.0,16439.0
063105,0.0,688293.2
063204,0.0,14169.0
063206,0.0,39787.0
063207,0.0,1360.0
063208,2843.0,224673.54
063209,0.0,212195.01
063210,236034.57,1135871.42
063211,0.0,3876.06
063212,17646.0,91246.6
063213,0.0,1918.05
063214,26954.81,170741.51
063215,11803.0,751445.91
063301,2041.0,30748.05
063302,1244.0,326902.71
063303,70755.21,1311146.7
063304,19526.22,1213946.74
063305,15697.0,1128215.33
063306,0.0,302891.08
063307,0.0,151943.95
063401,1207.88,687183.3
063402,2648.0,490942.51
063403,0.0,12603.87
063405,0.0,7713.15
063406,0.0,52557.12
063501,38354.48,99445.68
063505,6610.69,1950.0
063506,675917.3,77653.23
063602,0.0,56255.76
063603,0.0,24055.04
063604,12222.0,0.0
063606,1761.0,0.0
063701,0.0,85536.51
063702,0.0,3354.0
063703,0.0,2474.33
063704,0.0,3252.0
063705,0.0,3052.0
063707,2998.25,703552.78
063805,0.0,14382.52
063807,0.0,1153.0
063808,111243.92,1887373.17
063809,1157.0,58813.88
063811,4610.0,51266.95
063814,4236.56,41513.36
063815,7974.0,77769.0
063816,0.0,359131.77
063819,0.0,11179.87
063820,0.0,4274.6
063822,9553.03,60694.24
063823,17486.47,145414.27
073901,10847.75,5271.43
073902,0.0,12813.0
073903,0.0,27348.16
073905,0.0,136953.72
073909,0.0,24378.52
073910,0.0,1183.0
073912,0.0,2597.0
073915,7246.0,2616.0
073916,4864.0,24063.61
073917,7432.82,1591632.39
073918,13016.49,169240.31
073919,26786.0,48657.94
073920,17008.0,899637.95
073921,129871.15,308937.86
073922,5904.0,121831.77
073923,157323.23,4093444.73
073924,7573.0,1070602.36
073925,1030.0,361041.67
073926,16987.3,1653703.16
074002,0.0,9816.32
074008,2861.0,50462.48
074009,7869.0,211334.96
074010,0.0,46868.75
074011,5694.0,2878063.88
074012,4296.39,86364.96
074013,0.0,12064.06
074014,0.0,98611.03
074015,0.0,38727.2
074016,3686.77,229573.4
074017,0.0,20154.09
084104,0.0,3446.61
084201,0.0,2664.4
084202,8482.3,1041115.5
084203,0.0,24757.67
084205,0.0,14603.0
094403,1635.75,1625.55
094404,0.0,143742.24
094407,3805.43,3921826.65
094408,0.0,55499.0
094409,9976.03,1304493.5
094411,0.0,20040.2
094412,23039.59,1436856.03
094413,0.0,582961.0
094414,0.0,6832.42
094415,5257.18,1899.67
094417,0.0,1563.08
094418,55892.67,2137452.67
094419,0.0,16068.73
094420,12406.0,106827.94
094421,13348.66,167214.05
094503,0.0,5000.0
094504,0.0,5938.0
094601,0.0,1000.0
094602,1185.0,52881.1
104707,130015.7,8753.0
104802,0.0,309577.23
104803,0.0,398580.36
104805,133149.11,6609.0
104808,2964.7,0.0
104809,0.0,2179.0
104810,1622.0,55333.69
104811,5924.0,23041.27
104812,0.0,9370.23
104817,1465.0,92656.1
104818,94778.38,1955823.38
104819,3816558.55,414683.98
104820,21319.41,218945.25
104821,49336.37,277207.72
104823,52636.4,253386.53
104901,53055.63,2844053.25
104902,112170.61,336900.52
104903,0.0,7259.0
104904,0.0,3466.0
104905,0.0,61008.0
104907,1763.0,171375.51
104908,0.0,1117.0
104909,2376.0,28127.74
104910,3775.22,15622.5
104911,52687.31,821226.95
115003,1189.0,0.0
115007,0.0,1418.0
115111,0.0,2204.0
115112,0.0,20837.0
115201,0.0,38165.0
115202,0.0,8302.0
115204,0.0,1006.0
115207,0.0,16172.0
115208,0.0,85629.31
115209,0.0,26471.5
115210,0.0,1345.0
115211,0.0,10715.0
115212,0.0,12573.0
115309,0.0,1186.0
115401,0.0,3993.76
115402,0.0,4831.0
115404,0.0,3000.0
115407,3500.0,393252.03
115408,0.0,58022.79
115505,10894.45,0.0
115506,0.0,20920.42
115508,0.0,4552.25
115512,0.0,7610.0
115513,0.0,69165.1
115514,0.0,44975.22
115515,0.0,19705.34
115516,0.0,5890.0
115601,0.0,32451.06
115602,0.0,8092.0
115603,0.0,251086.86
115604,1734.0,4079.28
115607,0.0,68066.84
115608,0.0,1690.0
115609,1081.91,24921.0
115702,0.0,27465.0
115703,2311.0,22319.12
115704,11864.0,14635.73
115705,0.0,1732.0
115801,0.0,45018.65
115804,0.0,72408.0
115805,0.0,5663.0
115806,1294.0,18109.48
115807,0.0,59552.0
115808,9179.06,22115.0
115809,0.0,19865.0
115810,0.0,29684.0
115903,0.0,3000.0
115910,0.0,90919.0
115911,1889.0,78518.0
116002,0.0,60607.87
116101,0.0,1929.0
116103,0.0,6629.0
116104,2256.0,8574.0
116105,7297.0,65541.95
116106,0.0,27734.68
116107,9041.0,5867.0
116108,4161.17,46834.9
116109,352687.24,1038084.67
116110,21285.0,84015.58
116111,0.0,12710.0
116112,0.0,7366.0
116113,0.0,19813.0
116114,162301.0,29082.47
116115,10428.0,142730.58
116116,0.0,1000.0
116117,2262.0,8375.0
116202,0.0,2681.0
116203,203989.55,301339.62
116204,75732.46,529986.94
116205,81229.67,217560.6
116206,38618.0,255836.18
116207,125663.12,147093.35
116208,13043.0,37456.0
116209,0.0,15012.08
116210,0.0,11841.95
116211,3526.0,57998.79
116212,0.0,25260.0
116213,0.0,2442.0
116214,0.0,1633.0
116216,188357.51,9151.0
116217,0.0,7900.0
116301,0.0,18861.63
116302,63313.75,899112.4
116303,1030.0,45310.88
116304,0.0,45959.0
116305,0.0,69296.38
116306,131017.84,332132.11
116307,5117.21,172622.38
116309,1777.97,1244.0
126401,0.0,34670.26
126402,0.0,805563.78
126403,0.0,584741.19
126404,0.0,475088.44
126405,0.0,62878.13
126406,0.0,5364.0
126503,0.0,1204.0
126504,0.0,8240.0
126505,2650.0,89521.75
126506,1983.0,44950.3
126601,4052.0,172181.44
126603,0.0,1302.24
126702,0.0,43427.82
126703,0.0,2020.0
136802,0.0,431808.81
136803,0.0,9236.0
136804,1061.0,24034.06
136805,0.0,56564.26
136806,0.0,54366.76
136807,0.0,8959.44
136808,0.0,7122.94
136810,1112.01,235144.46
136811,0.0,1216.0
136813,0.0,20198.85
136815,0.0,3890.0
136901,0.0,17098.0
136904,1600.0,13406.0
136905,0.0,54511.0
136906,0.0,4717.0
136907,0.0,34427.15
136908,1617.64,983737.85
136910,1942.0,714209.31
136911,7433.0,43788.6
136912,9192.64,376543.92
136913,6205.0,188482.63
136914,0.0,12818.79
137003,0.0,7551.0
137005,0.0,72304.87
137006,0.0,3265.64
137007,7628.0,220727.92
137009,0.0,158267.15
137010,67691.9,3239487.9
137011,0.0,103538.99
137013,11340.09,512604.08
137016,7877.0,325012.54
137017,0.0,7014.0
137018,0.0,9595.18
137019,0.0,21707.67
137020,0.0,14204.0
147113,1257560.5,13291317.19
147114,0.0,5713.0
147117,13105.0,69814.22
157204,291176.06,24824.0
157208,23340.53,46192.15
157209,0.0,6041.05
157210,283802.83,793915.91
157211,0.0,2776.52
157212,100055.0,1728.0
157213,0.0,3156.0
157214,18089.06,626530.1
157216,0.0,491260.49
157217,0.0,18883.68
157218,0.0,11000.0
157219,0.0,23695.42
157228,6541.0,56421.91
157229,0.0,65719.0
157301,0.0,51092.0
157302,0.0,6000.0
157304,19369.0,430756.79
157305,0.0,2385.0
157306,14687.57,574381.87
157307,13982.0,193726.48
157308,136657.72,555225.61
157309,5626.0,201234.57
157310,35729.31,437993.32
157311,42184.0,83879.97
157312,0.0,63389.18
157313,0.0,12055.16
157314,0.0,624449.57
157315,1481.0,112334.7
157317,28282.15,244725.19
157318,4795.34,579166.03
157319,0.0,5120.36
157320,3333.0,93990.37
157321,52928.49,557800.81
157322,0.0,13566.0
157323,27751.0,344600.6
157324,2581.0,335444.86
157325,0.0,44830.78
157326,238899.78,1163721.77
157404,144451.92,0.0
157407,0.0,1413.0
157408,0.0,32407.31
157409,0.0,2281.0
157411,0.0,7357.9
157412,1835.0,31677.13
157418,0.0,50925.66
157419,0.0,7625.0
157602,18844.35,0.0
157604,0.0,1226.0
157605,0.0,2876.74
157606,6006.0,37804.95
157607,0.0,9606.03
157608,0.0,21042.0
157610,88988.05,105590.71
157615,0.0,21783.57
157616,16409.0,273397.16
157805,0.0,21336.0
157907,0.0,2183.0
158201,0.0,88814.6
158202,0.0,56204.25
158203,12478.0,173257.2
158204,0.0,18396.03
158205,66108.0,345052.46
158206,8889.0,21132.11
158207,18987.0,215569.23
158208,0.0,27536.43
158210,0.0,5002.37
158211,0.0,30132.85
158212,0.0,33373.57
158213,0.0,2456.93
158214,0.0,5622.83
158215,0.0,45766.63
158301,0.0,152518.97
158302,7174.0,1059082.37
158303,3522.0,18104.07
158305,0.0,51145.8
158306,9902.0,13517.47
158307,0.0,22845.0
158308,0.0,2674.58
158309,0.0,26823.68
158310,0.0,27583.26
158311,0.0,15483.97
168405,0.0,8472.0
168406,0.0,6578.0
168407,11614.0,815162.56
168408,3599.0,84977.42
168409,636276.0,796792.6
168411,0.0,5873.0
168412,164063.0,134154.31
168413,90713.92,1244984.78
168414,440309.0,1195001.54
168415,42286.0,562935.35
168417,0.0,3962.0
168418,3960.91,956400.4
168419,787009.28,1062713.25
168421,3971.68,1022151.61
168422,11522.0,1219704.86
168423,0.0,44673.56
168424,13263.0,343076.41
168425,31556.0,80312.54
168426,0.0,520908.0
168427,0.0,291792.25
168428,1481.0,394813.53
168429,796089.26,1965022.93
168430,861725.0,255539.75
168431,67621.0,920121.25
168432,2360.0,48571.0
168436,0.0,59681.0
168437,0.0,66055.81
168438,3623.0,290465.9
168439,8626.0,58880.0
168440,0.0,23515.69
168441,8453.0,160841.23
168442,0.0,3739.05
168443,0.0,319440.64
168450,3002.05,117662.6
168451,8602.0,77838.38
168452,6428.0,15810.0
168458,0.0,1773.0
168459,0.0,5941.0
168460,1297.0,7400.0
168462,35473.0,7790.0
168464,0.0,2037.0
168465,5045.0,98362.07
168466,0.0,6348.21
168467,178169.12,461766.0
168468,0.0,35708.08
168470,0.0,48155.2
168471,249776.03,6750969.95
168472,3310.0,97530.68
168473,53409.48,755511.34
168474,32594.0,1311543.58
168475,0.0,8131.0
168476,37263.0,26883.91
168477,0.0,1176475.4
168479,535155.0,1753229.95
168480,0.0,4055.7
168481,37217.0,1780381.97
168482,5084.0,304095.07
168483,14788.0,357037.29
168484,0.0,68998.27
168485,0.0,40483.72
168501,15260.0,627628.93
168502,21684.0,1048191.51
168503,1011.0,62925.69
168504,656832.27,1261562.05
168506,0.0,30818.0
168507,12285.0,401115.49
168508,62789.0,541671.28
168509,0.0,59966.17
168510,0.0,5621.0
168511,57921.0,103155.55
168512,1878.87,124513.48
168513,0.0,22453.13
168514,0.0,19720.0
168515,7339.0,78019.28
168516,6250.0,176389.87
168517,88434.18,3449236.29
168518,321211.0,113302.0
168519,1142.0,12497.0
168520,3019.0,14564.0
168521,505067.0,603275.07
168522,0.0,2522.0
168523,0.0,82992.0
168524,2649.05,1287003.4
168525,1269026.74,7903036.16
168526,0.0,4000.0
168527,31802.0,741802.61
168528,11072.0,1481415.69
168529,2655470.0,864646.49
168530,24585.0,47816.78
168531,4158.0,299859.89
168532,4764.0,10466.0
168533,3706872.0,64182.6
168534,2327.0,3000.0
168535,0.0,75179.14
168536,1400814.98,1958962.16
168537,42629.0,615121.35
168538,33069.0,78507.05
168539,0.0,210158.62
168541,496428.4,41172.92
168542,110992.0,259203.27
168543,31951.0,508551.22
168544,218478.1,2755979.43
168545,0.0,1488.0
168546,0.0,100702.07
168548,0.0,6241.0
178609,17106.0,100228.53
178701,162649.0,664564.62
178702,200577.26,3994749.59
178703,580258.89,16233376.56
178704,205748.0,4177310.51
178705,395745.0,1329000.02
178706,0.0,2266.68
178707,0.0,73321.2
178708,47531.4,2309178.88
178709,0.0,21963.0
178711,291923.89,285501.1
178712,0.0,26503.71
178714,1694.0,49830.05
178715,0.0,1252.0
178716,0.0,110308.36
178801,0.0,1630.0
178803,44984.0,424529.46
178903,2489.0,2464438.88
178906,0.0,6271.0
178907,2808.0,19732.13
189001,0.0,45114.95
189002,0.0,12418.0
189003,11660.0,61761.0
189004,5445.0,61256.49
189005,0.0,3039.0
189006,119894.0,296293.4
189007,3069.0,224381.0
189008,3591.0,71044.0
189009,36213.0,266229.93
189010,71657.0,169540.74
189011,1139.0,7714.0
189014,11200.0,876481.21
189015,62487.0,112923.59
189016,1488.93,3366.67
189017,43069.0,147504.78
189018,130459.0,1002390.76
189019,0.0,95477.0
189020,10005.0,23866.2
189021,5505.0,27577.0
189022,74941.0,1399198.71
189023,5143.0,56071.75
189025,1651646.0,60901.69
189026,78598.63,578241.59
189027,20079.0,128178.74
189028,46918.0,176006.9
189029,11162.0,20466.89
189030,87432.4,213474.08
189031,40646.7,88666.17
189032,103426.0,320971.41
189033,0.0,14197.5
189101,95074.0,1589419.11
189102,0.0,25829.0
189103,0.0,1439.0
189105,0.0,14590.95
189106,0.0,7518.0
189107,0.0,2659.0
189110,8654.0,0.0
189113,0.0,1966.0
189201,100525.0,29004.0
189205,4075.0,8379.0
189206,47233.84,44228.15
189207,710827.0,52166.29
189208,21241.0,7799.0
199302,0.0,20052.0
209401,36459.0,542309.77
209402,0.0,40152.0
209403,256779.32,4524627.14
209404,130342.01,215721.75
209405,7272.0,2151452.54
209406,41324.35,716901.3
209501,0.0,2776.79
209502,0.0,7474.0
209503,0.0,88561.76
209504,0.0,46476.99
209505,15328.0,55772.88
209506,67170.0,803028.81
209601,0.0,4549.45
209602,0.0,3029.0
209603,1017.16,111014.36
209605,0.0,10260.06
209606,0.0,3672.0
209607,0.0,1773.0
209608,2287.0,79919.36
209609,0.0,12119.35
209610,0.0,3214.88
209611,0.0,5994.0
209612,1774.0,87353.53
209613,0.0,3975.0
209615,0.0,38900.36
209616,0.0,1388.0
209617,0.0,8606.95
209618,0.0,1217.0
219701,83276.21,87248.13
219702,12987.0,7879.0
219703,2563.0,0.0
219704,0.0,1894.0
219706,0.0,1236.0
