010105,0.0,2957.0
010201,0.0,45954.0
010202,0.0,121881.0
010204,0.0,27919.0
010207,0.0,134909.0
010303,0.0,13376.0
010304,0.0,48537.0
010305,0.0,1063.0
010306,0.0,98598.0
010307,59640.47,16267.0
010401,0.0,105968.0
010402,0.0,6732.0
010403,0.0,21149.0
010405,0.0,26611.0
010406,0.0,58762.0
010407,0.0,3916.0
010409,0.0,2265.0
020602,26690.37,0.0
020701,0.0,1486.0
020703,0.0,3223.0
020710,0.0,18496.0
020713,0.0,1713.0
020806,0.0,3335.0
020813,0.0,2607.0
020902,0.0,7049.0
020910,0.0,3150.0
021006,0.0,2161.0
021008,0.0,12062.0
021101,0.0,37212.0
021102,0.0,1276.0
021207,6779.68,0.0
021209,30548.55,9339.0
031506,0.0,2252.0
031516,0.0,15257.0
031517,0.0,36267.0
031519,0.0,15484.0
041601,0.0,73337.0
041602,0.0,58648.0
041603,0.0,2044.0
041604,0.0,9236.0
041701,0.0,20255.0
041704,0.0,10367.0
041806,0.0,36861.0
041901,0.0,21308.0
041902,0.0,7955.0
041904,0.0,35189.0
041905,0.0,68532.0
042002,0.0,5134.0
042003,0.0,3381.0
042004,0.0,16976.0
042005,0.0,31063.0
042006,0.0,2010.0
042007,0.0,6707.0
042008,0.0,20372.0
042009,0.0,52969.0
042101,0.0,3136.0
042102,0.0,2414.0
042103,0.0,11959.0
042104,0.0,6626.0
042105,0.0,36631.0
042106,0.0,67733.0
042201,0.0,4396.0
042202,0.0,65022.0
042203,0.0,218795.0
042204,0.0,181279.0
042206,0.0,3664.0
042208,0.0,246725.0
042209,0.0,2905.0
042309,0.0,115925.0
042402,0.0,152758.0
042403,0.0,28716.0
052523,0.0,12778.0
052710,0.0,51113.0
052711,0.0,16113.0
052712,0.0,1084.0
052715,0.0,21101.0
062811,0.0,2207.0
062923,0.0,1437.0
062942,0.0,4002.0
063002,0.0,7880.0
063003,0.0,4579.0
063004,0.0,28971.0
063005,0.0,6856.0
063101,0.0,11545.0
063102,4300.44,4018.0
063103,0.0,10012.0
063104,0.0,5947.0
063105,0.0,9172.0
063207,0.0,2697.0
063208,0.0,113455.0
063209,0.0,12774.0
063214,0.0,4347.0
063302,0.0,1903.0
063303,0.0,145627.0
063304,0.0,125785.0
063305,0.0,5974.0
063306,0.0,2559.0
063307,0.0,25730.0
063401,0.0,13063.0
063402,0.0,34460.0
063403,0.0,2302.0
063405,0.0,3927.0
063503,0.0,1073.0
063506,0.0,3795.0
063602,0.0,2323.0
063605,0.0,3225.0
063701,0.0,2478.0
063702,0.0,34720.0
063703,0.0,26526.0
063704,0.0,1853.0
063707,0.0,12483.0
063808,0.0,17333.0
063814,0.0,4217.0
063822,0.0,1987.0
063823,0.0,29597.0
073907,0.0,3405.0
073917,0.0,105598.0
073918,0.0,3441.0
073919,0.0,1867.0
073920,0.0,5351.0
073921,0.0,10052.0
073922,0.0,14070.0
073923,0.0,21675.0
073924,0.0,10222.0
073925,0.0,23005.0
073926,0.0,38415.0
074002,0.0,72309.0
074006,0.0,1049.0
074009,0.0,3639.0
074011,0.0,54030.0
074012,0.0,4594.0
074013,0.0,1513.0
074016,0.0,1853.0
074017,0.0,1306.0
084202,0.0,20098.0
094403,0.0,31130.0
094404,0.0,2752.0
094407,2741.71,132556.0
094409,0.0,29131.0
094410,0.0,29682.0
094411,0.0,12624.0
094412,0.0,32149.0
094414,0.0,2603.0
094415,0.0,1375.0
094418,0.0,6705.0
094421,0.0,1663.0
094504,0.0,5253.0
104801,0.0,2420.0
104802,0.0,44712.0
104807,0.0,1817.0
104809,0.0,4814.0
104810,0.0,5863.0
104811,0.0,1179.0
104816,0.0,2202.0
104817,0.0,8421.0
104818,0.0,96066.0
104819,0.0,7008.0
104820,0.0,24554.0
104821,0.0,2644.0
104823,0.0,13918.0
104901,0.0,31171.0
104902,0.0,22521.0
104905,0.0,1037.0
104907,0.0,45212.0
104909,0.0,1050.0
104910,0.0,13274.0
104911,0.0,5988.0
115204,0.0,1637.0
115207,0.0,2426.0
115208,0.0,5682.0
115209,0.0,1130.0
115212,0.0,1339.0
115309,0.0,5498.0
115401,0.0,1306.0
115513,0.0,10941.0
115515,0.0,1330.0
115604,0.0,2556.0
115607,0.0,8812.0
115702,0.0,3548.0
115703,0.0,40253.0
115704,0.0,1414.0
115807,0.0,2731.0
115909,0.0,1709.0
116102,0.0,1536.0
116103,0.0,1604.0
116105,0.0,17018.0
116107,0.0,1288.0
116108,0.0,6222.0
116109,0.0,1463.0
116110,0.0,5950.0
116112,0.0,3301.0
116114,0.0,7128.0
116115,0.0,2401.0
116116,0.0,2312.0
116202,0.0,1303.0
116203,0.0,25153.0
116204,0.0,44314.0
116206,0.0,1457.0
116208,0.0,1191.0
116211,0.0,6003.0
116212,0.0,8445.0
116217,0.0,1301.0
116301,0.0,6447.0
116302,0.0,43938.0
116303,0.0,4745.0
116304,0.0,2273.0
116306,0.0,1232.0
116307,0.0,1694.0
116308,0.0,2239.0
116309,2176.57,14611.0
126402,0.0,32772.0
126403,4212.0,152648.0
126404,0.0,24245.0
126405,0.0,22406.0
126503,0.0,1262.0
126702,0.0,3158.0
136802,0.0,10194.0
136803,0.0,4834.0
136805,0.0,6182.0
136808,0.0,9408.0
136809,0.0,20281.0
136810,0.0,6066.0
136811,0.0,50017.0
136907,0.0,2308.0
136908,0.0,18867.0
136910,0.0,9238.0
136911,0.0,12006.0
136913,1245.0,112258.0
137005,0.0,32394.0
137009,0.0,2849.0
137010,0.0,2590.0
137013,2868.66,20552.0
137019,0.0,11044.0
147113,0.0,419943.0
147117,0.0,11061.0
157209,0.0,1111.0
157210,0.0,18280.0
157214,0.0,5160.0
157216,0.0,1809.0
157217,0.0,2307.0
157302,0.0,19868.0
157306,0.0,5074.0
157307,0.0,9617.0
157308,0.0,133596.0
157309,0.0,48010.0
157311,0.0,1011.0
157312,0.0,3115.0
157313,0.0,2650.0
157314,0.0,15178.0
157317,0.0,12892.0
157318,0.0,13940.0
157321,0.0,45393.0
157322,0.0,3150.0
157323,0.0,4428.0
157324,0.0,6988.0
157325,0.0,51798.0
157326,0.0,21317.0
157411,0.0,14434.0
157412,0.0,5551.0
157604,0.0,25343.0
157606,0.0,9277.0
157607,0.0,5167.0
157610,0.0,13390.0
157613,0.0,9156.0
157616,0.0,9676.0
157804,0.0,2040.0
158201,0.0,5288.0
158202,0.0,2699.0
158204,0.0,3412.0
158205,0.0,3996.0
158206,0.0,8178.0
158207,0.0,1179.0
158212,0.0,4096.0
158215,0.0,10528.0
158302,0.0,12606.0
158305,0.0,3299.0
158308,0.0,2376.0
158310,0.0,1245.0
168406,0.0,2523.0
168407,0.0,9880.0
168408,0.0,6533.0
168409,0.0,35947.0
168411,2080.0,21460.0
168412,0.0,2264.0
168413,0.0,40395.0
168414,0.0,22773.0
168418,0.0,29610.0
168419,0.0,24972.0
168421,0.0,4235.0
168424,0.0,2577.0
168425,0.0,4338.0
168427,0.0,25909.0
168431,0.0,8449.0
168432,0.0,3742.0
168433,0.0,71434.0
168442,0.0,1563.0
168447,0.0,25941.0
168450,0.0,15495.0
168451,0.0,1507.0
168459,0.0,2354.0
168464,0.0,3451.0
168465,0.0,9510.0
168466,0.0,15004.0
168467,0.0,4134.0
168471,0.0,6541.0
168472,0.0,20489.0
168473,0.0,45694.0
168479,0.0,5239.0
168480,0.0,8241.0
168481,0.0,15884.0
168483,0.0,7477.0
168485,0.0,1497.0
168502,0.0,1111.0
168503,0.0,12730.0
168504,0.0,111057.0
168505,0.0,4816.0
168506,0.0,10740.0
168507,0.0,17661.0
168508,0.0,3546.0
168509,0.0,11624.0
168510,0.0,12125.0
168515,0.0,1284.0
168516,0.0,29772.0
168517,0.0,85545.0
168518,0.0,30830.0
168519,0.0,11533.0
168520,0.0,1312.0
168521,0.0,26386.0
168522,0.0,2583.0
168523,0.0,3615.0
168524,0.0,26987.0
168525,172748.0,78770.0
168527,0.0,28293.0
168528,460124.0,35314.0
168529,0.0,5396.0
168531,0.0,1615.0
168535,0.0,5505.0
168536,0.0,36763.0
168538,0.0,7277.0
168539,0.0,6103.0
168541,0.0,4049.0
168542,0.0,163374.0
168543,0.0,20314.0
168544,0.0,21143.0
168548,0.0,49537.0
178703,0.0,196625.0
178704,0.0,59424.0
178708,0.0,51524.0
178711,0.0,1482.0
178712,63025.82,6524.0
178713,0.0,16216.0
178716,0.0,12153.0
178802,77643136.0,0.0
178903,0.0,63001.0
189001,0.0,1921.0
189002,0.0,2597.0
189003,0.0,14453.0
189004,0.0,24581.0
189005,0.0,24207.0
189006,0.0,25452.0
189007,0.0,5551.0
189009,0.0,43855.0
189010,0.0,64002.0
189014,0.0,1394.0
189015,0.0,3648.0
189018,0.0,12928.0
189026,0.0,1747.0
189028,0.0,2245.0
189030,0.0,8024.0
189031,0.0,1480.0
189101,0.0,3812.0
189102,0.0,13224.0
189105,0.0,1226.0
189207,0.0,6094.0
199303,0.0,3202.0
199306,0.0,7723.0
209401,0.0,16733.0
209403,0.0,73091.0
209404,0.0,31096.0
209405,0.0,27647.0
209406,0.0,12365.0
209503,0.0,107509.0
209504,0.0,10521.0
209506,0.0,36830.0
209507,0.0,14054.0
209508,0.0,7586.0
209603,0.0,10986.0
209608,0.0,2760.0
209612,0.0,1236.0
219701,0.0,3981.0
219703,0.0,17788.0
219704,3658.0,14852.0
219706,22386.0,0.0
