010106,0.0,5802.0
010201,0.0,170641.0
010202,0.0,258791.0
010203,0.0,64540.0
010204,0.0,64438.0
010207,0.0,132583.0
010210,0.0,16079.0
010301,275878.0,0.0
010305,1373.0,7846.0
010306,0.0,5768.0
010307,0.0,8964.0
010401,0.0,301299.0
010402,0.0,12217.0
010403,0.0,19801.0
010405,0.0,42038.0
010406,0.0,129800.0
010407,0.0,11893.0
010409,0.0,2951.0
010504,0.0,1197.0
020602,10926.17,0.0
020701,0.0,14280.0
020703,0.0,18323.0
020710,0.0,21610.0
020712,0.0,1047164.0
020801,0.0,132951.0
020811,0.0,10320.0
020812,0.0,5132.0
020813,0.0,9726.0
020901,0.0,8102.0
020902,0.0,10602.0
020910,0.0,11199.0
021006,0.0,1037.0
021101,18814.26,4069.0
021102,0.0,1696.0
021105,0.0,12142.0
021209,84218.18,1633.0
021404,0.0,10169.0
031503,0.0,2263.0
031507,0.0,1571.0
031509,0.0,14609.0
031512,18011.05,0.0
031517,0.0,30093.0
041601,0.0,16181.0
041604,0.0,11083.0
041605,0.0,8566.0
041701,0.0,32412.0
041704,0.0,25952.0
041805,0.0,2604.0
041806,0.0,79242.0
041901,0.0,15918.0
041902,0.0,22777.0
041904,0.0,42167.0
041905,0.0,155779.0
042002,0.0,7427.0
042003,0.0,6162.0
042004,0.0,96606.0
042005,0.0,43200.0
042007,0.0,4701.0
042008,0.0,77676.0
042009,0.0,69407.0
042101,0.0,2154.0
042103,0.0,47107.0
042104,0.0,22977.0
042105,0.0,59291.0
042106,0.0,79186.0
042201,0.0,6886.0
042202,0.0,161728.0
042204,0.0,445275.0
042206,0.0,4156.0
042208,0.0,394482.0
042209,0.0,2644.0
042309,40154.72,135603.0
042402,0.0,71268.0
042403,0.0,2193.0
052501,0.0,1801.0
052505,0.0,2113.0
052508,0.0,4375.0
052520,0.0,2196.0
052523,0.0,26311.0
052710,0.0,84656.0
052711,0.0,45085.0
052713,0.0,99858.0
052715,0.0,17513.0
062801,0.0,1337.0
062804,0.0,1504.0
062816,0.0,11305.0
062828,0.0,3689.0
062905,0.0,1149.0
062917,32574.62,0.0
062918,40916.98,0.0
062922,0.0,1786.0
062936,0.0,1720.0
063004,0.0,22867.0
063101,0.0,15123.0
063104,0.0,2999.0
063105,0.0,2291.0
063203,0.0,1529.0
063206,0.0,1526.0
063208,0.0,179347.0
063209,0.0,2056.0
063210,0.0,1761.0
063212,0.0,1220.0
063214,0.0,3164.0
063215,0.0,1601.0
063303,0.0,135499.0
063304,0.0,201047.0
063305,0.0,35318.0
063306,0.0,22411.0
063307,0.0,64004.0
063401,0.0,29196.0
063402,2575.0,237218.0
063506,0.0,17058.0
063702,0.0,2788.0
063707,0.0,4371.0
063808,0.0,28419.0
063809,16122.82,0.0
063811,0.0,2154.0
063813,0.0,4243.0
063814,0.0,4015.0
063815,0.0,1599.0
063822,0.0,4075.0
063823,0.0,9789.0
073904,14898.69,0.0
073911,0.0,42982.0
073917,0.0,85990.0
073918,4638.0,10918.0
073921,0.0,4385.0
073922,0.0,56926.0
073923,0.0,33202.0
073924,0.0,67770.0
073925,0.0,87043.0
073926,0.0,119656.0
074001,0.0,1022282.0
074002,152040.13,0.0
074009,0.0,2247.0
074010,0.0,24403.0
074011,0.0,90023.0
074012,0.0,8872.0
074016,0.0,16162.0
084202,0.0,9754.0
094403,0.0,46337.0
094404,0.0,4893.0
094407,47133.49,317544.0
094408,0.0,62682.0
094409,0.0,143304.0
094410,0.0,6752.0
094411,0.0,4997.0
094412,0.0,53661.0
094413,0.0,8769.0
094414,0.0,1930.0
094418,0.0,62214.0
094419,0.0,2000.0
094421,0.0,3601.0
094504,0.0,4733.0
094602,0.0,1418.0
104802,0.0,34352.0
104804,0.0,3597.0
104805,5037.89,0.0
104806,0.0,4127.0
104810,9319.38,8946.0
104811,0.0,3928.0
104816,0.0,3979.0
104817,0.0,1799.0
104818,0.0,111593.0
104819,0.0,14026.0
104820,0.0,181766.0
104821,0.0,2785.0
104823,0.0,9394.0
104901,0.0,59380.0
104907,0.0,126949.0
104909,0.0,3881.0
104910,0.0,9921.0
104911,0.0,11425.0
115208,0.0,1155.0
115311,0.0,1774.0
115601,0.0,12058.0
115603,0.0,25965.0
115608,0.0,4669.0
115702,0.0,7270.0
115703,12204.45,51644.0
115704,0.0,2877.0
115705,0.0,10618.0
115807,0.0,1761.0
115911,0.0,5470.0
116102,0.0,13898.0
116104,0.0,196300.0
116105,0.0,94108.0
116106,15768.0,2275.0
116107,0.0,4086.0
116108,205346.0,16305.0
116109,5741.0,4327.0
116110,5426.0,40770.0
116112,0.0,4449.0
116114,0.0,23586.0
116115,0.0,4115.0
116116,0.0,7300.0
116203,0.0,14297.0
116204,0.0,9545.0
116205,0.0,1164.0
116206,0.0,8129.0
116207,0.0,16130.0
116208,41699.0,0.0
116209,0.0,2498.0
116210,0.0,17305.0
116211,0.0,6844.0
116212,130180.0,3828.0
116301,0.0,1653.0
116302,0.0,474784.0
116303,0.0,13574.0
116304,0.0,1618.0
116306,0.0,19402.0
116307,0.0,36362.0
126402,0.0,83054.0
126403,8437.0,120336.0
126404,0.0,62251.0
126405,0.0,1851.0
126505,0.0,1674.0
126601,0.0,3229.0
136802,0.0,32199.0
136804,3203.0,0.0
136805,0.0,5537.0
136808,0.0,6717.0
136809,0.0,23249.0
136810,0.0,52321.0
136811,0.0,34421.0
136908,0.0,56245.0
136909,0.0,5090.0
136910,0.0,7611.0
136911,1447.0,10879.0
136912,0.0,3507.0
136913,0.0,48810.0
136914,0.0,3291.0
137003,0.0,1205.0
137005,0.0,23710.0
137007,0.0,1189.0
137009,0.0,4096.0
137013,0.0,10180.0
137016,0.0,5857.0
137018,0.0,3984.0
137019,0.0,15729.0
137020,0.0,18561.0
147113,0.0,21846.0
147117,0.0,8960.0
157204,27349.85,0.0
157208,0.0,2247.0
157210,0.0,6892.0
157213,0.0,13633.0
157214,0.0,6638.0
157215,0.0,17928.0
157216,0.0,5606.0
157219,0.0,4310.0
157220,0.0,1630.0
157222,0.0,1927.0
157228,0.0,2285.0
157301,0.0,4973.0
157304,0.0,2650.0
157306,0.0,29704.0
157307,0.0,1650.0
157308,15670.88,265625.0
157312,0.0,2292.0
157314,0.0,11577.0
157317,0.0,20946.0
157318,0.0,17897.0
157321,0.0,48837.0
157322,0.0,6618.0
157323,0.0,16331.0
157324,0.0,11884.0
157325,17472.79,0.0
157326,0.0,92285.0
157404,78914.44,0.0
157408,0.0,160547.0
157411,0.0,2058.0
157412,0.0,6227.0
157604,0.0,24559.0
157607,0.0,1000.0
157610,0.0,54512.0
157615,0.0,2442.0
157616,0.0,8545.0
158201,0.0,4522.0
158202,0.0,1031.0
158205,0.0,65646.0
158207,0.0,13486.0
158210,0.0,2590.0
158211,0.0,23000.0
158212,0.0,7627.0
158213,0.0,6000.0
158214,0.0,15779.0
158215,0.0,24614.0
158302,0.0,9099.0
158304,0.0,1947.0
158306,0.0,6923.0
158308,0.0,3945.0
168407,0.0,41826.0
168408,0.0,166588.0
168409,0.0,20553.0
168412,0.0,2884.0
168413,0.0,25935.0
168414,0.0,9385.0
168415,0.0,39960.0
168418,0.0,50423.0
168419,0.0,27197.0
168421,0.0,70853.0
168422,0.0,14404.0
168423,0.0,2351.0
168424,0.0,6970.0
168427,12161.44,0.0
168428,0.0,5014.0
168429,0.0,19565.0
168431,2507.0,63691.0
168432,0.0,11215.0
168433,0.0,52367.0
168438,0.0,1091.0
168443,0.0,44495.0
168450,0.0,20857.0
168459,6516.0,0.0
168465,4709.0,0.0
168467,0.0,12344.0
168470,0.0,8541.0
168471,0.0,56485.0
168472,0.0,18234.0
168473,0.0,164206.0
168474,753111.0,4075.0
168479,0.0,15030.0
168481,0.0,20348.0
168483,4821.0,0.0
168501,245425.0,0.0
168502,65468.0,2898.0
168503,0.0,16334.0
168504,1221.0,18419.0
168505,0.0,3159.0
168506,0.0,14640.0
168507,0.0,45737.0
168509,0.0,36782.0
168510,0.0,5725.0
168511,0.0,1496.0
168512,0.0,4655.0
168514,0.0,3187.0
168516,0.0,22488.0
168517,0.0,30088.0
168518,0.0,11852.0
168521,0.0,6780.0
168522,0.0,2798.0
168523,0.0,10862.0
168525,0.0,36747.0
168526,0.0,31993.0
168528,0.0,73880.0
168529,0.0,18941.0
168531,0.0,1775.0
168535,0.0,13959.0
168536,0.0,19618.0
168537,0.0,2559.0
168539,0.0,4968.0
168541,7351.0,0.0
168542,0.0,12887.0
168543,0.0,23020.0
168544,0.0,66003.0
168546,0.0,3043.0
178609,0.0,1465.0
178701,56396.54,20887.0
178702,0.0,88411.0
178703,30866.0,275972.0
178704,0.0,57363.0
178705,0.0,22489.0
178707,0.0,23132.0
178708,0.0,79055.0
178711,0.0,11701.0
178712,0.0,8135.0
178716,18982.21,5143.0
178801,0.0,14226.0
178802,3520.0,1879214.0
178803,0.0,29533.0
178903,0.0,73967.0
189005,0.0,52219.0
189006,0.0,100111.0
189007,0.0,2236.0
189010,0.0,34460.0
189015,0.0,50435.0
189018,2487.0,50064.0
189019,0.0,10021.0
189022,0.0,10241.0
189026,0.0,10333.0
189027,0.0,1969.0
189028,0.0,8482.0
189030,0.0,4061.0
189031,0.0,1160.0
189033,0.0,4773.0
189101,0.0,3577.0
189102,0.0,15813.0
189113,0.0,3119.0
189201,3731.0,0.0
199302,0.0,2404.0
199303,0.0,3649.0
199306,0.0,19258.0
209401,9579.0,94420.0
209402,0.0,15166.0
209403,0.0,137224.0
209404,0.0,48877.0
209405,0.0,14695.0
209406,0.0,308881.0
209501,6042.71,0.0
209503,0.0,107442.0
209504,0.0,2635.0
209505,0.0,1855.0
209506,0.0,12745.0
209507,0.0,28187.0
209602,0.0,6801.0
209603,0.0,11257.0
209608,0.0,1468.0
209609,0.0,1471.0
209613,0.0,1625.0
219704,8691.0,2730.0
219705,26562.0,13262.0
219706,0.0,279619.0
