010101,0,72703.0
010102,95984826.0,114690.0
010104,26169870.0,171401.0
010105,225.0,754028.0
010106,59772041.0,3746336.0
010201,20966.0,4875.0
010202,1305855.0,84560.0
010203,0,15683.0
010204,69717633.0,83443.0
010206,2680435.0,18923.0
010207,2244.0,36222.0
010208,0,2645.0
010209,877.0,0
010210,40618.0,121169.0
010301,21618.0,1192.0
010302,0,104923.0
010303,0,88764.0
010304,0,108153.0
010305,455591.0,87432.0
010306,0,134574.0
010307,0,34379.0
010401,123.0,387832.0
010402,195527.0,8844880.0
010403,0,158790.0
010404,0,20129.0
010405,170337.0,57624.0
010406,4335.0,503294.0
010407,479513.0,35103.0
010408,0,974.0
010409,2727620.0,22907.0
010501,0,98.0
010504,1440759.0,30.0
010506,256350.0,0
010508,88608.0,55917.0
010510,420350.0,0
010511,339845.0,23095.0
020601,3288.0,1258739.0
020602,22884494.0,6308503.0
020603,165644012.0,10450.0
020604,17.0,7058.0
020701,15351913.0,74905.0
020702,7129938.0,7156.0
020703,3139952.0,2169793.0
020704,207667.0,625.0
020705,1458004.0,60.0
020706,1058312.0,775.0
020707,15617.0,1097.0
020708,6398028.0,20034.0
020709,247812409.0,110364.0
020710,810974.0,46328.0
020711,100981.0,8664.0
020712,5721257.0,354431.0
020713,199253457.0,24064468.0
020714,11526.0,47202.0
020801,8799.0,790515.0
020802,316677.0,125664.0
020803,859579.0,52.0
020804,406160.0,1198278.0
020805,1673096.0,80001.0
020806,0,245257.0
020807,93518.0,178.0
020808,0,702652.0
020809,17.0,9618.0
020810,1150784.0,127226.0
020811,0,973333.0
020812,18963.0,5103.0
020813,2580.0,72466.0
020901,891123771.0,1239815.0
020902,706981.0,176190.0
020903,0,2623.0
020904,8182178.0,333222.0
020905,0,7648.0
020906,1489.0,504180.0
020907,941.0,308849.0
020908,407035.0,136732.0
020909,4616553.0,317813.0
020910,18169872.0,173714.0
021001,36478926.0,332967003.0
021003,4831.0,5855634.0
021004,69531.0,280861.0
021005,0,1877454.0
021006,4517.0,57048866.0
021007,3412128.0,18610156.0
021008,10854.0,12359.0
021101,23188.0,827452.0
021102,273102.0,1481612.0
021103,1540.0,3981950.0
021104,92975.0,1808938.0
021105,0,19645.0
021106,372918.0,190413.0
021107,3494.0,28121622.0
021108,280.0,436464.0
021201,2669961.0,407029.0
021202,28682264.0,404836.0
021204,295764.0,0
021205,98575.0,1.0
021206,32753.0,12704.0
021207,459240190.0,628986.0
021208,795566.0,3217.0
021209,39687.0,4140899.0
021210,1312917.0,451330.0
021211,1717258.0,7690.0
021212,48010.0,30090.0
021213,0,3438.0
021214,12364.0,371.0
021301,10819167.0,713813.0
021302,211.0,2933618.0
021401,1078070.0,6041.0
021404,1674.0,54919.0
031501,0,698.0
031503,0,21.0
031504,0,2249.0
031505,0,2052.0
031507,0,3331046.0
031508,0,123.0
031509,0,697713.0
031510,0,78579.0
031511,1246.0,372906408.0
031512,641.0,2462383.0
031513,0,151556.0
031514,0,37116.0
031515,0,193053.0
031516,0,31596854.0
031517,36110.0,4871069.0
031518,0,149508.0
031519,0,18792237.0
031520,0,1702376.0
031521,2376108.0,14393.0
031522,0,501282.0
041601,0,331369.0
041602,904835.0,176737.0
041603,0,3791.0
041604,0,1509139.0
041605,0,67560.0
041701,0,137500313.0
041702,204.0,2931748.0
041703,0,946.0
041704,1988.0,5614415.0
041803,0,2409.0
041804,0,1498.0
041805,0,940868.0
041806,0,2405975.0
041901,5709.0,57915211.0
041902,321.0,2793804.0
041903,0,4019.0
041904,295014.0,640397.0
041905,4586542.0,3803583.0
042001,0,229870.0
042002,15847.0,546619.0
042003,0,146909.0
042004,17372.0,34211.0
042005,157436.0,379943.0
042006,0,3764.0
042007,0,421769.0
042008,2356351.0,8813932.0
042009,745148.0,10027862.0
042101,229.0,49856.0
042102,0,9554122.0
042103,3345.0,2638617.0
042104,98.0,75058.0
042105,0,59470.0
042106,404120.0,8724528.0
042201,166806.0,93807.0
042202,208701.0,1108453.0
042203,1639887.0,344775.0
042204,37209.0,1461855.0
042205,8668.0,33185.0
042206,0,73078.0
042207,0,3027.0
042208,2678243.0,10388630.0
042209,3141.0,159253.0
042301,0,54.0
042302,103.0,2790.0
042303,0,1.0
042306,2130338.0,54.0
042307,0,68.0
042308,12059.0,211.0
042309,21.0,987109.0
042401,0,7547522.0
042402,103493.0,5484423.0
042403,640.0,1615.0
052501,0,237266.0
052502,0,5330.0
052503,0,635180.0
052504,0,10896.0
052505,341.0,416879.0
052506,0,299123.0
052507,92.0,293645.0
052508,156.0,838250.0
052509,0,21144.0
052510,0,44367.0
052511,0,269125.0
052512,0,689604.0
052513,0,568710.0
052515,296731.0,5131.0
052516,0,2779.0
052517,41.0,228166.0
052518,175.0,81149.0
052519,1.0,203649.0
052520,2055.0,740791.0
052521,16449.0,29224.0
052522,0,122687.0
052523,142080.0,42352560.0
052524,0,5501.0
052525,0,54801.0
052526,0,375020.0
052528,0,2450.0
052529,216.0,0
052530,0,18227.0
052601,0,229.0
052607,0,1995.0
052609,0,1982.0
052615,15635925.0,308097.0
052617,0,341.0
052618,0,5290.0
052620,0,927.0
052621,0,93404.0
052701,0,42555419.0
052702,0,237747.0
052703,0,84540.0
052704,0,31586.0
052705,0,16406.0
052706,0,227.0
052707,41969.0,841476.0
052709,0,14322.0
052710,35879.0,2361455961.0
052711,0,10303693.0
052712,16223.0,10768015.0
052713,0,3972183.0
052714,0,43237611.0
052715,0,6970763.0
062801,0,114523.0
062802,0,38078.0
062803,0,1680324.0
062804,50.0,663133.0
062805,0,50461.0
062806,0,559507.0
062807,56377.0,230936.0
062808,0,612933.0
062809,0,291478.0
062810,0,110692.0
062811,307.0,361335.0
062812,0,3704.0
062813,0,6021.0
062814,0,1044408.0
062815,0,5766920.0
062816,0,5136.0
062817,0,186648.0
062818,0,114253.0
062819,0,152258.0
062820,0,6975.0
062821,0,854947.0
062822,0,660.0
062823,0,4715174.0
062824,0,823.0
062825,0,178723.0
062826,0,4111.0
062827,2125.0,1301509.0
062828,0,729743.0
062829,278191.0,717915.0
062830,0,1013511.0
062831,0,19778.0
062832,0,182495.0
062833,0,3085299.0
062834,0,423565.0
062835,0,868536.0
062836,0,4971822.0
062837,0,1559176.0
062839,0,1492175.0
062840,0,89516.0
062841,0,120139.0
062842,0,120692.0
062843,0,111233.0
062844,48737.0,198121.0
062845,0,9332.0
062847,0,233527.0
062848,0,935.0
062849,0,1063838.0
062850,0,28359.0
062851,0,14505.0
062901,0,236571.0
062902,0,1678745.0
062903,0,1047091.0
062904,0,11097.0
062905,0,1958573.0
062906,0,17156.0
062907,0,60634.0
062908,0,23223.0
062909,0,770313.0
062910,0,7559.0
062911,0,116.0
062912,0,309508.0
062914,0,571845.0
062915,0,10522427.0
062916,0,332601.0
062917,0,11444384.0
062918,0,555219.0
062919,0,475.0
062920,0,873997.0
062921,0,272545.0
062922,0,3946669.0
062923,0,177780.0
062924,0,905329.0
062925,0,134574.0
062926,0,6057.0
062927,0,338230.0
062928,0,24909.0
062929,0,9316618.0
062930,0,146193.0
062931,0,3889.0
062932,0,97937.0
062933,0,3005520.0
062934,0,177919.0
062935,0,520085.0
062936,0,1163857.0
062937,0,88985.0
062938,0,525.0
062939,0,314972.0
062940,0,77518.0
062941,0,7464907.0
062942,0,280921.0
063002,1013978.0,2363023.0
063003,3182.0,310258.0
063004,18152.0,153296258.0
063005,0,1312072.0
063006,2048.0,17169607.0
063101,6.0,22705.0
063102,0,174848955.0
063103,0,429546.0
063104,0,474984.0
063105,12403.0,437956744.0
063201,0,743220.0
063202,0,7990970.0
063203,108181.0,539455.0
063204,0,10953018.0
063205,0,626506.0
063206,125.0,3291313.0
063207,0,110254.0
063208,5195.0,2558460.0
063209,0,1032675.0
063210,0,718713.0
063211,0,341788.0
063212,0,473976.0
063213,0,111647.0
063214,149.0,2471719.0
063215,6278.0,4942888.0
063301,26716.0,871951.0
063302,31859.0,32198676.0
063303,508.0,5157151.0
063304,24719.0,5307148.0
063305,3395521.0,6265834.0
063306,0,2964556.0
063307,22884.0,7704269.0
063401,173109.0,42074643.0
063402,640.0,15258563.0
063403,0,4232102.0
063404,94269.0,267322.0
063405,0,2976386.0
063406,228.0,725149.0
063407,0,2741.0
063501,0,294384.0
063502,0,73984.0
063503,0,386043.0
063504,0,12380.0
063505,454.0,1071286.0
063506,354.0,9719394.0
063507,0,1161097.0
063601,0,260216.0
063602,0,11403708.0
063603,0,1799257.0
063604,0,1119.0
063605,117626.0,535.0
063606,0,4638.0
063701,0,1903887.0
063702,1401.0,281621.0
063703,0,2162901.0
063704,0,5407.0
063705,101.0,131406.0
063706,0,3960.0
063707,0,511166.0
063801,0,34144.0
063802,0,550097.0
063803,0,96.0
063804,0,20873.0
063805,0,903.0
063806,0,121945.0
063807,4.0,5.0
063808,2127.0,32025119.0
063809,0,5885079.0
063810,5.0,185286.0
063811,0,1023570.0
063812,0,2781404.0
063813,0,88967.0
063814,0,2544079.0
063815,0,481052.0
063816,0,1059941.0
063817,0,755.0
063818,0,500.0
063819,0,2761595.0
063820,0,207484.0
063821,0,245832.0
063822,0,18357525.0
063823,13581.0,16521488.0
073901,0,84365182.0
073902,1413.0,55445225.0
073903,0,1375443.0
073904,143.0,28279133.0
073905,0,6814391.0
073906,0,1648903.0
073907,9976.0,41515926.0
073908,0,201.0
073909,789.0,5977974.0
073910,184.0,712393.0
073911,0,1772654.0
073912,0,3726778.0
073913,0,196160.0
073914,0,67640.0
073915,277630.0,1073066.0
073916,0,329401.0
073917,54820.0,39736116.0
073918,1228.0,10363926.0
073919,2384.0,2999731.0
073920,700.0,14114615.0
073921,545.0,8115325.0
073922,1122.0,2557982.0
073923,27419.0,26278572.0
073924,7908.0,4675266.0
073925,9377.0,3387916.0
073926,110953.0,17251620.0
074001,0,7087057.0
074002,0,3727354.0
074003,0,242969.0
074004,0,14.0
074005,0,1581087.0
074006,0,549718.0
074007,0,668444.0
074008,266.0,717862.0
074009,93470.0,4936147.0
074010,1984.0,11047757.0
074011,190087.0,148033399.0
074012,60008.0,3282724.0
074013,0,3311715.0
074014,0,5579111.0
074015,56.0,3910390.0
074016,45684.0,16656944.0
074017,655053.0,32599.0
084102,1153.0,0
084104,765803.0,271059.0
084105,59964341.0,191089.0
084106,22675961.0,18820.0
084107,2199899.0,177651.0
084108,0,1071.0
084109,422.0,22475.0
084111,0,697372.0
084201,79.0,5348.0
084202,232411.0,8436835.0
084203,2762890.0,1570149.0
084205,14949.0,53854.0
084206,129.0,12515.0
084301,0,933.0
084302,0,41.0
084303,0,5607.0
084304,0,29080.0
094401,4374.0,25395.0
094402,8566.0,29.0
094403,341645.0,1092933.0
094404,273.0,78295.0
094405,0,380.0
094406,0,7372.0
094407,3529006.0,16261284.0
094408,11220.0,621442.0
094409,0,418701.0
094410,131.0,1834168.0
094411,0,5857335.0
094412,512.0,12844957.0
094413,0,10483.0
094414,8339.0,328688.0
094415,29191.0,705187.0
094416,17.0,22743.0
094417,1032.0,122655.0
094418,6549.0,3735832.0
094419,5186.0,46176.0
094420,22458.0,86535.0
094421,5821.0,2863655.0
094501,0,269191.0
094502,0,5576.0
094503,0,283901.0
094504,0,2628.0
094601,128689.0,388836.0
094602,41884.0,26141.0
104701,297.0,0
104702,0,57.0
104703,0,4669537.0
104704,0,1062551.0
104705,0,1094428.0
104706,0,76.0
104707,0,1487536.0
104801,0,2495978.0
104802,1862.0,37374129.0
104803,941.0,3857745.0
104804,61.0,5770276.0
104805,0,8807974.0
104806,0,142005.0
104807,0,273964.0
104808,0,265878.0
104809,13.0,2201011.0
104810,1263.0,9131814.0
104811,13.0,2279110.0
104812,0,103665.0
104813,0,690565.0
104814,624.0,179777.0
104816,0,2359753.0
104817,811.0,1095352.0
104818,86.0,9146603.0
104819,5245.0,9681403.0
104820,8850.0,18312265.0
104821,933.0,3505436.0
104822,0,323263.0
104823,611.0,1460355.0
104901,327350.0,48713567.0
104902,4103.0,457578.0
104903,0,50037.0
104904,0,935.0
104905,54.0,128202.0
104906,0,381104.0
104907,0,664954.0
104908,0,13665.0
104909,18337.0,196265.0
104910,0,220048.0
104911,79564.0,5933468.0
115001,0,10566.0
115002,0,126953.0
115005,0,4740.0
115006,0,13304.0
115007,669.0,36590.0
115102,17.0,0
115105,0,26.0
115110,0,29.0
115111,0,3843346.0
115112,0,461667.0
115113,0,1937.0
115201,0,3001209.0
115202,993750.0,2712.0
115203,4818363.0,487340.0
115204,14954.0,48692.0
115205,9759593.0,772581.0
115206,5920.0,773254.0
115207,1781156.0,190.0
115208,2848922.0,386791.0
115209,294776.0,2527784.0
115210,148055.0,42192.0
115211,101874.0,162054.0
115212,1833690.0,54739.0
115301,0,14.0
115303,3268.0,2230498.0
115305,0,353744.0
115307,0,173835.0
115308,0,4.0
115309,0,20485.0
115310,0,3583.0
115311,109.0,90529.0
115401,43.0,3812475.0
115402,21442.0,18953152.0
115403,0,1518547.0
115404,0,14482.0
115406,0,14.0
115407,803809.0,98133411.0
115408,656457.0,220748.0
115501,0,2757553.0
115502,0,766562.0
115503,0,2353885.0
115504,0,2208892.0
115506,0,482347.0
115508,13315.0,2790835.0
115509,14428.0,26583619.0
115510,1020609.0,152179.0
115511,0,27853.0
115512,0,370172.0
115513,0,232332.0
115514,0,1697456.0
115515,560951.0,522576.0
115516,254982.0,106499.0
115601,9559.0,598990.0
115602,0,341687.0
115603,0,2245078.0
115604,0,888515.0
115605,0,233729.0
115606,0,264887.0
115607,5302.0,820160.0
115608,4567.0,400465.0
115609,2789.0,93151.0
115701,57750.0,690026.0
115702,1557.0,63353.0
115703,79940.0,1375993.0
115704,0,58953.0
115705,23402.0,1332665.0
115801,258.0,1352336.0
115802,40931.0,16634.0
115803,0,171552.0
115804,489.0,592131.0
115805,3899.0,0
115806,13906.0,1543159.0
115807,56804.0,932430.0
115808,0,29060.0
115809,0,5.0
115810,0,794476.0
115811,0,18459.0
115901,98.0,17776.0
115902,0,1009978.0
115903,0,2807691.0
115904,0,46657.0
115905,0,912.0
115906,0,103507.0
115907,592.0,1932025.0
115908,0,8420.0
115909,2390.0,1907885.0
115910,0,90659.0
115911,1470.0,421598.0
116001,0,1039868.0
116002,1179.0,1156112.0
116101,110212.0,158524.0
116102,13563.0,313230.0
116103,529074.0,4946973.0
116104,720038.0,8978236.0
116105,329599.0,1083088.0
116106,11568.0,141000.0
116107,2618051.0,6247373.0
116108,2527414.0,3354439.0
116109,5064726.0,32711421.0
116110,627414.0,2937231.0
116111,0,10312303.0
116112,31650.0,9731573.0
116113,0,161724.0
116114,22489.0,350862.0
116115,2953471.0,9181839.0
116116,30.0,134932.0
116117,2791880.0,666516.0
116201,108668.0,666779.0
116202,38269.0,623746.0
116203,995309.0,50066636.0
116204,2699437.0,28677646.0
116205,2407395.0,9367580.0
116206,4117084.0,7755506.0
116207,2302986.0,1067078.0
116208,5427957.0,1822930.0
116209,4221.0,4483244.0
116210,87452.0,182809.0
116211,39856.0,7877150.0
116212,20210.0,1456485.0
116213,12225.0,3188.0
116214,524733.0,12530282.0
116215,1072.0,326564.0
116216,316.0,101731.0
116217,20051.0,5010450.0
116301,13727.0,5085330.0
116302,1775780.0,6387486.0
116303,12070.0,663458.0
116304,3412580.0,18329764.0
116305,433851.0,4291237.0
116306,752489.0,8108928.0
116307,88980.0,1044794.0
116308,0,15470.0
116309,1284403.0,0
116310,22016.0,309.0
126401,34088.0,1817460.0
126402,1637322.0,40911048.0
126403,6618973.0,2448565.0
126404,8028.0,2102014.0
126405,3991121.0,2180743.0
126406,2110735.0,4363063.0
126501,58.0,306.0
126502,0,5108.0
126504,1309.0,76331.0
126505,83369.0,2210592.0
126506,857.0,2366911.0
126507,0,21820.0
126601,2346.0,3849648.0
126602,539.0,59050.0
126603,0,8064.0
126702,2238.0,257667.0
126703,0,12420.0
126704,12517.0,492109.0
136801,0,4957.0
136802,74842.0,4501534.0
136803,79.0,66724.0
136804,852923.0,3993725.0
136805,4.0,696376.0
136806,350.0,968710.0
136807,0,1696432.0
136808,20050.0,260307.0
136809,40.0,1053380.0
136810,0,247402.0
136811,0,34623.0
136812,0,290669.0
136813,14199.0,1932903.0
136814,0,39981.0
136815,4303.0,188303.0
136901,6.0,40603.0
136902,0,3712760.0
136903,0,556654.0
136904,589.0,1278939.0
136905,69.0,166605.0
136906,0,7756.0
136907,110.0,1742515.0
136908,3346.0,17568622.0
136909,3399.0,109544.0
136910,4946.0,5770623.0
136911,91088.0,3226866.0
136912,145281.0,684549.0
136913,2699.0,60648.0
136914,780.0,174147.0
137001,0,323.0
137002,0,52261.0
137003,0,879985.0
137004,41.0,3085496.0
137005,70.0,7641803.0
137006,0,40616.0
137007,4971.0,2558494.0
137008,0,291086.0
137009,17275.0,2479423.0
137010,3144.0,13330027.0
137011,77.0,152174.0
137013,44768.0,7519950.0
137014,0,84305.0
137015,46.0,31335.0
137016,2070.0,256110.0
137017,441.0,966586.0
137018,7427.0,162855.0
137019,0,1127381.0
137020,468.0,629035.0
147101,9152.0,38.0
147102,5969.0,12.0
147103,9569286.0,27650.0
147104,0,248.0
147106,0,3755.0
147107,0,464.0
147108,174828045.0,14.0
147109,0,4830.0
147110,713.0,8852.0
147111,0,257.0
147112,0,967.0
147113,288505.0,295527.0
147114,81.0,77661.0
147115,0,36298.0
147116,10.0,18539.0
147117,104484.0,777601.0
147118,0,4392.0
157202,75.0,3484012.0
157203,0,288158.0
157204,61.0,95928.0
157205,0,78249.0
157206,0,203.0
157207,0,10485256.0
157208,237.0,80282058.0
157209,0,83427214.0
157210,5900.0,111080052.0
157211,0,3099379.0
157212,0,6672373.0
157213,104.0,52841026.0
157214,76.0,298578663.0
157215,0,10101782.0
157216,34508.0,11760591.0
157217,784.0,10217892.0
157218,0,37621.0
157219,0,19735723.0
157220,0,454496.0
157221,0,17477.0
157222,0,4777731.0
157223,0,734109.0
157224,0,4542.0
157225,0,2419612.0
157226,0,444272.0
157227,0,873172.0
157228,704192.0,7703179.0
157229,0,2292641.0
157301,0,4484146.0
157302,213.0,247536.0
157303,5919.0,12641138.0
157304,298649.0,10152550.0
157305,0,1462078.0
157306,63471.0,45672989.0
157307,166913.0,13992718.0
157308,108258.0,225303370.0
157309,3657.0,6524358.0
157310,41234.0,9007273.0
157311,459562.0,957651.0
157312,322.0,4785287.0
157313,0,370673.0
157314,17317.0,4794192.0
157315,14591.0,3002006.0
157316,0,422299.0
157317,1535.0,8173325.0
157318,123083.0,18166621.0
157319,542.0,775427.0
157320,504.0,4876037.0
157321,11268.0,1091555.0
157322,969.0,215405.0
157323,127254.0,16754999.0
157324,190.0,2819891.0
157325,3640.0,2343566.0
157326,92998.0,13842795.0
157401,0,2642.0
157402,0,1655.0
157403,0,24585.0
157406,0,194.0
157407,0,514544.0
157408,227931.0,32914350.0
157409,0,877125.0
157410,0,5615.0
157411,0,160142.0
157412,0,328043.0
157413,0,1386441.0
157415,0,58049.0
157418,184.0,105272.0
157419,392.0,199816.0
157502,0,3290.0
157505,814.0,4658.0
157506,0,2828.0
157507,0,36001.0
157508,52468.0,143521.0
157601,0,574955.0
157602,0,90.0
157603,0,56550.0
157604,502.0,13315230.0
157605,0,1023481.0
157606,216.0,12951429.0
157607,307037.0,2948293.0
157608,0,1117733.0
157609,0,255945.0
157610,5613.0,5597342.0
157611,0,68946.0
157612,0,381581.0
157613,603.0,501280.0
157614,0,34136549.0
157615,621.0,5714582.0
157616,1422.0,3153608.0
157801,0,809781.0
157802,0,46.0
157804,81954.0,63183.0
157806,0,58536.0
157901,53949.0,17206882.0
157903,191488.0,5014.0
157904,0,3992.0
157905,163110.0,1433.0
157907,46915.0,10903.0
158001,0,172663.0
158003,0,7916.0
158007,0,340535.0
158101,0,22831.0
158102,0,49247.0
158103,0,431.0
158104,0,2716.0
158106,0,6248.0
158108,0,5074.0
158109,0,3856.0
158110,0,81569.0
158112,0,20172.0
158201,6823.0,7650946.0
158202,743.0,2114256.0
158203,797.0,1602032.0
158204,11853.0,1901276.0
158205,176328.0,9282518.0
158206,32749.0,886985.0
158207,1701784.0,10682294.0
158208,2740.0,1375963.0
158209,52.0,43771.0
158210,113.0,252452.0
158211,1360.0,658604.0
158212,271758.0,2175959.0
158213,46.0,481961.0
158214,260.0,471926.0
158215,313204.0,2888571.0
158301,4193.0,9337218.0
158302,43393.0,9980364.0
158303,31207.0,2061813.0
158304,856.0,425661.0
158305,193.0,916766.0
158306,18120.0,271485.0
158307,161.0,250522.0
158308,0,945139.0
158309,647.0,7271349.0
158310,0,100606.0
158311,1122.0,5140423.0
168401,24.0,98472.0
168402,14345.0,28535017.0
168403,0,618928.0
168404,15.0,4205180.0
168405,0,3798152.0
168406,125.0,3504844.0
168407,497637.0,2025978.0
168408,43406.0,12219081.0
168409,4837.0,11515099.0
168410,1632.0,21274117.0
168411,0,160410.0
168412,1876.0,1516587.0
168413,1159658.0,46907837.0
168414,296953.0,25629680.0
168415,40118.0,8379598.0
168416,10.0,863444.0
168417,100.0,4036254.0
168418,46334.0,36297470.0
168419,18841.0,19190160.0
168420,0,716438.0
168421,296273.0,31126962.0
168422,22719.0,11372201.0
168423,13207.0,5304971.0
168424,5207.0,13364015.0
168425,100508.0,14655833.0
168426,370752.0,27584154.0
168427,604825.0,14775702.0
168428,687278.0,30358655.0
168429,2864960.0,432637014.0
168430,1941496.0,35137293.0
168431,751588.0,52309463.0
168432,67486.0,11677665.0
168433,278.0,8977305.0
168434,5.0,2613664.0
168435,0,3188880.0
168436,0,2175475.0
168437,0,16754480.0
168438,770.0,99082425.0
168439,0,343969.0
168440,175.0,817173.0
168441,4721.0,3066163.0
168442,0,776083.0
168443,115867.0,43451641.0
168444,0,380951.0
168445,1558.0,23384605.0
168446,1220.0,2969646.0
168447,0,2037897.0
168448,41101.0,11675428.0
168449,0,376414.0
168450,32243.0,5017853.0
168451,26235.0,15326825.0
168452,12065.0,8744025.0
168453,2847.0,11202992.0
168454,109.0,3667454.0
168455,73762.0,11127014.0
168456,0,2595240.0
168457,0,1565063.0
168458,3029.0,7050661.0
168459,227.0,9677791.0
168460,435.0,6106139.0
168461,4391.0,2259197.0
168462,56157.0,8343489.0
168463,2171.0,15859455.0
168464,3029.0,2335088.0
168465,0,12667852.0
168466,20458.0,3467920.0
168467,681541.0,3249442.0
168468,55040.0,2876517.0
168469,39.0,116567.0
168470,49.0,5617644.0
168471,1017323.0,98656639.0
168472,23186.0,7704885.0
168473,41484.0,13961432.0
168474,2487501.0,82631776.0
168475,5723.0,1760098.0
168476,0,25860.0
168477,15977.0,28569014.0
168478,0,496013.0
168479,1766750.0,55540258.0
168480,857.0,9524351.0
168481,88740.0,23480761.0
168482,37082.0,8720728.0
168483,30961.0,15732704.0
168484,2598.0,1894384.0
168485,3875.0,766214.0
168501,1106831.0,23945011.0
168502,1590365.0,47962930.0
168503,6643.0,119837430.0
168504,1096625.0,148425129.0
168505,1335.0,427085.0
168506,242582.0,33916036.0
168507,14073.0,11031414.0
168508,167046.0,16536201.0
168509,339328.0,2948281.0
168510,0,694228.0
168511,68966.0,7126084.0
168512,1716.0,2973333.0
168513,169242.0,8860742.0
168514,0,4984178.0
168515,20027.0,8029550.0
168516,54843.0,11318782.0
168517,2075282.0,150326123.0
168518,186321.0,9693192.0
168519,8268.0,308235.0
168520,0,1146.0
168521,7207.0,471471.0
168522,201.0,38999.0
168523,52457.0,10962202.0
168524,14109.0,1640124.0
168525,550858.0,41089066.0
168526,1995.0,1032586.0
168527,76989.0,8304678.0
168528,365104.0,34531292.0
168529,274212.0,10477430.0
168530,0,1183559.0
168531,47169.0,2555326.0
168532,0,5291321.0
168533,0,2040625.0
168534,0,65767.0
168535,1783.0,27688696.0
168536,108580.0,35533533.0
168537,14206.0,37097784.0
168538,2985.0,7289282.0
168539,2788.0,15296858.0
168540,523.0,2723184.0
168541,12854.0,8942133.0
168542,2286.0,3378229.0
168543,102231.0,6670294.0
168544,733963.0,101724117.0
168545,1414.0,422388.0
168546,0,4352949.0
168547,983.0,249988.0
168548,0,342853.0
178601,0,6085.0
178602,0,85943.0
178604,0,1626.0
178605,0,412.0
178606,0,73751.0
178607,0,2638567.0
178608,0,16447.0
178609,259191.0,5765103.0
178701,116448.0,109962527.0
178702,332481.0,102724943.0
178703,7491041.0,261266209.0
178704,7434188.0,530131373.0
178705,3626668.0,69741881.0
178706,0,421500.0
178707,0,914396.0
178708,1311549.0,55638822.0
178709,55963.0,2980121.0
178710,0,37368259.0
178711,64171.0,33650264.0
178712,46648.0,1651996.0
178713,740.0,383423.0
178714,11448.0,2829006.0
178715,8.0,42580.0
178716,383956.0,28916952.0
178801,0,48256.0
178802,163301.0,540568.0
178803,5315619.0,34708442.0
178804,506.0,396332.0
178805,22078.0,298060.0
178901,99.0,24516.0
178903,1708.0,93573.0
178904,0,204.0
178905,1814.0,12245.0
178908,0,298.0
189001,744.0,851805.0
189002,17264.0,654317.0
189003,187.0,359125.0
189004,689.0,1423157.0
189005,31192.0,186453.0
189006,74213.0,282716.0
189007,36353.0,103280.0
189008,9513.0,195992.0
189010,51.0,951915.0
189011,28398.0,2178584.0
189012,127353.0,135659.0
189013,1061.0,184281.0
189014,56923.0,819580.0
189015,3663918.0,15731601.0
189016,9194.0,616001.0
189017,29213.0,8344870.0
189018,290872.0,34691138.0
189019,323.0,1527621.0
189020,7.0,437649.0
189021,10733.0,1017478.0
189022,118458.0,2943764.0
189023,28585.0,10360823.0
189024,78238.0,8824373.0
189025,22687.0,1052087.0
189026,235041.0,5770889.0
189027,782141.0,10819624.0
189028,5213.0,1477048.0
189029,77492.0,653546.0
189030,238301.0,5104363.0
189031,171785.0,8946577.0
189032,184760.0,7306340.0
189033,738.0,8957409.0
189101,0,40900.0
189102,787.0,2443722.0
189103,621.0,7851.0
189104,0,1951.0
189105,1075.0,166945.0
189106,15913.0,169251.0
189107,0,10771.0
189108,0,16768.0
189109,0,3622.0
189110,0,929.0
189111,0,2981.0
189112,0,680.0
189113,0,5504.0
189114,0,3042.0
189201,21681.0,88990.0
189202,7859.0,102960.0
189205,2311.0,31018.0
189206,3089.0,61958.0
189207,12706.0,1018347.0
189208,1828.0,93368.0
189209,1175.0,56924.0
199302,666.0,0
199303,999.0,1080909.0
199304,0,2310.0
199305,0,147809.0
199306,0,33751.0
199307,257.0,0
209401,164250.0,15436823.0
209402,326.0,1767164.0
209403,1948912.0,33938110.0
209404,69089.0,2489527.0
209405,53814.0,15502635.0
209406,19748.0,41208185.0
209503,23806.0,1073367.0
209504,6029.0,687726.0
209505,17960.0,750192.0
209506,29008.0,4327041.0
209507,2510.0,41685.0
209508,0,12110.0
209601,476.0,2581.0
209602,351459.0,308574.0
209603,22722.0,2041453.0
209604,0,160474.0
209605,397947.0,991772.0
209606,12782.0,627218.0
209607,0,1285013.0
209608,35986.0,8662389.0
209609,426.0,324368.0
209610,279.0,482376.0
209611,100.0,255161.0
209612,7.0,220398.0
209613,30.0,55576.0
209614,43.0,110.0
209615,6259.0,1300677.0
209616,0,29769.0
209617,132.0,892806.0
209618,113.0,288022.0
219701,134196.0,257274.0
219702,820.0,5163.0
219703,28889.0,18398.0
219705,755.0,2829.0
219706,533.0,4325.0
229999,1126244.0,7795919.0
