010101,0.0,9261.0
010102,5186129.0,157517.0
010103,27072.0,15487.0
010104,688335.0,812893.05
010105,1515.0,539171.9
010106,14674.0,51343.28
010201,2957.0,1477.0
010203,0.0,57794.0
010204,0.0,1021.0
010206,0.0,2060.19
010207,0.0,3785.88
010208,0.0,5019.0
010210,0.0,12910.0
010301,0.0,182376.0
010302,2056.0,13609.0
010303,0.0,184009.86
010304,0.0,23823.49
010305,87622.0,231377.14
010306,0.0,12061.0
010307,0.0,2126867.0
010401,37542.64,64383.6
010402,111045.0,1217841.2
010403,0.0,19475.93
010404,0.0,8742.8
010405,0.0,75661.42
010406,0.0,52198.21
010407,0.0,979847.09
010408,0.0,1413.49
010409,1458.0,380721.61
010501,1454.0,7587.0
010502,0.0,36373.87
010505,1573.0,0.0
010511,0.0,36817.51
020601,0.0,455433.54
020602,0.0,53538.0
020603,0.0,13990.0
020604,0.0,78778.0
020701,723493.83,25793.92
020702,0.0,283947.66
020703,2709.0,239515.24
020704,7879.0,6812.35
020705,2575.0,36625.06
020707,2931.0,0.0
020708,1247095.45,1441253.77
020709,64941.0,20240.01
020710,151405.94,122120.27
020711,0.0,2563.07
020712,1303.0,2531.0
020713,911945.1,1760669.1
020714,85777.84,114927.21
020801,0.0,12807.43
020802,1527.0,93035.65
020803,26483.35,334096.24
020804,0.0,77436.93
020805,0.0,157660.31
020806,0.0,6635.84
020807,0.0,15425.55
020808,0.0,343127.84
020810,21424.0,74286.97
020812,0.0,8237.79
020813,3022.07,1397.0
020901,91287564.95,12461567.77
020902,75455948.91,49460317.56
020904,46179.53,9148.0
020905,0.0,1140.92
020910,17743.65,139799.85
021001,12566.0,28291863.53
021003,0.0,1372389.0
021005,166874.66,1411530.66
021006,119825.0,5177228.37
021007,0.0,1490487.86
021008,17137.51,16566.24
021101,6998555.0,934840.91
021102,351414.33,6389723.14
021103,1165207.0,2066237.38
021104,0.0,2000.62
021105,0.0,63655.12
021106,40267.45,1626.99
021107,347009.0,7218065.58
021108,9879.0,509023.55
021201,0.0,61160.22
021202,26991.31,332203.65
021206,0.0,25602.87
021208,0.0,1301521.74
021209,0.0,67898.4
021210,0.0,6501.0
021211,29195.0,965130.21
021212,0.0,1687.25
021301,0.0,6426.2
021302,4673848.98,5202557.0
021401,1080.0,0.0
021404,0.0,75896.98
031505,0.0,3906.0
031507,0.0,1573508.06
031509,0.0,73821.14
031510,0.0,5402.42
031511,51494.0,4825215.01
031512,0.0,514685.06
031515,3368.0,102784.38
031516,40403.0,15566019.12
031517,0.0,917123.95
031518,0.0,334624.49
031519,0.0,10670.41
031520,0.0,516707.57
041601,0.0,551493.07
041602,0.0,19884.0
041604,0.0,465611.77
041605,0.0,5426.39
041701,23170.0,29427886.38
041702,1692.0,42260.63
041703,0.0,10062.0
041704,9451.0,1517034.37
041802,0.0,6239.0
041806,2477.0,132617.68
041901,7435.32,734582.84
041902,55440.0,452893.42
041904,16096.2,351509.4
041905,927651.0,1961936.05
042001,35895.0,23546.39
042002,0.0,164137.55
042003,0.0,35359.52
042004,0.0,88678.14
042005,1855.0,64784.61
042006,0.0,6657.97
042007,1748.0,21706.97
042008,1574.57,807468.6
042009,498998.37,500908.03
042101,21115.0,257430.0
042102,6647.0,1721456.39
042103,2935.8,2683688.02
042104,0.0,144863.16
042105,0.0,80205.23
042106,5595.0,824851.83
042201,262669.0,257190.15
042202,2324600.02,2145479.49
042203,3346597.12,4490361.62
042204,25913.0,336413.79
042205,0.0,23610.53
042206,6197.31,75866.48
042207,0.0,117692.33
042208,0.0,235099.58
042209,0.0,61862.43
042301,0.0,30055.98
042302,92466.58,17090.47
042303,0.0,3312.3
042304,0.0,15515.97
042305,0.0,6676.89
042306,0.0,232238.05
042309,2867.0,204091.47
042401,0.0,473596.25
042402,24996.0,4133873.0
052501,36437.0,3421813.76
052504,0.0,17312.0
052505,0.0,31132.37
052506,22636.0,35240.5
052507,0.0,105819.39
052508,1083.59,44698.15
052509,0.0,89516.15
052510,0.0,6103.37
052511,0.0,10033.23
052512,0.0,158480.39
052515,0.0,10599.3
052516,0.0,15801.28
052517,19135.0,26227.88
052518,0.0,4708.47
052520,0.0,119927.11
052522,6066.57,22471.01
052523,941274.0,1356526.86
052524,254880.57,8696.0
052526,0.0,6559.72
052529,0.0,5264.0
052530,40342.0,59769.59
052609,180895119.75,5746220.96
052610,11863265.0,0.0
052611,27527700.43,70655.0
052615,43416623.81,2526.0
052616,2001.0,0.0
052617,32947.0,2398.92
052619,108880.0,0.0
052701,1455.0,11685.09
052705,0.0,29090.03
052707,14225.0,335608.05
052709,15342.0,2071.39
052710,19035388.67,59263329.02
052711,67727.39,867131.28
052712,0.0,1795487.77
052713,0.0,2959030.48
052714,280601.0,5394533.27
052715,7997.0,223826.78
052716,244101.0,0.0
062801,0.0,91155.75
062803,0.0,1989.78
062804,0.0,126154.98
062806,0.0,35979.05
062807,0.0,1228367.94
062808,0.0,167089.93
062809,0.0,783922.75
062810,0.0,13842.8
062811,0.0,206369.1
062812,0.0,4728.16
062814,0.0,16798.22
062815,0.0,892431.55
062816,0.0,1855.0
062817,0.0,4172.98
062819,0.0,4423.63
062820,0.0,3116.08
062821,0.0,37464.84
062822,0.0,48397.0
062823,0.0,431046.64
062825,0.0,2838.0
062826,0.0,10569.1
062827,0.0,79922.53
062828,0.0,440229.77
062829,1636.0,8069.76
062832,0.0,10391.95
062833,0.0,136761.04
062835,0.0,25125.69
062836,0.0,41358.24
062839,0.0,152276.56
062840,0.0,64365.92
062841,0.0,3232.3
062842,0.0,3570.0
062844,0.0,1697.0
062845,0.0,96300.0
062847,0.0,51892.97
062849,0.0,67404.48
062851,0.0,2848.29
062901,0.0,18144.7
062902,3295.0,85975.21
062903,0.0,183671.57
062904,0.0,16245.77
062905,0.0,165415.69
062907,0.0,9643.39
062908,0.0,6085.0
062909,0.0,31143.12
062912,0.0,268888.22
062914,0.0,13012.93
062915,0.0,34321.81
062916,0.0,20540.93
062917,0.0,19398.32
062918,0.0,25555.91
062921,0.0,193317.59
062922,0.0,21885.55
062923,0.0,1710856.11
062925,0.0,4962.89
062927,0.0,13087.14
062928,0.0,11486.0
062929,1501.0,1902775.83
062930,0.0,5533.87
062933,0.0,100549.0
062934,0.0,5093.36
062936,0.0,81201.12
062937,0.0,1265.0
062939,24310.0,0.0
062940,0.0,31354.0
062941,0.0,1384.0
062942,0.0,95101.0
063001,0.0,77573.0
063002,70395.0,26266158.36
063003,11384.0,2819105.28
063004,1490073.0,2913184.99
063005,0.0,225409.73
063006,0.0,706457.56
063101,0.0,143162.58
063102,41391.0,3519123.43
063103,4662.0,48956.48
063104,3466.0,10475.89
063105,164517.22,6193161.17
063203,0.0,7097.0
063204,0.0,119946.11
063206,0.0,91918.67
063207,6393.0,21563.71
063208,79180.0,252530.67
063209,18471.0,384463.68
063210,0.0,503739.97
063211,0.0,86341.76
063212,0.0,134354.43
063213,0.0,5235.55
063214,1584.0,571439.57
063215,0.0,1565733.0
063301,69957.0,74605.58
063302,0.0,8274335.44
063303,46811.0,176127.61
063304,751885.66,1437101.23
063305,291549.31,225428.6
063306,1501.0,1401980.35
063307,4837.0,397137.22
063401,155062.0,1616123.06
063402,6722.0,392545.85
063403,0.0,137663.32
063404,0.0,1909.0
063405,3993.0,983147.64
063406,1246.0,673585.36
063407,0.0,1651.0
063502,41393.0,0.0
063503,0.0,1324.31
063504,0.0,7987.0
063505,5489.54,119246.2
063506,1393.0,315982.78
063507,0.0,273809.39
063601,0.0,72493.0
063602,0.0,1104178.35
063603,0.0,1101551.83
063605,0.0,530530.3
063606,0.0,17077.18
063701,0.0,125060.42
063702,0.0,39731.43
063703,2626.0,45937.0
063704,0.0,48019.0
063705,0.0,53915.0
063707,0.0,205939.05
063801,0.0,7046.99
063802,0.0,57760.63
063806,0.0,81718.27
063808,198208.99,1432841.97
063809,1238.0,40979.69
063811,0.0,26425.0
063812,0.0,40797.83
063813,1149.0,39673.21
063814,5924.0,752656.69
063815,0.0,24013.0
063816,0.0,73485.52
063819,0.0,265893.25
063820,0.0,13183.34
063821,0.0,130228.39
063822,0.0,8271186.98
063823,22424.35,301103.76
073901,59928.86,2537014.46
073902,15469.59,369270.57
073903,0.0,489173.24
073904,1389.0,309662.73
073905,0.0,428516.09
073906,0.0,256910.2
073907,0.0,2566503.87
073908,0.0,52622.0
073909,0.0,53454.39
073910,0.0,157053.12
073912,0.0,134192.45
073913,0.0,94405.34
073914,0.0,6667.0
073915,0.0,36788.97
073916,0.0,39675.14
073917,60773.0,1869538.31
073918,0.0,56918.06
073919,0.0,235266.27
073920,0.0,345531.86
073921,1198.0,366338.71
073922,12531.0,991577.6
073923,697813.88,1581228.77
073924,47580.57,1811521.33
073925,314869.0,154623.81
073926,532005.13,2689528.0
074001,0.0,24039.74
074002,0.0,6130.0
074003,0.0,84620.8
074004,25256.0,0.0
074005,0.0,32966.06
074006,0.0,22569.0
074008,0.0,78174.63
074009,1643.0,41190.65
074010,0.0,88156.9
074011,21708.0,5111964.11
074012,1461.3,205951.91
074013,0.0,178553.69
074014,0.0,1357682.73
074015,0.0,705839.72
074016,0.0,115187.29
074017,0.0,14738.85
084101,5285740.28,829115.09
084102,0.0,2487.0
084103,43534.49,0.0
084104,1514082.81,0.0
084105,63902.0,0.0
084106,1578919.68,0.0
084107,62315.0,0.0
084111,0.0,8978.31
084201,0.0,1034.0
084202,145251.0,170059.94
084203,0.0,94254.19
084205,0.0,33106.0
084206,0.0,1591.0
084302,0.0,4788.0
094401,15977.0,1012.95
094402,4154.0,1474.0
094403,6801.0,545087.23
094404,0.0,536870.88
094405,0.0,4041.11
094407,12785.5,1429272.74
094408,0.0,144679.19
094409,0.0,5884.9
094410,1933.94,251726.11
094411,0.0,292373.97
094412,0.0,403595.71
094413,189955.39,53945.51
094414,13076.0,75169.97
094415,52577.0,339833.31
094416,0.0,1856.0
094417,0.0,21691.61
094418,30677.0,155908.22
094419,1451.0,91346.4
094420,20214.08,80721.62
094421,161281.0,65012.51
094503,37381.39,0.0
094504,0.0,21248.95
094601,9879.61,39255.83
094602,719306.03,140144.88
104706,0.0,177673.87
104707,10993.4,4367.88
104801,0.0,912140.5
104802,0.0,660965.38
104803,9269.0,908207.41
104804,1433.0,311333.68
104805,0.0,70490.61
104806,0.0,1625.0
104807,0.0,8029.94
104808,0.0,28556.11
104809,0.0,525637.13
104810,22851.13,239849.56
104811,0.0,279319.76
104812,0.0,1226.0
104813,0.0,141318.43
104814,0.0,128267.95
104816,0.0,1124059.2
104817,6089.0,313244.5
104818,8582.73,1506034.26
104819,12430.0,1593213.57
104820,5349.02,1942565.1
104821,0.0,1311174.94
104822,0.0,5435.02
104823,8349.0,106033.15
104901,14932.0,7850522.05
104902,0.0,511649.76
104903,1577.0,8500.91
104904,0.0,1415.0
104905,0.0,88883.86
104906,0.0,10337.0
104907,0.0,3567568.0
104908,0.0,22384.0
104909,117838.48,167228.03
104910,5344.0,293022.71
104911,63247.49,891319.21
115007,0.0,10413.0
115111,0.0,1970.0
115112,0.0,2861.0
115201,0.0,49848.33
115202,2104.0,2157.55
115203,0.0,120554.0
115204,0.0,107932.04
115205,0.0,7284.48
115206,0.0,3538.74
115207,0.0,19854.53
115208,33590.0,156159.74
115209,21671.0,654567.88
115210,0.0,7984.38
115211,0.0,123316.0
115212,0.0,16426.26
115305,0.0,3227.0
115306,0.0,3508.0
115307,0.0,3001.83
115308,0.0,48706.0
115309,0.0,24478.0
115311,0.0,3978.0
115401,0.0,115143.0
115402,0.0,346576.67
115404,0.0,15899.0
115407,3381.0,123404.0
115408,0.0,5476.0
115502,0.0,212190.0
115503,0.0,231525.99
115506,0.0,3203.09
115508,0.0,11411.91
115509,108562.0,95524.68
115511,0.0,457593.0
115512,355847.0,1521564.49
115513,422178.0,333629.52
115514,0.0,112689.1
115515,6205.0,1910987.0
115516,0.0,65117.0
115601,0.0,94740.07
115602,0.0,29978.57
115603,0.0,126768.35
115604,0.0,3761.36
115607,0.0,102038.95
115608,0.0,184835.25
115609,0.0,6643.19
115701,1995.0,82516.52
115702,0.0,30813.0
115703,0.0,257362.86
115704,3444.0,27037.2
115705,18605.0,309899.4
115801,0.0,32115.0
115802,0.0,27003.82
115804,3793.0,15871.0
115806,0.0,7715.0
115807,0.0,36127.84
115808,1000.0,59511.0
115809,0.0,11781.0
115810,0.0,42264.0
115901,0.0,55671.0
115902,0.0,3180.0
115903,0.0,83085.04
115904,0.0,1086.06
115905,0.0,8506.0
115906,0.0,25342.47
115907,0.0,19483.0
115908,0.0,21097.14
115909,0.0,3121.0
115910,0.0,9854.0
115911,0.0,49712.0
116001,0.0,12656.0
116002,43937.0,65301.08
116101,0.0,38188.0
116102,0.0,5588.0
116103,0.0,194147.0
116104,0.0,33079.0
116105,0.0,81707.5
116106,0.0,19529.74
116107,1005.0,22515.0
116108,0.0,17426.72
116109,9027.0,1044951.47
116110,0.0,4553.0
116111,1161.0,51778.0
116112,0.0,94751.0
116113,0.0,3870.0
116114,3903.0,43856.8
116115,0.0,36612.0
116116,0.0,55361.53
116117,117436.0,166510.94
116201,7898.0,44228.0
116202,0.0,4027.0
116203,30952.0,237029.52
116204,44868.0,199382.89
116205,11001.0,116924.24
116206,0.0,76030.7
116207,1263.0,264598.0
116208,6291.0,22478.89
116209,0.0,64345.0
116210,0.0,40950.7
116211,0.0,63382.69
116212,0.0,4219.0
116213,0.0,4319.17
116214,0.0,36002.0
116215,0.0,15814.0
116216,0.0,14685.09
116217,0.0,191999.45
116301,11298.0,188693.76
116302,30636.0,126657.56
116303,0.0,154305.1
116304,23683.0,3107731.76
116305,71474.61,365208.14
116306,158694.0,1138557.68
116307,0.0,73301.12
116308,2499.0,11869.0
116309,3252030.38,11700075.84
116310,0.0,39730.11
126401,6148.0,550511.0
126402,785092.0,463396.95
126403,105286.0,766291.11
126404,237841.0,196747.51
126405,16805739.0,361126.27
126406,0.0,183613.32
126504,0.0,119206.0
126505,0.0,121833.29
126506,0.0,343630.84
126507,5760.0,62561.36
126601,3344.0,305286.28
126602,0.0,7847.0
126603,1196.0,2415.0
126702,0.0,9550.02
126703,1993.0,6232.0
126704,9081.0,6612.0
136801,3402271.0,4705.47
136802,3821.0,323503.12
136803,0.0,17116.43
136804,0.0,143337.12
136805,0.0,113030.46
136806,0.0,12680.25
136807,0.0,75005.63
136808,0.0,127141.95
136809,0.0,243254.67
136810,29349.0,120354.71
136812,0.0,2015.0
136813,0.0,263498.68
136814,0.0,3892.0
136815,0.0,11115.81
136901,0.0,924455.65
136902,0.0,63794.55
136904,14188.0,388819.02
136905,11699.0,72394.9
136906,0.0,1429.99
136907,2054.0,1195788.39
136908,0.0,2118511.47
136909,0.0,15415.88
136910,325549.0,738663.84
136911,35541.0,387251.72
136912,72059.79,608662.04
136913,0.0,5235.66
136914,0.0,96502.53
137001,0.0,16348.57
137002,0.0,14482.59
137003,0.0,22038.27
137004,0.0,513667.7
137005,0.0,514618.21
137006,0.0,25521.45
137007,0.0,1284599.42
137008,0.0,2150.02
137009,0.0,99538.89
137010,123011.0,3045331.48
137011,0.0,360085.37
137013,96125.15,189555.03
137014,0.0,7676.0
137015,0.0,45990.0
137016,0.0,19521.04
137017,0.0,363451.37
137018,0.0,6064.15
137019,2000.0,55634.08
137020,0.0,43324.5
147101,0.0,15647.24
147102,1462.0,0.0
147103,40951.0,0.0
147106,0.0,4744.0
147109,0.0,2074.0
147111,0.0,15860.0
147112,107309.0,0.0
147113,9394.0,127368.0
147114,0.0,4104.0
147115,0.0,54747.0
147117,105106.0,20528.49
147118,20527.84,486175.39
157201,2169.0,2507.65
157202,0.0,3662.0
157203,0.0,18582.25
157204,3142251.73,1090151.17
157206,0.0,48834.78
157207,0.0,2547.9
157208,38690.0,11397235.74
157209,0.0,246706.88
157210,305287.96,4234619.27
157211,0.0,932715.78
157212,0.0,82363.54
157213,0.0,8792876.01
157214,993197.76,6730757.89
157215,8154.0,1359253.42
157216,0.0,648087.34
157217,0.0,768707.01
157218,2685.0,47573.53
157219,0.0,366234.81
157220,0.0,104801.88
157221,0.0,20406.63
157222,0.0,248305.23
157223,0.0,625039.98
157225,1448259.41,400143.83
157226,0.0,53977.95
157227,0.0,14835.37
157228,183420.0,592852.71
157229,0.0,411788.85
157301,0.0,78474.98
157302,110733.0,219346.45
157303,3728.0,1545053.36
157304,9369.0,799844.2
157305,3137.0,121025.73
157306,5193.0,929250.45
157307,6575.68,730246.22
157308,891926.85,20100671.08
157309,5177.0,441584.95
157310,4526.0,117509.63
157311,4848.0,404948.06
157312,0.0,852939.94
157313,3566.69,100115.59
157314,7388.0,464555.98
157315,0.0,225381.77
157316,0.0,511087.82
157317,3183.0,1065806.39
157318,0.0,761613.16
157319,0.0,11961.0
157320,12689.0,143574.09
157321,0.0,167150.29
157322,0.0,11062.59
157323,41202.0,269817.82
157324,9864.0,108915.46
157325,5982.0,141226.53
157326,15994.0,3974855.57
157402,0.0,3889.0
157403,8109.0,52327.98
157404,226613.0,0.0
157406,0.0,1435.0
157407,0.0,20717.02
157408,0.0,363162.74
157409,49601.0,153733.65
157411,0.0,2637.0
157412,21237.0,9665.0
157413,45179.0,96150.41
157415,0.0,137402.27
157418,0.0,19214.9
157419,0.0,34791.0
157601,0.0,5791.07
157602,37377.57,0.0
157604,2868.0,120858.92
157605,0.0,34629.09
157606,20260.0,527049.49
157607,0.0,610159.19
157608,0.0,839896.47
157609,0.0,159873.0
157610,0.0,3207505.22
157611,2325.97,30103.62
157612,0.0,115044.0
157613,0.0,58292.32
157614,7478.0,3927996.7
157615,9569.0,2047233.91
157616,3855.0,673259.32
157802,5510.0,0.0
157804,0.0,11203.22
157806,0.0,35238.52
157905,0.0,5100.05
157907,0.0,90467.71
158001,0.0,6236.0
158003,0.0,3644.38
158007,0.0,76565.85
158103,208821.0,0.0
158108,0.0,2319.0
158201,78747.0,1520332.48
158202,2466.0,103192.99
158203,1297.33,134879.35
158204,16627.4,56750.08
158205,1704.62,274108.43
158206,0.0,990625.94
158207,19255.18,354071.21
158208,7971.0,106086.3
158209,0.0,41922.0
158210,0.0,26297.08
158211,0.0,35532.44
158212,0.0,242583.15
158213,0.0,45545.97
158214,0.0,21964.55
158215,2148.0,51543.38
158301,2057.0,446401.53
158302,8911.0,1668500.92
158303,2416.0,326294.36
158304,0.0,78919.68
158305,0.0,86362.5
158306,0.0,30438.18
158307,0.0,55873.68
158308,0.0,12034.55
158309,0.0,2103073.6
158310,0.0,71068.15
158311,0.0,168264.72
168401,0.0,15837.0
168402,0.0,134798.35
168403,0.0,103899.5
168404,0.0,79341.47
168405,0.0,79642.67
168406,0.0,44744.42
168407,1570.0,212728.25
168408,0.0,226687.87
168409,3155.0,205157.38
168410,63878.0,571553.95
168411,0.0,286764.0
168412,0.0,71205.11
168413,119731.0,653371.65
168414,25374.0,212204.02
168415,67926.0,827299.39
168416,0.0,102463.18
168417,0.0,938523.67
168418,9601.0,705280.92
168419,6907.0,509023.64
168420,78652.0,23414.82
168421,7613.0,1210718.77
168422,17250.0,1318905.49
168423,0.0,403171.52
168424,24495.0,694532.41
168425,5935.0,226161.67
168426,622917.0,880392.6
168427,0.0,324934.47
168428,1215.0,1316164.66
168429,323794.81,2245767.15
168430,91790.81,357002.0
168431,59986.59,654550.48
168432,14768.0,661566.83
168433,0.0,204935.63
168434,0.0,198267.84
168435,0.0,31323.0
168436,7899.0,615180.05
168437,13970.41,2238987.34
168438,481111.4,666236.83
168439,0.0,128404.0
168440,0.0,25629.0
168441,0.0,119112.0
168442,0.0,515728.41
168443,19644.87,423746.94
168444,0.0,23713.0
168445,21685.0,8012.0
168446,0.0,88753.58
168447,4500.0,44650.0
168448,2096.0,164269.13
168450,49089.0,130266.08
168451,0.0,224747.68
168452,8836.0,215636.0
168453,0.0,3971.0
168454,0.0,123948.15
168455,69594.0,22985.0
168456,0.0,38640.0
168457,0.0,1336.0
168458,0.0,61900.82
168459,8966.0,99775.95
168460,21329.0,333547.23
168461,0.0,87019.0
168462,0.0,759152.43
168463,0.0,22688.17
168464,25596.0,30750.16
168465,0.0,699004.12
168466,88640.0,320715.7
168467,0.0,206154.69
168468,0.0,117280.44
168469,7732.0,47337.66
168470,105216.0,191651.0
168471,628825.0,19575740.09
168472,0.0,785413.27
168473,64411.0,4483374.19
168474,1999.0,928027.0
168475,0.0,3689.0
168476,0.0,5132.0
168477,65404.0,552218.89
168478,0.0,462506.65
168479,33824.0,2183485.19
168480,0.0,300966.0
168481,11863.0,265532.2
168482,1293.0,124177.74
168483,0.0,309466.91
168484,0.0,533164.07
168485,1579.0,353709.42
168501,216023.0,130984.24
168502,126633.0,23120993.17
168503,13094.0,1131137.01
168504,32603.0,2983994.18
168505,1000.0,83396.0
168506,1228.0,341817.25
168507,41786.0,2569871.15
168508,1008.78,118728.34
168509,0.0,64828.05
168510,0.0,24175.0
168511,0.0,264912.32
168512,11132.0,137507.42
168513,1095.7,296680.3
168514,0.0,35656.0
168515,29550.68,163155.92
168516,39591.0,382408.09
168517,831488.47,2804911.72
168518,22640.0,154399.34
168519,9145.0,192099.29
168521,5409.0,183644.93
168522,0.0,31371.0
168523,2050.0,456775.65
168524,0.0,986719.64
168525,477032.0,2627240.21
168526,2335.0,2794586.73
168527,391081.0,1692532.81
168528,11064.64,2514855.72
168529,9027.0,1019091.25
168530,0.0,120356.52
168531,22326.0,486475.41
168532,0.0,28090.24
168533,21463.0,30275.25
168534,7174.0,124253.0
168535,111798.99,2313442.01
168536,88301.0,711905.21
168537,32502.0,1629747.2
168538,0.0,2445239.94
168539,9315.0,956375.73
168540,0.0,187617.35
168541,9091.0,1791982.68
168542,55229.0,4120954.81
168543,5528.0,728781.73
168544,77030.0,13109516.05
168545,0.0,55934.99
168546,0.0,1103383.28
168547,0.0,134242.0
168548,0.0,408479.0
178603,0.0,1492.0
178606,0.0,3388.44
178607,3476.0,18477.02
178608,0.0,6125.0
178609,0.0,78149.66
178701,180129.89,4059795.9
178702,398738.0,2529445.59
178703,15301692.4,7139956.14
178704,1537801.6,5748504.42
178705,62545.0,1550764.0
178706,0.0,19195.0
178707,0.0,58244.24
178708,77060.0,318789.15
178709,0.0,697290.43
178710,1705855.0,565145.0
178711,72571.0,4275882.89
178712,0.0,395099.81
178713,0.0,103825.11
178714,23400.94,177894.57
178715,0.0,18794.94
178716,438893.0,891732.51
178801,0.0,1107.0
178803,216607.97,5174745.91
178805,0.0,3350.0
178903,0.0,1100338.0
178905,0.0,29963.71
178906,0.0,75863.1
178907,0.0,1611.0
189001,0.0,72764.86
189002,0.0,81380.1
189003,0.0,58592.0
189004,2016.0,113288.33
189005,6307.0,114049.7
189006,106428.0,188208.53
189007,0.0,131732.0
189008,0.0,84504.35
189010,0.0,1255617.62
189011,0.0,101194.03
189012,0.0,142602.0
189013,0.0,115501.37
189014,1581.0,196052.55
189015,1147712.0,2569825.43
189016,10949.0,21538.45
189017,1878.0,149478.16
189018,175299.0,1983800.29
189019,0.0,178499.73
189020,0.0,111546.18
189021,0.0,207575.76
189022,34918.59,4530075.04
189023,6911.0,954625.68
189024,14953.0,256857.0
189025,5096.0,53348.52
189026,1070.0,336542.92
189027,62961.0,1459198.0
189028,1391.0,5163877.61
189029,0.0,18887.35
189030,51375.0,266055.54
189031,12132.0,380339.4
189032,19311.0,102275.33
189033,0.0,33713.8
189101,0.0,48735.0
189102,0.0,31305.0
189103,0.0,9286.1
189105,0.0,11678.38
189106,0.0,8182.0
189108,0.0,24319.0
189109,0.0,11208.0
189111,0.0,2293.0
189112,0.0,15660.3
189201,0.0,30013.0
189202,0.0,23271.61
189205,0.0,49769.8
189206,3825.99,37556.24
189207,17635.0,83435.0
189208,4969.0,16202.0
189209,5288.87,43690.0
199301,0.0,10170.0
199303,0.0,20657.0
199305,0.0,4577.0
199306,21776.0,13388.22
209401,75234.41,254613.66
209402,0.0,303945.96
209403,157674.32,1669347.3
209404,352780.0,323600.82
209405,11209.27,518890.58
209406,0.0,1356024.7
209503,14288.0,81655.19
209504,0.0,15210.1
209505,5465.0,41843.66
209506,3286.0,74492.52
209507,0.0,7746.0
209508,0.0,2749.0
209601,22158.0,5346.84
209602,0.0,3076.0
209603,10523.0,62125.3
209604,0.0,7199.51
209605,513941.0,1188950.9
209606,0.0,114258.63
209607,0.0,38370.0
209608,8042.0,935750.47
209609,14881.0,43929.52
209610,2821.0,142357.16
209611,0.0,39639.0
209612,0.0,131758.55
209613,0.0,105175.16
209614,0.0,1249.0
209615,0.0,10057.4
209616,0.0,13858.0
209617,0.0,598856.45
209618,0.0,6856.0
219701,103356.0,271849.24
219703,126724.0,16912.0
219704,0.0,5314.0
219705,2057.0,5040.0
219706,10215.0,2479.0
