010102,8083209.89,0.0
010103,0.0,32316.0
010104,86114.96,0.0
010105,4280.16,213052.0
010106,75139.0,0.0
010202,0.0,11024.0
010204,0.0,6169.0
010206,0.0,84326.0
010207,0.0,9361.0
010210,0.0,96520.0
010301,75566.0,14306.0
010302,5617158.96,17072.0
010303,22765879.72,208743.0
010304,7001462.85,0.0
010305,2381467.27,13569.0
010306,124915102.41,341063.0
010307,2425903.96,66110.0
010401,0.0,13523.0
010402,370818.05,6027813.0
010403,0.0,59174.0
010404,28201.05,17825.0
010406,0.0,1423.0
010407,0.0,3915.0
010409,151842.25,0.0
010410,31115.0,195902.0
010504,0.0,55416.0
010505,22992.38,368679.0
010506,35161.65,0.0
010508,4039.41,0.0
010511,2701743.63,150890.0
020601,0.0,5015.0
020602,10187.24,49948.0
020603,1280.0,3296.0
020604,54518.0,0.0
020701,37142.84,88970.0
020702,37456.43,0.0
020703,1684234.61,2654631.0
020704,0.0,97775.0
020708,41911.72,16104.0
020709,2067.28,7222.0
020710,8347.77,0.0
020711,3240.18,76147.0
020712,608654.78,1475335.0
020713,255577804.12,150587.0
020714,162459.59,0.0
020801,276337.01,19074.0
020802,1559132.07,16754.0
020803,34707.68,0.0
020804,16923.92,0.0
020805,76459.94,3624.0
020806,0.0,24523.0
020808,0.0,6325598.0
020810,7021.15,0.0
020811,201590.17,0.0
020812,17771.5,0.0
020813,12570074.65,198048.0
020901,167006.98,79122.0
020902,188291.61,1478422.0
020904,4006024.28,548006.0
020906,45487.07,31920.0
020907,0.0,22794.0
020908,0.0,75522.0
020909,237380.88,317011.0
020910,5520740.34,146103.0
021001,0.0,3770473.0
021003,3229.41,0.0
021005,20540959.08,0.0
021006,33133903.92,204955.0
021007,103798.65,0.0
021008,17079.34,0.0
021101,0.0,1326778.0
021103,159204.26,0.0
021104,128952.57,0.0
021106,47468.08,0.0
021107,0.0,482242.0
021108,517163.82,46831.0
021109,0.0,15525.0
021201,612538.52,0.0
021202,71191.11,0.0
021206,0.0,1366822.0
021207,29820300.84,427571.0
021208,179059.37,287808.0
021209,135901.65,49779.0
021210,0.0,22000.0
021211,2081014.64,278529.0
021212,1222384.5,393447.0
021301,56935.0,66308.0
021302,689948.0,290380.0
021401,3288565.19,0.0
021403,280926.21,0.0
021404,70198.52,0.0
031505,0.0,18949.0
031507,0.0,61423.0
031509,0.0,12760.0
031510,0.0,29762.0
031511,1126361.06,5451173.0
031515,3945.09,34735.0
031516,0.0,13975.0
031517,0.0,510748.0
031519,0.0,15513.0
031520,0.0,92254.0
041602,0.0,3266.0
041604,22665.0,3943.0
041605,309203.49,207742.0
041701,1563271.74,8189.0
041702,184532.36,1553050.0
041704,0.0,263266.0
041806,0.0,1353.0
041901,44892.5,2904.0
041902,0.0,29802.0
041904,0.0,17664.0
041905,94457.6,627011.0
042002,0.0,40944.0
042005,202394.06,32806.0
042006,0.0,123750.0
042007,0.0,5255.0
042008,240844.17,510322.0
042009,0.0,19540.0
042101,4315.0,7410370.0
042102,1343.81,108268.0
042103,7498.34,262989.0
042104,0.0,3833.0
042106,5827.7,9334153.0
042201,0.0,169229.0
042202,446831.43,1436635.0
042203,345459.9,3662016.0
042204,11045.32,1331157.0
042206,0.0,3850.0
042207,0.0,231204.0
042208,11248.0,5464420.0
042301,1009285.67,25254.0
042302,525547.35,93095.0
042304,32214.0,0.0
042306,227282.14,8726.0
042308,103711.94,0.0
042309,421116.64,657833.0
042401,22164.07,786689.0
042402,6375471.0,19592608.0
042403,9746.0,1958397.0
052501,0.0,244471.0
052503,0.0,31638.0
052504,0.0,2940.0
052505,0.0,17820.0
052507,0.0,12314.0
052508,2848.92,79233.0
052512,0.0,8834.0
052514,0.0,46327.0
052515,0.0,3625.0
052517,13060.17,32423.0
052518,37287.21,4805.0
052519,0.0,120750.0
052520,0.0,6537.0
052523,0.0,2427031.0
052524,0.0,3199.0
052526,0.0,19322.0
052528,0.0,10625.0
052529,0.0,70560.0
052530,3749536.62,8392.0
052602,5744761.52,0.0
052603,6864.66,0.0
052604,1095.24,0.0
052607,82704.74,0.0
052608,2319948.56,0.0
052609,2324547.0,0.0
052611,115663.0,0.0
052613,65243.0,0.0
052617,116346.91,0.0
052620,3677.97,2080.0
052621,6221.0,6900.0
052701,16293872.4,25653.0
052702,0.0,36836.0
052703,1065.57,0.0
052704,0.0,1158.0
052706,0.0,1571.0
052707,0.0,101010.0
052708,0.0,43461.0
052710,0.0,19544005.0
052711,639427402.6,296835.0
052712,0.0,24926850.0
052713,0.0,4265542.0
052715,0.0,10431.0
052716,0.0,435120.0
062801,0.0,19038.0
062803,3092.86,871191.0
062804,7941.19,185287.0
062807,0.0,1782.0
062808,0.0,133817.0
062809,0.0,23074.0
062810,0.0,1650.0
062811,0.0,118738.0
062814,0.0,1615.0
062815,10565.67,3404359.0
062816,0.0,4310.0
062817,0.0,172638.0
062818,0.0,27457.0
062819,0.0,3592.0
062820,0.0,414959.0
062821,0.0,112506.0
062823,0.0,213652.0
062824,0.0,8712.0
062825,22598.0,19375.0
062826,0.0,15291.0
062827,20081.01,417420.0
062828,0.0,87456.0
062829,0.0,74983.0
062830,13765.32,67995.0
062831,8702.86,549525.0
062832,0.0,13698.0
062833,0.0,1344169.0
062834,0.0,271786.0
062835,0.0,2614658.0
062836,0.0,912550.0
062837,0.0,271188.0
062839,0.0,547546.0
062840,0.0,31599.0
062841,0.0,38216.0
062842,0.0,82638.0
062843,0.0,19000.0
062844,0.0,42474.0
062847,0.0,83592.0
062849,48133.53,236539.0
062851,0.0,6796.0
062901,0.0,8125.0
062902,0.0,65096.0
062903,23677.31,332762.0
062904,0.0,526559.0
062905,125700.6,232882.0
062906,0.0,33489.0
062907,0.0,11055.0
062908,0.0,4379.0
062909,0.0,202820.0
062912,0.0,108860.0
062913,0.0,2754.0
062914,0.0,232199.0
062915,0.0,241382.0
062916,0.0,221819.0
062917,0.0,537612.0
062918,0.0,891765.0
062919,0.0,3080.0
062920,0.0,89161.0
062921,0.0,113437.0
062922,3447.84,11636752.0
062923,0.0,13167.0
062924,0.0,261833.0
062925,0.0,633615.0
062926,0.0,27600.0
062927,0.0,109290.0
062929,0.0,996676.0
062930,44639.19,55108.0
062932,3654.0,32126.0
062933,7114.0,171489.0
062934,0.0,120459.0
062935,0.0,135228.0
062936,0.0,428367.0
062937,0.0,42770.0
062938,0.0,1045.0
062939,0.0,120505.0
062940,47250.0,9794.0
062941,0.0,845971.0
062942,0.0,2206.0
063002,0.0,1177441.0
063003,0.0,239091.0
063004,29271.0,19374085.0
063005,0.0,342340.0
063006,0.0,172914.0
063101,4260.9,0.0
063102,0.0,15928353.0
063103,0.0,3575287.0
063104,0.0,1234171.0
063105,17227.49,1602863.0
063201,176668.07,0.0
063202,0.0,3000.0
063203,0.0,2092.0
063204,17376.0,2478376.0
063205,4753.0,13031.0
063206,0.0,2105975.0
063207,0.0,135834.0
063208,0.0,1600858.0
063209,6066.0,470742.0
063210,7515.0,208117.0
063211,0.0,44000.0
063212,0.0,25043.0
063213,0.0,68733.0
063214,1023.8,539646.0
063215,0.0,1963472.0
063301,857096.0,91590.0
063302,284766.0,648091.0
063303,0.0,90941.0
063304,26646.54,2840679.0
063305,22503.28,200833.0
063306,0.0,1837307.0
063307,149863.0,365358.0
063401,0.0,527273.0
063402,0.0,6678854.0
063403,16071.12,19719.0
063404,2539.47,75896.0
063405,0.0,7433.0
063406,1145.0,322522.0
063501,0.0,24932.0
063503,0.0,31813.0
063505,9763.1,181146.0
063506,0.0,700415.0
063507,0.0,458234.0
063601,0.0,368034.0
063602,0.0,3069126.0
063603,0.0,853696.0
063604,1100.0,4838.0
063605,26133.81,166698.0
063606,0.0,2604.0
063701,0.0,211026.0
063702,0.0,242166.0
063703,0.0,1486089.0
063706,33978.0,1429.0
063707,0.0,28753.0
063801,0.0,1293.0
063802,0.0,229111.0
063805,0.0,8150.0
063808,499331.4,3276668.0
063809,0.0,148488.0
063810,0.0,283321.0
063811,19815.19,54369.0
063812,0.0,138620.0
063813,0.0,3298.0
063814,0.0,20062.0
063815,0.0,38004.0
063816,0.0,569358.0
063819,0.0,64459.0
063822,0.0,472107.0
063823,30121.84,2304235.0
073901,13580.68,1565987.0
073902,0.0,6166990.0
073903,0.0,576269.0
073904,0.0,1626012.0
073905,64214.75,265373.0
073906,8154.9,360313.0
073907,0.0,1371059.0
073908,5391.51,22458.0
073909,0.0,703578.0
073910,0.0,45181.0
073911,0.0,76558.0
073912,18137.8,1244782.0
073913,0.0,64804.0
073914,0.0,194121.0
073915,2186.46,12625.0
073916,0.0,5522.0
073917,20279.0,2126580.0
073918,11748.0,159735.0
073919,4994.0,484811.0
073920,0.0,3032512.0
073921,0.0,3063713.0
073922,5005.0,56835.0
073923,334058.68,6930008.0
073924,15491.34,826110.0
073925,14795.0,118184.0
073926,356793.64,5578950.0
074001,13115551.01,39097.0
074002,11668.71,241826.0
074004,62532.06,41929.0
074005,863974.77,0.0
074006,0.0,8308.0
074007,277746.0,9407.0
074008,2260.0,204249.0
074009,72401.0,192092.0
074010,65099.0,2468745.0
074011,4824.0,14188004.0
074012,30901.43,426700.0
074013,0.0,597935.0
074014,0.0,84317.0
074015,0.0,73509.0
074016,33863.0,488611.0
074017,2250.0,0.0
084101,2379842.49,0.0
084102,18824.52,0.0
084103,303147.12,0.0
084104,12553.0,4264665.0
084105,0.0,135057.0
084106,103745.0,30200.0
084107,0.0,70972.0
084109,0.0,27190.0
084111,0.0,1385.0
084202,1502779.19,702464.0
084203,43819.0,62320.0
084205,8362.0,33941.0
084302,0.0,6274.0
084303,0.0,122931.0
084304,0.0,3851.0
094401,160626.56,0.0
094402,1397464.3,0.0
094403,356062385.77,0.0
094404,125377.89,0.0
094405,2369.22,0.0
094406,5626.0,0.0
094407,99972107.97,217739.0
094408,2734088.03,5549.0
094409,10327307.83,55336.0
094410,111761.3,84673.0
094411,0.0,129038.0
094412,12448273.2,243760.0
094413,41982.48,0.0
094414,63015.31,0.0
094415,15333.07,0.0
094416,34422.09,1000.0
094417,9793.8,0.0
094418,2147699.31,150500.0
094419,241107.72,0.0
094420,1944227.72,40708.0
094421,1791706.96,52376.0
094601,309730.49,3658.0
094602,5819711.52,50133.0
104703,0.0,117531.0
104707,0.0,291729.0
104801,0.0,688451.0
104802,16326.2,5004697.0
104803,0.0,299651.0
104804,11137.83,668966.0
104805,13357.39,141469.0
104806,0.0,90606.0
104808,0.0,140368.0
104809,34795.45,246944.0
104810,4703.62,2894097.0
104811,10337.0,433869.0
104812,0.0,27000.0
104813,13287.6,403822.0
104814,0.0,7640.0
104816,1008.95,89441.0
104818,60483.97,536439.0
104819,2822.31,10041335.0
104820,0.0,411885.0
104821,6290.0,2339608.0
104822,0.0,5518.0
104823,1626.0,1707297.0
104901,4123.0,49998.0
104902,0.0,18326.0
104903,6313.0,0.0
104907,2109.0,0.0
104908,0.0,20038.0
104910,0.0,4644.0
104911,11140.0,251238.0
115002,0.0,998339.0
115003,0.0,12000.0
115004,0.0,4309.0
115007,14957.0,4813.0
115106,0.0,222085.0
115107,0.0,6696.0
115109,0.0,14202.0
115111,0.0,448124.0
115112,0.0,8326536.0
115113,0.0,46000.0
115201,2904.62,0.0
115202,0.0,3050.0
115203,4035.26,3170.0
115204,0.0,49725.0
115205,20324.0,24040035.0
115206,24321.0,794709.0
115208,92752.0,27272149.0
115209,74132.0,8588397.0
115210,3531.0,16767340.0
115211,4902.0,1124850.0
115212,0.0,300900.0
115303,1537215.21,0.0
115305,4530.68,0.0
115308,27460.63,0.0
115309,0.0,437647.0
115311,3189.0,212838.0
115401,0.0,832101.0
115402,5461.0,348038.0
115403,0.0,1198977.0
115404,0.0,17563.0
115406,0.0,1550.0
115407,2723321.0,33496433.0
115408,0.0,933757.0
115501,0.0,30645.0
115502,0.0,819100.0
115503,30405.81,2338846.0
115504,0.0,34000.0
115506,0.0,26805.0
115508,21879.0,2505664.0
115509,0.0,3278041.0
115510,0.0,112240.0
115511,0.0,654345.0
115512,33950.0,5939868.0
115513,56806.0,13699037.0
115514,5382.0,885603.0
115515,37278.0,2437859.0
115516,2350.0,3473928.0
115601,64583.0,418362.0
115602,0.0,136967.0
115603,19009.0,2347528.0
115604,0.0,46870.0
115606,0.0,154771.0
115607,5520.37,505962.0
115608,0.0,1659783.0
115609,13136.0,18146.0
115701,0.0,2239.0
115702,0.0,239111.0
115703,0.0,85540.0
115705,319528.41,131184.0
115801,6049.0,4917569.0
115802,35849.0,23404.0
115803,0.0,22158.0
115804,17252.0,357750.0
115805,3109.0,0.0
115806,40450.0,1103539.0
115807,15132.0,6439183.0
115808,0.0,129732.0
115810,77939.0,299967.0
115811,0.0,51169.0
115901,0.0,138011.0
115902,0.0,773235.0
115903,157144.0,9202526.0
115906,0.0,443253.0
115907,0.0,49361.0
115909,0.0,61054.0
115910,0.0,2400.0
115911,16903.0,202604.0
116001,439387.0,13331103.0
116002,909844.0,35191331.0
116101,11309211.0,4393.0
116102,13170935.0,62246.0
116103,3768796.0,163053.0
116104,12210549.0,6317637.0
116105,39924023.0,1956688.0
116106,28127330.0,86742.0
116107,2328963.0,38927.0
116108,6963483.0,93957.0
116109,38515149.0,947327.0
116110,186007437.0,1927942.0
116111,5410091.0,29244.0
116112,1492873.0,1329.0
116113,2532938.0,0.0
116114,6414861.0,23725.0
116115,83543.0,1023329.0
116116,0.0,3107.0
116117,161660.0,1961292.0
116201,72838892.0,179808.0
116202,37615046.0,17345.0
116203,72131302.0,659621.0
116204,60741537.0,188685.0
116205,49437973.0,485732.0
116206,5278154.0,86383.0
116207,1095343.0,32944.0
116208,636931.0,1662189.0
116209,946265.0,5695.0
116210,16227059.0,62715.0
116211,21350472.0,2494190.0
116212,3172678.0,2968987.0
116214,7946.0,2940.0
116215,4930.0,62975.0
116217,82637.0,2271685.0
116301,467819.29,3798201.0
116302,243702.68,2727604.0
116303,1000.0,0.0
116304,9479.0,2908.0
116305,5169299.58,437332.0
116306,0.0,17169.0
116307,2303028.6,718114.0
116309,0.0,122520.0
116310,37889.96,15830.0
126401,10660.0,0.0
126402,2831573.0,167388.0
126403,26590740.0,271294.0
126404,902477.0,1661724.0
126405,47858.0,249099.0
126406,15533.0,6614943.0
126502,47419.0,0.0
126505,2082852.0,137828.0
126506,41858.0,118066.0
126507,2090.0,1262.0
126601,36073.7,601689.0
126602,0.0,1946.0
126603,0.0,185754.0
126702,146418.13,13928.0
136802,174319.86,401420.0
136803,7806.47,0.0
136804,0.0,134563.0
136805,0.0,615632.0
136806,0.0,459564.0
136807,0.0,1751.0
136809,0.0,60845.0
136810,0.0,582893.0
136811,0.0,110958.0
136812,1326.71,69917.0
136813,0.0,9609.0
136815,38796.53,26322.0
136901,0.0,144147.0
136902,5233.68,1937714.0
136903,0.0,535814.0
136904,0.0,164202.0
136905,3791.0,24565.0
136906,0.0,2520.0
136907,0.0,160654.0
136908,0.0,1435396.0
136909,5222.62,2353.0
136910,3773.45,93315.0
136911,6121.58,2950230.0
136912,27204.21,188889.0
136913,110148.11,316481.0
136914,51943.85,132528.0
137003,0.0,32117.0
137004,26203.73,8460.0
137005,0.0,1311868.0
137007,5368.56,105894.0
137008,0.0,39938.0
137009,17884.71,89691.0
137010,0.0,904949.0
137011,0.0,53500.0
137012,0.0,14968.0
137013,1664.66,432398.0
137015,7340.0,0.0
137016,0.0,102871.0
137017,0.0,7879.0
137018,1017.0,9833.0
137019,0.0,256000.0
137020,0.0,3187.0
147101,1791753.0,0.0
147102,21480.0,0.0
147103,24258221.54,4436.0
147104,48684.0,31366.0
147105,42343.77,0.0
147106,0.0,10000.0
147108,3000.0,0.0
147113,88136.0,6000.0
147115,0.0,8133.0
147116,67743.0,0.0
147117,12179.0,6026.0
157201,0.0,299196.0
157202,36250.41,63801.0
157204,198766.8,29393.0
157205,0.0,11204.0
157206,0.0,5097.0
157207,13890609.53,534881.0
157208,207815.48,1641275.0
157209,10048.81,5439050.0
157210,651272.96,2465415.0
157211,0.0,499642.0
157212,0.0,161653.0
157213,0.0,1602983.0
157214,70335.86,25222167.0
157215,8172.41,52053.0
157216,0.0,4869775.0
157217,10865.29,4054043.0
157218,7201.93,368890.0
157219,0.0,52083.0
157222,0.0,2420.0
157223,0.0,445922.0
157224,0.0,409948.0
157225,0.0,460600.0
157226,0.0,14781.0
157228,0.0,155811.0
157229,0.0,73753.0
157301,0.0,72283.0
157302,0.0,4244032.0
157303,0.0,624867.0
157304,0.0,2982376.0
157305,0.0,488079.0
157306,0.0,9295338.0
157307,1131.0,3419787.0
157308,6668.84,25416392.0
157309,0.0,7157043.0
157310,0.0,716063.0
157311,0.0,265586.0
157312,0.0,413327.0
157313,0.0,128237.0
157314,0.0,437546.0
157315,0.0,642395.0
157316,33955.42,0.0
157317,0.0,4450562.0
157318,12343.68,1615184.0
157319,0.0,115635.0
157320,0.0,2027633.0
157321,0.0,127175.0
157322,0.0,626432.0
157323,9780.0,2033682.0
157324,5654.54,11100.0
157325,29026.23,251490.0
157326,53272.69,818057.0
157403,35017964.92,0.0
157404,10357.41,15000.0
157407,1207.0,14168.0
157408,0.0,611566.0
157409,0.0,34705.0
157411,0.0,1799.0
157412,0.0,26626.0
157413,0.0,22040.0
157414,0.0,9806.0
157415,4250.0,516878.0
157417,0.0,5618.0
157418,2955.0,1512.0
157419,6888.0,9837.0
157508,0.0,17983.0
157601,0.0,3612.0
157602,0.0,20574.0
157603,0.0,38148.0
157604,0.0,1206206.0
157605,129862.38,0.0
157606,0.0,188983.0
157607,3815.0,426011.0
157608,0.0,93968.0
157609,0.0,2002.0
157610,0.0,509630.0
157612,7455.0,450439.0
157613,0.0,30991.0
157614,0.0,1066800.0
157615,0.0,34122.0
157616,7826.0,1702375.0
157801,180924.04,214219.0
157803,0.0,60950.0
157804,0.0,4854.0
157806,0.0,1825.0
157901,92352.56,529149.0
157905,0.0,13257.0
157906,0.0,13906.0
157907,0.0,1969258.0
158001,0.0,2275.0
158003,0.0,23165.0
158101,14928.0,3028.0
158104,0.0,10873.0
158106,0.0,10842.0
158108,0.0,516843.0
158111,0.0,65243.0
158112,0.0,68400.0
158201,0.0,776041.0
158202,0.0,357349.0
158203,0.0,111961.0
158204,0.0,163217.0
158205,0.0,354699.0
158206,0.0,49639.0
158207,12606.0,1058375.0
158208,0.0,431757.0
158209,0.0,16313.0
158210,0.0,12316.0
158211,0.0,2564.0
158212,2743.0,72070.0
158213,0.0,7892.0
158214,0.0,30392.0
158215,0.0,6344.0
158301,15933.0,113648.0
158302,6305.61,889554.0
158304,0.0,70499.0
158305,0.0,92674.0
158306,71024.22,32771.0
158307,0.0,140264.0
158308,2522.0,538969.0
158309,0.0,530063.0
158310,0.0,24565.0
158311,11584.59,1680786.0
168402,0.0,9254813.0
168403,2240.0,60749.0
168404,0.0,1296233.0
168406,0.0,11043198.0
168407,0.0,1607632.0
168408,43993.0,18724952.0
168409,9075.0,9467030.0
168410,0.0,3869237.0
168411,188000.0,10252012.0
168412,1426.0,1906745.0
168413,4028.0,10632433.0
168414,227024.0,7419756.0
168415,4575.0,5733768.0
168416,0.0,401395.0
168417,0.0,1740475.0
168418,93810.28,5619733.0
168419,31333.0,12899222.0
168420,0.0,28493.0
168421,0.0,8863566.0
168422,5509.0,1831635.0
168423,11975.0,872607.0
168424,0.0,1567635.0
168425,0.0,870415.0
168426,0.0,2124754.0
168427,0.0,834862.0
168428,0.0,3173913.0
168429,2416.0,41605340.0
168430,0.0,6168094.0
168431,348052.0,23510742.0
168432,0.0,1161737.0
168433,0.0,182109.0
168434,0.0,137222.0
168435,0.0,47062.0
168436,0.0,294116.0
168437,0.0,836958.0
168438,12777.0,1421914.0
168439,0.0,9102223.0
168440,0.0,2344.0
168441,6497.0,395910.0
168442,0.0,8728.0
168443,0.0,730176.0
168445,0.0,6554577.0
168446,0.0,6420163.0
168447,15158.0,299221.0
168448,1131.0,5693382.0
168450,0.0,227409.0
168451,1680.0,321887.0
168452,257242.0,2151919.0
168453,0.0,303150.0
168454,0.0,183466.0
168455,0.0,154476.0
168456,0.0,290406.0
168457,0.0,29119038.0
168458,0.0,38195393.0
168459,8990.0,309699.0
168460,0.0,1459061.0
168461,0.0,1427129.0
168462,0.0,1482369.0
168463,45512.0,35242.0
168464,0.0,2138174.0
168465,0.0,1169945.0
168466,0.0,653926.0
168467,0.0,213304.0
168468,0.0,105523.0
168469,0.0,94186.0
168470,0.0,2156042.0
168471,45185.0,1555551.0
168472,0.0,417779.0
168473,62769.0,13306385.0
168474,0.0,6543225.0
168475,0.0,110473.0
168477,201512.0,2752244.0
168478,0.0,722000.0
168479,0.0,9421745.0
168480,2083.0,399741.0
168481,14219.0,7900909.0
168482,13826.0,584536.0
168483,8000.0,2403859.0
168484,0.0,342436.0
168485,0.0,836197.0
168501,0.0,7579949.0
168502,5601.0,5103363.0
168503,0.0,20540170.0
168504,4151049.0,12494251.0
168505,0.0,81023.0
168506,74895.0,8448391.0
168507,0.0,2209686.0
168508,0.0,1042731.0
168509,6584.0,116740.0
168511,14741.0,307931.0
168512,1035.0,37200.0
168513,42991.0,2741355.0
168514,0.0,246969.0
168515,0.0,408985.0
168516,9236.0,1646672.0
168517,24687.0,10356824.0
168518,2229.0,1133482.0
168519,0.0,145081.0
168520,0.0,196633.0
168521,5204.0,509227.0
168522,7707.0,0.0
168523,1373.0,2523465.0
168524,0.0,33311.0
168525,31000.0,591042.0
168526,0.0,3920000.0
168527,3152.0,4150047.0
168528,2199.0,5758657.0
168529,3063.0,3022412.0
168531,79193.0,430987.0
168532,0.0,165747.0
168533,0.0,60000.0
168534,15181.0,5572.0
168535,0.0,4580315.0
168536,3665754.0,2599426.0
168537,0.0,15933271.0
168538,269734.0,1730941.0
168539,49246.0,2383940.0
168540,0.0,519495.0
168541,74169.0,58308.0
168542,412538.0,0.0
168543,49539.0,278220.0
168544,400617.0,13318741.0
168545,0.0,521255.0
168546,0.0,3050262.0
168547,0.0,8936794.0
168548,2948.0,137146.0
178603,0.0,56710.0
178604,0.0,2117564.0
178607,0.0,323250.0
178608,0.0,18391.0
178609,1154.37,22241.0
178701,0.0,8796745.0
178702,0.0,3636819.0
178703,104785.0,2367919.0
178704,26883.92,15812382.0
178705,0.0,3930774.0
178706,0.0,2130463.0
178707,0.0,460636.0
178708,41252.88,7562976.0
178709,0.0,534588.0
178711,0.0,89165650.0
178712,0.0,2147059.0
178713,39100.0,14321.0
178714,36000.0,1339343.0
178715,10500.0,5758.0
178716,30005.0,644146.0
178803,126204.0,4929788.0
178901,338239.52,10602.0
178902,0.0,1850793.0
178903,113416.0,25134.0
178906,0.0,14933.0
178907,763578.0,44623.0
189001,3038.0,96428.0
189002,0.0,82260.0
189003,0.0,273129.0
189004,1556.0,117311.0
189006,192060.0,835061.0
189007,0.0,16512.0
189008,0.0,33621.0
189009,10625.0,224719.0
189010,39831.0,24599.0
189011,0.0,186557.0
189012,0.0,4482.0
189014,0.0,2249.0
189015,8716.0,1971083.0
189017,0.0,324874.0
189018,1276232.0,4434760.0
189019,2509.0,58014.0
189021,4364.0,29585.0
189022,48411.0,854759.0
189023,3210.0,100929.0
189024,0.0,543144.0
189025,0.0,51468.0
189026,10000.0,1871677.0
189027,1031.0,770928.0
189028,0.0,155615.0
189029,18350.0,78206.0
189030,2261.0,70379.0
189031,1083.0,1128561.0
189032,2262.0,893269.0
189033,0.0,40571.0
189102,1000.0,673169.0
189105,1324.0,81574.0
189106,0.0,9494.0
189201,0.0,3346.0
189202,31557.0,0.0
189204,0.0,212990.0
189206,16298.0,15035.0
189209,0.0,44961.0
199302,0.0,2000.0
199306,0.0,2000.0
209401,5576949.08,722525.0
209402,2288.0,1299525.0
209403,8988585.48,3498295.0
209404,25630.25,213029.0
209405,142640.0,2244512.0
209406,0.0,23335.0
209501,1973.24,105505.0
209502,11066.0,28920.0
209503,36625.58,3624775.0
209504,0.0,187678.0
209505,2251.0,0.0
209506,43812.0,644138.0
209507,0.0,511403.0
209508,0.0,9023.0
209601,13449.0,12633.0
209602,23625.0,134244.0
209603,253079.85,1173812.0
209606,99555.0,2070265.0
209607,85917.0,5344725.0
209608,38075.0,329676.0
209609,132769.07,147154.0
209610,0.0,2000.0
209611,0.0,15153.0
209612,0.0,9804.0
209613,394028.0,376385.0
209615,10721.0,22023.0
209616,0.0,14171.0
209617,0.0,813323.0
209618,1392.0,6847.0
219701,22289.78,48983.0
219702,2540.0,24117.0
219703,171791.0,0.0
219704,3000.0,0.0
219705,9563.0,0.0
219706,479980.0,0.0
