010102,638512.84,0.0
010104,76602679.33,0.0
010106,15859065.0,1845.0
010204,1338122.07,0.0
010302,2603.0,0.0
010303,4207072.25,71969.0
010304,5552.57,0.0
010305,72367.0,0.0
010306,2215900.0,0.0
010307,838169.65,0.0
010401,38882.41,0.0
010402,0.0,189822.0
010405,5736.68,0.0
010406,0.0,145054.0
010407,0.0,5644.0
010409,3363.71,0.0
010508,2739.82,0.0
010510,13914.89,0.0
010511,14862.9,0.0
020701,0.0,68896.0
020703,0.0,4446.0
020709,9410.36,0.0
020710,0.0,68740.0
020714,1479.19,0.0
020803,12307610.87,0.0
020804,529272.14,1940127.0
020805,1804.98,14841.0
020806,24762.45,0.0
020807,200468.17,0.0
020808,0.0,2403.0
020811,18152.1,0.0
020901,4693.99,0.0
020902,0.0,5783.0
020904,2455.49,0.0
020909,14001.84,0.0
020910,8285.0,0.0
021005,29041.94,0.0
021006,0.0,1178746.0
021104,0.0,119985.0
021207,228792.1,0.0
021211,31446.33,0.0
021301,3049749.52,0.0
021302,48990.0,0.0
021404,12750.01,0.0
031511,0.0,938743.0
031512,0.0,5927.0
031515,0.0,163551.0
031519,0.0,45154.0
041701,0.0,24024490.0
041704,0.0,370621.0
041806,0.0,232916.0
041901,0.0,4519.0
041904,0.0,62061.0
041905,0.0,273990.0
042002,0.0,16021.0
042007,0.0,1038.0
042008,0.0,114959.0
042009,0.0,81182.0
042102,1487.41,30953.0
042106,0.0,140802.0
042201,0.0,151712.0
042202,0.0,185760.0
042203,0.0,24691.0
042208,36720.0,123883.0
042402,0.0,119604.0
052523,0.0,44482.0
052704,10091.48,0.0
052710,0.0,74815.0
062828,0.0,4132.0
062833,19471.46,0.0
062849,0.0,5652.0
062916,0.0,1059166.0
062927,0.0,481741.0
062934,102134.53,0.0
063002,0.0,8501.0
063003,8425.0,9481.0
063004,0.0,205563.0
063006,0.0,3240.0
063102,10173488.5,0.0
063203,0.0,1441.0
063207,0.0,14467.0
063215,1704.0,0.0
063301,7974.0,0.0
063302,0.0,25643.0
063303,0.0,4698.0
063305,0.0,8144.0
063307,7523.01,5122.0
063401,0.0,4371881.0
063402,0.0,6809.0
063505,0.0,1001.0
063808,40918.0,0.0
063811,0.0,19932.0
063812,26824.16,4816.0
073901,0.0,142019.0
073907,0.0,104857.0
073909,0.0,32590.0
073912,0.0,7557.0
073917,0.0,42827.0
073918,0.0,4005.0
073919,1426.6,0.0
073921,1176.51,0.0
073922,0.0,3759.0
073923,0.0,37682.0
073924,0.0,2906.0
073925,0.0,63198.0
073926,0.0,2202.0
074008,17354.0,0.0
074009,0.0,1843.0
074010,1362.0,0.0
074011,0.0,168850.0
074012,0.0,9695.0
074014,0.0,24124.0
074016,0.0,4428.0
084101,26913.01,0.0
084102,1337344.11,0.0
084103,976185.07,0.0
084105,82283.0,0.0
084106,314122.0,0.0
084201,6284.0,0.0
084202,2045.0,145724.0
084304,1155.0,0.0
094402,2357639.32,0.0
094403,0.0,1000.0
094405,0.0,2536.0
094407,0.0,27972.0
094409,0.0,124915.0
094412,15060.4,2427.0
094413,0.0,2456.0
094418,0.0,95626.0
104802,10592.99,6141.0
104805,0.0,9068.0
104810,147191.27,11824.0
104811,0.0,1249.0
104814,0.0,5538.0
104818,3419.71,0.0
104819,0.0,292602.0
104820,0.0,51017.0
104823,0.0,34741.0
104901,0.0,2805789.0
104910,0.0,103122.0
104911,0.0,2343.0
115002,70800.0,0.0
115201,193052.43,0.0
115208,0.0,88620.0
115209,0.0,10756.0
115512,0.0,13570.0
115513,0.0,12483.0
115702,0.0,81542.0
115705,0.0,1511.0
115803,4170.0,0.0
115806,0.0,1816.0
115903,0.0,3908.0
115904,0.0,1198.0
116103,0.0,124964.0
116104,1038.0,0.0
116105,0.0,3738.0
116107,0.0,45382.0
116108,0.0,5281.0
116110,11893.0,0.0
116111,0.0,1335.0
116202,3587.0,3124.0
116203,0.0,40022.0
116204,15038.0,11428.0
116206,0.0,1291.0
116210,3562.0,6260.0
116211,1498.0,0.0
116213,0.0,37145.0
116301,0.0,13641.0
116302,47845.0,19050.0
116303,0.0,28121.0
116305,0.0,140888.0
116306,0.0,28419.0
116307,0.0,6141.0
116309,0.0,172360.0
126402,0.0,113958.0
126403,33044.0,8572.0
126406,3009.31,0.0
136802,0.0,21126.0
136804,0.0,20876.0
136806,0.0,2267.0
136812,38504.25,0.0
136906,0.0,3692.0
136908,0.0,3738.0
136910,0.0,7977.0
137007,0.0,3426.0
137013,4548.91,8447.0
137016,0.0,12787.0
137020,0.0,4430.0
147113,0.0,3986.0
147116,0.0,1328.0
157204,17405.65,0.0
157208,0.0,10390.0
157209,0.0,178369.0
157210,0.0,19168.0
157212,0.0,1460.0
157214,0.0,8735.0
157215,0.0,7506.0
157216,0.0,1361.0
157217,0.0,2937.0
157221,0.0,5607.0
157222,0.0,5786.0
157225,0.0,8785.0
157228,34921.9,5473.0
157301,0.0,1148.0
157303,0.0,17478.0
157304,0.0,5580.0
157305,0.0,1735.0
157306,0.0,19351.0
157308,0.0,30246.0
157309,0.0,1068.0
157310,0.0,5552.0
157312,0.0,2120.0
157314,0.0,13791.0
157318,66354.0,0.0
157320,0.0,16792.0
157323,3444.84,2828.0
157324,0.0,3211.0
157325,0.0,4592.0
157326,0.0,16536.0
157403,2253.89,0.0
157418,0.0,2616.0
157610,0.0,5441.0
157612,0.0,1993.0
157615,0.0,1308.0
157616,48767.28,0.0
157901,0.0,6275.0
157904,0.0,1068.0
157905,0.0,9024.0
157907,0.0,8352.0
158105,0.0,1068.0
158205,1481.0,0.0
158207,0.0,10013.0
158211,1866.0,0.0
158214,1789.0,0.0
158215,0.0,1735.0
158301,14505.0,0.0
158302,0.0,5315.0
158303,0.0,1335.0
158308,0.0,9555.0
158309,1224.0,0.0
168408,0.0,2740.0
168409,3841.0,10081.0
168412,0.0,2136.0
168415,0.0,73409.0
168416,0.0,7811.0
168417,0.0,11295.0
168418,4005.0,8043.0
168421,0.0,2054.0
168423,0.0,11663.0
168425,0.0,17223.0
168429,0.0,66143.0
168431,2658.0,26452.0
168434,0.0,15310.0
168441,0.0,2657.0
168443,0.0,41379.0
168452,0.0,1695.0
168459,0.0,17511.0
168466,0.0,2739.0
168471,6374.0,5113.0
168473,107712.0,201436.0
168474,0.0,1097268.0
168476,0.0,15227.0
168479,0.0,17003.0
168480,77029.0,32590.0
168481,9102.0,62550.0
168482,0.0,1788.0
168483,0.0,116481.0
168485,0.0,53184.0
168501,0.0,44885.0
168502,0.0,43103.0
168503,0.0,12717.0
168504,2363.0,2078.0
168506,0.0,552105.0
168507,4689.0,2258.0
168508,0.0,20120.0
168515,0.0,3898.0
168517,0.0,31340.0
168521,1699.0,0.0
168522,13391.0,5219.0
168524,0.0,19253.0
168525,0.0,10218.0
168527,30601.0,0.0
168528,0.0,2590.0
168529,0.0,1468.0
168533,53814.0,0.0
168536,16936.0,14858.0
168538,0.0,9918.0
168539,0.0,11211.0
168540,0.0,40106.0
168541,0.0,75407.0
168542,6512.0,0.0
168543,0.0,161385.0
168546,12360.0,0.0
168548,0.0,5315.0
178701,0.0,12834.0
178702,0.0,55202.0
178703,700256.08,416136.0
178704,0.0,1102156.0
178707,0.0,9479.0
178708,2582.0,10353.0
178716,0.0,8929.0
178801,5195.0,0.0
178803,0.0,7042.0
178903,0.0,1548.0
189018,6052.0,56977.0
189032,1501.0,0.0
209401,16319.97,0.0
209403,3775.91,54596.0
209404,0.0,226674.0
209501,9131.0,0.0
209503,22632.0,15385.0
209506,6146.0,2453.0
209612,0.0,6897.0
209617,29853.0,0.0
219704,2876.0,0.0
219705,3418.0,0.0
