010101,2335779.35,105100390.06
010102,0.0,36632193.18
010103,66540.0,335656133.78
010104,0.0,1154856.56
010105,48712.0,12146314.15
010106,594338.22,13711950.45
010201,1962670.13,30937705.01
010202,82526148.0,364234877.88
010203,127438451.79,484648513.68
010204,13423326.0,53768933.09
010205,0.0,25885.85
010206,294634570.68,591870461.95
010207,846761539.02,1543369537.39
010208,781986.16,11160750.82
010209,131277.66,1795525.95
010210,3688020.31,16499171.31
010301,216906315.75,255000914.0
010302,10739510.1,154825902.64
010303,63647252.55,164763640.94
010304,9957708.91,118776024.97
010305,83319105.43,262614642.5
010306,62986292.22,464866363.32
010307,76244840.83,581869883.42
010401,3421700.27,39059681.33
010402,18903603.67,216585685.07
010403,705391.09,8693580.88
010404,1739335.62,4373368.71
010405,4271508.99,15978315.1
010406,6804496.01,32556908.87
010407,968703.03,88654609.1
010408,307649.0,1984199.46
010409,842585.55,5988932.02
010410,15307808.41,74993573.99
010501,2243289.0,48315.0
010502,393313.51,523191.0
010504,398433.31,221563297.17
010505,1406490.07,14392638.31
010506,126659.0,7916953.34
010507,12075403.0,8756350.95
010508,990374.45,3544115.77
010509,1934.0,0.0
010510,6305996.23,35539409.48
010511,13136903.29,41649574.17
020601,33770.53,1781499.98
020602,2216022.37,14351590.16
020603,237650.16,14389079.21
020604,422009.79,1086690.57
020701,203102.12,2480721.46
020702,3976.0,3820109.38
020703,1407380.98,3230343.77
020704,102351.43,68097323.32
020705,453154.77,12070634.83
020706,500896.75,5007877.46
020707,25146.28,1561925.64
020708,101951.31,2357679.75
020709,2984568.72,52171086.24
020710,1213003.61,18652345.69
020711,134843.37,2545565.14
020712,4521363.44,72066155.71
020713,2418510.48,8599152.53
020714,250331.62,1304912.06
020801,2206567.17,11582044.1
020802,476723760.69,1126683372.63
020803,5452847.0,187480.04
020804,3588739.88,59715897.6
020805,76880928.14,29330092.21
020806,152717247.92,75428872.85
020807,907466.37,10002101.42
020808,60251863.26,32516889.11
020809,59981132.0,110041720.03
020810,177348092.28,160983301.39
020811,322174.2,1601496.39
020812,71021.93,112985.97
020813,1318512.61,21013749.78
020814,72939.48,160965.79
020901,3970280.53,20853511.62
020902,8484921.82,43670597.25
020903,0.0,18606.0
020904,1979536.6,4109127.44
020905,0.0,5530.22
020906,448332.31,834882.09
020907,162053.15,21445.26
020908,12632.62,10817.27
020909,346229.44,1153652.0
020910,1487005.87,7439523.53
021001,0.0,393763.92
021002,25586.87,0.0
021003,21175.29,23265.94
021004,0.0,128621.53
021005,465057.68,548375.56
021006,12618850.85,287935254.59
021007,0.0,13191.0
021008,49346.27,1020941.42
021101,3823540.77,67140894.75
021102,7382722.05,969680.73
021103,33595.38,568420.43
021104,452364.29,22804360.91
021105,1559188.2,7875812.43
021106,1006286.88,2762579.12
021107,0.0,2803005.77
021108,21891092.06,36944126.93
021109,377737.99,411483.94
021201,3654110.21,19383487.2
021202,255685.35,4053235.99
021203,11472.0,0.0
021204,4496.0,127094.01
021205,1362.32,74814.0
021206,11255.45,71924.67
021207,595326.33,823923.54
021208,313590.44,497717.35
021209,4471992.02,25116957.16
021210,319632.0,171477.0
021211,51893012.62,211973105.01
021212,2197099.91,17296859.94
021213,0.0,615048.94
021214,32649.0,1115002.86
021301,4593827.03,4924173.0
021302,12597287.2,25036506.12
021401,3240402.01,5689713.51
021404,734554.33,1195143.04
031501,4858617.64,6529569.49
031502,14658.0,113324.0
031503,13613.83,8432.0
031504,223561.87,980667.22
031505,194092.29,237104.87
031506,0.0,12824.69
031507,4383431.91,28429691.75
031508,8019186.91,20684142.2
031509,2039693.78,3804768.39
031510,16622.24,184558.0
031511,949460.07,20229.0
031512,170041.0,1039768.76
031513,106201.64,2142.67
031514,14152733.01,43912683.29
031515,8945753.51,25535892.66
031516,3515387.29,3924074.16
031517,5542968.11,19633388.58
031518,3012176.64,11345336.25
031519,4992453.22,4045516.77
031520,2232115.43,907353.02
031521,2670630.29,2741515.22
031522,4187.22,0.0
041601,1355127.23,26673632.61
041602,28366368.37,305750269.75
041603,1489197.86,8029681.24
041604,12269646.99,121994634.28
041605,21497948.03,324570591.1
041701,7280596.41,36106115.13
041702,2472339.2,16515548.01
041703,64204.55,821983.87
041704,27086425.34,141919967.99
041803,0.0,13689.0
041804,0.0,224832.0
041805,239892.81,466387.99
041806,17460435.42,126033565.76
041901,5447382.48,185452001.73
041902,34156211.69,177615314.35
041903,374615.63,1213833.69
041904,1313646.49,32164397.27
041905,74456469.02,270907891.19
042001,936173.98,4476010.87
042002,2035939.3,1414666.67
042003,782003.7,8317917.04
042004,1652899.64,2470974.53
042005,12005519.45,60056317.09
042006,464391.2,6466997.52
042007,2356523.04,11751713.04
042008,30699962.68,118098410.29
042009,3996566.35,21385071.51
042101,2406074.02,40634858.49
042102,2139961.2,8887566.96
042103,125438145.37,173449090.42
042104,3620104.94,54282591.99
042105,2321078.3,3256279.33
042106,36618152.75,365969737.15
042201,1581087.3,375594314.29
042202,42154551.41,159197019.06
042203,8540148.21,83260921.59
042204,24084375.68,980887083.53
042205,19311.07,220362.29
042206,1124421.95,5584602.42
042207,356578.0,849792.89
042208,446140981.94,368592057.02
042209,2327198.31,5794054.68
042301,3016399.53,843082.5
042302,254843.44,596777.45
042303,582888.5,13492.51
042304,9139809.66,3342044.66
042305,0.0,110948.25
042306,132499.34,90652.49
042307,0.0,2744.0
042308,5323.4,462955.0
042309,14948014.53,63907411.47
042401,23058662.33,66867986.89
042402,328036135.83,463031245.63
042403,9497992.99,18694387.12
052501,600051.93,4473355.32
052502,0.0,229593.0
052503,163107.06,108275.81
052504,1026367.31,534871.38
052505,438796.4,9171327.44
052506,490974.06,326058.57
052507,2762592.7,1648944.2
052508,550362.01,2300104.33
052509,47316.11,6475.0
052510,1853.21,0.0
052511,726894.77,13612.0
052512,376568.79,17242.49
052513,1014065.46,1569618.85
052514,6426.74,5797.29
052515,3832973.8,22942333.13
052516,6206542.9,19014179.75
052517,702939.92,28523546.12
052518,1626.0,37444.25
052519,7001142.31,540222.62
052520,1048647.46,1423404.28
052521,41966.9,8907410.83
052522,94802.79,2047538.38
052523,10248880.75,67720736.25
052524,2778336.55,0.0
052525,1377067.7,387719.96
052526,1669362.51,1079126.94
052528,0.0,1782.0
052529,8283249.56,2325643.35
052530,3442583.84,5655214.08
052601,262233.45,8170562.1
052602,20957.15,2487005.52
052603,5189789.63,4426635.4
052604,189016.0,0.0
052605,1154151.0,584851.72
052606,92680.58,825497.0
052607,297641.66,781521.33
052608,201798.0,19398.58
052609,13348.0,668987.33
052610,8784198.29,10582943.0
052611,4721958.0,9071522.0
052614,180013.37,14326.0
052615,34086549.0,4348412.2
052616,1065653.62,879170.16
052617,2419432.0,2015869.56
052618,0.0,1217.0
052619,207903.38,201923.29
052620,1110546.81,1102102.66
052621,677068.99,1103709.34
052701,864032.1,919296368.9
052703,21828.32,175837.36
052704,557856.23,30983.26
052705,0.0,1546.0
052706,13558.18,5957.0
052707,10002241.38,24415192.95
052708,1058742.2,173027.0
052710,381618826.64,12796732139.05
052711,7952271.44,1154030081.71
052712,11819643.27,20127781.78
052713,218098.3,1806440.52
052714,13451.0,346171.02
052715,273978.59,1130912.44
052716,180376538.0,632100298.69
062801,397737.93,895827.89
062802,30770.1,95153.79
062803,4005098.07,11731071.78
062804,77518278.29,183703992.41
062805,19682849.16,6386751.83
062806,114744.07,884486.83
062807,28253.21,331785.07
062808,138968.54,267046.36
062809,420932.57,269320.43
062810,52240.25,11744.76
062811,5577723.49,16034637.65
062812,1258087.09,612632.89
062813,78659.0,3975.0
062814,1211807.98,1389232.38
062815,4709428.29,3014745.81
062816,197068.36,96048.74
062817,824758.32,3824807.82
062818,9156782.35,7625996.73
062819,3059028.85,1202204.08
062820,904249.98,105881.65
062821,3103350.78,8288287.29
062822,1379037.68,1436687.72
062823,2356325.89,38213495.73
062824,347960.0,1325.0
062825,23078186.23,53221939.67
062826,5889297.11,4364837.13
062827,2848384.82,4313444.19
062828,4034818.25,8473275.49
062829,250048.73,148848.13
062830,2222654.36,1669066.93
062831,626818.44,935980.2
062832,1386194.66,1013839.74
062833,25417589.3,21232535.2
062834,1004927.13,1469595.79
062835,4345483.15,8028263.34
062836,2840065.09,5459069.87
062837,12972357.52,439592.41
062838,70345.57,0.0
062839,13674027.16,15530673.14
062840,189518.64,163760.12
062841,9110011.88,21026341.37
062842,11644565.63,14639813.65
062843,121902239.23,252763339.33
062844,272235.3,1486898.57
062845,13750.0,31936.24
062846,19763613.13,12972304.28
062847,302771.07,55972.7
062848,88807.15,286743.11
062849,4844904.64,6545414.5
062850,1174481.08,20042391.28
062851,4549557.09,2601440.27
062901,4963340.34,7145670.17
062902,30816747.86,92382910.35
062903,6835333.48,14694247.49
062904,1156545.16,6057027.42
062905,65260197.03,77399891.55
062906,2087512.87,13712013.36
062907,3262378.04,3566010.26
062908,2098918.86,2781040.13
062909,8002881.03,26218729.11
062910,1367228.37,234127.62
062911,253762.94,19199.0
062912,4767455.86,3658243.32
062913,10146.85,0.0
062914,20890931.01,23628859.04
062915,13617030.79,17140707.81
062916,16284039.49,26705265.67
062917,73766226.24,99061257.5
062918,10655558.09,11464573.78
062919,1726971.41,13628192.47
062920,289377.36,2507853.55
062921,25420854.22,56056537.72
062922,15265531.26,42179687.66
062923,746171.19,1286912.17
062924,7852764.4,11630409.49
062925,1962502.67,1066363.75
062926,21382869.79,41289915.28
062927,1409483.36,33892990.99
062928,286105.22,26507.38
062929,40504229.43,186915962.09
062930,8564916.39,27380958.3
062931,4317020.68,13265693.08
062932,9119888.08,25879339.8
062933,214703872.52,287596178.7
062934,78484983.58,88415712.44
062935,12076379.65,11317276.32
062936,7466498.5,23217172.42
062937,12129119.65,5525425.31
062938,1691317.21,518171.6
062939,3827750.18,5619840.09
062940,813811.11,1396772.04
062941,105717361.82,107299536.92
062942,3160251.63,23866454.58
063001,2230519.34,1174310.17
063002,12183921.53,129610626.13
063003,55351321.03,42457986.6
063004,413994367.08,1167154893.88
063005,7234740.67,35544557.86
063006,36994318.9,55836053.71
063101,92370.9,152320.72
063102,23582099.08,1504653.37
063103,4042.15,51120.0
063104,18636859.06,48142.45
063105,9692702.55,3789250.2
063201,697736.69,1784068.53
063202,8300030.1,30038139.69
063203,557228.79,1043912.88
063204,81303726.09,265037897.71
063205,435726.35,671337.04
063206,54617087.54,59732218.19
063207,37379910.35,141570959.16
063208,20736001.75,190890120.4
063209,6222008.45,55711301.87
063210,5185637.33,5561728.18
063211,450199.48,1237889.14
063212,3316167.57,85748107.95
063213,3330092.86,12533462.11
063214,7951557.42,107817507.92
063215,29792125.21,242993143.92
063301,8454334.22,43170362.27
063302,74415806.61,60377778.21
063303,53076041.95,283885018.17
063304,103136143.1,1305909503.83
063305,18923560.09,146439488.04
063306,14126349.39,47807926.16
063307,49961949.97,166224131.27
063401,7543820.42,38960830.14
063402,27649404.42,210881184.37
063403,12241237.04,122843663.62
063404,2644472.95,20886005.0
063405,6272665.01,34234642.58
063406,29916074.35,27891020.75
063407,8670852.66,6861248.13
063501,2224035.0,2338468.75
063502,230957.99,1537861.05
063503,948988.01,6235795.45
063504,322874.98,428564.33
063505,3060670.47,5622310.83
063506,37634225.27,332450977.02
063507,1847645.23,5339912.64
063601,0.0,94048.0
063602,0.0,131172.61
063603,10109.0,1266559.68
063604,16498177.77,3940461.64
063605,670967.13,129832.06
063606,3164808.96,6513917.57
063701,37320785.31,89329030.53
063702,24833725.18,104617986.47
063703,5217445.22,15295729.36
063704,67603.0,641536.0
063705,1987760.97,5207270.57
063706,5050904.11,1832532.14
063707,25592131.57,216606695.34
063801,3138263.96,3384451.97
063802,4922661.61,7036765.91
063803,90602.83,2650.0
063804,147743.3,574757.0
063805,70218.11,839424.33
063806,6906929.99,5664017.2
063807,76755.19,161221.44
063808,23328983.57,33149015.88
063809,23382195.94,101006335.26
063810,16510842.17,98835724.04
063811,9619472.21,34800367.1
063812,9184684.12,94859727.86
063813,166860.47,196905.83
063814,3126010.63,18393086.61
063815,4260813.09,31185362.47
063816,679103.92,928340.67
063817,809528.85,163887.0
063818,42048779.02,162158131.27
063819,636015.71,3813096.14
063820,66260.62,1303421.55
063821,479314.05,1758567.37
063822,29760017.56,249703226.07
063823,103828168.82,734805755.23
073901,71964346.99,606003709.72
073902,32558135.4,1058166031.14
073903,477086707.57,2582308735.6
073904,31363012.78,259275140.75
073905,4443502.19,10280597.96
073906,9562537.29,187917706.88
073907,162834430.14,2458116766.11
073908,20453396.13,627758110.51
073909,52986469.4,253962538.83
073910,22415434.79,235683860.02
073911,16978222.33,141194344.01
073912,8354975.66,77336993.91
073913,2483138.12,23614750.22
073914,1361303.67,9774767.82
073915,973799955.08,1383768401.94
073916,25025686.65,23126524.76
073917,47586825.48,137450900.62
073918,10007156.67,23746017.0
073919,79173672.42,711031497.65
073920,141928935.94,1281763186.74
073921,64468690.91,356498260.57
073922,7750201.17,24526652.2
073923,279116627.42,599233720.55
073924,124932046.79,324939244.72
073925,14801590.62,62943812.69
073926,545029294.97,1192160480.77
074001,32117785.67,11796153.07
074002,38513088.2,253123480.11
074003,1028589.63,389967.16
074004,5167359.45,1706437.23
074005,2520183.65,22194535.96
074006,8621103.87,17581874.06
074007,14417740.84,73237085.35
074008,7373554.07,65363056.93
074009,7315323.41,30715635.37
074010,4875061.76,38808777.14
074011,65991168.01,396445086.41
074012,24099746.06,29881788.14
074013,4717758.71,1988336.19
074014,6380876.81,9126123.49
074015,17746527.06,31296220.9
074016,68828804.11,179800526.92
074017,1517052.24,2293182.24
084101,173705632.21,94470897.48
084102,6061054.01,2542865.21
084103,26709923.17,8753197.43
084104,102544719.7,2080754694.77
084105,11246822.24,232479713.52
084106,15156980.12,213723776.35
084107,4486869.32,79065048.78
084108,152489.0,11594095.0
084109,1609018.98,38664332.18
084110,24987945.41,24423463.92
084111,4213598.5,12471997.91
084201,3738359.83,15373457.68
084202,739753412.05,3073255242.24
084203,73877701.65,419695606.92
084205,18041276.76,104332991.27
084206,12504.0,289889.0
084301,677430191.98,1228688920.28
084302,38096524.07,864271858.55
084303,68591996.78,207942747.46
084304,2488549.26,211149.75
094401,1686572.6,710531.81
094402,1537985.91,368618.15
094403,56324932.27,18832447.57
094404,213241.0,300722.15
094405,780525.06,533024.37
094406,0.0,411477.19
094407,83068780.73,96446166.0
094408,3488506.13,12275935.41
094409,4772659.33,18336497.54
094410,240008.38,1838223.34
094411,4768577.45,7075621.73
094412,13194092.09,84819068.65
094413,261606.01,134377.64
094414,3863068.31,8640509.28
094415,5387816.38,10178344.28
094416,83108.93,258576.89
094417,2433608.89,1927396.73
094418,15839638.16,102682013.7
094419,6352108.82,8790129.83
094420,13137880.82,43374607.98
094421,22449551.82,42531464.34
094501,355204.0,3092.0
094502,229358.06,78487.69
094503,656610.96,682073.33
094504,1242150.8,923696.41
094601,1353425.27,2707604.63
094602,2726289.72,6374165.26
104701,2392.58,1480014.0
104702,1025743.39,0.0
104703,4035970.78,12154346.42
104704,105737.81,1643014.97
104705,453489.33,0.0
104706,910739.65,664581.75
104707,226440655.09,22001021.31
104801,11314767.17,142812551.5
104802,15627389.26,233313167.65
104803,2224933.39,13058638.27
104804,7706715.6,29696406.17
104805,11204512.61,25652744.79
104806,2153522.61,3570041.07
104807,680418.16,2761545.29
104808,2762284.48,8400362.6
104809,2910301.54,9089822.63
104810,26637971.43,360535014.58
104811,33484928.41,177154747.9
104812,188673.69,491895.4
104813,907311.1,12552908.72
104814,3363223.28,22568832.4
104815,45835.84,0.0
104816,2849126.22,5845659.22
104817,30380632.33,30195857.32
104818,22903299.47,306120127.8
104819,136388946.32,333442789.18
104820,54512067.29,99953853.67
104821,276788669.92,298070511.84
104822,1115950.03,1294689.04
104823,41218239.27,184629809.84
104901,575989780.03,741557151.13
104902,36009911.31,34425079.18
104903,36316988.54,182500284.5
104904,143216.35,2859603.27
104905,4854171.13,7345693.36
104906,68127.89,840174.96
104907,70860801.98,1397132291.46
104908,25769643.18,37292921.15
104909,59769312.39,57405537.82
104910,15371277.03,22892533.31
104911,65810908.67,128470665.92
115001,0.0,429006.0
115002,1039524.62,1051826.42
115003,168769.0,6405.0
115004,851891.75,6559239.31
115005,744480.07,18616183.56
115006,237174.16,373795.29
115007,19021540.06,195710505.86
115101,3278579.42,796986.73
115102,14479615.0,383469.0
115103,100888.0,470368.0
115104,0.0,457065.0
115105,18436562.36,15468689.11
115106,16974083.26,139755518.25
115107,12884595.9,244633579.93
115108,9062349.62,166512818.03
115109,858805.22,5900433.23
115110,9193.0,401114.0
115111,2821288.22,49511722.81
115112,10694610.3,119885072.69
115113,731371.0,1325502.09
115201,73302852.87,27057439.85
115202,5359001.18,10653955.41
115203,1450488.41,847446.71
115204,3935978.17,3711527.56
115205,242126595.42,1656805930.23
115206,67216827.81,265881236.2
115207,559227.13,6725878.71
115208,290460919.44,685013388.02
115209,509883480.45,775511309.11
115210,59176594.0,95752900.53
115211,107554569.98,125538041.12
115212,20618771.79,23836661.92
115301,1255.0,19602.43
115303,12200.78,45346.41
115305,278311.73,72920.88
115306,2304181.41,24430808.96
115307,28368.76,221312.18
115308,633377.35,5496210.82
115309,20198097.67,75395291.84
115310,316035.97,183049.12
115311,1211051.5,17954188.55
115401,18827409.93,39122255.68
115402,48577442.53,511746278.96
115403,7774761.98,41781294.66
115404,14748491.93,36754360.55
115405,68770.0,26868.0
115406,169548.05,1430958.0
115407,131567354.8,681978756.09
115408,12884498.25,81470428.68
115501,3457102.84,2660833.28
115502,7389245.85,29951585.04
115503,7241597.81,12952184.48
115504,3748515.17,3804937.89
115505,1567199.89,2549048.7
115506,5653749.69,1087996.99
115507,0.0,37336.0
115508,28545003.04,50263628.28
115509,98413444.32,314536715.99
115510,9254289.18,104066827.25
115511,1257913.69,1342147.67
115512,34521179.15,186621278.89
115513,37773621.79,68096061.17
115514,19725866.38,19054909.25
115515,100172200.56,51908079.14
115516,12997241.65,45332008.0
115601,11189688.77,34626355.27
115602,7666449.9,12717883.39
115603,74728070.25,245597857.58
115604,5492010.22,4557236.51
115605,908220.12,9060920.01
115606,273827.93,1110566.8
115607,19087901.15,31913490.73
115608,4393513.51,8238114.91
115609,2284405.3,4729574.51
115701,3258759.19,4045449.52
115702,6906378.89,16369045.86
115703,12490141.64,46531125.03
115704,87970.92,362952.07
115705,1544010.42,6267918.65
115801,25683428.88,66990933.83
115802,826249.46,1487773.18
115803,81847.83,216385.01
115804,57890249.02,156220140.98
115805,314535.0,34224.0
115806,160751700.8,173749640.97
115807,203358680.84,138153179.17
115808,11079389.59,5495823.74
115809,227982.99,111739.74
115810,28024667.7,60708938.93
115811,1996247.3,2475436.42
115901,2178150.01,3657377.19
115902,1435978.45,1361185.54
115903,120035232.26,656254108.85
115904,63252.26,27179.28
115905,126366.77,171448.0
115906,4326754.46,20524045.2
115907,3126284.51,27564914.15
115908,250560.88,948023.42
115909,203681.0,678676.6
115910,457773.53,2215667.23
115911,13369067.8,52371686.94
116001,57647349.14,107433822.34
116002,1379068251.5,2128751315.65
116101,26771756.44,35669304.97
116102,28700725.89,89193000.74
116103,70764332.98,187022627.94
116104,157082948.32,780540625.32
116105,129334401.76,380946720.2
116106,66023378.81,119893880.55
116107,67891356.5,168310168.3
116108,133558036.63,526184503.48
116109,234158415.75,1157828258.76
116110,569953951.29,2928069012.1
116111,44387017.79,353449567.03
116112,52452524.84,232402348.27
116113,13138239.51,33451282.83
116114,34634873.59,98852211.27
116115,16732735.85,59642337.53
116116,18222531.55,53988401.79
116117,79982102.97,92146221.25
116201,69117464.7,225579397.06
116202,89226385.55,253642085.51
116203,296627754.46,1147406087.91
116204,468367686.24,2456891879.82
116205,204237996.07,521347857.05
116206,124359677.2,422731306.64
116207,15334776.05,29591553.27
116208,26640410.39,87951076.02
116209,35146313.53,70197158.21
116210,61778216.78,221032374.27
116211,50728953.71,140015335.59
116212,212024197.15,708917293.09
116213,1223479.94,3077256.33
116214,16654733.41,71367117.79
116215,8564249.11,20009141.08
116216,17367034.83,20437232.49
116217,88563066.76,74927328.75
116301,11243842.12,13404476.98
116302,30998190.4,105452526.73
116303,6261318.86,12546681.68
116304,7069029.86,12793038.36
116305,4557990.73,11073709.25
116306,18728268.24,20953378.91
116307,61328721.11,179618222.52
116308,177099.42,101194.85
116309,6581937.17,3117059.69
116310,7455083.31,8970680.89
126401,28510847.22,27657507.44
126402,170619912.3,868250304.78
126403,500208630.94,2632941547.38
126404,98521701.84,441422789.52
126405,42038139.56,44550825.18
126406,136956998.11,289603398.05
126501,82709.0,18532.0
126502,247965.8,608692.86
126503,92860.0,2713.0
126504,2112068.83,2597063.66
126505,25866126.21,117163982.03
126506,19602792.04,26951856.67
126507,2234701.06,5750949.14
126601,30667638.49,101647569.44
126602,569847.99,944986.07
126603,2044429.6,4663158.52
126701,2295264.77,5259562.21
126702,88036075.06,76051797.01
126703,8390721.59,13135025.15
126704,26747421.92,54983914.62
136801,1351279.73,418928.71
136802,13620521.25,87188180.68
136803,526792.81,249871.83
136804,10279285.11,48466692.16
136805,3905530.26,67981030.74
136806,2499232.74,9077349.38
136807,253397.78,906660.38
136808,1084953.68,2975115.27
136809,2125678.86,10543635.89
136810,6780323.7,103405835.85
136811,384008.7,3580734.0
136812,981738.1,428611.99
136813,931845.2,5696887.88
136814,3297102.11,1906356.57
136815,3216254.04,37128693.05
136901,222558.17,712647.27
136902,3231867.25,3641659.5
136903,6702577.26,4678510.9
136904,275729.1,11302495.93
136905,335977.42,1364988.27
136906,61775.94,514806.83
136907,12691703.01,36366180.19
136908,22215818.65,85361791.04
136909,2815653.26,25733860.34
136910,9877332.63,31417537.87
136911,19454881.03,36041214.97
136912,13860586.26,13451560.41
136913,8153863.89,24293054.98
136914,4366801.47,38249144.0
137001,164359.61,152228.05
137002,1824591.2,19940217.66
137003,3128229.38,13481484.28
137004,4512749.81,65970783.75
137005,23345323.18,71942941.99
137006,20844357.7,51358331.03
137007,26297584.96,93658109.49
137008,836727.29,5362104.02
137009,12844793.48,28900198.84
137010,4441415.45,36143159.42
137011,2465513.28,10441976.56
137012,245219.0,8301.0
137013,34675881.19,131802933.79
137014,11620648.23,51456692.33
137015,15977735.84,28511894.99
137016,6828840.49,10599103.5
137017,852987.53,5418570.94
137018,29674405.27,430818974.75
137019,44274236.89,234831441.38
137020,9762356.53,149232221.42
147101,126847106.21,350048409.76
147102,7638768940.19,15248142007.37
147103,374365651.09,559677506.76
147104,39340670.46,89012714.61
147105,5623255.02,24721363.82
147106,1201307661.39,1179714725.32
147107,1347639.18,3207631.95
147108,9250268122.15,8039257518.73
147109,193899.0,2786.0
147110,311057040.39,1401300226.96
147111,1535851.79,270518.5
147112,73346989.21,897109897.74
147113,2687546386.78,6868255773.06
147114,29957727.89,71984224.81
147115,74363858.6,120931330.89
147116,61319588.83,68255695.95
147117,249148757.57,219212973.89
147118,1006135.89,11730139.0
157201,330575.28,3482.0
157202,25875728.02,16631631.26
157203,13028.3,10219.0
157204,312040668.13,165887413.26
157205,14210028.65,8954700.66
157206,164684.76,258748.0
157207,1062051.33,29183645.12
157208,47953850.96,53828034.25
157209,107747316.88,136385768.11
157210,93824343.58,507458922.4
157211,3327973.44,15268313.2
157212,2605775.77,26240901.93
157213,7090975.65,4767592.96
157214,24005010.75,368176578.23
157215,1058220.28,20554767.99
157216,9852385.02,120467037.31
157217,12668551.82,38678671.37
157218,2692196.19,333969.66
157219,156612523.95,534680281.72
157220,10826198.43,165404001.93
157221,2049958.11,2995345.36
157222,15866337.53,77106788.99
157223,4941312.98,57068387.89
157224,3024502.96,697206.47
157225,14139825.65,63849703.18
157226,17159190.18,22344596.56
157227,351686.4,3598503.0
157228,20146430.01,60692817.49
157229,732655.12,3678124.86
157301,12264825.98,2701416.05
157302,14286634.87,6932758.48
157303,2117968.76,26866837.22
157304,10509871.17,19729700.89
157305,2808176.26,17651645.04
157306,8671096.08,119046644.68
157307,18037966.19,76440567.07
157308,33502294.43,231024593.75
157309,866914.69,6664094.67
157310,27503013.24,54779723.07
157311,8215595.81,8714444.46
157312,4713034.34,36048247.9
157313,266716.97,397906.53
157314,8256856.87,15416457.46
157315,7458865.25,15216211.07
157316,851745.16,659167.2
157317,5092762.68,5094627.98
157318,77189897.2,264224847.14
157319,6074395.24,7287381.34
157320,10690483.45,44336133.52
157321,28339017.79,55255513.26
157322,1021134.26,2892871.5
157323,102574759.77,158146384.77
157324,11141807.39,26553923.3
157325,5586517.21,15840851.76
157326,144558883.89,345554729.39
157401,0.0,423570.68
157402,5437393.0,66518.0
157403,14703752.65,204536009.82
157404,481745594.08,504424190.93
157405,633403.38,859037.96
157406,1831632.74,6266509.72
157407,5710714.19,171161430.0
157408,24788084.44,440237806.54
157409,54652937.6,615724410.23
157410,86645489.03,1098209253.23
157411,27465907.08,67489560.07
157412,14121991.08,19861360.98
157413,7710709.25,13538786.38
157414,164653.0,0.0
157415,4697376.41,17260665.0
157417,10397.0,1528.0
157418,2990538.21,8606148.85
157419,16365619.49,102694804.17
157501,81680.05,0.0
157502,169170940.01,284309705.33
157503,491964.85,2774588.84
157504,6318278.0,7199258.14
157505,1134933.92,9150736.15
157506,1256553.3,18041357.78
157507,62759.66,1164882.41
157508,1658959.2,7340189.75
157601,32541522.0,150495012.86
157602,273153701.0,47090415.18
157603,2885376.53,7937557.64
157604,20914977.02,90438638.13
157605,6220972.49,35899414.27
157606,189482595.37,226410546.66
157607,33268718.06,213671608.69
157608,2473327.39,18917080.04
157609,1378221.11,1270935.08
157610,14623398.91,146762230.0
157611,396489.0,271073.05
157612,5963742.79,31029786.67
157613,186500.85,1031267.57
157614,1476966.95,3199779.0
157615,13259412.45,49384191.69
157616,61066598.82,167586762.23
157801,892902.29,1199462.94
157802,798053.72,691762.37
157803,67752.0,0.0
157804,1777036.24,374839.65
157805,1785.0,0.0
157806,1755500.1,6086624.74
157901,43265781.18,179219769.39
157902,171814.09,1676950.11
157903,1292255.73,1222754.18
157904,373185.82,3416522.87
157905,1803125.54,313370.52
157906,3897.0,0.0
157907,16751626.25,23413164.51
158001,53620121.6,30517536.48
158002,834777.0,3337056.95
158003,9713884.3,47193073.79
158007,6352358.2,5483095.98
158101,9737643.19,17227292.86
158102,5203014.89,17957743.6
158103,4540861.52,12394884.67
158104,1604046.51,912356.61
158105,9861700.89,27840706.91
158106,2984084.6,6262333.49
158107,786588.0,963928.49
158108,3258991.83,27982388.02
158109,865319.0,721794.31
158110,35436492.88,668151.07
158111,25265029.36,2668583.41
158112,60216144.98,63562769.17
158113,3761900.3,6187853.0
158201,3379764.86,2722494.91
158202,12340411.12,29361912.84
158203,6217495.93,25552780.12
158204,2274971.82,9048276.33
158205,41431825.97,91064464.64
158206,1844457.55,2844692.71
158207,33229634.91,184016609.34
158208,6469484.51,29652092.98
158209,39572034.02,123979879.71
158210,14149396.54,3801299.37
158211,20959961.61,41991120.55
158212,61273679.59,105109452.58
158213,10528169.14,19362185.04
158214,11788674.27,28052729.23
158215,23250344.21,88449984.11
158301,88016314.55,213256118.95
158302,156440012.09,218589351.77
158303,2822888.66,5824803.47
158304,2620539.0,4989981.67
158305,28861405.18,41413541.84
158306,33412317.99,66970477.81
158307,1655936.44,10964263.46
158308,140885601.62,158342943.66
158309,9337888.08,52263649.16
158310,9827197.41,32556965.84
158311,9767557.7,55995765.86
168401,80521.0,14490.0
168402,5023705.26,9950102.51
168403,3719970.96,2638134.33
168404,972226.31,1505710.74
168405,1585943.0,2425968.17
168406,6186016.0,26707961.11
168407,52197648.62,53962309.91
168408,95901045.18,90797800.95
168409,49483650.47,342765573.55
168410,684464.0,894894.11
168411,1284331171.5,3159134690.76
168412,74163090.28,145062854.27
168413,63833100.22,364199484.15
168414,214835151.08,904477474.57
168415,72896184.1,640054977.45
168416,7964815.97,17749225.92
168417,2007445.36,18802664.0
168418,61420596.9,235757293.27
168419,35852444.5,223531241.36
168420,975837.37,5984362.65
168421,75459661.74,286252856.77
168422,25030708.21,129186832.74
168423,28695935.76,54231547.81
168424,76663260.96,160497663.65
168425,7075135.94,17453914.32
168426,38753863.42,170981749.59
168427,6245783.45,33049119.95
168428,28833425.29,122542242.05
168429,693960224.14,962153022.24
168430,18480248.19,91434532.11
168431,49701284.36,370537521.59
168432,969230.74,2735796.18
168433,5262485.29,13612055.44
168434,1765289.63,2690612.76
168435,251368.98,437331.78
168436,2178076.19,888001.73
168437,3662120.82,1193836.74
168438,13217126.77,30609603.05
168439,6093070.31,9035050.79
168440,13133641.21,29199010.93
168441,66192167.21,40140455.59
168442,12880683.7,68521013.26
168443,1016289207.56,7173337059.25
168444,2995813.0,399519.0
168445,14562721.46,4611613.41
168446,6676095.45,7020169.63
168447,125542498.77,141988131.47
168448,31851045.9,274063246.49
168449,14843830.0,5272312.56
168450,9370463.2,111296583.2
168451,43412271.73,104235871.2
168452,75609866.98,232320144.59
168453,7530168.94,15659879.41
168454,18073196.5,25958876.09
168455,6325581.11,12276877.54
168456,29592201.09,143017031.44
168457,138864132.0,20300077.97
168458,29219344.48,23840070.46
168459,50595403.11,78085263.92
168460,16516152.76,20520353.07
168461,6235609.72,21202626.68
168462,66486335.12,80837821.47
168463,3264105.54,8546184.26
168464,5506436.79,27375235.83
168465,22244795.69,115112709.11
168466,43532796.25,198663425.37
168467,16784503.37,127984204.2
168468,1693901.09,7006717.46
168469,930005.3,7146915.77
168470,125057213.91,268295210.38
168471,1856065958.89,17382075301.74
168472,59763127.46,328081556.0
168473,2385817166.88,19443444062.73
168474,14787624.98,41854263.12
168475,2678646.93,7864459.78
168476,7928801.12,40485612.87
168477,70858674.24,300647961.21
168478,2150409.79,17129171.71
168479,722176067.3,2046015594.59
168480,157881804.24,498695002.31
168481,95546652.3,525284505.69
168482,71603832.72,747687924.26
168483,56597506.67,296456549.0
168484,28398396.72,59151443.61
168485,31673557.45,133388823.81
168501,277810038.36,1841735536.29
168502,99049111.79,200398399.28
168503,94451463.2,516208463.44
168504,1290067249.81,7789321865.3
168505,111953465.85,366598580.79
168506,160612913.07,601852740.53
168507,224997601.41,2230824408.15
168508,33292265.55,72931669.23
168509,104760302.43,497363550.22
168510,44840434.62,197834393.01
168511,19316157.69,43647338.54
168512,44060815.05,104700802.55
168513,56825165.31,137800687.37
168514,13027321.21,63133807.47
168515,241262213.95,225800005.77
168516,255089356.58,1047073598.54
168517,5794267259.47,22021534419.86
168518,505217124.64,2528192392.88
168519,109352299.83,677434617.06
168520,1245378.02,919193.26
168521,260475526.34,1471472072.79
168522,377788166.1,2999846940.28
168523,590159241.71,3785542922.04
168524,272330845.93,483708124.52
168525,2329951314.81,15164751246.27
168526,96554367.79,354624149.42
168527,344442553.2,969086946.98
168528,370922929.39,1353211311.97
168529,1565656870.11,8487308056.53
168530,13770345.33,18668229.57
168531,560105229.81,933784280.14
168532,294776573.59,4464818109.66
168533,93883745.47,991493443.13
168534,1335375337.57,7928269158.17
168535,61674802.78,137757137.08
168536,887010546.72,6414581868.25
168537,164792654.31,499627440.4
168538,406401089.7,1444375605.23
168539,99678045.59,396086715.95
168540,63066468.81,92196239.34
168541,1240727676.17,11568306993.16
168542,6255273168.88,69287838279.52
168543,543926067.21,1848416139.23
168544,532568622.87,2569428687.15
168545,6441938.8,41511785.79
168546,9325534.31,38576759.0
168547,9270762.14,90424197.75
168548,69569613.91,455046069.3
178601,11332.0,36932335.12
178602,1606.0,1251045.77
178603,136071.0,56851.0
178604,39692.0,96764.1
178606,11194.44,575243.0
178607,1178476.16,26364578.64
178608,383942.34,2785409.9
178609,18021445.88,3655113.35
178701,1177984.58,11879254.77
178702,11553309.55,158260028.99
178703,1113142003.37,2339940487.76
178704,18489253.15,43917145.7
178705,6788497.03,43412119.15
178706,23390492.1,25688761.7
178707,1903892.7,1081584.29
178708,93817749.73,419187956.67
178709,1945057.55,10366635.66
178711,45202129.46,96717786.91
178712,14103412.26,18500948.72
178713,2307471.43,2607890.04
178714,88711274.67,201985262.54
178715,40246453.22,61087016.52
178716,14720027.63,31184478.78
178801,514667.82,209019.29
178802,7242743.0,67378328.0
178803,348757118.47,473313964.76
178804,1293879.31,2219312.56
178805,742237.0,5368345.47
178901,150866954.26,2054435840.42
178902,5396.29,8131133.27
178903,18569283.84,216052154.13
178904,55216387.18,94802561.73
178905,523503.74,578411.34
178906,1043591.5,1557182.79
178907,1172551.06,1225357.99
178908,59305.06,6361.0
189001,211193127.41,1948279950.31
189002,174456995.86,1235815095.81
189003,198962082.71,397601408.51
189004,109277899.0,327794934.45
189005,12435275.44,46730427.59
189006,162575528.28,480480033.56
189007,10124759.37,48988199.81
189008,17234329.95,26257634.6
189009,9126694.0,35307512.0
189010,23814295.52,39959218.29
189011,8802628.91,54779050.31
189012,33339822.32,28037460.07
189013,1689903919.89,11088152889.88
189014,14508210.62,69870389.29
189015,27552957.27,122978744.41
189016,625290.89,6665865.85
189017,17475386.44,36161523.96
189018,227126188.08,896595065.91
189019,47387671.44,215783907.73
189020,3333997.81,19228219.89
189021,187946058.26,428494106.86
189022,33058029.54,173867468.17
189023,19826670.4,102437736.58
189024,10866026.75,70639486.48
189025,45281287.79,152623479.84
189026,27041689.78,119798127.54
189027,108105008.35,898663588.89
189028,65755745.42,72088810.44
189029,97151148.17,136085179.17
189030,139375919.85,809353240.94
189031,169670274.58,780034505.75
189032,109205203.84,428517019.22
189033,31330117.94,98313134.93
189101,324738588.08,1564398541.54
189102,1015128451.28,3014356357.67
189103,13493865.02,8851729.55
189104,856954.8,588259.28
189105,39045510.31,127153153.2
189106,21029115.27,20698507.54
189107,5890620.75,7496310.19
189108,79274052.94,728953509.5
189109,5721034.85,10794012.66
189110,21594140.7,246941459.54
189111,135476810.24,161024199.29
189112,1225161.18,7605261.15
189113,104217211.29,185341822.62
189114,159553756.76,265960476.12
189201,2505914.42,22102101.21
189202,4623736.33,9337593.59
189204,1626.0,0.0
189205,1675459.55,8386632.45
189206,3553968.06,4011351.02
189207,14677350.18,50785538.58
189208,5603216.32,8082188.37
189209,11945856.13,44743448.76
199301,476342.0,12561.0
199302,149107.54,90110.59
199303,108301.41,194831.69
199304,7403136.18,3184782.66
199305,3915236.0,523542.39
199306,412862.82,1308455.88
199307,378441.0,26623.0
209401,101679061.13,219031324.2
209402,6866873.17,13081921.75
209403,148191922.04,508645663.88
209404,30109320.19,112913518.47
209405,224182436.52,438550750.47
209406,2762979.27,8268414.01
209501,870717.28,0.0
209502,5699473.75,7403624.0
209503,772246140.08,873008142.6
209504,230152599.75,2706867738.94
209505,92233208.17,73743526.65
209506,182564154.78,995715260.53
209507,26377886.85,70014478.47
209508,2498704.96,12036209.11
209601,5392196.12,10103656.94
209602,881094.83,7874620.04
209603,41619208.37,80449597.35
209604,497416.56,534497.93
209605,21185115.4,13792944.95
209606,266728205.3,191870896.39
209607,168357319.08,199870915.08
209608,48102471.63,179751333.69
209609,9332224.5,19675370.35
209610,2925799.23,3140801.62
209611,2288794.56,7977727.78
209612,14309221.87,58570263.57
209613,41286609.68,90640559.27
209614,1016831.53,61474560.9
209615,37284014.17,33351217.9
209616,8644096.62,9792786.76
209617,6941885.21,21726575.66
209618,12703332.66,16746213.95
219701,150106663.42,325033686.97
219702,764613.36,7543521.48
219703,9882772.11,53415440.79
219704,2079343.83,2095108.07
219705,15647854.34,21298145.4
219706,74380554.94,347120296.39
