010101,115942.95,119643.21
010102,1141559.07,3177.4
010103,4600639.81,0.0
010104,0.0,12650.19
010105,529721.22,97262.36
010106,61835.21,271231.26
010201,438740.74,929177.23
010202,602451.47,632544.12
010203,10381284.32,11987575.29
010204,52219.0,206642.35
010206,229667.13,873331.93
010207,6376445.03,9057321.73
010208,102803.9,0.0
010209,25421.16,156468.67
010210,33309.0,76390.85
010301,0.0,3442.0
010302,5454340.04,6335926.83
010303,17738723.18,7737271.21
010304,36142997.63,8656405.09
010305,10935055.06,140236.68
010306,33915742.12,1416827.0
010307,14456.0,19882.6
010401,1591344.87,527960.37
010402,34919195.72,6215723.71
010403,1998205.74,856632.88
010404,675505.15,62544.97
010405,12624205.1,653852.19
010406,17238316.95,12107877.44
010407,34621.0,310076.32
010408,695281.85,293366.31
010409,5336.0,56176.09
010410,0.0,14675.41
010503,0.0,3624.27
010504,42119.25,1151083.33
010505,263582.35,56880.88
010511,464520.13,718570.45
020601,1393.0,39186.64
020602,635785.39,918308.8
020603,30659.62,704626.5
020604,183958.83,259025.19
020701,221087.09,61260.43
020702,286290.44,1971584.26
020703,93721.36,578458.36
020704,27082.38,97894.37
020705,56068.16,68788.83
020706,73225.09,40020.53
020707,322776.37,1032121.79
020708,0.0,1629.2
020709,848567.34,1709681.85
020710,221787.9,191455.54
020711,241178.62,125871.74
020712,163711.99,219086.9
020713,191034.69,63242.54
020801,12470.51,67075.7
020802,79727.75,337122.73
020803,2828.0,3043344.12
020804,0.0,131338.37
020805,68557.22,2794949.04
020806,85135.48,799166.19
020807,15217.32,663605.37
020808,236423.25,1920312.16
020809,100460.06,948598.66
020810,280256.51,1916042.27
020811,1854849.23,487847.82
020813,16727.81,327852.23
020814,4443.0,15114.55
020901,3103677.69,15790393.18
020902,355325.45,1736739.26
020904,281483.08,297069.29
020905,1779.0,40232.81
020906,93524.2,37514.1
020907,28550.0,34539.79
020908,439571.29,42491.77
020909,58145.92,53128.54
020910,461350.09,776597.11
021001,1380905.86,664388.45
021002,1815219.78,2662103.33
021003,9342.16,638026.02
021004,124716.86,1063.17
021005,0.0,5577.29
021006,0.0,171036.33
021008,23909.66,2286.46
021101,43979.0,2967111.86
021102,155745.22,9131.05
021103,49978.53,168195.8
021104,351421.22,495353.87
021105,7167.0,4129.98
021106,4706.0,0.0
021107,1856382.86,1664363.65
021108,0.0,50525.61
021109,4039.42,13532.68
021201,5682.09,6374.85
021202,22169.49,575980.8
021203,0.0,5773.0
021204,7972.0,40445.29
021205,2420650.29,97140.17
021206,14233.74,150893.9
021207,23920.61,111706.86
021209,41088.62,552080.5
021210,2729.0,170184.76
021211,60596.64,147695.22
021212,112630.22,15908.75
021214,63659.05,33054.76
021302,1928970.72,1486951.78
021401,443015.72,7338.49
021402,43613.47,0.0
021404,351432.58,2259.75
031501,66754.59,0.0
031502,304154.73,34579.4
031504,10322.44,23073.05
031505,16621.61,11406.0
031506,0.0,1717.94
031507,4270158.63,8773953.7
031509,0.0,103965.88
031510,0.0,5052.02
031511,425763.51,451575.4
031512,37568.0,169791.4
031513,0.0,2099.0
031514,5590183.97,1854181.19
031515,58249.0,56547.83
031516,879713.31,238023.32
031517,134915.43,1349463.38
031518,18028.72,38938.77
031519,104383.27,430994.04
031520,0.0,35793.38
031521,9170.79,8402.79
031522,44806.0,0.0
041601,4349675.76,2544765.36
041602,1693937.57,701343.81
041604,51086257.34,6245538.91
041605,938527.38,185621.62
041701,410617.97,15023101.65
041702,187244.03,870089.2
041703,266040.37,76906.54
041704,3518557.22,7010908.02
041801,56168494.73,56001656.97
041802,7688.0,0.0
041803,2311538.41,748511.57
041804,5004750.0,892915.3
041805,2278855.59,2043069.28
041806,2486316.82,10582451.48
041901,5103407.63,3711153.92
041902,67038.7,2657812.76
041904,29483.84,2423079.42
041905,1667202.01,8023089.91
042001,318384.31,498623.36
042002,0.0,109542.6
042003,145349.6,331896.06
042004,49581.96,118764.31
042005,152414.93,1614363.01
042006,8599.36,13308.76
042007,122329.26,1101721.28
042008,44606.77,1197089.98
042009,1556078.13,7090536.13
042101,945113.12,3941496.3
042102,2675149.17,613540.08
042103,1495882.66,5080627.97
042104,544199.78,1086056.29
042105,1826534.73,2200313.44
042106,3332760.04,11006146.16
042201,628606.13,891400.67
042202,8904173.04,5659070.62
042203,4180606.74,5350987.35
042204,358916.45,10218723.44
042205,237795.26,62234.88
042206,550013.84,4423915.58
042207,422541.99,1455677.99
042208,9206986.36,16049620.08
042209,0.0,67292.31
042301,1727424.31,1150998.29
042304,51327.0,5457618.01
042306,2557189.36,69195.57
042309,373675.79,8065844.12
042401,39718.0,0.0
042402,2446823.59,21823286.8
042403,542783.0,127138.56
052501,14264.96,1669726.51
052503,0.0,1968.83
052505,185457.47,94961.76
052507,0.0,1005.95
052508,18103.88,1795932.72
052509,4516.9,13779.55
052512,0.0,17132.68
052513,0.0,1103.89
052515,34765.3,39522.2
052516,91071.24,159361.47
052517,2943111.36,2798110.08
052518,1590445.04,73498.45
052519,1643.8,7560.0
052520,142774.11,698360.85
052521,731899.24,6438.18
052522,94987.24,48825.87
052523,11856831.1,1276775.33
052524,137473.15,0.0
052526,5084.0,1015.0
052530,109808.15,38437.28
052603,0.0,11639.0
052604,74803.21,0.0
052605,3052.0,2686.0
052606,8666.67,0.0
052611,251999.0,0.0
052613,6780.56,0.0
052615,1095847.47,0.0
052619,0.0,54604.56
052620,1900598.61,2686.0
052621,224313.66,78892.48
052701,6695618.32,4319027.42
052703,31703712.31,56756.3
052704,65139.82,8078.76
052706,723836.02,0.0
052707,354831.23,2048015.14
052708,6574685.4,0.0
052709,101652024.23,8953.0
052710,419052460.66,437368351.25
052711,356910.72,151898.5
052712,36801.5,1054403.48
052713,4755601.47,9026755.54
052714,507826.88,0.0
052715,388125.48,246878.46
052716,19590062.69,6805735.4
062801,1165.0,0.0
062802,20092.0,18720.05
062803,8603.53,18718.33
062804,329355.25,1175993.29
062805,1243005.8,145272.1
062806,0.0,1653.52
062807,0.0,129178.83
062809,6977.92,4116.67
062810,0.0,9864.36
062811,149397.05,708429.55
062812,0.0,1708.51
062814,24271000.55,13110.97
062815,64647.42,25795.33
062817,204413.14,5599.9
062818,2384681.2,441107.96
062819,13962279.0,3713381.81
062820,273530.0,0.0
062821,118533.46,263410.23
062823,5078.0,0.0
062825,11524034.65,2109387.45
062826,135384.82,99708.67
062827,54219.86,149579.92
062828,0.0,5034.17
062829,8558.0,0.0
062830,172079.0,11818.33
062831,8793.0,134713.45
062832,0.0,1454.82
062833,1267404.68,582498.35
062834,388867.83,38488.91
062835,813838.66,2249480.9
062836,109571.15,589871.6
062837,0.0,3471.0
062839,9808.77,10874.6
062840,68312.54,34379.38
062841,1368953.24,17121.97
062843,0.0,1085.0
062844,3753.0,1786470.89
062845,72943.93,0.0
062846,7337335.41,1253904.67
062847,0.0,8363.6
062849,187848.19,50589.8
062851,23590.48,11169.41
062901,1150387.76,301555.01
062902,2464418.13,4280707.48
062903,72805.29,437162.93
062904,258647.0,565044.44
062905,88790.08,1738289.99
062906,25078.0,4651.0
062907,1420950.37,84245.34
062909,77538.79,19725.61
062912,386165.04,32961.7
062914,33155.36,109683.91
062915,388395.26,430846.5
062916,11365281.45,379312.2
062917,185996.71,590224.26
062918,136475.24,227681.74
062919,0.0,339070.23
062920,8377.81,107599.29
062921,143931.66,45779.74
062922,342538.38,1375306.54
062923,0.0,89139.02
062924,19307.28,57277.73
062925,25826.0,2455.0
062926,1221.0,7839.54
062927,0.0,1360.0
062928,7133.0,22335.01
062929,39812.0,102461.3
062930,1119872.0,229553.48
062931,37396.8,191584.48
062932,40142.97,8328.66
062933,95150.5,190635.47
062934,2316.0,62638.84
062935,0.0,179835.14
062936,258178.82,1201958.62
062937,9998.0,8634.0
062938,1740.0,121149.85
062939,16135.0,3505.0
062940,0.0,3611.41
062941,48337.54,7170.0
062942,49278.0,6086.0
063002,1124143.37,2853667.83
063003,120151.0,615281.17
063004,16253231.43,54561827.72
063005,1885907.66,2359656.68
063006,952456.91,2031524.6
063101,10190.7,10555.56
063102,27931328.75,514240.66
063103,115393.29,0.0
063104,309978.0,2154915.37
063105,30272352.25,19847971.56
063201,501802.0,273661.18
063202,0.0,6175.9
063203,9150.14,69056.78
063204,601856.8,3490773.22
063205,0.0,2970.43
063206,384442.57,2596258.24
063207,89991.1,706885.45
063208,17545766.74,22624023.91
063209,4109031.06,7400466.17
063210,360167.62,658237.71
063211,29679.5,38024.69
063212,399798.3,754604.45
063213,2539.7,98674.23
063214,17692116.99,8845090.95
063215,308479.56,3524548.64
063301,1791.0,82616.08
063302,104876.97,513989.0
063303,521046.85,5033030.64
063304,1367355.92,23209846.35
063305,490852.99,5866346.82
063306,1104396.22,1086087.94
063307,755748.02,4108967.57
063401,423228.33,960387.26
063402,1483552.26,13667016.61
063403,98838.57,2096519.24
063404,5136.0,28234.28
063405,296284.38,2111592.84
063406,2460819.79,1429364.91
063407,2974.07,117766.72
063501,1055732.46,1028762.48
063502,145196.92,94621.78
063503,55207.66,258172.88
063504,1751030.96,10146860.55
063505,97272.31,243459.02
063506,1928741.87,4743087.8
063507,298818.79,180104.99
063602,118517.12,19120.93
063603,0.0,1003667.0
063604,79263.8,334684.48
063605,1235201.82,37646.02
063606,137076.42,26177.75
063701,10043.38,1455987.82
063702,133598.35,1085142.61
063703,21447.68,209756.65
063704,5504.53,37153.48
063705,5286.8,20899.0
063706,35921.0,180195.68
063707,347256.67,609710.64
063801,1047243.29,52065.81
063802,88992.1,87142.8
063803,159307.81,278642.91
063805,23936.9,7212.39
063806,13345.3,13937.29
063807,15684.29,6149.95
063808,780473.47,3228548.9
063809,95782.8,1188763.22
063810,194063.3,148363.87
063811,79534.43,180931.79
063812,993376.58,248147.53
063813,9138.19,31612.46
063814,370917.7,805325.05
063815,460362.24,766384.58
063816,163746.5,261614.99
063817,97104.83,40827.12
063818,9572.0,0.0
063819,29919.05,92681.57
063820,310481.04,328274.41
063821,212334.05,307453.23
063822,497610.96,3294505.71
063823,938178.35,6534935.88
073901,2153474.58,10180309.14
073902,361125.59,3488700.21
073903,3232956.18,6440745.78
073904,154288.99,2411154.42
073905,55358.7,619991.35
073906,63645.31,1665407.82
073907,2287269.05,5700539.49
073908,65788.62,124362.22
073909,2140837.28,3940393.94
073910,68705.86,293213.25
073911,427414.34,1617862.13
073912,25220.4,386167.8
073913,0.0,25750.18
073914,762754.87,407828.45
073915,473587.19,129232.28
073916,1448253.41,8723209.23
073917,1628819.98,12929242.42
073918,4140386.38,6316788.79
073919,215936.61,3003498.37
073920,1245340.57,18768446.02
073921,1315992.55,11311386.52
073922,6011130.14,1468753.9
073923,16557827.07,28306928.56
073924,650088.7,4504798.43
073925,1654889.07,5844197.31
073926,14215960.22,25021410.95
074001,8505.51,35813.0
074002,8021828.13,8367936.75
074004,0.0,11418.05
074005,328203.67,632378.49
074006,6991.0,187192.4
074007,1024.37,12254.05
074008,237937.06,2035831.25
074009,168316.53,1101589.43
074010,104731.99,965582.98
074011,6960508.64,13868921.31
074012,694799.55,1310822.19
074013,9455.0,29523.63
074014,63783.62,208052.84
074015,240232.69,214940.28
074016,5634852.47,7064245.38
074017,28786.11,35440.54
084101,6214918.53,192025.64
084102,0.0,4815.0
084103,64657.14,9969.09
084104,862556.7,13939746.28
084105,60161.79,307187.44
084106,0.0,7829.39
084107,44552.58,229377.92
084108,12055.0,1004.98
084110,9623.81,28669.74
084111,83024.16,33897.54
084201,1242463.67,183374.85
084202,2907205.2,5533292.32
084203,811137.13,3809037.09
084204,50833.0,9089.34
084205,440690.76,160420.1
084301,3613516.09,21381734.36
084302,23111234.33,1882166.05
084303,606866.78,279425.63
084304,71167.22,260241.07
094401,33105439.28,111067.57
094402,549221.01,3240.55
094403,115757221.28,22525266.37
094404,2021622.87,126503.51
094405,10194.23,0.0
094406,162216.48,46827.22
094407,152463211.4,23757202.58
094408,15220864.99,1384832.65
094409,16282845.85,1947308.04
094410,19209243.42,6386056.12
094411,11861786.27,7969967.74
094412,20939306.18,17421964.82
094413,157033.54,16296.31
094414,2816438.66,206121.59
094415,16325810.71,3670077.75
094416,29843.32,0.0
094417,343295.2,58741.0
094418,40749410.19,12058387.94
094419,1212993.47,221823.55
094420,1776123.83,181656.15
094421,15209026.47,1943395.29
094503,0.0,11281.41
094504,13217.27,70576.43
094601,154578.41,54517.38
094602,177325.11,149357.92
104703,642749.2,0.0
104704,4611888.0,2561414.19
104706,0.0,7018.07
104707,1821573.77,424333.55
104801,13476392.52,14095037.47
104802,3777998.96,14446554.33
104803,241288.78,163787.36
104804,32665866.99,2513560.92
104805,1050707.35,5153447.79
104806,67553.4,95063.34
104807,53214.93,248964.8
104808,621932.49,4498915.85
104809,88078.15,113225.23
104810,5218139.72,19674661.17
104811,1350841.73,26385660.31
104812,2854.0,34998.96
104813,337560.7,715764.08
104814,743450.18,3645996.64
104815,3553.53,0.0
104816,5073.0,3506.5
104817,2862233.61,1191214.71
104818,4394676.42,13708455.82
104819,4623355.62,11035596.26
104820,7429621.66,2112508.28
104821,2651952.84,4667867.17
104822,258998.98,193600.56
104823,973299.94,9875421.15
104901,2558379.6,8659743.67
104902,4786495.39,2936727.89
104903,16455.29,93314.77
104904,0.0,12604.0
104905,64125.22,590011.04
104906,21502.91,562745.76
104907,3761564.49,425715.92
104908,3582.0,7817.59
104909,85840.25,212749.45
104910,56002.45,261286.27
104911,2449378.45,6571635.06
115003,0.0,26859.0
115004,3347.0,0.0
115007,26053.73,74826.56
115101,212899.31,28117.0
115103,17376.28,85526.35
115105,292379.35,2006425.36
115106,3976580.17,590485.13
115107,16618.73,627904.94
115108,2903.0,1362.01
115109,25614.84,37282.38
115111,156433.44,3323708.72
115112,83748.6,3211214.35
115201,12801714.78,436343.29
115202,657648.93,20607.01
115203,15843.37,0.0
115204,64190.0,89350.07
115205,6627294.24,4158675.4
115206,111301.89,332585.31
115207,250094.0,78484.22
115208,32710403.23,15442063.13
115209,11847498.47,7539614.05
115210,1814114.28,3811893.25
115211,347933.4,2973399.7
115212,324946.3,552088.3
115301,119257.11,8960794.37
115306,7932439.18,821204.84
115308,12230.0,4881.08
115309,21145044.59,1726945.76
115310,1075.63,5125.97
115401,120734.56,2215507.66
115402,394243.35,4088644.47
115403,53747.22,5239.0
115404,9397.25,162446.23
115407,1247540.39,17440267.31
115408,183220.45,2723442.27
115501,2687.0,9320.25
115502,60636.0,62830.8
115503,85037.22,2378003.15
115504,90031.49,950004.92
115505,0.0,10764.07
115506,163152.42,9215.82
115508,65155.11,438121.41
115509,157512.0,522442.54
115510,17803.0,53941.3
115511,0.0,84617.51
115512,311254.54,2108918.82
115513,816754.48,4577972.7
115514,130068.52,4738276.86
115515,1385679.45,10894280.17
115516,289882.51,2804362.4
115601,6222815.44,2317307.49
115602,575333.55,384854.95
115603,1537964.71,4118105.15
115604,93426.87,226344.46
115605,0.0,3394.07
115606,2447110.93,189893.45
115607,732038.8,1694683.58
115608,3764826.17,1840798.02
115609,2765036.42,610430.52
115701,9963.74,53393.52
115702,1883273.89,231682.79
115703,3690255.93,1351824.46
115704,895323.55,322655.24
115705,46039.5,51111.68
115801,158399.91,898923.16
115802,56989.97,18211.92
115803,0.0,1151.13
115804,8234.83,223793.11
115805,0.0,16413.75
115806,199427.71,7515829.99
115807,58067.36,1912772.52
115808,623015.66,744885.54
115809,0.0,1896.0
115810,8858.76,162746.84
115811,21526.83,763206.12
115901,8847.38,302322.55
115902,72730.74,40716.27
115903,1111609.48,13690908.95
115904,0.0,86135.33
115906,66721.16,180949.89
115907,44555.37,1114570.62
115908,0.0,34083.17
115909,8237.59,101109.46
115910,10201.89,114927.15
115911,619200.36,963882.53
116001,229329.97,3508454.24
116002,2125371.83,12389828.39
116101,862217.72,180897.28
116102,923892.95,214038.09
116103,902695.0,460925.22
116104,4522763.87,1835107.02
116105,1479261.6,640202.88
116106,1679905.38,804690.74
116107,3166860.29,584904.58
116108,2291734.2,1530616.55
116109,13845556.95,4772735.67
116110,9224189.39,6953229.99
116111,1817645.36,1072327.19
116112,1889225.36,1460930.44
116113,40772.11,52781.22
116114,543884.73,169922.49
116115,4797829.68,2088225.43
116116,167520.91,889693.15
116117,323368.42,1265629.74
116201,12883124.39,3239316.47
116202,9741928.95,2752311.05
116203,36159670.67,8759956.2
116204,35218040.06,8620314.14
116205,12937743.48,3567292.02
116206,5945722.66,1255253.29
116207,146282.6,154847.44
116208,249295.26,446308.75
116209,7328857.95,197793.12
116210,14426251.9,2442318.7
116211,20449147.75,7351233.77
116212,4505988.04,1537597.42
116213,11563.28,13782.31
116214,176958.41,346884.74
116215,241285.29,101435.22
116216,406247.34,172726.75
116217,336018.46,3996815.03
116301,579828.35,232684.03
116302,27727523.31,3130223.88
116303,10638479.48,904446.19
116304,2287448.94,324465.61
116305,7852188.38,1547094.0
116306,6291718.08,2023554.73
116307,9922495.78,4146288.07
116308,0.0,1790.0
116309,887009.19,3596530.23
116310,401970.67,337977.94
126401,137390.08,279287.25
126402,16283106.71,5981568.84
126403,11832928.05,19987150.55
126404,1178109.86,2803908.38
126405,1386063.6,1522115.25
126406,10656383.14,12823997.43
126501,0.0,28568.0
126503,0.0,1830.0
126504,63114.0,27209.17
126505,3339407.57,1203391.34
126506,262992.93,280401.25
126507,28647.58,153498.4
126601,71576.24,410793.52
126602,25324.0,3611.35
126603,1635.0,0.0
126701,0.0,17699.24
126702,288103.36,327769.29
126703,1746.0,1259.58
126704,23255.59,58797.87
136801,16154.6,16884.64
136802,813061.94,854005.19
136803,0.0,2775.62
136804,349112.42,3305818.24
136805,116465.8,1931056.63
136806,1083169.43,4875186.34
136807,55947.99,1430015.46
136808,12335.04,252414.44
136809,71035.4,4194265.66
136810,7305077.43,1348984.2
136811,415963.0,610030.23
136812,1145.0,11688.9
136813,4997.0,166311.22
136814,0.0,114828.72
136815,218397.14,269859.37
136901,1345.0,96844.14
136902,47381.19,516873.83
136903,0.0,19257.8
136904,778293.39,321306.53
136905,1207164.57,70975.06
136906,0.0,17326.5
136907,199805.14,437113.92
136908,233232.68,2234260.79
136909,7128.54,28926.83
136910,1096712.39,4144518.3
136911,234088.78,1486514.62
136912,332744.39,849022.44
136913,269864.54,583224.35
136914,91437.7,128909.24
137001,0.0,2694.0
137002,22880.97,105569.86
137003,209573.19,228854.77
137004,265687.04,511815.89
137005,387559.37,6779409.27
137006,172510.67,103507.54
137007,9909340.97,2653991.57
137008,1034679.62,267924.68
137009,391209.04,848096.17
137010,10911249.5,1786995.35
137011,2223.0,1946.0
137012,0.0,2052.83
137013,1605321.09,4803862.1
137014,0.0,24404.14
137016,336570.56,440857.88
137017,6130359.9,5021315.88
137018,95381.96,31338.64
137019,1066250.52,8912732.83
137020,175070.35,205546.89
147101,10485.0,0.0
147102,253656.0,10339.0
147103,3448.0,2126.0
147104,0.0,3253.01
147106,64304.0,963763.38
147107,34035.0,32027.88
147108,256751.74,260094.44
147109,8087.0,9041.47
147110,994761.0,30674.43
147112,36524699.24,7273.0
147113,864510.22,2162723.05
147114,2069894.98,232644.51
147115,493867.0,19057.0
147116,85261.0,5979.0
147117,790470.74,457398.06
157201,169708.17,0.0
157202,3514876.36,14498932.63
157203,1809.23,7613.15
157204,47568016.75,1278203.54
157205,38187.3,124959.06
157207,54090.37,161079.5
157208,1224357.47,25995270.31
157209,198760.78,2574658.76
157210,11818303.65,38149227.59
157211,107727.22,1760063.92
157212,449039.31,5875321.0
157213,182135.03,417738.17
157214,673198.86,2816530.44
157215,206659.57,421252.04
157216,3242045.98,8071607.43
157217,303689.28,2781605.28
157218,514900.0,605233.13
157219,2233114.85,7829094.87
157220,408179.08,889703.96
157222,12509012.12,2093292.23
157223,31253.28,103449.63
157224,1097523.0,2488221.24
157225,71949.48,260262.8
157226,118415.92,838774.85
157227,3990.0,0.0
157228,303874.44,1000753.19
157229,2034.0,28961.69
157301,132204.56,1308625.57
157302,1111422.06,3678311.32
157303,34763.16,96773.9
157304,582283.7,3246195.86
157305,271668.18,511466.86
157306,3044749.55,15788481.41
157307,4262977.4,5093395.64
157308,75772987.96,24822658.4
157309,2653412.77,386053.13
157310,2973915.24,5984604.0
157311,313625.63,2297185.79
157312,458358.43,2037559.7
157313,0.0,12878.12
157314,464505.47,1263028.09
157315,120704.34,843501.16
157316,321863.37,30453.62
157317,413183.86,1589957.37
157318,1635393.75,7539199.75
157319,1065.0,39906.8
157320,107306.17,2327783.09
157321,3686976.86,3367406.13
157322,595892.64,3222302.37
157323,521389.44,4671553.66
157324,437396.4,1401749.99
157325,1342623.1,884982.67
157326,12329578.26,13944166.63
157402,0.0,6215.86
157403,56408.53,230536.98
157404,7787958.79,0.0
157405,310954.98,317626.4
157407,388784.59,1216186.82
157408,113367.95,1251652.74
157409,60057.93,599292.72
157410,0.0,174774.86
157411,80885.41,1506514.16
157412,189173.75,1193413.57
157413,20114.61,105642.77
157414,0.0,24154.06
157415,612244.61,1515378.11
157418,31891.56,154539.3
157419,696531.46,1637308.11
157501,3901474.59,10398221.38
157502,726228.23,905886.74
157503,5265549.3,1954351.43
157504,425497.54,222820.96
157505,4124.0,11977.64
157506,764871.0,945832.0
157507,15543.0,4583.0
157508,3078.0,107552.89
157601,30997393.3,222757.23
157602,11745298.95,312421.54
157603,338101.02,0.0
157604,2962121.3,7837563.86
157605,471838.2,29242.57
157606,731102.72,3476514.96
157607,622436.45,2817789.55
157608,19376.91,1546972.85
157609,11226.27,52352.64
157610,29395397.83,40267382.56
157611,0.0,14924.0
157612,118315.17,2195619.43
157613,5155.0,0.0
157614,30857.45,52958.13
157615,853131.0,692063.32
157616,5837786.74,17072107.08
157801,96315.31,0.0
157802,312135.72,0.0
157803,456081.0,0.0
157804,0.0,15327.01
157805,11572.75,0.0
157806,14971.0,29581.6
157901,0.0,8879.78
157902,581244.23,3161476.75
157904,0.0,1320.69
157905,0.0,1446.72
157906,73298.0,18691.12
157907,28560.89,101954.03
158001,152999.79,130980.98
158002,36086.01,0.0
158003,9716.0,25626.68
158004,3186.0,4182.74
158006,54968.0,0.0
158007,132591.12,182478.27
158101,593145.16,2619934.9
158102,189510.81,24669.0
158103,683826.58,115867.57
158104,194766.48,182582.57
158105,149240.74,57635.43
158106,8422.0,8934.0
158108,958618.73,194162.79
158110,16469.0,0.0
158111,150805.0,315418.58
158112,9167342.73,830547.21
158113,225092.0,4497.0
158201,103258.74,617633.33
158202,306717.26,1927352.45
158203,33433.88,565226.45
158204,33154.95,586105.56
158205,1968550.54,3817105.83
158206,90020.12,776421.64
158207,1104336.0,3663290.03
158208,321745.53,1049100.06
158209,1004061.61,1209550.09
158210,25423.41,75864.74
158211,321698.17,1064240.07
158212,72716.5,1276588.13
158213,37468.79,107613.06
158214,21089.63,277642.68
158215,270868.33,585732.71
158301,3044396.28,6364497.49
158302,4174887.1,17176422.56
158303,34866.84,195390.25
158304,57282.0,32488.96
158305,8192.08,413972.03
158306,981271.43,240107.43
158307,553588.12,250296.73
158308,173599.85,1829961.54
158309,341032.95,4149807.14
158310,77455.03,235270.52
158311,257966.8,1653288.15
168402,812316.22,1089032.81
168403,1994920.78,4640496.04
168404,6453680.98,1752520.73
168405,0.0,21619.0
168406,6929198.56,1824332.81
168407,147827.62,516114.52
168408,2349390.57,2354965.57
168409,2773839.7,7252404.6
168410,27138.82,119293.48
168411,1679023.98,1519636.43
168412,357860.05,1814166.98
168413,1483397.03,10557910.96
168414,3238406.37,9328884.1
168415,8012454.06,12333341.76
168416,1047652.6,1353123.12
168417,1234571.07,899985.84
168418,1824602.75,13244696.68
168419,9477854.72,14130090.38
168420,93512.0,358506.39
168421,8018334.05,9491650.85
168422,2668181.69,12258934.53
168423,315632.79,1650346.76
168424,857212.5,4061754.97
168425,814618.54,1622348.64
168426,2558548.25,4069272.86
168427,980248.83,3455123.56
168428,6045699.23,8811288.34
168429,3070759.21,12446264.29
168430,2630614.69,2765382.43
168431,27752295.81,14804211.18
168432,2044440.24,3381386.29
168433,954285.14,6933463.31
168434,152148.98,2058148.48
168435,25233.0,55398.89
168436,1353155.48,4712930.63
168437,313344.21,225226.47
168438,2259682.38,7068764.16
168439,4503697.91,1259425.91
168440,218744.63,955965.4
168441,953408.54,1670354.11
168442,779659.64,757350.13
168443,2987731.85,9724741.45
168445,940224.15,13572539.94
168446,142355.18,613465.93
168447,34084.43,580460.29
168448,594252.17,3000631.47
168449,31819.63,7312.0
168450,1427378.57,3398786.89
168451,313538.59,6391430.23
168452,261585.42,3760750.04
168453,127064.79,263619.52
168454,71530.18,19685.11
168455,548447.5,14736.03
168456,375642.0,455984.74
168457,1113.81,59870.0
168458,224627.74,2246400.11
168459,182561.92,1569845.97
168460,161843.78,365066.47
168461,192073.97,922443.99
168462,2405266.04,6642053.46
168463,43827.68,208673.66
168464,89511.28,258345.68
168465,2191565.91,13505514.13
168466,2230233.21,6309781.87
168467,401468.26,3875323.34
168468,219421.38,595723.04
168469,50536.0,30022.0
168470,129337.66,708898.37
168471,7078703.09,59777066.82
168472,1503215.06,2237478.12
168473,5991632.06,25232975.41
168474,2348711.86,3878588.49
168475,12889.41,892329.03
168476,0.0,74351.61
168477,3672650.06,7849813.71
168478,1922996.98,1589442.08
168479,13084186.0,15727539.89
168480,5718475.13,6117072.91
168481,3181605.2,17033964.18
168482,1685697.37,29440309.72
168483,497698.95,2768977.01
168484,111315.13,873299.82
168485,745091.69,2159744.08
168501,1829391.78,3280827.13
168502,467010.93,1895560.47
168503,19421485.32,10769727.75
168504,10031659.64,25196604.93
168505,441489.57,557982.05
168506,475060.35,1362581.06
168507,2968582.06,17439301.61
168508,645768.32,5075265.92
168509,846601.29,3961869.68
168510,101003.94,557752.09
168511,3158625.73,1510980.12
168512,258727.53,1589834.55
168513,116522.26,280192.31
168514,379385.27,499687.41
168515,1344422.38,3499608.85
168516,6102933.43,19497964.07
168517,11705163.16,49269429.43
168518,5330523.36,11966160.55
168519,599454.35,583446.16
168520,319002.62,142853.16
168521,836053.87,6338318.48
168522,87575.54,59092.5
168523,163543.2,1291296.82
168524,1080583.96,18733475.74
168525,494028885.55,76638170.81
168526,389644.97,1250090.17
168527,1389041.13,5023395.16
168528,1458051.19,8326668.32
168529,267332837.99,365247530.12
168530,809275.62,2813832.55
168531,10870959.84,89927439.08
168532,3587609.17,15617561.82
168533,284386.44,4388209.71
168534,3822289.26,17763209.88
168535,719705.43,2373806.14
168536,11326130.44,58916534.87
168537,5492734.75,5416224.08
168538,6479155.24,15639225.99
168539,734454.82,3745813.14
168540,118543.0,108727.0
168541,3057390.58,18546393.81
168542,11780167.88,46227304.11
168543,4342907.0,10122926.8
168544,65752655.64,62057411.61
168545,4928413.0,4104190.53
168546,120602.97,1509700.89
168547,28034.08,2650004.19
168548,180820.2,1028837.19
178602,181658.0,7405692.6
178603,755757.0,465022.0
178604,34774.25,167639.79
178605,0.0,205030.0
178606,120131.0,129991.92
178607,1432346.44,1708577.47
178608,321789.97,2120847.15
178609,6315318.63,139618.28
178701,3945504.82,31104122.97
178702,5254643.56,11951162.0
178703,85881069.96,181536503.49
178704,7456513.38,37149831.36
178705,862540.71,5610504.31
178706,5941.65,176854.7
178707,332969.97,193485.79
178708,54628445.95,41472293.58
178709,1017588.88,493994.01
178711,103797.31,530277.49
178712,591481.02,1729013.23
178713,0.0,9802.75
178714,440515.94,536543.5
178715,188794.93,675616.1
178716,13443572.22,18810985.51
178801,3618.0,13910.51
178802,1828904.0,1940111.92
178803,1713124.22,3490656.11
178804,1863.0,9374.87
178805,304732.0,17928.0
178901,1055609.65,4569677.43
178902,2009175.13,0.0
178903,4852521.57,4319139.14
178904,292537.27,0.0
178905,4459943.0,0.0
178906,1397649.14,281719.93
178907,854408.55,824133.54
178908,79593.71,3130934.46
189001,248247.1,756398.88
189002,46436.42,463457.13
189003,44079.13,556712.76
189004,74254.02,715538.0
189005,13177.84,84035.63
189006,350424.55,1804600.61
189007,41941.25,96082.46
189008,53612.99,259472.47
189009,2173614.94,2393175.61
189010,186549.41,850375.33
189011,85220.0,255084.27
189012,137478.0,218702.0
189013,1549037.2,925058.69
189014,795275.7,775935.19
189015,175295.46,945221.43
189016,3566.68,57179.2
189017,56903.95,462749.54
189018,7668379.07,12700070.53
189019,3753853.39,1764493.34
189020,58835.09,240943.31
189021,5627748.77,5446807.02
189022,798894.4,2587384.24
189023,77212.3,256078.58
189024,61486.48,248470.13
189025,208523.53,709903.87
189026,1184953.1,2089559.95
189027,1055702.3,3743183.09
189028,1462828.85,4287500.07
189029,2540819.52,3217554.2
189030,19884422.22,13041846.77
189031,1150991.19,6437503.55
189032,5489507.45,5428228.41
189033,2266035.73,5118322.47
189101,2528.0,53415.73
189102,264584.53,1320703.48
189103,19537.47,5076.9
189104,3119.0,4006.0
189105,62804.61,385610.02
189106,18970.16,61797.47
189107,12185.0,436065.69
189108,0.0,3324.0
189109,0.0,6026.0
189110,0.0,1226.0
189112,8172.0,0.0
189113,5938.42,39443.75
189114,53245.0,29985.6
189201,2551701.75,84274.15
189202,2990.65,42210.59
189203,0.0,224695.17
189205,11893.93,37237.58
189206,11224.25,23897.1
189207,34989.29,78548.0
189208,1267.0,4723.19
189209,17020.93,670972.36
199302,2980.88,26242.57
199303,9612.0,88142.41
199304,4260.0,57662.98
199305,0.0,10131.39
199306,14678.2,714266.1
199307,0.0,2305.0
209401,45744203.19,13877179.97
209402,193473.66,796826.53
209403,113199129.33,27068047.5
209404,43066860.67,3193738.63
209405,10093956.4,15020751.02
209406,44209155.5,6999492.13
209501,15857.54,121396.55
209502,129878.21,620146.26
209503,1798326.17,7357134.58
209504,7927666.61,13972903.19
209505,356860.99,1155156.48
209506,11451616.42,5445627.68
209507,10948587.35,6091829.5
209508,21656.18,17205.37
209601,0.0,1325.0
209602,106307.97,22828.99
209603,1872495.97,2575051.5
209604,3191.0,22854.75
209605,25825.0,35360.82
209606,105773.18,1838252.48
209607,4734097.56,5480901.19
209608,137427.99,858336.21
209609,61840.6,263592.66
209610,1377894.03,333626.33
209611,1042.0,84406.68
209612,20466.53,245010.18
209613,163137.54,423534.91
209614,5915.0,21564.1
209615,80458.0,352712.73
209616,1346.0,3583.47
209617,3726.35,205927.01
209618,20068.88,67054.6
219701,694071.3,253358.96
219702,4726.0,0.0
219703,550721.47,206530.81
219704,779953.41,18157.78
219705,11708.61,4201.0
219706,93551.02,29403.0
