010101,349658993.19,463849660.45
010102,661505.12,6312800.14
010103,5387844.57,24066808.34
010104,9113193.36,3261141.0
010105,99141778.34,6928621.9
010106,12101654.22,19989743.22
010201,29056014.47,469109878.33
010202,18997419.27,122386463.49
010203,101191178.6,495396108.18
010204,220903445.94,68040463.74
010205,4872331.49,18609.0
010206,9132730.36,34139090.39
010207,218638194.92,872204922.06
010208,15635635.05,3555648.44
010209,1018197.02,11826620.98
010210,32603271.94,914715883.56
010301,13632030.44,26535147.46
010302,334768796.29,221522899.58
010303,194108207.03,126896509.59
010304,112277443.15,613951222.67
010305,61780816.31,18168043.96
010306,339408416.34,277788731.22
010307,113036471.65,30246512.98
010401,189197814.18,50144008.36
010402,269781531.04,67445955.93
010403,32223596.16,183019568.32
010404,28102576.83,33796882.99
010405,114410551.84,158772483.3
010406,216952844.76,960478304.34
010407,38485089.48,54620349.48
010408,7609120.91,24356375.65
010409,4779043.22,35017551.5
010410,1500762.48,597391.57
010501,89367.8,397570.02
010502,9024474.48,15958430.09
010503,597048.48,726490.7
010504,17085507.9,10799636.88
010505,3580730.33,8508600.01
010506,4923653.54,19700253.58
010507,256867.88,721091.38
010508,3802050.6,1057103.19
010509,728935.89,247191.24
010510,1045582.02,234706.5
010511,17717053.75,36623708.25
020601,8571278.69,61341487.28
020602,19896177.28,349015018.43
020603,20195484.36,709495249.55
020604,2533088.48,35895917.67
020701,76637668.79,135293526.11
020702,5846165.83,416530989.65
020703,10049333.64,108674745.4
020704,7017113.61,133350085.5
020705,6388176.7,152446268.43
020706,10157687.22,49782974.78
020707,929979.24,85648263.33
020708,9233985.42,54625630.65
020709,10223250.8,585099678.69
020710,60520343.5,216853086.02
020711,2732901.12,12258628.64
020712,10068649.86,48644289.89
020713,65757446.14,76990729.88
020714,1527196.06,13217670.6
020801,11427005.04,43963712.6
020802,18574711.36,63498415.32
020803,3378658.84,334722972.46
020804,4348349.87,80895299.92
020805,11666210.67,272657757.89
020806,12234424.17,314591312.41
020807,4051632.23,101463368.28
020808,15354197.67,366992338.97
020809,5583010.98,187215138.35
020810,8380210.12,173023918.95
020811,7608806.19,56620286.41
020812,859942.84,15343801.99
020813,7738318.83,76926149.05
020814,265621.36,1491909.29
020901,30897469.04,160092909.76
020902,196514290.7,241415661.11
020903,223230.64,33494.04
020904,8015254.97,23282374.45
020905,6312054.61,5098354.18
020906,541475.35,1102787.32
020907,333596.83,624025.81
020908,1649489.09,1901906.51
020909,1911003.92,7895380.38
020910,15603462.06,33570243.43
021001,196345597.55,180882697.64
021002,545235.61,503722.96
021003,106787676.88,17152912.78
021004,17246549.76,3601676.12
021005,19648068.83,199564777.57
021006,32160419.16,201473585.76
021007,12057.0,716089.51
021008,589145.18,5442794.27
021101,36298199.67,22556838.45
021102,3919829.51,10148386.95
021103,13930376.26,5962838.52
021104,48520588.48,11316546.3
021105,2616401.13,25769530.37
021106,2133087.03,2669156.22
021107,140390145.39,5670332.39
021108,11278744.05,51384269.17
021109,3344732.36,19676332.75
021201,5766772.99,196005128.53
021202,1817970.82,47860150.5
021203,452766.91,223143.03
021204,2843657.51,5277373.73
021205,38036123.25,80076501.06
021206,2164906.79,12741418.88
021207,7252587.06,22784983.46
021208,4384513.39,5919116.97
021209,39800846.16,109222429.39
021210,4227511.95,11648926.18
021211,8990192.53,28240234.53
021212,7370691.6,14077624.35
021213,917107.85,1945334.04
021214,1774875.7,4672384.38
021301,18184004.82,17206530.45
021302,39955415.33,100020887.08
021401,618717.6,5488588.97
021402,78137.79,56124.76
021403,60618.6,145212.73
021404,1383396.87,3875498.76
031501,2909605.59,12137795.3
031502,5026834.54,12036207.54
031503,8063251.16,2927192.8
031504,16922888.67,32930572.06
031505,28101653.13,12141491.11
031506,1202158.74,365935.1
031507,7437260.42,30096997.13
031508,1467159.26,2309642.55
031509,14424815.25,50299027.65
031510,1511361.44,6442935.23
031511,23611986.84,71975609.38
031512,12677317.96,91974845.06
031513,2045542.18,23634205.51
031514,63880828.67,68215537.34
031515,27224962.97,28898232.24
031516,35522445.95,71409127.64
031517,93494444.88,50127553.91
031518,13804519.12,8286365.64
031519,95703008.64,121462005.21
031520,13987116.75,34452927.07
031521,1000302.91,4120632.08
031522,727473.86,225656.55
041601,10425528.03,152783243.6
041602,110944335.38,834811219.19
041603,2500314.28,3258410.02
041604,91479498.14,452229730.17
041605,44068177.0,235423524.29
041701,255301033.26,396479361.64
041702,58221412.52,97911227.09
041703,9873628.47,34919536.06
041704,274004843.11,257984060.28
041801,5349060.24,123860157.08
041802,1782318.42,246815.29
041803,30494251.06,37733226.38
041804,28636691.45,105126457.67
041805,28979733.29,12937415.47
041806,465670552.08,655911213.76
041901,163084736.43,250128007.4
041902,39128433.33,206804937.96
041903,331676.77,651243.0
041904,416895028.82,111275270.8
041905,626999325.6,881962086.55
042001,10104540.33,34261947.29
042002,6022567.23,203420819.33
042003,461062.34,14933427.31
042004,36940423.19,220829173.25
042005,92348953.14,285865873.6
042006,2219173.92,19621197.65
042007,28280700.51,67614133.96
042008,42151890.55,254231556.25
042009,50557098.1,405205685.43
042101,109808909.48,129265059.45
042102,46727124.31,27849053.35
042103,156948153.94,324192204.31
042104,63820064.87,59854485.65
042105,74772721.66,186716597.89
042106,410792320.56,568360576.43
042201,18271092.52,135008889.28
042202,155176480.26,356218913.43
042203,394227025.4,451447035.62
042204,115366843.13,2922572189.99
042205,2431548.75,10289111.34
042206,37395386.26,28703102.85
042207,180034970.11,44749486.69
042208,4157703282.2,615576303.05
042209,3086979.68,13336326.47
042301,13322335.89,114183402.1
042302,13668520.15,9948997.72
042303,9743567.15,33892715.7
042304,9251043.17,195478153.92
042305,91511.26,14129.0
042306,32429798.87,69136768.55
042307,59809.72,0.0
042308,3177003.53,16136216.7
042309,355894498.89,499297680.66
042401,51462909.77,278437968.13
042402,1082387194.63,252726159.08
042403,244477298.0,81613925.65
052501,27116657.8,15868647.07
052502,111463.53,211820.28
052503,2451087.0,5932211.82
052504,4686759.79,10077019.71
052505,19674482.31,18354928.56
052506,1125127.3,2688348.6
052507,343071880.42,10876540.14
052508,45224467.5,46733237.04
052509,2938953.69,2326827.42
052510,579022.96,75960.8
052511,5410846.6,1446456.95
052512,2010330.43,6134628.94
052513,2888080.24,4550489.92
052514,1027811.01,7106736.98
052515,2096703.07,9071118.14
052516,3901287.17,34478442.56
052517,62877052.61,24898347.55
052518,9624949.78,3907963.91
052519,24004239.26,25122138.26
052520,13077342.11,18682004.54
052521,3976257.94,731223.79
052522,13052525.25,1847088.66
052523,60973949.38,97056474.49
052524,182917.32,472288.14
052525,4159795.9,3942121.65
052526,1697151.01,12679137.3
052528,809517.43,1875975.42
052529,1092005.44,11105718.44
052530,19009717.63,31287646.71
052601,783730.52,158338516.85
052602,807403.63,522626.9
052603,389329.34,1075749.04
052604,1537292.47,230075.86
052605,181122.28,0.0
052606,4788078.26,1720486.0
052607,47131.75,323662.15
052608,4087366.0,27669031.14
052609,1556521.73,865511.0
052610,195280.02,285807.01
052611,104266.25,0.0
052612,474083.84,0.0
052613,8382076.68,84609602.59
052614,1500506.52,37863429.89
052615,4293787.21,6894449.33
052616,10444131.22,259297861.3
052617,2817057.33,160069.49
052618,4155742.58,4025571.87
052619,3266062.52,22106839.62
052620,89294796.92,375594475.25
052621,15142436.84,13470488.61
052701,51525182.42,1004595322.65
052702,849651.04,1578843.42
052703,4123055.39,37247358.42
052704,30708433.16,22061987.08
052705,112309.09,0.0
052706,4123300.89,1897353.98
052707,271461538.17,201355908.2
052708,10483825.99,2220528.29
052709,13683250867.67,6773547497.31
052710,4847529862.16,5376225875.5
052711,2247984403.04,613341525.54
052712,31452033.98,26979721.55
052713,334898624.62,73226412.13
052714,18024441.99,32625856.96
052715,23452929.75,11929400.14
052716,380821954.72,386685218.49
062801,14096179.73,11689037.94
062802,1907462.39,692293.37
062803,63338864.71,37664965.11
062804,53422449.52,175234429.15
062805,8350445.11,14880288.8
062806,3805806.43,1867755.79
062807,4430085.9,4499936.62
062808,1874242.46,2755153.08
062809,11750657.17,51814597.02
062810,8831164.57,5214441.32
062811,113136317.23,73719731.17
062812,6928826.44,17499839.38
062813,3188757.48,1214800.36
062814,24724737.94,18210568.02
062815,64760913.97,36794462.89
062816,1057799.45,3439499.4
062817,11280177.14,8677568.2
062818,39019678.43,131577112.44
062819,33457124.19,8858536.24
062820,1665908.81,1844306.6
062821,25369173.96,33896820.11
062822,13318037.17,5225089.57
062823,16091780.69,11871201.79
062824,4580324.68,5523502.55
062825,60573245.71,55329027.34
062826,13719772.55,25154641.92
062827,36261288.64,50961031.25
062828,14395080.32,9070069.66
062829,6979427.97,4153104.8
062830,5499502.88,5338856.5
062831,7311842.82,1734576.77
062832,9443386.94,2921593.55
062833,19250646.15,35999437.18
062834,7274148.63,10192178.33
062835,59421791.23,86504418.91
062836,74490682.95,63881791.32
062837,7432594.22,3069384.68
062838,3067008.77,3481927.85
062839,14466360.44,16885293.27
062840,9519961.28,12023062.21
062841,26055244.08,10110649.65
062842,27915925.72,9167874.17
062843,406943825.24,60546174.53
062844,1294206094.76,525884239.02
062845,1728553.51,3738679.67
062846,15932217.44,18157547.72
062847,1873048.32,8072700.56
062848,544133.02,963587.44
062849,6056601.25,39027482.03
062850,10751155.98,10640186.19
062851,14758433.02,9557416.52
062901,674966070.87,61417232.06
062902,335425336.41,327602753.08
062903,274617956.18,246719349.15
062904,23543241.37,34668622.35
062905,138821492.97,256110515.85
062906,21997868.13,51627484.88
062907,152519852.08,122697829.88
062908,24290542.33,22251845.0
062909,164281917.54,194309667.22
062910,22895020.14,58045557.45
062911,705032.65,2940675.16
062912,67390822.86,50809360.83
062913,1200359.31,10800413.21
062914,166552093.75,139969804.85
062915,478722806.54,209968351.54
062916,298789858.28,209952065.76
062917,394716439.02,164126190.8
062918,207092058.75,188854312.53
062919,51688887.96,20135062.82
062920,32845006.54,35156568.06
062921,244544695.31,303481589.11
062922,642523049.5,489654539.59
062923,26134147.41,34501240.29
062924,369021267.87,222823864.94
062925,68849561.82,28484762.48
062926,188453428.3,79089938.94
062927,5294056.77,9935378.51
062928,13192011.69,9924303.57
062929,18143226.35,63564657.38
062930,569177604.66,281159791.69
062931,270133790.15,55163864.52
062932,192782445.8,1800497748.47
062933,1694193558.02,1768638300.61
062934,1125533792.14,647772254.2
062935,143712665.28,177416530.38
062936,267852583.61,118517926.65
062937,611031191.43,50909170.69
062938,11328695.21,12117678.76
062939,54152692.15,143656128.07
062940,20171291.82,21877241.86
062941,518555787.63,407188427.26
062942,34408207.82,14941812.77
063001,24161147.05,32920077.68
063002,536125476.72,745163893.99
063003,458312688.99,256461506.7
063004,13088044966.56,9072844105.08
063005,316244421.14,212857576.84
063006,419239778.21,224659731.32
063101,5489881.83,8603070.93
063102,51020368.02,140407084.19
063103,2319486.17,1855696.23
063104,41222049.76,31774123.27
063105,88954434.04,101030828.99
063201,3210520.67,1932180.84
063202,37375447.2,5308880.72
063203,13100783.03,18780356.79
063204,552547806.48,365024610.71
063205,11374219.71,2961326.07
063206,517877755.03,227613102.94
063207,103316634.79,53061153.48
063208,408759483.21,250438667.83
063209,120359597.82,138466937.91
063210,30412064.35,16358417.22
063211,10430748.51,2803346.98
063212,102235616.9,56020124.05
063213,59697672.41,15548812.54
063214,120459478.28,154488428.45
063215,562147395.23,290386099.87
063301,89851660.12,145742695.92
063302,515655450.93,619761633.99
063303,449796584.76,536256796.7
063304,776671109.17,818869459.48
063305,404203298.19,333068667.15
063306,308384512.97,100162868.26
063307,731502503.15,375459689.32
063401,187966950.0,175139554.37
063402,774260672.84,691071042.56
063403,123533912.93,80522719.95
063404,42429313.79,50500413.28
063405,62203975.84,54590186.5
063406,37213307.01,82602256.64
063407,3935324.42,11794817.41
063501,23788178.19,26886244.18
063502,12085969.04,25748858.64
063503,36226994.54,61025960.67
063504,42748291.74,27254572.31
063505,59010242.85,83340867.27
063506,200545069.25,166233850.2
063507,88094464.25,86068373.16
063601,634087.0,1868206.0
063602,9195422.21,7297665.0
063603,2669786.0,11635314.0
063604,16668799.9,33667706.28
063605,584432.41,6674621.89
063606,13484645.88,5167951.24
063701,301587454.71,253512772.01
063702,419029023.42,472340228.28
063703,327330029.78,93268018.39
063704,4702857.99,2372414.94
063705,37564939.21,12852757.04
063706,50437326.0,19457435.95
063707,216960474.69,239056615.72
063801,27908500.4,26331672.05
063802,45284301.19,32513868.05
063803,1501423.04,3894153.56
063804,1690544.36,8466861.36
063805,1254627.87,3095268.8
063806,10761661.31,47979415.74
063807,2315254.79,294065.12
063808,1063164162.15,486027688.83
063809,81653685.34,90595656.76
063810,44131829.18,18120215.43
063811,449167152.29,107988637.07
063812,76575471.45,77391942.13
063813,17841300.97,4276299.29
063814,50388803.12,16505553.21
063815,371475318.38,145968526.22
063816,81227770.57,21606867.27
063817,14916426.35,49452316.12
063818,163521164.19,66986357.33
063819,30430816.12,8967408.64
063820,24194410.22,13132135.22
063821,69206131.41,27577139.08
063822,916206290.18,734778235.98
063823,678613260.07,807901969.54
073901,569498034.77,803818966.69
073902,254255924.05,445754428.26
073903,286457760.4,291737452.4
073904,162766891.53,333444362.43
073905,73459491.44,79237158.05
073906,399883994.68,263343772.28
073907,476528846.82,775484199.56
073908,187803651.97,178011668.29
073909,201397193.96,137867323.48
073910,303276823.23,106198984.21
073911,108000325.8,149040728.2
073912,105643113.02,111056321.97
073913,56379294.73,39465540.62
073914,58338616.32,47528243.32
073915,41994728.33,8578108.66
073916,57549654.41,128400852.22
073917,418398900.38,232641208.43
073918,159112224.05,117883683.29
073919,279678287.65,348685542.13
073920,925722058.93,1274094038.96
073921,352642035.89,514172306.87
073922,88272540.69,96595662.98
073923,717477940.65,1271696435.13
073924,113675599.73,280287749.11
073925,149033503.17,152057076.55
073926,884342805.78,1360836955.1
074001,19743545.58,63101003.29
074002,434003341.39,238145825.25
074003,1777074.13,1327895.64
074004,8884722.44,2694139.93
074005,157514209.74,86829706.46
074006,8951959.62,19151093.64
074007,1668455.86,1678142.01
074008,101417408.57,97880070.88
074009,215817555.01,232297235.22
074010,124454067.63,113101616.81
074011,735666580.84,1386328950.95
074012,32710675.17,24269626.53
074013,2639284.52,11345159.41
074014,53356345.06,45917121.37
074015,34084002.83,132212380.54
074016,451396192.3,397626105.63
074017,5287166.11,9078563.96
084101,94092740.25,53026987.25
084102,137691552.46,23487021.38
084103,2188964.66,1310729.77
084104,244924769.24,193100630.85
084105,54975901.63,19087872.2
084106,4267601.33,6145767.97
084107,7694456.86,4568554.48
084108,17170039.98,5654022.98
084109,3605818.48,9081900.72
084110,5476239.39,2110135.61
084111,1369808.07,1566067.66
084201,34172144.65,35833540.62
084202,190201834.54,1000579636.27
084203,65365805.63,369787462.08
084204,2282759.62,2570530.16
084205,27754072.99,64412749.74
084206,3524076.18,1581112.99
084301,15964569.86,14623372.3
084302,35609772.52,41121488.46
084303,5480374.36,14572495.32
084304,2480639.33,4381444.02
094401,7863617.19,13064462.69
094402,1666617.52,12017184.57
094403,18295223.02,54750811.16
094404,3321825.04,3695872.2
094405,1238451.96,729549.11
094406,243075.22,4399428.42
094407,46783168.37,1563890362.47
094408,20332661.62,65899056.25
094409,32169671.86,177631918.39
094410,44798134.69,267101114.82
094411,28991462.16,408212135.51
094412,19522869.59,410534142.85
094413,3068033.06,10993562.15
094414,6708503.43,29876487.47
094415,52445674.75,115765430.76
094416,731506.0,21139065.22
094417,2445348.85,10900146.36
094418,73611189.63,485121289.13
094419,10798465.98,50785370.89
094420,8063353.72,46291680.06
094421,28120970.32,184686592.21
094501,651897.14,86954.77
094502,295953.67,25920.17
094503,537578.37,1029438.66
094504,6544638.4,9863800.72
094601,2369865.23,8564558.97
094602,3024579.33,49277206.82
104701,3351333.35,31267235.18
104702,10081032.69,41138784.0
104703,7445052.45,505925144.02
104704,1206511.49,25527815.46
104705,152135.15,10401826.15
104706,8124867.5,34316619.84
104707,143539446.19,13854558.06
104801,112367615.32,806921054.61
104802,379932095.87,1130352639.41
104803,40082048.75,142669746.79
104804,71208860.22,366434849.69
104805,230320171.57,213158730.1
104806,35890475.88,85653136.01
104807,16544897.22,29056131.29
104808,57863016.51,22139351.8
104809,72352494.08,62478245.71
104810,322178527.0,2056965119.78
104811,453604809.72,524404725.65
104812,6254227.97,1722698.85
104813,59572172.65,51842566.26
104814,120597092.63,58651606.34
104815,789387.8,173554.89
104816,33012240.46,35575987.6
104817,35378326.71,148301133.55
104818,448430486.61,566018997.96
104819,244192211.18,425008095.04
104820,80600696.26,185575566.62
104821,157030026.28,111555512.32
104822,7915206.53,7662994.21
104823,204408173.15,302766921.49
104901,1656092949.24,1237307423.71
104902,682581006.08,292610632.22
104903,19938563.25,32731720.25
104904,16888756.5,10757571.28
104905,38653321.97,13604387.07
104906,6623011.59,2980588.47
104907,145100086.12,107365280.54
104908,37502710.98,34839613.07
104909,82334323.37,75367171.12
104910,13087037.95,21990358.45
104911,340512503.07,436165542.59
115001,342461.69,128813.49
115002,108150.43,871584.82
115003,1233960.91,1580648.73
115004,1323057.86,5500269.16
115005,286196.4,248586.47
115006,433000.63,278849.28
115007,33986164.09,53113554.22
115101,79965125.77,91132787.2
115102,24858136.59,17849592.16
115103,12561591.12,5955109.82
115104,303880.47,123150.96
115105,52146700.51,39374828.24
115106,56229313.15,36008173.53
115107,29575501.0,63948256.85
115108,21974181.03,10374633.74
115109,7651947.43,3706246.11
115110,272818.99,554973.73
115111,84715961.53,51276033.0
115112,143351925.51,51658399.61
115113,1592556.62,373276.23
115201,13944031.44,25818814.37
115202,3225813.26,12108622.39
115203,1020176.84,9136395.68
115204,4431996.85,3910698.27
115205,41417355.9,128089930.68
115206,2723634.1,18960620.63
115207,5530548.19,5641802.62
115208,135042110.04,200903325.57
115209,97561664.42,171574640.85
115210,28548836.9,54897665.51
115211,37878595.66,100164752.96
115212,10827528.62,16299659.19
115301,946999.67,8861725.0
115302,439014.56,123872.91
115303,1115787.28,2019490.3
115304,247091.1,192283.0
115305,2367325.63,7728779.44
115306,17853952.78,18680431.61
115307,2092070.66,3270344.7
115308,1187539.47,408067.52
115309,80061755.79,57850819.81
115310,4808807.36,5139672.79
115311,2842479.13,1825371.89
115401,39534552.0,16560335.81
115402,403914855.06,510254792.81
115403,19723347.04,19289283.56
115404,37660724.42,40021598.26
115405,582216.7,594996.0
115406,2042691.89,2530561.06
115407,274124225.93,479125732.32
115408,42036180.0,94188773.61
115501,62039469.46,6345673.41
115502,107784443.65,25003745.88
115503,66693923.86,183660000.93
115504,63907343.2,14956383.04
115505,11421170.89,8699384.98
115506,20096776.36,10506134.9
115507,1435506.34,3816703.36
115508,7251902.88,9169184.25
115509,25027823.26,128643497.94
115510,2673501.0,23369676.77
115511,7156977.6,5070959.82
115512,65699037.95,36864568.44
115513,36118424.84,41633151.67
115514,65701906.92,44604877.98
115515,118817115.63,85939254.34
115516,75869454.05,152480642.87
115601,119343035.77,51433138.51
115602,44677253.23,37137903.14
115603,144915669.79,300479794.6
115604,9930543.67,12590704.19
115605,4332556.19,2803922.58
115606,2075676.92,11749511.06
115607,27871251.62,34058173.78
115608,13725221.31,21278156.35
115609,5341411.72,4394761.96
115701,17049005.28,52036272.9
115702,89458782.97,212396837.67
115703,113456710.1,725652440.09
115704,10379072.22,37038877.37
115705,41263270.15,23153768.19
115801,44516080.87,167155351.8
115802,2322439.8,6565984.06
115803,3030259.29,1264111.39
115804,22114904.65,14713423.73
115805,3225192.87,4948958.96
115806,88468956.7,48748305.18
115807,44997380.72,15102460.67
115808,18354461.45,25411035.98
115809,963775.25,726474.71
115810,16059010.38,78942826.43
115811,4147207.55,3199273.53
115901,9681934.52,6864944.8
115902,13734304.58,37574321.13
115903,229635972.64,111539389.73
115904,16570196.66,6258220.95
115905,2089072.72,2413280.06
115906,36420299.51,23638735.16
115907,13123717.93,22368805.56
115908,1093718.18,514591.42
115909,13141364.7,3913418.68
115910,14018177.86,9050538.96
115911,139207932.23,85281177.01
116001,47486293.75,48233298.69
116002,201381187.06,196651635.28
116101,17284248.51,54175149.11
116102,20640879.5,89701693.79
116103,34439069.4,182066067.45
116104,101315374.74,483636599.35
116105,60763644.4,311383955.33
116106,78257475.9,211940164.46
116107,24185420.87,185861240.3
116108,58894980.75,467473681.87
116109,263355617.21,1462147542.81
116110,528438186.23,1774650262.21
116111,48897507.9,292011827.37
116112,45481801.16,139410595.44
116113,4746121.9,11871083.68
116114,25657953.61,72478176.2
116115,72601695.74,396813500.15
116116,9814512.07,78597707.89
116117,75108457.22,39891481.27
116201,95849581.26,309886082.37
116202,90127449.07,418481581.52
116203,191852425.23,1512221855.18
116204,331502846.47,2530863943.45
116205,86940641.94,674256968.82
116206,109906871.15,683910353.62
116207,15582011.74,57838766.68
116208,23944011.21,159584758.01
116209,22279804.08,121489428.15
116210,85692269.81,227831112.27
116211,66676466.72,297938463.55
116212,100143930.85,426097993.17
116213,1896823.84,5516531.59
116214,83236753.28,92834328.8
116215,30536869.92,61429542.57
116216,3601865.67,15124398.3
116217,104586641.55,34896525.58
116301,21807331.81,40915822.43
116302,81760389.85,674829392.62
116303,23505710.96,171512887.15
116304,15755050.85,89964206.82
116305,16847233.24,58771266.63
116306,17210227.82,90172172.77
116307,121020134.33,161675210.17
116308,3303421.55,4035575.37
116309,119064695.44,9523737.86
116310,8813102.73,9894331.81
126401,10371996.07,22409540.57
126402,40137726.67,464358521.73
126403,467786033.31,2356454859.52
126404,63945424.63,442875005.94
126405,20493511.25,126347361.02
126406,22115927.65,132316333.21
126501,635780.03,601434.62
126502,136826.39,499102.93
126503,1467798.13,2565276.04
126504,3052486.39,7601914.56
126505,34449227.56,122924948.41
126506,27609963.3,77694529.25
126507,2084225.15,3731058.9
126601,9577513.24,48677027.11
126602,1644491.32,3059341.11
126603,16144406.84,2135097.6
126701,282887.77,2214734.06
126702,5463846.55,49561581.49
126703,1911868.44,5900631.42
126704,6539414.55,20289853.52
136801,1874119.08,4129765.72
136802,9947892.98,124931539.18
136803,12600466.65,61140827.37
136804,34774141.22,76729006.07
136805,139207498.78,88527084.77
136806,100645863.8,81973908.04
136807,26181666.68,32541957.09
136808,17456660.45,3288709.66
136809,28144460.45,22922631.05
136810,90265298.49,44889971.35
136811,17232789.16,24579386.91
136812,7175468.35,2445085.74
136813,30702972.75,57821147.55
136814,4012399.18,6405333.3
136815,117474445.99,121296540.31
136901,4978376.37,9789828.05
136902,74506122.6,53844692.11
136903,133377248.29,24920976.86
136904,8184805.42,25415654.39
136905,4561992.44,9337901.07
136906,13775378.44,1633920.92
136907,3611449.1,40238753.02
136908,19515362.4,348024540.21
136909,19148738.99,32815531.24
136910,53647725.98,128872967.91
136911,160260589.16,83286564.89
136912,148622938.3,127431659.65
136913,33151662.47,92015739.89
136914,15177214.92,45787004.5
137001,8160774.25,6286809.35
137002,13718683.78,29212493.44
137003,6355152.2,7130327.11
137004,10867331.49,6714389.01
137005,55876015.8,104271092.47
137006,7925191.51,13506617.51
137007,129811260.64,320263900.8
137008,5398213.14,24685640.21
137009,76751889.8,149207462.34
137010,75724553.79,144665859.62
137011,107784646.6,151049693.6
137012,306167.58,923229.14
137013,62670574.11,304027060.6
137014,10747916.47,7339251.6
137015,1290056.28,3112756.5
137016,4368631.0,20637427.63
137017,107376490.47,30660271.25
137018,10108539.0,22187781.97
137019,286558468.25,196731608.85
137020,35436780.47,27177076.96
147101,21811076.56,38184072.55
147102,6828257325.77,7923348815.22
147103,47435635.27,89967066.12
147104,1467013.35,7047104.43
147105,14958497.17,15907012.34
147106,233006585.21,498183771.9
147107,599362.28,3732022.98
147108,926923954.0,2298552585.0
147109,170702.0,1671992.0
147110,1146528189.78,391405214.53
147111,520513.99,209242.16
147112,85513917.7,721477719.4
147113,665239184.29,1931568131.77
147114,32048961.67,22436841.0
147115,87117131.1,45820611.66
147116,9780264.18,11748668.37
147117,57331620.71,169145489.19
147118,19257810.04,9673871.94
157201,11906734.88,5810525.9
157202,154371969.2,183622214.41
157203,3929015.91,946161.34
157204,720416909.74,63589889.97
157205,40585485.13,26721916.56
157206,7053524.57,3497153.81
157207,80037598.47,235846407.06
157208,253272048.74,365177202.19
157209,82554407.93,172857024.6
157210,526659950.17,789595603.43
157211,84638557.74,67882260.95
157212,72348751.22,68832657.67
157213,251115669.64,91600561.42
157214,165741423.88,157318944.51
157215,71793633.16,34894101.69
157216,287720464.48,235983261.13
157217,93903078.39,70396827.28
157218,521254214.01,52253874.52
157219,281934754.91,429650065.65
157220,71672532.21,72220966.38
157221,43699371.28,6854193.66
157222,56661278.53,104411583.17
157223,17364680.07,34239849.22
157224,26149752.12,12963043.11
157225,64730156.33,177990274.66
157226,55543863.97,36713208.4
157227,9076528.59,24568460.7
157228,153737919.37,127444521.9
157229,20602748.42,17846986.38
157301,48300243.71,19792902.54
157302,53542057.43,92025490.0
157303,40647592.08,17818554.54
157304,354928142.12,373996736.69
157305,163606014.84,111939738.66
157306,237439241.12,304955451.73
157307,344679943.41,245115641.7
157308,463427445.99,348534153.28
157309,53648963.55,31733535.88
157310,119977398.7,128568058.5
157311,43548146.14,52275335.8
157312,95865453.64,84734630.76
157313,8160503.18,3048722.88
157314,60200521.01,64888821.48
157315,83923908.2,73958599.85
157316,8760206.38,6511339.99
157317,23113166.45,52541806.02
157318,359320265.24,592863828.93
157319,10346322.51,6981374.99
157320,90655013.94,105218349.06
157321,49411527.88,267998204.84
157322,33529996.99,216418614.99
157323,39603047.03,294219873.86
157324,28061692.23,104639001.63
157325,108401525.48,112952793.15
157326,456517312.71,602786767.5
157401,6058536.19,1431119.32
157402,5984669.96,285305.1
157403,98089602.52,750128589.58
157404,199096889.01,23488248.73
157405,6204920.03,2500676.48
157406,26074370.4,7615584.75
157407,56079253.56,62959498.53
157408,127954555.89,150754058.27
157409,56792772.25,126533498.12
157410,28273090.64,38782698.17
157411,122992371.79,158563470.29
157412,76305671.26,58453073.44
157413,18538107.65,23540153.14
157414,5888337.18,2021701.51
157415,13452430.8,16485398.04
157416,960927.55,639294.28
157417,2025294.16,1504816.64
157418,16342207.1,35659025.24
157419,57365939.18,42116122.66
157501,2760552.62,184891842.46
157502,295691795.03,516951299.71
157503,27906874.96,28391510.98
157504,96055542.81,13739089.27
157505,64246400.65,84599379.4
157506,40426273.39,41873619.16
157507,27696871.19,10715450.67
157508,23207935.26,18268105.3
157601,462466681.22,477081115.36
157602,226458839.3,84878221.63
157603,23367106.96,18911398.44
157604,126161203.34,260174495.99
157605,75441216.9,36905761.22
157606,510515245.64,940063863.6
157607,150849309.29,276635445.44
157608,29658492.38,57072235.83
157609,19645891.02,15673361.52
157610,99222690.21,278903647.96
157611,12041842.69,6910395.15
157612,99822705.2,104046668.01
157613,22867890.01,12688537.9
157614,3323833.6,6586684.49
157615,13330064.08,83375250.18
157616,191519634.35,226438184.65
157801,89844216.81,127946052.22
157802,4848886.89,1698046.97
157803,754658.13,2104513.28
157804,13916444.42,17526829.69
157805,179311.56,26714.15
157806,5894148.79,3991613.13
157901,44472782.56,100807459.35
157902,15238740.84,4358834.57
157903,5709743.94,1346012.47
157904,2809734.15,810508.51
157905,1958578.74,4096618.27
157906,3022456.83,173647.62
157907,12415211.0,14072004.53
158001,19033115.77,21458471.08
158002,2514231.29,331244.77
158003,2982416.05,2187951.47
158004,475875.36,477524.31
158005,2209885.88,5064053.78
158006,276817.82,7129710.5
158007,6462277.49,10213932.96
158101,9024000.52,19985350.75
158102,5198641.69,18775407.49
158103,38803582.75,150859602.8
158104,34878880.7,48694423.97
158105,33984901.2,54388441.91
158106,9386170.02,8411821.6
158107,1416059.9,750027.89
158108,124527329.44,176235749.49
158109,3432359.22,6551887.02
158110,1762499.85,394497.63
158111,4763936.11,3367139.01
158112,31561807.62,21842909.88
158113,12955061.66,2890154.97
158201,17443644.79,50770467.61
158202,76813831.82,94483536.41
158203,22484553.96,52159167.76
158204,23341423.24,61167302.54
158205,145822982.58,222765440.56
158206,9024755.84,26209789.76
158207,418743726.41,467131248.14
158208,54300248.36,39775549.9
158209,40804257.52,109736678.18
158210,6122789.51,13022984.83
158211,20681972.68,58678872.5
158212,700367393.45,378299941.21
158213,2431534.67,14404574.85
158214,8992366.21,21628873.91
158215,15608591.68,89529548.0
158301,98867201.59,251641502.81
158302,336434687.66,734613004.3
158303,10312549.27,38539113.25
158304,7387819.12,11031924.42
158305,12084550.88,23094867.37
158306,18748197.75,72984804.43
158307,31119115.64,55371260.5
158308,87321939.36,46485570.7
158309,119003636.39,189764802.56
158310,10986409.64,14525724.5
158311,51540413.77,42916616.95
168401,21709759.6,34342404.7
168402,66015905.09,22293672.21
168403,52440888.58,397846877.82
168404,46505429.81,19698805.81
168405,31486016.34,24901894.34
168406,263775600.78,93820528.41
168407,2395253111.78,852001412.72
168408,1138117138.1,1132141083.71
168409,1193358089.96,1528309707.39
168410,14612402.11,8877602.82
168411,7539383550.25,6493492728.42
168412,287904091.62,256785065.4
168413,1065786293.49,1131573867.07
168414,1248959607.34,1080308322.51
168415,333993026.45,537303420.89
168416,65649795.62,51610622.78
168417,75563422.73,41640657.54
168418,259328005.35,1132986893.37
168419,476452372.0,462592739.39
168420,35160853.13,18989209.6
168421,1109523783.05,935301995.97
168422,292231856.17,773893866.53
168423,107747037.8,117566938.69
168424,323101541.13,359880172.09
168425,84878799.96,124260990.46
168426,100319748.25,161715453.01
168427,758487543.85,447914747.0
168428,313624639.69,496262188.41
168429,1319289136.33,710874513.96
168430,105913016.92,149314120.28
168431,1263209528.17,1198451742.84
168432,65921259.32,165199286.05
168433,199084818.12,429348625.64
168434,41162068.09,43244244.34
168435,4246896.72,9310888.33
168436,36422303.08,94799975.46
168437,37662690.89,12281446.85
168438,176616013.75,256042633.49
168439,77409925.36,68648456.63
168440,36458887.96,73886514.94
168441,135337876.65,175238886.7
168442,130873102.28,98838287.44
168443,529721330.33,540599449.98
168444,21886526.72,4356334.67
168445,31714528.69,15248674.44
168446,11493387.54,10404784.91
168447,45316082.97,31410649.23
168448,109319379.3,60913930.71
168449,8663669.63,6790831.08
168450,43392076.72,492262671.77
168451,123130189.2,106847835.89
168452,36224894.16,63408565.3
168453,13079953.12,10157547.51
168454,45159210.64,42532508.02
168455,201249404.43,27137364.31
168456,88816838.89,88737135.35
168457,161507863.92,108871311.79
168458,91244632.58,106052303.49
168459,49682673.74,89826323.75
168460,88087884.49,68396666.04
168461,28193331.42,40815430.76
168462,107717725.53,169809737.53
168463,32128651.71,22527175.98
168464,33503918.1,46152850.96
168465,60062461.07,208092720.92
168466,345943804.5,379472236.98
168467,163784410.91,285237639.7
168468,24067743.99,33681022.11
168469,12441754.9,2899025.5
168470,64946553.93,131409024.32
168471,9294318112.96,13519501551.09
168472,456383327.08,172320621.49
168473,5490073821.16,7273531176.14
168474,447754220.39,188488364.12
168475,80433984.69,67155974.43
168476,95271243.66,120713775.14
168477,224946630.52,374950120.31
168478,162001917.25,60405189.75
168479,954618104.49,970562971.8
168480,132004038.85,208588821.11
168481,1234279683.83,1291140630.62
168482,492377558.98,459848631.73
168483,677556330.03,828557342.05
168484,86723029.91,91139064.25
168485,315085731.35,252416886.93
168501,487810099.88,768915617.76
168502,732430733.72,135429260.19
168503,284832828.41,167189693.21
168504,828732820.37,1145211364.21
168505,257309108.4,102036343.73
168506,128061986.19,238852534.77
168507,312256399.62,383548698.62
168508,278060766.77,383044856.41
168509,142106985.64,450384391.94
168510,14120099.87,97351506.74
168511,470375923.99,436676427.58
168512,262442067.52,335693304.32
168513,13250995.91,55642054.75
168514,108078122.77,73668710.62
168515,126475422.29,246390111.82
168516,596573156.18,1306505512.79
168517,2635794434.54,3521004570.1
168518,480960337.66,601685490.74
168519,82785693.49,260529773.09
168520,55119590.41,187235047.36
168521,363294753.28,1727354401.19
168522,59748722.77,206699755.73
168523,296613433.09,547879002.14
168524,1554365599.72,1994667672.56
168525,6915293660.98,5313638925.7
168526,503208595.37,447140524.01
168527,97642951.7,1056150260.8
168528,901521148.96,2011589117.42
168529,1261891561.69,1309168023.8
168530,47807174.99,31876241.02
168531,427821309.88,694882139.82
168532,378694094.02,326273889.17
168533,161727697.76,155512076.54
168534,404850564.63,542376972.97
168535,135930191.94,105357864.38
168536,1228015609.96,1549127204.42
168537,364625302.73,432598512.32
168538,313870235.95,350953358.53
168539,205485261.96,484533361.82
168540,772329523.24,649503406.98
168541,634381232.64,698452766.07
168542,7794287007.74,5283142996.58
168543,989008254.13,850085384.78
168544,817846427.55,1633789780.03
168545,36173491.75,33357077.54
168546,58768234.85,51347806.95
168547,62795607.03,43105602.31
168548,107282070.61,88292578.24
178601,34468662.35,20297787.0
178602,1748784.75,53690727.45
178603,440388.95,5032.0
178604,1464545.33,6178463.54
178605,211101.76,11900838.44
178606,2674103.65,5141986.73
178607,163064261.01,234301140.71
178608,15164620.05,33379970.47
178609,30067736.15,22927370.68
178701,1321628501.74,790237891.88
178702,154091328.95,190612326.48
178703,15733225508.43,27932086000.09
178704,1667526530.91,3411466766.31
178705,98171223.27,134395866.37
178706,38442911.33,610314101.31
178707,52186407.32,200838131.56
178708,5803851167.71,8949171663.03
178709,32394598.39,21564895.19
178710,151895426.0,40923302.0
178711,87147177.19,499856400.5
178712,19003253.83,127080374.6
178713,27840478.21,67581071.26
178714,102358556.68,318393749.57
178715,12463296.42,88123838.75
178716,335145012.26,499673527.2
178801,17099558.0,7198095.0
178802,1534102813.0,10940509313.0
178803,12598661344.0,6727916569.0
178804,7991427.14,7061229.69
178805,262951147.0,266602424.0
178901,173647159.89,472137030.7
178902,18558103.37,8606880.0
178903,537333766.75,278267348.15
178904,14538748.36,6633565.0
178905,61779492.39,127907159.95
178906,49902699.77,83574018.4
178907,60428901.53,13889628.18
178908,33675809.81,844238.0
189001,403136518.85,490334411.02
189002,60498336.8,119133606.42
189003,23178398.25,138715840.95
189004,37231087.53,142229166.01
189005,25768019.8,62795825.17
189006,94713208.62,338167676.94
189007,33595842.85,45096380.27
189008,23742489.11,32049190.34
189009,453668550.74,856577831.4
189010,107100082.73,159260816.89
189011,38110031.09,44674033.48
189012,40498259.06,29634270.27
189013,195986231.63,323380574.77
189014,753329695.34,858648180.94
189015,389183655.84,441814909.07
189016,7115274.42,10084830.17
189017,46175363.6,49561393.0
189018,1186229907.33,1780538552.55
189019,167198438.43,149131186.56
189020,100963965.14,40862432.86
189021,576068282.61,669675348.91
189022,262743570.33,310740786.67
189023,86654744.74,82392632.1
189024,163734310.53,61893415.03
189025,66015357.41,60457505.11
189026,424364178.01,354507160.62
189027,1079925342.21,789239176.69
189028,114343125.57,84090232.06
189029,120098500.22,130775530.92
189030,802160081.77,596805087.88
189031,721160752.01,615488674.26
189032,676268154.83,728197354.97
189033,113945083.74,146098034.66
189101,119893502.85,229691568.11
189102,70891401.22,341358678.28
189103,2666941.38,3742887.46
189104,2664678.49,7565478.47
189105,12383866.77,65733814.46
189106,5795945.83,16126600.41
189107,4817419.92,27132577.21
189108,973387.05,6618295.55
189109,468175.94,2922324.83
189110,2943685.48,2501580.67
189111,16406321.24,17794160.49
189112,439677.5,202702.1
189113,4296584.82,28896624.5
189114,5580111.16,16915141.29
189201,14589921.93,24046533.53
189202,6794614.97,30657723.3
189203,2423113.41,470025.23
189204,546532.72,1399025.33
189205,10051166.8,30394776.97
189206,5918035.15,19495088.68
189207,11228726.12,101590035.11
189208,2074226.91,4810984.8
189209,18258996.46,55053522.06
199301,40940565.0,30992919.0
199302,2157548.0,2331276.0
199303,25583399.37,32103412.04
199304,7868505.34,16173999.9
199305,87692946.57,60762623.14
199306,428175860.1,450228649.81
199307,3175437.0,2867029.0
209401,449583841.03,1774629628.96
209402,62199335.93,90020068.82
209403,644891889.99,2609304334.11
209404,80149505.13,171615189.23
209405,334882867.71,868486337.29
209406,103976920.41,85504143.19
209501,5515349.99,53572137.26
209502,24854907.35,145306827.5
209503,202512232.4,1207080941.94
209504,591025148.95,1021901884.22
209505,40613442.27,233181180.97
209506,229349984.49,760319620.18
209507,26619332.04,63374548.18
209508,35518172.39,28218873.95
209601,770445.99,786575.32
209602,2907732.46,14597261.87
209603,93653605.13,240507458.24
209604,2068254.58,692263.36
209605,4656795.94,22520656.81
209606,24444108.58,24005965.26
209607,29365590.37,22403047.73
209608,116270084.37,229575529.1
209609,15235482.61,38695781.19
209610,3228044.64,9702764.76
209611,9680147.18,9753369.84
209612,104046913.73,120156851.82
209613,8570089.98,36187427.63
209614,3558430.8,3267230.51
209615,10418854.09,42160666.38
209616,15010681.96,60353462.3
209617,1793818.05,19409786.05
209618,11179716.77,10853261.72
219701,1004229215.13,1879360821.89
219702,40022733.69,47393833.31
219703,115682703.5,136202103.12
219704,26240582.33,49109748.4
219705,24838872.04,87644241.75
219706,681259210.97,443014231.84
