010101,484267438.06,488485577.17
010102,2519038.97,58314281.72
010103,6143021.21,82390710.79
010104,10275085.38,5994867.76
010105,142375788.24,31418482.59
010106,23803084.74,23486875.61
010201,336196579.54,856665145.06
010202,85930988.17,178240160.29
010203,278829024.63,1102048515.07
010204,489354281.35,122364384.17
010205,5442833.65,0.0
010206,57674822.68,74648614.79
010207,393752132.49,1304699595.44
010208,17870659.85,9325570.19
010209,2361951.09,18073551.25
010210,72600999.46,1312316891.76
010301,12084852.99,23135191.85
010302,624261720.72,369016762.95
010303,355740768.99,142082803.47
010304,214288732.93,894233660.04
010305,85219444.45,38538403.14
010306,387420980.48,371966538.29
010307,179714873.6,71885843.98
010401,261739233.0,127083281.96
010402,163612594.51,253389858.35
010403,69481296.05,504890883.83
010404,50741831.13,41065357.08
010405,90324695.74,375627887.87
010406,391254009.6,1851536757.92
010407,61776762.75,110590543.18
010408,11212507.77,83632863.76
010409,11070329.85,100219062.19
010410,1493005.65,793910.85
010501,44736.57,2253083.99
010502,4337538.43,4684692.33
010504,51266480.76,33960430.93
010505,8289822.79,9206048.87
010506,1809734.95,25887890.55
010507,154454.22,294596.1
010508,7181552.16,3651819.23
010510,1555753.77,4683599.46
010511,43825942.0,70069180.38
020601,13299513.43,86410108.95
020602,43327324.56,429971594.18
020603,23876430.36,819801221.97
020604,3667189.06,49345191.97
020701,125151195.91,128390090.6
020702,26415615.62,578868470.73
020703,11618450.63,196465312.73
020704,16080587.85,196778854.52
020705,10240400.29,229081940.14
020706,20781509.67,72704718.66
020707,2134962.63,154460487.5
020708,10829645.39,31402733.25
020709,59955135.46,825435989.91
020710,93204965.4,358476955.98
020711,4738477.4,16526848.05
020712,12372082.51,76020598.74
020713,127004021.42,183584454.79
020714,4300833.31,10132291.18
020801,28954881.07,130368624.0
020802,39847739.06,177029790.73
020803,31255874.57,553434655.44
020804,22455822.08,215315488.74
020805,25723429.61,472562916.74
020806,26889493.81,468338029.77
020807,3329607.51,143116870.84
020808,17129376.47,449933932.01
020809,4145393.75,203636794.27
020810,20184629.25,390787306.92
020811,14990621.12,114085421.83
020812,3079717.24,6581592.4
020813,15177467.88,158689422.46
020814,248221.82,1727888.25
020901,137810754.13,477410123.15
020902,299327913.9,345224653.52
020903,126313.89,199865.82
020904,7390058.34,49828006.88
020905,389234.03,3468527.58
020906,329509.95,2891999.93
020907,200125.06,803489.19
020908,785372.02,6992260.84
020909,2946767.64,18492233.02
020910,22086916.66,77245884.87
021001,505560559.2,327740163.92
021002,607738.46,1173590.83
021003,174560992.08,27587257.53
021004,8737404.14,5893752.75
021005,18284926.2,228036887.66
021006,49376850.58,276484596.8
021007,3262799.01,1612852.85
021008,2494583.07,8664006.08
021101,97006512.91,35490690.74
021102,9055078.69,11159507.29
021103,7684162.06,15814058.96
021104,80084770.19,17308551.9
021105,3331173.2,47842935.24
021106,5305312.79,9402168.02
021107,133438208.8,37190186.65
021108,10343662.34,109083550.73
021109,40155446.92,63907876.42
021201,5064729.57,342699263.53
021202,3687878.14,59228344.64
021203,34174.0,0.0
021204,21633281.17,7896157.76
021205,33374996.72,99676601.32
021206,2235865.97,42321852.85
021207,8787386.51,42359303.89
021208,8478230.32,18766275.74
021209,62602278.51,174418105.43
021210,12617151.49,21506529.77
021211,12921152.01,54984956.54
021212,10645183.41,38461242.07
021213,1538858.5,1853801.93
021214,2794785.65,13068294.53
021301,25017749.18,18609391.5
021302,106736738.15,128256113.21
021401,805299.6,10322354.55
021404,2085176.87,11423989.01
031501,4263614.96,14411458.82
031502,27713820.91,20532817.23
031503,1931918.66,7147960.66
031504,38873790.43,63777780.13
031505,31537128.26,22587561.92
031506,5053453.49,590789.38
031507,21726622.68,79808638.66
031508,852532.5,7199711.44
031509,8493724.15,207557849.17
031510,3178136.78,2980483.79
031511,23143635.31,90838887.23
031512,26064298.73,292300150.8
031513,2826529.15,30031791.58
031514,149330886.8,112151062.8
031515,37310013.93,69844742.51
031516,42444008.05,62201543.39
031517,98082142.93,125372507.12
031518,57961137.92,151999646.05
031519,100964110.32,189697745.31
031520,5126054.51,26087117.67
031521,1712832.58,5253231.95
031522,5868291.28,46191.31
041601,23521020.46,440229057.27
041602,267515920.08,1826347388.25
041603,6203377.32,7154802.13
041604,105701911.44,850375806.77
041605,63694426.17,309018615.63
041701,455831889.19,671899633.07
041702,61596258.21,221168750.86
041703,13570782.58,42251664.46
041704,234790521.88,469890806.28
041801,37150784.23,249456230.94
041802,1505959.14,11731699.84
041803,31159314.19,31791050.9
041804,59748416.49,158742858.77
041805,24640459.35,20349924.25
041806,590776093.64,1465443833.18
041901,232177544.44,555050402.38
041902,50072378.51,518873636.74
041903,2843571.13,1066364.32
041904,687064776.92,287198428.1
041905,942267514.26,1875435278.47
042001,14695163.43,87010403.96
042002,11549125.93,477246797.6
042003,913317.1,22751831.74
042004,49519947.27,416043530.22
042005,196997694.79,417850917.49
042006,2992042.42,29644933.37
042007,46456039.33,113303819.63
042008,75367893.97,475091480.6
042009,100510162.39,862990041.82
042101,238400172.75,318302402.77
042102,58872725.62,69167371.6
042103,283603467.78,813053947.91
042104,48036826.19,207791051.68
042105,100920855.52,291723606.63
042106,779469065.2,1264674617.54
042201,33150250.66,154909161.86
042202,397675781.07,965382689.26
042203,424753321.92,621076261.36
042204,352920163.43,4168252733.75
042205,2436174.57,29694325.3
042206,46658804.4,173902650.49
042207,138334681.03,216642205.31
042208,6160897841.66,676333199.44
042209,7866889.68,24633983.86
042301,41297513.94,89278319.75
042302,9057313.94,51353388.97
042303,8027776.07,83924847.01
042304,25363979.57,676052737.81
042305,20121.0,0.0
042306,59501999.24,151944710.1
042307,34192.43,229314.0
042308,13088712.86,89222580.49
042309,727567543.81,966717531.31
042401,56740360.32,254608138.73
042402,457248638.34,240342941.96
042403,221380731.3,68400589.42
052501,52458496.4,40374236.0
052502,192776.01,80635.21
052503,4377431.57,4762792.26
052504,5432153.36,7204784.99
052505,32698010.68,19538097.86
052506,904645.68,1678448.52
052507,239746196.83,23977983.82
052508,38596705.59,48923993.18
052509,3563966.52,1787739.79
052510,739661.84,422993.42
052511,4689516.56,3855455.97
052512,1056045.59,6464222.23
052513,2283704.63,5420834.05
052514,2186905.57,8331148.64
052515,1222803.23,13657969.1
052516,3634523.49,50128151.73
052517,115706213.72,45468460.27
052518,8254425.31,3311820.33
052519,18754393.31,22124393.28
052520,19942245.72,31076563.69
052521,4805278.74,1987728.39
052522,13880930.43,2860525.58
052523,45144196.03,199693996.2
052524,4368614.05,1517.79
052525,6096991.12,2416691.62
052526,5285777.2,17402509.0
052528,727732.81,532735.24
052529,7519884.36,11035281.91
052530,23544136.54,51452426.02
052601,6348387.89,564664945.96
052602,239501.07,826808.7
052603,351691.35,1880187.99
052604,3559047.71,3712919.84
052605,1391753.45,364101.07
052606,9557454.54,13848439.29
052607,5162398.35,185799.86
052608,3504021.96,5846771.14
052609,786194.95,354007.06
052610,5112050.82,129723.92
052611,698891.53,458453.61
052612,901933.29,15334.0
052613,17454843.11,23887949.03
052614,1014167.33,29357523.59
052615,5534493.57,4840614.11
052616,20082583.05,41108770.29
052617,152985.44,195030.56
052618,1731797.91,3566597.79
052619,103838655.89,56913514.02
052620,64171829.11,185652811.71
052621,6078038.21,11409443.84
052701,188048479.22,3431842205.79
052702,556906.28,5115530.49
052703,7048563.44,38221207.23
052704,47851593.19,25145020.54
052705,554611.46,309044.49
052706,3211508.93,163855.3
052707,322209022.84,156202820.19
052708,20377584.14,5492228.06
052709,16313971112.13,18113499851.8
052710,15844405049.01,15564349496.4
052711,3986214359.19,8261959200.16
052712,36118265.1,66996136.25
052713,327940331.09,195628304.14
052714,45648933.06,8516569.89
052715,31259923.81,17902034.03
052716,1132042864.52,870379012.21
062801,11536091.38,16426470.58
062802,1541015.03,794491.52
062803,28911758.07,51576428.21
062804,254782791.29,401291221.05
062805,5620583.34,9941790.15
062806,2824304.63,3394621.97
062807,3420942.11,12489864.98
062808,1576732.4,4591128.81
062809,8554534.15,79532318.94
062810,4444378.58,3136060.37
062811,104805164.72,114981340.2
062812,7474977.45,28510117.23
062813,2388853.34,1605886.11
062814,51031581.54,32569593.75
062815,99420582.52,71712983.25
062816,1126920.77,4596751.26
062817,4798256.9,21010357.2
062818,23065879.98,180144008.53
062819,18588672.87,4699483.58
062820,2470371.67,2767763.48
062821,11798418.34,23421572.07
062822,21658398.02,3663639.16
062823,19098846.59,47137739.13
062824,5646900.68,3334222.15
062825,70552697.19,71861758.95
062826,7656138.5,12496334.48
062827,41736664.11,58148525.64
062828,8627997.91,12367724.98
062829,8341741.53,7204643.06
062830,3925414.48,5133555.56
062831,298112.1,5213024.91
062832,6370339.51,5791122.27
062833,22996413.09,54229511.22
062834,13128354.58,11789345.5
062835,39890419.68,111107992.17
062836,127921185.19,74235566.22
062837,719363.95,24407745.42
062839,10246593.68,16358274.54
062840,12344412.85,14288326.11
062841,37394773.97,17885236.83
062842,32100990.59,16299124.49
062843,496330203.2,81571852.09
062844,2618889252.62,1898043526.72
062845,2100152.64,4387691.46
062846,8333220.53,8437643.33
062847,3299680.63,14625410.64
062848,1183771.79,40501.6
062849,14777919.88,40647077.56
062850,12731488.85,11980255.69
062851,12574660.01,13821408.82
062901,1120879204.77,136333637.43
062902,433659163.89,289274499.34
062903,201995500.79,230179676.47
062904,52028844.34,23265799.41
062905,166860755.63,386045834.98
062906,15212822.97,52397915.29
062907,90421882.59,131486826.04
062908,15518907.71,11944971.87
062909,83708874.26,187832590.38
062910,43041468.79,42459431.11
062911,2635480.18,1609227.22
062912,95060401.38,65542790.48
062913,831072.48,199954.07
062914,170621155.16,208763645.98
062915,717404889.52,312139399.56
062916,363247507.58,233576415.24
062917,118338207.58,297847983.27
062918,217396132.23,266866063.17
062919,37269828.29,26664050.23
062920,34582356.6,37058221.99
062921,486232347.94,222753767.09
062922,554814449.29,723947279.09
062923,32474030.84,41002110.4
062924,240206173.21,207501826.54
062925,52874626.0,53277855.83
062926,373176285.79,231149685.51
062927,2385844.0,5626926.86
062928,19934402.08,14807301.17
062929,29113980.98,87021287.04
062930,755280904.62,995789267.77
062931,259239247.52,68242533.84
062932,214093411.59,465387986.75
062933,5762245941.22,4345669348.69
062934,2201691317.41,1633125797.57
062935,224768482.79,168613938.37
062936,304463614.57,231778244.9
062937,787709635.02,197149122.2
062938,58670237.67,6732518.72
062939,72968629.11,120209108.09
062940,21333621.03,23385801.99
062941,192926337.45,213690940.17
062942,25483299.47,48947350.16
063001,28439673.83,62314270.43
063002,2868482815.4,4278038919.92
063003,501479399.37,369040651.78
063004,25219822173.95,15288651387.44
063005,580615064.95,362644561.83
063006,430964253.31,466606768.3
063101,9922047.85,44368348.52
063102,60398394.8,437581618.29
063103,1445515.74,513031.36
063104,98561810.01,58546149.93
063105,81680268.31,198696665.62
063201,1435171.77,1878877.13
063202,8781407.24,6054910.13
063203,29335833.07,40996019.72
063204,297108865.03,241070134.58
063205,20380437.27,5296013.29
063206,624679651.5,185604476.51
063207,159607999.03,92112550.18
063208,518548532.36,314837732.64
063209,206802587.38,191316878.54
063210,32994052.89,26612393.93
063211,20790800.65,4225331.11
063212,108371948.95,62763545.38
063213,54820746.88,21139979.25
063214,171939600.45,208564265.0
063215,677943909.35,590600588.42
063301,106673585.01,208036546.78
063302,711043515.36,902749434.83
063303,822244444.93,841171901.9
063304,1331567361.31,1685440644.5
063305,452820596.98,572644389.8
063306,380536227.01,201463638.01
063307,977673204.91,552316191.65
063401,302020518.64,352203354.19
063402,1359926032.0,1299134203.65
063403,216694959.25,144711309.9
063404,51784784.56,68620599.91
063405,93963043.88,58921385.8
063406,68665365.83,145603215.69
063407,7014790.68,23583837.29
063501,6020639.14,51506346.03
063502,12429921.6,54092115.05
063503,36996603.86,85429950.84
063504,44185283.89,54177256.93
063505,54269480.41,131230541.75
063506,217081854.0,224805238.01
063507,94456050.15,114264071.89
063601,5186017.0,22291540.0
063602,13607273.92,11885807.0
063603,7455459.0,16488441.0
063604,23579760.13,48605660.44
063605,403551.44,842954.33
063606,37015107.22,23501089.11
063701,216570002.51,172946790.63
063702,32758599.44,81474140.93
063703,267851642.46,55538898.33
063704,3526789.89,2935768.37
063705,30257937.35,8432875.53
063706,28512605.52,26562867.79
063707,202008076.65,376559471.09
063801,32584339.59,28914665.4
063802,61019171.89,45630429.59
063803,2168621.15,2568643.5
063804,1711012.08,6092714.42
063805,1487509.33,6229179.43
063806,9200945.56,74015785.11
063807,2341006.56,898461.47
063808,1484673408.23,737503345.05
063809,59699662.52,68293720.48
063810,48947931.22,22508247.36
063811,435222072.29,185351194.17
063812,72903044.11,83173701.01
063813,20892194.77,5526020.19
063814,63460701.79,22311334.5
063815,835233018.76,237731653.56
063816,107512381.09,26274534.78
063817,15311177.25,102657450.22
063818,197192877.85,64965718.85
063819,57509575.09,20339640.15
063820,59370336.56,28140708.84
063821,149270424.66,70902634.38
063822,2001905378.93,1005284254.07
063823,1167973237.08,1501376181.53
073901,442753178.02,1481606120.13
073902,450297959.11,676769078.36
073903,141454529.29,282617233.33
073904,251914547.52,350709047.73
073905,131432944.29,87540487.07
073906,503981073.79,429723349.73
073907,499072453.12,914194500.85
073908,102979567.17,224989654.43
073909,215696164.19,273114477.75
073910,575696059.19,149635733.31
073911,199733779.56,124676362.63
073912,158820888.81,194878402.54
073913,66205422.01,66958116.82
073914,23114581.19,28393347.03
073915,203928682.2,32342495.85
073916,80853057.19,150772428.73
073917,605347634.65,427344890.55
073918,225105769.7,222357204.31
073919,409348613.53,515763276.47
073920,1230674082.05,1707575949.01
073921,401518690.12,728682677.7
073922,109636885.61,181210144.87
073923,903734856.11,2042959326.61
073924,178391000.37,488632665.62
073925,177130339.9,285204537.39
073926,1112951529.6,1853538988.09
074001,11572234.77,108291758.68
074002,621471391.46,281900971.47
074003,1674227.94,14213180.5
074004,4925271.83,3986275.98
074005,178892862.95,163892255.12
074006,27167129.69,22465267.43
074007,1487616.26,3974854.92
074008,109200755.95,130467488.74
074009,223169586.77,272351249.31
074010,195207749.88,124284402.6
074011,1154768952.82,2350407066.58
074012,63113684.18,39735110.98
074013,2324712.29,9744179.83
074014,48904600.38,69718223.84
074015,32626552.94,225660483.69
074016,425592608.06,578478081.46
074017,3694927.61,9360991.47
084101,98969185.68,19114501.05
084102,59820256.1,765688.03
084103,191872.97,1915773.39
084104,128137123.68,113548269.55
084105,24502886.67,14466648.19
084106,6611771.68,1963191.6
084107,2437167.69,2636219.75
084108,3769965.81,3433248.26
084109,6849792.58,1063755.6
084110,3806516.71,597970.95
084111,1036273.64,1196025.48
084201,28249883.34,60666473.88
084202,361393342.01,1649346268.36
084203,69073229.88,347278785.56
084205,18278639.96,53855445.3
084206,86718.01,299096.25
084301,6461174.72,7604825.59
084302,24195807.47,26407679.84
084303,10792381.09,21541045.65
084304,209955.85,1896690.77
094401,92016693.34,51641068.79
094402,3067179.71,23488535.47
094403,25802501.37,80868971.88
094404,3136519.23,3069758.03
094405,1141274.12,557493.96
094406,975059.71,6324969.71
094407,59248654.53,1423161667.22
094408,13003940.48,41137265.22
094409,20058374.37,200806004.34
094410,65247516.31,223004057.42
094411,36605170.38,362388226.86
094412,30121601.99,459503288.7
094413,1985421.01,7129008.83
094414,5598854.61,48086290.97
094415,43381208.47,37545185.38
094416,1558179.13,101340026.06
094417,2377252.28,7080965.73
094418,65968083.52,672272034.35
094419,5454278.5,44407762.23
094420,7757894.41,58346484.55
094421,27510203.83,265474618.35
094501,382230.84,165333.55
094502,81516.75,90272.99
094503,1318727.69,13911282.91
094504,6132396.91,6270142.84
094601,2899025.19,10736591.8
094602,3919439.88,64587966.85
104701,1253834.84,1009704.72
104702,1367865.95,8903463.67
104703,8108050.81,223902043.05
104704,1638797.39,11765412.07
104705,972820.26,4657021.02
104706,49979172.01,37189053.9
104707,540968061.09,18983487.96
104801,165781343.68,573803942.96
104802,486092775.79,1523757742.77
104803,64845790.12,242438623.76
104804,63803917.2,347140376.7
104805,170322655.68,281821880.26
104806,28746126.93,85206312.59
104807,20381490.99,56211344.03
104808,38002935.5,37044303.08
104809,22128588.72,45502166.81
104810,396931667.91,2215775525.27
104811,572051240.48,732652652.0
104812,8703607.2,2647177.01
104813,62704645.75,79161855.27
104814,78476483.14,65728475.69
104815,203632.86,0.0
104816,10004945.75,37334577.43
104817,31888242.23,131253725.31
104818,464053427.63,940785654.19
104819,366733243.26,811556112.38
104820,98822392.7,257420991.02
104821,232418518.87,186834910.18
104822,4887243.59,5198495.18
104823,288175291.93,263491050.83
104901,2255783722.25,1400877229.35
104902,911097000.2,185811305.26
104903,19048643.28,49674492.37
104904,16867063.94,13354939.49
104905,74075472.99,15261084.85
104906,9257535.31,4239046.14
104907,182382932.68,107021467.41
104908,24362536.07,39738285.2
104909,73816645.25,105329400.44
104910,12770368.83,25693621.72
104911,371173428.11,508495850.87
115001,723420.41,182572.86
115002,38663.62,343012.19
115003,1072438.55,1142645.67
115004,709981.09,5750740.53
115005,22469.85,197248.79
115006,505917.56,311085.34
115007,33665549.44,52541687.56
115101,73597832.69,53971962.36
115102,8390533.16,35892358.25
115103,8130191.63,3570953.02
115104,30194.28,229881.05
115105,38522076.65,28576036.91
115106,42418132.85,53417085.66
115107,18637838.14,49747690.31
115108,19911999.8,5919130.27
115109,7355547.79,9761281.37
115110,198105.21,131663.0
115111,60410946.28,26567689.22
115112,103498504.45,35970097.21
115113,841813.36,106556.28
115201,22868854.17,33021471.78
115202,713467.2,4727286.91
115203,739191.19,9537845.44
115204,1966855.41,5925532.18
115205,5720851.66,25046911.26
115206,560153.16,8718032.88
115207,2539109.27,5602295.81
115208,80367718.49,111320763.47
115209,47010088.52,49510208.35
115210,10831205.07,15549976.52
115211,26363743.46,40157123.52
115212,11580973.72,15757353.62
115301,215091.4,1365001.08
115302,952214.97,670331.79
115303,230894.22,4383160.73
115305,339302.67,4669850.12
115306,1456717.4,4227135.99
115307,765483.46,923747.56
115308,1200433.02,1599254.51
115309,40399907.82,35333152.33
115310,1361571.16,6185774.55
115311,777034.56,787932.13
115401,23809702.82,14521774.86
115402,273685902.99,273143600.27
115403,2874871.93,6546697.1
115404,40575802.15,33250897.48
115405,144260.13,70910.92
115406,435289.04,2009347.98
115407,200035260.03,266209303.99
115408,21991769.1,32790822.5
115501,14410100.46,20916410.97
115502,167654658.62,43670575.61
115503,53701065.34,174225756.14
115504,71837474.76,16260974.58
115505,10273245.39,5117720.06
115506,2928692.03,3274194.45
115507,187726.01,33976.45
115508,1722989.01,6106453.84
115509,11473737.25,80953341.21
115510,1779484.79,22765310.55
115511,2638202.09,17853022.71
115512,33032821.99,36866247.83
115513,15175203.45,34011910.63
115514,47010211.96,29764855.88
115515,59973619.96,47137527.63
115516,36714447.5,71040640.02
115601,108735911.64,114084792.81
115602,51599031.25,40576588.42
115603,151552563.32,493480934.68
115604,5114831.03,19001782.94
115605,5173659.42,4278369.01
115606,982550.12,6827359.47
115607,29830533.09,51571175.03
115608,9852562.79,24825026.7
115609,7115326.91,9340862.43
115701,10371111.41,31860932.14
115702,72215253.92,184165396.64
115703,136862535.67,813525842.45
115704,9299047.85,49496303.92
115705,53143825.25,32530112.36
115801,46001455.95,162850819.92
115802,2170514.7,2111277.92
115803,1817126.75,502273.38
115804,12008295.56,8217005.5
115805,617632.71,4123250.77
115806,35105806.6,43445771.33
115807,22979585.28,14558498.74
115808,6309108.81,12814203.75
115809,563462.94,292239.32
115810,14977776.57,48985726.13
115811,2693088.09,2283321.74
115901,9332348.92,19289285.29
115902,1522414.79,47175630.11
115903,231965141.31,125642024.19
115904,31813360.56,15097706.56
115905,2315619.73,3503073.07
115906,48118448.59,24282519.0
115907,12367125.29,20846528.58
115908,1034539.21,622127.06
115909,16154633.3,4268880.61
115910,29287978.3,8054938.79
115911,135106645.19,98570147.85
116001,11533102.99,21719182.93
116002,138534504.68,135008633.23
116101,25571388.02,92464000.63
116102,36873963.17,146056634.2
116103,45988477.71,244470805.77
116104,180902761.19,965829648.34
116105,81382360.53,395901429.19
116106,86086120.2,301737025.91
116107,29142642.7,251007546.27
116108,80542869.19,617996813.4
116109,347985854.41,2359926179.7
116110,536952735.19,2728871726.47
116111,61005634.87,425156849.04
116112,61904513.18,185469077.55
116113,8383163.93,39695036.92
116114,31811612.7,156098159.06
116115,98488022.08,674334042.2
116116,14677621.28,112896402.86
116117,32270572.43,108978698.18
116201,121884063.46,438792147.62
116202,190983186.12,574451970.26
116203,324320945.49,2032245177.76
116204,582751990.78,3494436931.35
116205,141325481.93,781874142.21
116206,181808665.52,908543322.45
116207,19964297.49,69836997.55
116208,23058415.9,157205165.56
116209,34021596.01,203463100.77
116210,89583130.81,379162036.06
116211,104798241.53,351280084.83
116212,86460208.72,569089102.52
116213,1182878.24,6739019.77
116214,90267018.97,181688529.42
116215,26663213.91,61013843.84
116216,5064765.56,31309550.43
116217,63794548.67,64794721.34
116301,19774737.83,89881035.52
116302,87324985.44,685256971.75
116303,27167915.94,247503795.4
116304,19172922.29,131229749.04
116305,13186549.94,92143638.56
116306,30433912.39,168919348.44
116307,234771195.17,311890321.53
116308,4755725.9,3430259.23
116309,328308989.56,23197407.17
116310,7956248.29,7768027.46
126401,12418309.44,75945916.56
126402,93864313.46,772837539.47
126403,554196369.75,2831514475.1
126404,138738387.46,742474018.26
126405,37319389.95,188942891.2
126406,13918109.9,87414843.19
126501,278771.16,433148.32
126502,167112.63,764624.17
126503,14229.0,0.0
126504,4061583.73,12958336.35
126505,65120350.89,186114619.0
126506,42829310.65,114970219.66
126507,2819770.22,9794266.38
126601,10544375.75,71946581.37
126602,3057660.71,7458236.01
126603,837515.06,4369887.99
126701,302425.99,3415245.66
126702,5752171.67,50023236.52
126703,4883431.46,19157868.7
126704,9658565.13,61115997.65
136801,1375414.12,10054640.66
136802,18650133.14,267765276.97
136803,15319862.66,93835219.5
136804,28521438.74,64401299.41
136805,142950091.99,104436293.92
136806,172253869.92,111499624.6
136807,32571643.05,68377559.08
136808,13343425.66,15821393.32
136809,28507154.96,23602851.68
136810,90519132.7,120874470.73
136811,9299538.85,42164017.67
136812,5022190.42,1221498.49
136813,41861696.89,48950589.57
136814,9814141.73,8846986.5
136815,237577281.05,202944369.23
136901,1937216.67,13374353.49
136902,45322041.92,55631494.03
136903,115859106.74,47305067.57
136904,7252780.83,33538133.15
136905,3656974.38,12802323.96
136906,6832716.11,366959.43
136907,4398309.04,83601176.99
136908,20776299.99,344234543.59
136909,32604459.91,215930188.93
136910,55229798.36,241710939.98
136911,102410248.0,147004488.88
136912,68454559.55,154481287.32
136913,29528956.18,70169149.95
136914,18548907.05,56885512.67
137001,16672304.4,10697088.49
137002,6023554.29,22212909.36
137003,8265166.03,10017059.28
137004,7454436.85,5350436.07
137005,86958097.45,86678391.38
137006,7525620.63,20729394.66
137007,228355695.55,453684797.36
137008,6664223.04,34981730.51
137009,105523040.11,190106736.9
137010,114900055.26,198540503.06
137011,5228986.32,4622945.53
137012,14797.11,17534.0
137013,38891228.81,312925894.87
137014,5138692.68,5861912.12
137015,3123542.41,1205729.56
137016,4232694.56,32423443.72
137017,59612970.04,41993407.11
137018,8348409.48,29680370.15
137019,340418411.32,270677879.44
137020,25426181.02,98455699.31
147101,15249047.12,18787374.74
147102,5389047538.81,5122811793.76
147103,67811703.21,134943358.47
147104,10412496.06,5412214.49
147105,9397228.84,10477344.29
147106,543214275.84,2403799836.25
147107,1854181.14,2930548.51
147108,1230042173.0,24711504365.0
147109,174695.0,420349.0
147110,2144042440.38,1651177829.2
147111,3174391.0,905241.62
147112,588877508.22,1258467613.36
147113,2215628457.09,2752617688.82
147114,30951970.78,21150980.39
147115,169198690.76,42996562.45
147116,11774393.9,27549323.7
147117,103311633.15,352134465.82
147118,98071649.51,5010469.84
157201,11755462.84,4894310.44
157202,238927779.17,223251317.3
157203,19185532.86,196516.27
157204,1931651528.2,117679015.88
157205,46366644.89,24408067.08
157206,7851357.1,6398103.25
157207,986424526.67,148297171.64
157208,518768518.68,478542015.61
157209,223092307.28,146460893.31
157210,570302073.67,992521446.1
157211,72250119.1,75961109.66
157212,94058949.38,44757732.22
157213,362749530.51,75466337.09
157214,249221666.96,160025601.54
157215,80025100.37,38847096.66
157216,265295590.11,234925378.56
157217,119841643.28,104941105.51
157218,447074472.66,68082355.28
157219,90713896.55,445772880.02
157220,31900709.29,97815172.15
157221,36909924.97,5394897.69
157222,120843070.17,196404509.0
157223,14674530.49,44024237.12
157224,77766505.45,44199231.47
157225,207579402.42,303324010.1
157226,92933190.46,54528419.96
157227,11943393.4,30492509.99
157228,190746179.2,172425821.65
157229,26661500.78,29317181.01
157301,37922549.24,73255463.09
157302,106134099.96,62420173.02
157303,18901036.94,46547815.33
157304,563565179.52,731170468.85
157305,356582269.76,172671673.35
157306,351753227.22,419414335.67
157307,570292775.47,446165401.97
157308,758580696.12,821741655.45
157309,81596559.12,53178763.52
157310,162921357.8,197328816.5
157311,72809654.09,75690067.99
157312,166311899.89,125584753.56
157313,12607103.51,2614393.12
157314,94945460.92,112268185.36
157315,102212082.32,116042086.76
157316,10044572.43,7187466.07
157317,13213285.73,76397127.32
157318,638729915.93,805397144.67
157319,5934578.57,7647546.43
157320,104139695.5,162591722.2
157321,67319527.78,377694672.82
157322,68771079.97,306737960.29
157323,46451901.08,376105781.14
157324,35185718.7,144847051.23
157325,128439491.15,167816686.65
157326,892056487.4,968734149.89
157401,423911.69,30995.41
157402,5517410.82,19391238.92
157403,133436180.95,333897610.61
157404,1010062662.02,64376183.5
157405,11795166.75,2895887.02
157406,17233739.7,16572827.23
157407,51913901.61,137722935.2
157408,105683243.08,532314311.04
157409,94264902.12,165211929.18
157410,9694806.68,37400955.06
157411,107147423.25,237206784.16
157412,111957492.67,139703694.66
157413,20132177.92,31669361.1
157414,184474.0,0.0
157415,15470864.06,24861005.93
157416,7030.0,0.0
157417,3309.64,32095.0
157418,10521675.65,37910856.51
157419,79742556.72,59203122.43
157501,16442168.35,287817858.92
157502,439313272.84,190692017.71
157503,62174446.76,43838715.2
157504,99628013.0,10901199.4
157505,121079391.99,179433626.76
157506,32107746.69,60081898.16
157507,66192046.33,23873697.62
157508,51897193.84,42242274.79
157601,698625238.02,368163055.75
157602,476969285.69,121156908.07
157603,17723252.21,14865553.73
157604,101742126.09,448391231.21
157605,55200617.32,39929094.51
157606,473039279.48,1414544034.15
157607,157812899.51,365431630.87
157608,22385264.5,38503699.85
157609,12118923.58,19953957.27
157610,110876319.71,482783504.42
157611,4238854.08,3815299.91
157612,170253796.5,155928794.1
157613,41633579.6,19849965.15
157614,3909178.95,23064061.86
157615,17921269.28,114533733.23
157616,187189411.69,321685146.53
157801,357197120.28,318454050.98
157802,74599366.0,3726121.9
157803,1258.0,0.0
157804,28247872.76,33749771.36
157806,6272116.51,11923057.61
157901,40238915.95,152932661.98
157902,11115582.04,2585840.4
157903,1031543.07,3329336.27
157904,6712503.0,4801368.06
157905,1577295.62,13053919.34
157907,28263089.93,16621780.61
158001,42224979.68,51724296.05
158002,40856363.24,542772.92
158003,2513504.43,14756708.15
158004,39771.63,0.0
158007,8058926.78,22646895.96
158101,18090982.22,30670671.23
158102,15241767.02,21000907.43
158103,8462809.08,18644272.86
158104,42273216.39,38968458.78
158105,79357763.77,107589881.53
158106,13064050.15,4079673.9
158107,1765236.82,970135.5
158108,215895380.83,342771868.49
158109,4003246.23,4638348.86
158110,2597954.2,837957.61
158111,5933178.53,8095364.12
158112,92938368.36,107887288.85
158113,4770274.2,5377997.49
158201,23596969.66,61377423.39
158202,58956191.68,85397742.83
158203,30605161.52,59698271.98
158204,43378845.51,78872168.43
158205,135496997.81,221277506.0
158206,15224884.5,33210273.08
158207,469012293.13,405147779.79
158208,69596565.32,57485871.94
158209,69092089.69,110923081.46
158210,10303023.19,21254284.81
158211,21309775.62,60381037.44
158212,130452526.66,195331255.33
158213,3091115.83,18332801.21
158214,8601098.6,34588209.38
158215,20965087.92,79873121.62
158301,95287502.19,353701937.14
158302,313432957.37,1021159783.48
158303,10764132.35,33587444.29
158304,7273905.31,8856636.0
158305,6895373.53,31915382.7
158306,21378529.33,95327609.56
158307,148910719.3,56266664.47
158308,78513762.92,56134495.72
158309,261592642.51,288729039.32
158310,12406382.13,16618597.09
158311,73296277.25,59624817.03
168401,90010465.99,57401534.89
168402,46880647.31,117852878.89
168403,77929693.61,712856884.09
168404,59458484.11,82254890.06
168405,64980823.42,11622338.01
168406,224692123.0,207999999.66
168407,2178510093.06,627204254.21
168408,2364564935.31,1591537557.97
168409,1169940510.47,2332027631.13
168410,35641809.21,5111818.4
168411,12179005311.72,9708755584.19
168412,491293796.46,417352810.24
168413,1689141056.99,1694048477.08
168414,1534972783.15,1402703034.81
168415,356694386.05,740399323.62
168416,111441934.32,77257186.66
168417,106357320.24,64953204.73
168418,256915589.05,1365930141.67
168419,749548203.59,765257053.3
168420,31526049.64,16230396.64
168421,1865678351.76,1232360695.77
168422,346709165.79,850643320.68
168423,130201305.67,152151652.2
168424,342596177.78,455592428.6
168425,126443445.62,179334784.69
168426,207509526.15,229899762.93
168427,653968803.43,399114997.86
168428,549708560.51,684977330.76
168429,1509004889.83,455460614.96
168430,217430146.69,133068541.69
168431,2076612569.73,1521682186.2
168432,90733815.9,277480842.23
168433,324729371.53,765563603.7
168434,40455764.99,81893816.42
168435,2984400.49,2616667.44
168436,57563815.26,155754685.56
168437,120454847.11,30524461.92
168438,220063743.99,291869231.64
168439,62265449.39,116147671.38
168440,57667336.16,50796745.27
168441,120335837.14,151734420.22
168442,84008866.8,87989333.42
168443,1941331731.06,3896576840.54
168444,6956543.11,2711070.37
168445,8821211.95,9725710.51
168446,7489148.44,7995298.48
168447,24684462.59,16837226.52
168448,49680096.59,33112585.87
168449,10263118.16,8610765.43
168450,42625882.1,779864018.84
168451,120635385.16,136049522.65
168452,13103335.94,41891372.5
168453,9376287.91,5756470.9
168454,61138689.57,32528303.59
168455,209484845.18,42408465.04
168456,48958719.08,66644361.24
168457,106308625.49,106742885.13
168458,82148449.94,102766976.87
168459,66651371.85,73907989.9
168460,97365111.65,43405373.76
168461,40498607.95,49862129.48
168462,149575479.16,128318197.81
168463,20541619.13,25738769.34
168464,14209861.78,30884831.61
168465,61526223.59,105725857.37
168466,268609903.39,354002655.38
168467,126878546.1,200592893.27
168468,39454588.16,25195982.86
168469,9350246.19,2268785.19
168470,74102668.75,235718626.73
168471,4124197886.68,11915879989.73
168472,134972061.55,149758795.45
168473,2991682624.68,3941563805.32
168474,766205553.83,261257862.64
168475,61025337.04,32223971.31
168476,74211973.85,88320957.62
168477,193396195.44,276747318.63
168478,112950354.27,42010776.39
168479,2028867393.09,1130858180.1
168480,88935983.65,187987889.99
168481,2254863801.99,2412804513.21
168482,558741790.79,493419573.26
168483,831112521.45,1062232510.24
168484,131654271.92,111782549.45
168485,380684146.16,256283263.43
168501,700368191.72,914908339.75
168502,1763738028.19,626182391.46
168503,442088446.84,570142206.16
168504,938212026.73,1500797315.14
168505,101765710.31,73722590.56
168506,126997196.85,333667446.22
168507,351797549.56,616947617.52
168508,89623169.8,381754174.6
168509,142961170.75,619965728.27
168510,16661879.23,104203004.6
168511,336008174.31,484787737.67
168512,181938511.31,519862080.29
168513,31306154.9,72269565.65
168514,151091829.77,54717394.0
168515,125744501.05,158068181.16
168516,460506494.4,1787172388.24
168517,3185285934.52,5849205865.31
168518,429830163.89,776161157.06
168519,159950225.14,999134119.73
168520,1028588.08,229722.11
168521,165979008.63,1012853173.56
168522,43407051.93,58599679.19
168523,724628980.84,1006143789.17
168524,1436890530.08,1715942029.09
168525,2809297225.19,8071885710.66
168526,533520327.18,1055750723.71
168527,108134865.14,704296498.86
168528,839630646.82,5044799808.03
168529,1226825136.83,710576614.67
168530,88552624.33,104030111.87
168531,725956701.08,623672135.25
168532,226173063.89,130898104.7
168533,147549609.98,135072488.44
168534,190151170.08,352478891.26
168535,148972474.43,198139895.33
168536,1440021367.49,1912627464.11
168537,710878679.35,662897695.61
168538,374289608.45,404294373.91
168539,183820391.69,567894830.83
168540,120663970.11,72427214.13
168541,1242947136.77,1013158181.14
168542,2300407724.65,2492759686.1
168543,843741212.78,704738205.88
168544,1018071007.59,2415321933.75
168545,71016115.4,54794790.75
168546,47359881.9,49948494.86
168547,56453026.37,33738740.98
168548,193692310.11,301872215.21
178601,16598949.12,275563451.0
178602,3905597.54,59765038.08
178603,1251753.0,289266288.0
178604,7809983.99,15734746.08
178605,15050655.91,40576016.0
178606,5253043.78,77820956.09
178607,191437567.57,312076137.83
178608,41541578.14,36094558.49
178609,76368410.87,39091026.4
178701,1359249236.33,1172150825.37
178702,102362509.56,283399669.3
178703,19911167239.79,27312026595.05
178704,1646876932.84,2828173461.82
178705,228960796.99,292728586.47
178706,44025567.66,214675882.4
178707,38005391.28,212477312.83
178708,4633422899.93,9369761300.09
178709,105523565.07,28177735.88
178710,99659402.0,274326692.0
178711,349305774.36,539357520.01
178712,35340736.87,324398707.91
178713,20828342.61,87989634.07
178714,161158409.18,435976488.38
178715,17484194.05,146512435.84
178716,388708334.89,553303074.63
178801,4664177.0,1987832.0
178802,491817717.0,3457565755.0
178803,10141180927.0,3320113452.0
178804,10933145.84,11651502.94
178805,87941384.0,134876695.0
178901,70485690.66,1970252484.41
178902,20752762.77,52124939.97
178903,1108363305.36,605014221.74
178904,11353982.41,73784934.88
178905,16790795.06,36118991.14
178906,70087826.88,38842868.92
178907,114210620.1,28049895.9
178908,8104172.96,8869404.0
189001,780571246.41,711566986.97
189002,87343387.6,204309634.98
189003,68418434.28,176275391.04
189004,104291909.76,277921640.99
189005,16974725.92,63441602.57
189006,121227536.18,78702731.08
189007,76453971.2,35882769.62
189008,17678570.39,11402466.96
189009,450090.0,1985495.0
189010,33848885.84,32379001.44
189011,30709306.78,50337192.42
189012,62429255.85,50643326.33
189013,294381939.57,407810639.86
189014,718619978.16,670515605.61
189015,757966858.65,434786791.25
189016,4729169.75,10210552.87
189017,41262125.69,36879853.14
189018,2118100302.36,3613691912.51
189019,220391305.19,359326975.17
189020,148666264.7,64230409.09
189021,1318218810.86,1626535916.14
189022,727026326.99,542187713.69
189023,123761000.97,59926851.73
189024,209549192.46,67539193.12
189025,117514939.46,104375844.77
189026,777576300.9,549382266.1
189027,1590844927.01,1110866870.76
189028,134675000.81,152645965.16
189029,92219775.72,166708578.91
189030,660416392.18,410003573.5
189031,980356902.39,623718932.62
189032,863052796.52,784726766.96
189033,118061457.56,105003175.67
189101,185572377.05,319877905.04
189102,142995440.03,554285960.04
189103,4027641.6,4581170.39
189104,3627987.85,4066190.44
189105,11986005.97,59644612.76
189106,5130406.3,15788949.37
189107,4292357.39,21085497.77
189108,2508108.59,7951043.95
189109,427470.2,3046624.21
189110,821316.85,523853.08
189111,1836858.65,2928683.9
189112,196226.05,369685.51
189113,3156389.01,16908431.19
189114,3728290.63,19541187.11
189201,13982569.55,25619471.81
189202,8489119.04,54790698.58
189205,11780765.9,31878272.55
189206,3384905.46,22377275.43
189207,12154946.27,96363995.96
189208,2662023.76,4369091.46
189209,32103054.34,53858950.88
199301,9465039.0,14490277.0
199302,1086004.78,948008.0
199303,26081502.81,39320256.38
199304,11604098.82,23461466.23
199305,21786995.7,32944236.35
199306,189332133.21,295602182.05
199307,615620.0,535498.0
209401,621654731.19,2574685967.28
209402,92387217.75,168023353.25
209403,614254857.01,3698305211.52
209404,83979645.64,454734558.68
209405,469971262.38,1170366159.03
209406,135344064.09,233136298.77
209501,1181.0,0.0
209502,9909.0,0.0
209503,307443246.54,1911838992.25
209504,927383083.88,3074122914.11
209505,46157396.98,230993915.82
209506,306482273.69,1004061013.01
209507,25710667.23,86101457.71
209508,22327664.47,35622446.68
209601,1181926.03,1719263.79
209602,7044853.47,23177892.51
209603,88348033.81,301910897.13
209604,3156222.69,1311160.39
209605,4828014.69,26620774.98
209606,17010453.52,16660213.34
209607,10564295.2,17337453.62
209608,96927071.79,251874356.95
209609,17569839.7,61597129.29
209610,7530641.96,23218493.83
209611,2094039.9,11335239.09
209612,144527703.72,120421601.84
209613,9056540.16,41669353.98
209614,2676784.24,2302819.43
209615,15294144.92,37211159.51
209616,21363020.39,85047390.54
209617,2966235.03,21686399.56
209618,12793622.43,18183248.71
219701,1182858313.32,1799400781.18
219702,39752709.24,34781904.52
219703,391631958.49,289317849.26
219704,17380922.87,9416654.89
219705,50028399.93,33184426.54
219706,399864092.57,275681897.91
