010102,13579466.11,3356.0
010104,1506172.96,1726.0
010203,102564.96,0.0
010207,5392.15,0.0
010302,4251.0,45252.36
010303,1024138.0,622282.55
010402,211478.0,6058917.02
010403,0.0,1015.96
010405,30013.1,350351.02
010409,1963.2,0.0
010507,31587.0,0.0
020601,56015.04,0.0
020602,26233.68,0.0
020603,164265.0,0.0
020604,1364190.0,0.0
020701,11559.0,0.0
020702,1297340.0,16533.14
020703,66980.0,79697.62
020708,3182100.98,0.0
020709,539221.3,8848.87
020712,337950.0,15681.0
020713,1573317.17,6842.11
020714,526463.74,0.0
020801,3292701.27,101612.2
020802,307878.0,1280.31
020804,6496672.68,130865.47
020805,4897.9,0.0
020806,23628.26,0.0
020807,4561.9,0.0
020808,7858.95,2817.57
020812,54400.5,0.0
020813,107370.56,4680.47
020814,33378.24,0.0
020901,6908.0,0.0
020902,30285.8,0.0
020904,1114.0,7127.24
020910,43263.71,6026.33
021005,4107563.0,5924.2
021006,215125.0,2738988.14
021007,766297.0,0.0
021008,2993.51,0.0
021101,0.0,411945.63
021102,209562.0,0.0
021104,603574.04,27144.06
021108,0.0,21558.65
021201,191309.0,0.0
021202,484582.64,0.0
021207,79823270.47,282761.35
021209,46670.61,1308827.59
021211,1153700.34,29937.36
021212,1696573.51,40226.89
021301,40968.38,0.0
021404,5180193.61,24537.46
031508,276700.59,0.0
031512,407691.0,523667.62
031515,3100188.87,211635.69
031516,415869.28,118531.43
031517,0.0,5687.01
041701,0.0,84225.3
041702,0.0,172461.74
041703,4383.67,0.0
041704,6882.99,168356.46
041806,21967.41,144064.83
041901,97055.0,186866.25
041902,77348.29,314236.79
041905,15078.06,1017437.39
042002,95459.0,3367.16
042004,1306.48,12559.28
042005,3157.0,3896.18
042007,60497.41,82885.39
042008,631954.45,9605.88
042009,279061.76,2203036.83
042101,3156.0,3699187.45
042103,50373.12,660057.37
042104,1687129.0,49485.0
042106,90818.0,5137136.09
042201,152515.0,16263.95
042202,874229.0,215627.16
042203,1203.02,65663.55
042204,9565.0,90033.69
042205,0.0,2450.0
042206,14780.0,0.0
042207,14954.0,56139.56
042208,1857669.0,3078.71
042209,2085.14,0.0
042302,18918.0,0.0
042303,5048.6,0.0
042304,16149.34,14001.22
042306,4226088.95,7249.48
042309,9990.0,1890255.08
042401,142249.1,1912.05
042402,2915285.0,14518.0
052507,1233.6,120224.29
052509,2433.14,34717.35
052516,1171.0,0.0
052517,1006.0,0.0
052518,609419.0,0.0
052523,7578315.0,52584203.38
052528,7089.0,0.0
052602,1658993.7,129607.0
052710,93506.0,129935039.58
052711,0.0,896418.47
052713,0.0,24879.96
052714,0.0,83191.18
062804,175143.0,0.0
062806,16527.0,1742.0
062808,0.0,1522.0
062811,133640.0,4611.21
062815,19200.0,86277.94
062828,4841.0,0.0
062834,5034.0,2512.94
062836,4783.0,0.0
062837,0.0,2023457.76
062840,1182.0,2939.69
062843,0.0,10994.4
062845,0.0,2063.0
062847,210680.0,0.0
062905,0.0,1240.21
062914,0.0,3075.72
062936,2957.0,0.0
063002,44415.0,4323687.75
063004,678642.0,69647721.06
063005,0.0,123138.43
063006,0.0,3346.25
063102,27150.0,2711185.0
063202,0.0,96494.06
063203,1216.0,3946.29
063204,0.0,12049.0
063208,97827.0,468126.94
063209,469511.0,225004.43
063210,0.0,2825.11
063212,0.0,5403.0
063214,0.0,29863.32
063215,2547.0,14803.67
063304,56930.0,350455.05
063305,4164.0,33437.74
063307,0.0,2071.0
063401,98307.12,297769.22
063402,1836.0,74833.61
063406,0.0,19945.8
063505,0.0,7696.0
063506,3210.0,1892.0
063507,2705.0,0.0
063602,6866.0,0.0
063603,3277.0,0.0
063701,1625.0,0.0
063703,0.0,1023.0
063707,8912.0,1814.0
063802,433105.0,882501.07
063810,0.0,86373.16
063816,0.0,3976.15
063819,0.0,41271.79
063820,0.0,19056.43
063822,5552.0,1308646.12
063823,6405.81,478837.72
073901,1267.0,101684.63
073909,26154.48,0.0
073915,7868.76,0.0
073916,1642.98,0.0
073917,209876.0,3477023.08
073918,0.0,2130.41
073919,36089.06,22584.77
073920,63008.21,720579.19
073921,3447.95,0.0
073922,0.0,4566.0
073923,512306.38,1075557.41
073924,25037.0,356880.69
073925,14697.0,19768.36
073926,10127.0,160806.33
074009,8679.0,411130.93
074010,0.0,3857.43
074011,49885.0,100790.93
074012,2597.7,324287.25
074013,118859.0,11614.96
074014,3811.0,0.0
074016,5200.0,356977.07
084101,12964.77,0.0
084104,14109.0,0.0
084105,657091.37,0.0
084106,1813603.6,0.0
084202,57874.0,386822.31
084203,0.0,1065.0
084205,1305.0,0.0
094402,0.0,9790.0
094403,7440.0,0.0
094414,1000.0,0.0
094415,12488.94,11399.93
094418,3979.0,0.0
094419,7413.0,0.0
094420,184356.54,12504.0
094421,78671.8,11877.34
094602,142179.17,6605.21
104802,37881.72,237895.13
104810,0.0,207685.17
104813,7983.0,0.0
104817,1295.0,0.0
104818,2251.0,15166.33
104819,99344.0,3779298.77
104820,1763.0,914803.89
104821,1388.0,435470.28
104823,1810.15,2807.79
104901,88342.43,1420350.65
104905,3110.0,0.0
104907,26383.0,15483.0
104910,0.0,1002.0
104911,10836.0,797786.0
115201,380542232.78,3455.18
115202,24287.0,0.0
115203,5842706.51,0.0
115205,2305174.0,0.0
115208,348765.0,2429280.52
115209,3611.0,0.0
115211,3231.0,0.0
115212,46115.0,1250.0
115401,0.0,5353.0
115407,5921.0,97458.96
115501,51233.71,0.0
115503,16892.79,0.0
115510,101785.0,0.0
115512,3962.0,49506.0
115513,0.0,16294.0
115514,0.0,121001.0
115515,9697.0,816923.0
115601,1018654.0,1620.0
115607,2674.0,0.0
115703,10223.66,1000.0
115804,0.0,7348.0
115810,0.0,14776.0
115911,1000.0,12354.0
116002,0.0,1812.0
116103,0.0,3627.0
116104,1395.0,0.0
116109,13749.0,38635.05
116110,4107.0,0.0
116111,0.0,1790.0
116112,0.0,2422.0
116114,311564.0,158466.22
116201,1000.0,4171.0
116202,0.0,1065.0
116203,20054.0,2089624.77
116204,7587.0,63838.0
116205,200586.05,501451.87
116206,18284.0,6733.0
116210,21296.0,60358.68
116214,2604.0,0.0
116301,12924.0,8151.0
116302,72284.57,33597.0
116304,17892.0,136133.5
116305,2659540.0,305659.31
116306,1915084.0,0.0
116307,23452.0,60521.91
116309,114507.03,653856.27
116310,28462.31,3824.96
126401,12312.0,36118.0
126402,12034.0,1382070.16
126403,7099.0,4457.0
136807,9065.84,199792.05
136810,11362.0,5461.95
136815,1261.0,0.0
136903,0.0,43500.96
136907,0.0,5482.0
136908,476938.0,53590.88
136910,4154.0,23267.87
136911,35438.0,0.0
136912,20635.9,7182.88
136913,7484.96,30741.0
136914,1465.0,0.0
137001,14624.0,0.0
137004,0.0,1790.04
137005,1120.0,0.0
137010,142626.0,3711.92
137011,6449.0,21555.65
137017,2776.0,158707.09
147102,13359.0,0.0
147108,459336128.4,0.0
147113,7618.0,7434.0
147117,33169.0,135461.43
157204,287003.0,20696.87
157208,14128.0,3680.0
157214,5380862.0,817524.38
157215,0.0,15717.0
157216,156118.0,16974.45
157217,23850.0,2210.08
157222,0.0,8195.58
157228,1535.0,0.0
157304,3475.0,17946.68
157306,313931.0,198458.51
157307,0.0,172898.26
157308,908727.0,6704250.66
157309,0.0,9938.37
157310,1825788.45,133588.71
157311,93385.0,6600.0
157314,4353.0,6127.62
157315,0.0,5480.49
157317,70109.0,127033.47
157318,72897.0,947164.21
157319,0.0,1062.0
157320,0.0,1150.55
157321,6377.0,16967.0
157322,1376.86,0.0
157323,49580.0,114963.48
157324,1943.0,0.0
157325,0.0,3884710.0
157326,61797.82,2014051.54
157403,10440.69,4848.93
157404,56985.27,0.0
157406,1350.0,0.0
157409,6547.0,0.0
157412,0.0,1813.0
157419,35208.0,57927.0
157604,92419.0,2715.0
157610,4690.0,24149.03
157612,0.0,4867.75
157615,4385.0,0.0
157616,4921.0,511790.0
157902,81491.0,0.0
157907,1468.0,0.0
158007,1000.0,0.0
158201,1445.0,0.0
158204,6966.0,3509.0
158205,28676.0,759436.57
158207,0.0,250260.93
158208,0.0,3341.57
158215,2452.0,2360.0
158301,10047.0,22722.0
158302,27369.0,39680.84
158303,0.0,1021.0
158305,1383.01,31934.28
158306,143841.64,15933.0
158307,0.0,1577.0
158309,48710.0,0.0
158310,0.0,4529.29
158311,10045.0,24919.33
168403,0.0,68126.0
168407,68905.0,380243.0
168408,9276.0,22110.29
168409,4208184.0,475359.35
168412,0.0,23837.0
168413,34846.0,48148.25
168414,459595.0,1281120.66
168415,10361.0,327081.56
168416,0.0,1117.0
168417,0.0,100535.79
168418,238118.0,58788.44
168419,5258.0,17046.93
168421,32910.0,1299504.61
168422,2958.0,0.0
168423,0.0,14111.41
168424,6455.0,583068.74
168426,105472.1,0.0
168427,45790.0,124263.75
168428,101321.0,724037.89
168429,366349.0,2174995.97
168430,5757.0,33651.27
168431,1007765.0,7944518.41
168434,4264.0,0.0
168436,1990.0,0.0
168437,13551.0,1106.0
168438,6566.0,0.0
168441,6611.0,0.0
168443,5630.0,159188.0
168448,2126.0,35671.0
168450,2776.0,36660.1
168451,0.0,27041.0
168452,3844.0,19438.91
168453,46998.0,67724.3
168458,5690.0,0.0
168459,20412.0,0.0
168462,8396.0,0.0
168464,430371.0,238134.7
168465,8311.0,26146.0
168467,0.0,6193.0
168468,1842.0,94792.32
168470,0.0,12871.0
168471,159447.0,1570326.55
168473,22668.0,635130.94
168474,200678.0,4935644.85
168477,33009.0,2793.0
168479,39031.0,75445.0
168481,41104.0,108822.04
168482,2577.0,161566.77
168483,1750236.73,2205993.95
168484,0.0,2620.0
168501,600296.0,3295.31
168502,67823.0,75984.0
168503,32247.0,4202419.14
168504,18800.0,13343090.8
168506,28207.0,10506.0
168507,36419.0,1694692.6
168508,0.0,3998.0
168510,2026.0,0.0
168511,0.0,15483.0
168512,7106.0,60563.0
168513,7879.0,0.0
168514,0.0,182861.27
168515,8828.0,29969.0
168516,6919.0,13419.28
168517,337654.0,14926080.18
168518,1395.0,4018.0
168521,0.0,19180.0
168522,83644.0,0.0
168524,1388.0,552951.0
168525,11104.0,1421279.0
168526,4171.0,189270.96
168527,4995.0,8462.0
168529,37074.0,1244154.36
168530,0.0,2336.0
168531,0.0,3486.0
168532,9392.0,10321.0
168535,16323.0,1459318.67
168536,298182.0,496309.05
168537,23839.0,162174.25
168538,1542.0,51559.0
168539,13348.0,111725.32
168540,0.0,2694.0
168541,6406.0,119300.92
168542,5312.0,1709.0
168543,29026.0,94776.0
168544,0.0,16637.0
168545,95716.14,1751.0
178607,0.0,16988.0
178609,19985.0,27507.62
178701,98896.0,0.0
178702,229165.0,137746.0
178703,821216.28,5848557.56
178704,160082.45,505550.07
178705,453100.0,0.0
178708,378806.77,1757139.83
178709,0.0,6613.0
178711,2484303.0,296700.55
178712,0.0,12848.34
178714,2776.0,236405.77
178716,73900.0,1678845.1
178803,111145.0,2007692.9
189004,35630.0,0.0
189007,0.0,18233.0
189008,0.0,2158.0
189010,0.0,4551.0
189011,0.0,2361.0
189012,0.0,2441.0
189014,8369.0,0.0
189015,52736.0,264398.35
189016,11995.0,4543.0
189017,0.0,5685.0
189018,411962.0,805880.7
189020,0.0,5196.0
189021,2842.0,0.0
189022,4005.0,74605.93
189025,0.0,3300.0
189026,138019.0,356810.15
189027,31923.0,484972.14
189029,1395.0,0.0
189031,1395.0,69929.22
189032,2790.0,31467.0
189033,0.0,6813.0
189206,63205.99,0.0
209401,167059.29,427353.96
209402,0.0,151704.1
209403,1666611.96,4110975.23
209404,15274.0,19670.0
209405,44294.0,112451.75
209406,15646.0,115782.72
209503,28398.0,9725.0
209504,2393.0,13302.0
209505,8766.0,107376.0
209506,0.0,1641.0
209602,4164.0,2341.35
209603,0.0,1995.0
209609,0.0,24347.0
209610,0.0,7270.22
209613,0.0,7341.0
209617,11603.0,21746.0
219701,25656.0,1451.0
219703,487707.48,6837.0
219704,1388.0,4168.0
219705,265953.05,56962.0
219706,122111.0,0.0
