010101,62810.32,233574.69
010102,16650352.04,1333200.28
010103,442521.38,0.0
010104,0.0,66797.0
010105,60265.0,506361.77
010106,1152200.49,10507.88
010201,27562356.15,62722.86
010202,14603352.38,283416.77
010203,148545.43,84266.98
010204,34177.0,0.0
010206,1174926.12,84575.97
010207,1544361.49,273015.19
010209,0.0,1300.0
010210,216379.43,58815.48
010301,7613.0,19552.0
010302,7490565.67,60269.47
010303,1767268.65,26337.7
010304,1365088.97,20629.0
010305,190160.23,9684.0
010306,72874095.33,1166696.89
010307,104203.05,45786.0
010401,90429.62,196844.16
010402,1297022.63,7375054.42
010403,1090544.35,90009.4
010404,8676.05,59247.51
010405,43601.85,667148.57
010406,12135792.7,1005760.52
010407,0.0,69770.85
010408,94411.24,0.0
010409,457555.73,1249.04
010410,0.0,2558.66
010504,501683.54,4567.0
010506,3508.32,0.0
010509,0.0,7250.0
010510,5600.68,0.0
010511,82394.24,232714.2
020601,10537.0,53417.85
020602,146733.12,663485.98
020603,1007.44,110586.74
020604,1500555.36,27855.76
020701,10361.2,4497347.86
020702,642280.92,468743.31
020703,629362.76,2296422.24
020704,6000.0,1262428.75
020705,4721.15,59469.21
020706,11428.87,2376803.86
020707,33577.47,1586.19
020708,2047072.81,64692.08
020709,563119.96,473097.93
020710,66285.04,343213.01
020711,6968.0,113975.77
020712,0.0,10584.44
020713,9133212.09,11751257.57
020714,2454188.44,72983.91
020801,31514.91,64144.34
020802,151010.0,30717.29
020803,20839526.39,1291643.62
020804,1798635.71,31087.89
020805,151610.36,1287316.23
020806,0.0,150895.63
020807,1271832.69,105940.2
020808,26070.08,329130.46
020809,0.0,34244.9
020810,219507.92,61865.83
020811,21558.74,79554.25
020812,0.0,7962.16
020813,489566.94,16770.0
020901,143787613.98,1898109.27
020902,0.0,57090.22
020904,9952.86,25692.26
020905,9779.0,0.0
020906,7232.14,353631.05
020907,0.0,1653.89
020909,0.0,4267.41
020910,149434.79,18158.58
021001,0.0,1644637.6
021003,0.0,21547.77
021004,0.0,61273.51
021005,500087.85,1478400.39
021006,3882.47,5117187.19
021007,7200.0,315320.51
021008,21682.33,176299.15
021101,420199.54,1964512.86
021102,189342.11,3981785.58
021103,0.0,461376.13
021104,434989.58,1878760.03
021105,0.0,9339.33
021106,3889.0,50322.17
021107,0.0,233735.94
021108,36522.24,52884.3
021201,58267.45,2197059.39
021202,18862552.23,316359.09
021204,10274.19,7685.74
021206,0.0,4393.78
021207,3772768.95,166664.61
021208,1328774.56,143017.14
021209,49953.95,1041014.58
021211,1604.0,106448.89
021212,112909.42,21745.92
021214,34892.61,1210.0
021301,0.0,39750.52
021302,1316.0,112137.34
021401,0.0,19197.75
021404,5787.0,2689.0
031501,6449.04,11221.89
031502,195157.49,779757.5
031503,157108.0,0.0
031504,0.0,4388.48
031505,2881.16,3738.0
031506,14028.55,0.0
031507,191807.68,3015710.81
031508,1591265.84,0.0
031509,0.0,109103.87
031510,0.0,18865.0
031511,545355.07,14804419.08
031512,0.0,1966490.82
031513,0.0,360324.21
031514,0.0,1791871.59
031515,128328.66,1752248.39
031516,29476.92,2383377.05
031517,0.0,2159151.86
031518,0.0,1088.0
031519,0.0,3707705.77
031520,0.0,38677.68
031522,0.0,2488.46
041601,997668.7,409639.46
041602,1626983.38,312472.67
041604,109013.69,2806209.28
041605,153735.0,35626.78
041701,35037231.21,172712.46
041702,23609.23,268593.59
041703,6782.14,355397.92
041704,222665.72,7214538.96
041801,1706821.06,0.0
041803,44705.86,0.0
041804,391430.97,0.0
041805,1137.0,121802.14
041806,0.0,1865216.8
041901,517514.92,5885903.29
041902,111013.0,1458045.39
041904,25253.5,2985701.68
041905,3310554.06,7496258.59
042001,2304.0,137750.21
042002,10826.0,244799.02
042003,0.0,57628.46
042004,0.0,51602.56
042005,152163.55,2141871.73
042006,0.0,8719.28
042007,8482.27,1558133.21
042008,21662.78,534238.53
042009,291082.12,3038126.17
042101,6440906.92,365192.08
042102,3782.0,1111755.36
042103,17098.94,7677567.62
042104,22057.01,4711698.36
042105,1435424.03,48144.14
042106,212876.78,21045730.21
042201,2449.87,20947.55
042202,74692.58,2014484.16
042203,5425.09,792909.59
042204,0.0,612637.01
042205,0.0,35415.11
042206,0.0,68655.91
042207,3745494.0,3350.0
042208,1402055.48,1640631.44
042209,96636.49,56923.81
042301,10166.5,262352.32
042302,1267465.23,16563.56
042303,28150.81,28353.09
042304,729424.24,1932986.03
042305,178500.16,5056.14
042306,82392.42,431480.96
042308,0.0,2264.45
042309,132020.55,6921069.76
042401,7830349.19,3933542.97
042402,11378223.2,5349473.82
042403,134062.0,25502.0
052501,77334.89,363087.88
052503,0.0,75690.19
052504,0.0,1365.27
052505,0.0,151443.81
052507,0.0,15928.13
052508,1639.0,197936.93
052512,0.0,109510.53
052515,0.0,90417.77
052516,4408.01,0.0
052517,114760.63,9161.37
052518,0.0,75401.4
052519,0.0,2699.1
052520,7872.87,152986.16
052522,16887.51,138146.55
052523,0.0,8214709.24
052526,1593.0,18724.88
052528,0.0,1968.41
052529,2699.0,382551.12
052530,0.0,28218.87
052605,0.0,2997.0
052608,0.0,12651.93
052609,0.0,1174.0
052620,531111.13,0.0
052704,0.0,10780.88
052707,845192.23,44476.35
052709,0.0,7030370.68
052710,4116803.39,26351030.84
052711,9522.43,4437983.31
052712,55335.0,745536.15
052713,0.0,947186.05
052714,1138.85,2972978.11
052715,572356.76,1217431.6
062801,0.0,918502.23
062802,0.0,10407.37
062803,0.0,10699.0
062804,45026.1,354677.22
062805,0.0,10662.84
062806,0.0,53197.66
062807,0.0,3510.28
062808,0.0,5523.81
062809,0.0,198344.36
062810,0.0,2100.25
062811,226739.89,75853.78
062812,3367.87,0.0
062814,0.0,18856.89
062815,3729.0,384686.49
062816,0.0,3148.31
062817,0.0,48649.73
062818,0.0,14482.82
062819,0.0,15838.53
062820,0.0,6129.0
062821,0.0,39404.47
062823,4414.0,128724.74
062824,36554.96,10948.91
062825,0.0,9352.95
062826,0.0,3492.88
062827,1794.25,101633.8
062828,70119.37,1062989.37
062829,11208.0,44926.23
062830,0.0,83706.17
062831,0.0,26825.09
062832,0.0,52319.73
062833,4404.94,176732.45
062834,4497.81,77652.75
062835,15380.77,205975.12
062836,9000.0,113322.47
062837,62359.53,198572.11
062839,1355.0,37868.42
062840,1789.72,5107.12
062841,0.0,77842.13
062842,0.0,34673.49
062843,0.0,6232.0
062846,0.0,31179.0
062847,0.0,44371.72
062849,0.0,119481.12
062851,0.0,8382.07
062901,344537.47,45462.51
062902,1356098.4,278479.02
062903,0.0,408518.84
062904,0.0,30599.73
062905,4829.15,441728.84
062906,0.0,15345.0
062907,0.0,88315.32
062908,0.0,38138.65
062909,25412.0,106870.28
062910,0.0,48175.51
062911,187704.1,0.0
062912,43813.74,68346.37
062914,0.0,265505.38
062915,118152.69,344267.97
062916,0.0,55135.03
062917,121338.84,57433.6
062918,1426.56,119192.31
062919,0.0,2177.0
062920,1596.0,0.0
062921,22730.83,21238.77
062922,0.0,336825.37
062923,0.0,14467.91
062924,0.0,23634.05
062925,0.0,19039.43
062926,2186.0,2783.72
062929,0.0,197492.65
062930,0.0,623380.34
062931,0.0,2249.04
062932,0.0,11294.0
062933,2147.0,119484.05
062934,0.0,91275.75
062935,0.0,30315.1
062936,1517.0,586910.23
062937,0.0,95979.79
062938,0.0,5235.0
062939,0.0,37924.04
062940,0.0,7335.0
062941,0.0,272518.52
062942,3000.0,363856.74
063002,254505.76,2810010.98
063003,41848.0,982529.6
063004,463930.49,80933821.74
063005,80661.28,1275938.69
063006,513447.0,1447174.74
063101,25024.0,164179.28
063102,3069.11,3061636.4
063103,0.0,19617.81
063104,0.0,1267294.9
063105,0.0,3837000.84
063201,0.0,81836.5
063202,0.0,219205.53
063203,2705.95,25479.88
063204,28169.17,379538.07
063205,1435.0,445918.68
063206,31014.99,865252.46
063207,12869.99,174194.74
063208,1333.0,2582090.04
063209,3792.8,1007482.5
063210,0.0,34689.44
063211,0.0,113752.96
063212,48682.33,144323.09
063213,0.0,58647.65
063214,20757.99,424781.19
063215,23602.0,2051939.38
063301,4373.0,378107.21
063302,807839.17,1228236.03
063303,0.0,677985.65
063304,27498.0,1331104.35
063305,1217.0,2523257.64
063306,81156.0,3512953.67
063307,12279.61,2383709.92
063401,158695.53,18410224.9
063402,135406.51,7989098.26
063403,0.0,118142.03
063404,0.0,113209.64
063405,2375.0,1183936.66
063406,287945.84,50499.64
063407,0.0,44426.85
063501,0.0,3024.0
063502,0.0,19923.0
063503,6963.0,78054.43
063504,0.0,21466.28
063505,0.0,53630.25
063506,43601.36,1875091.0
063507,0.0,558296.81
063601,0.0,2260.0
063602,22770.33,807392.79
063603,0.0,126075.22
063604,0.0,63896.08
063605,136654.64,681310.6
063606,0.0,27163.77
063701,4834.0,86337.4
063702,0.0,335836.63
063703,216320.85,109074.66
063704,0.0,6301.0
063705,0.0,50656.0
063706,5645.0,2937.0
063707,27601.32,2461882.39
063801,107392.02,0.0
063802,1070.04,302234.51
063804,0.0,5399.0
063805,0.0,89305.6
063806,0.0,35761.44
063807,0.0,2027.08
063808,531558.98,22893234.37
063809,0.0,155894.43
063810,6753.52,29771.16
063811,0.0,420593.89
063812,0.0,48593.88
063814,2181.0,223826.38
063815,14967.26,46327.97
063816,0.0,117271.13
063817,86758.91,69459.6
063818,0.0,1001.0
063819,0.0,158243.52
063820,0.0,8473.82
063821,0.0,21412.7
063822,8885.0,799008.82
063823,6618.43,1310277.2
073901,15557.2,1521352.42
073902,11233.51,416539.72
073903,46693.76,88349.25
073904,8223.25,1719434.43
073905,6344.0,578563.74
073906,0.0,94538.94
073907,14217.49,1941992.73
073908,1876.0,17728.0
073909,1253852.4,174798.77
073910,0.0,22123.35
073911,0.0,74759.22
073912,16172.0,115457.17
073914,0.0,5986.0
073915,26970.06,225195.08
073916,15589.0,840710.09
073917,226123.38,4973604.03
073918,0.0,42487.34
073919,9649.0,323067.55
073920,28404.6,3656516.93
073921,344340.07,1759803.51
073922,37575.26,514562.2
073923,354871.39,12324512.74
073924,103279.74,3725163.14
073925,35361.0,555545.26
073926,336301.86,3687790.84
074001,28245.13,92131.24
074002,1679.0,401628.66
074004,0.0,9013.05
074005,47952.71,130048.87
074006,6938.12,111822.45
074007,0.0,6856.03
074008,1636.13,260119.56
074009,2639.0,867675.0
074010,21837.61,369092.64
074011,236258.56,21117691.82
074012,3569.0,889085.1
074013,0.0,536321.44
074014,1025.0,166759.3
074015,1000.0,196935.04
074016,4473.56,633855.89
074017,0.0,44405.2
084101,503386.85,96156.1
084103,4751.77,0.0
084104,3177453.55,676105.57
084107,29720.0,0.0
084108,1581.0,0.0
084109,132458.7,132932.76
084111,0.0,9133.59
084201,13267.0,0.0
084202,86908.93,4013857.93
084203,26897.2,256348.15
084204,6007.0,60253.0
084205,3152.0,118105.0
084206,2900.0,1780.0
084302,1250.0,5672.87
084304,0.0,21320.0
094401,23347.0,0.0
094402,100130.62,3410.0
094403,32440.48,1782.4
094404,191388.87,37643.25
094405,1550.0,0.0
094407,9730942.92,224273.72
094408,1055780.94,0.0
094409,275747.6,27399.15
094410,55819.0,926637.73
094411,0.0,437085.26
094412,1224519.49,848841.94
094413,19817.0,45664.95
094414,7762.42,27319.45
094415,225314.59,505254.88
094416,0.0,7677.0
094417,4003.73,0.0
094418,759325.54,405015.81
094419,13145.55,19490.1
094420,194259.31,36175.72
094421,65379.59,179933.59
094501,0.0,2969.0
094503,0.0,7093.0
094504,0.0,21142.29
094601,3338.22,0.0
094602,16664.47,6257.01
104704,0.0,5677.12
104707,128351.75,40235.12
104801,0.0,1943322.77
104802,0.0,1338326.47
104803,0.0,46591.09
104804,8238.0,661824.08
104805,9701.25,295188.49
104806,0.0,66616.18
104807,215466.25,0.0
104808,0.0,1204782.54
104809,8867.0,78488.32
104810,8728.37,619611.25
104811,39684.88,617208.57
104812,0.0,5565.0
104813,26718.0,165162.49
104814,0.0,23186.72
104816,0.0,276401.72
104817,23429.0,92401.74
104818,82743.52,7633108.18
104819,77170.44,4360347.96
104820,60838.51,6086057.42
104821,3035.68,1027215.86
104822,0.0,8009.26
104823,31523.92,3432411.26
104901,260972.81,7843209.23
104902,0.0,714125.15
104903,4518.0,29677.14
104905,0.0,141557.07
104907,55330.0,1054881.17
104908,3174.0,78425.21
104909,3191.0,161993.86
104910,0.0,71939.79
104911,16462.08,1242730.62
115007,0.0,2243.0
115105,0.0,1180.0
115106,6370.0,3059.0
115109,0.0,44044.0
115111,0.0,8574.0
115112,0.0,19376.13
115201,363834.06,0.0
115202,10706.02,364727.24
115203,16048.0,0.0
115204,0.0,115973.07
115205,6867.44,12900.39
115206,4169.0,3312.0
115208,4151.0,4281283.41
115209,0.0,5785117.58
115210,1805.0,1211572.07
115211,0.0,213983.39
115212,72564.0,289983.06
115303,0.0,226446.21
115308,0.0,3336.0
115309,0.0,235014.0
115310,200290.6,0.0
115311,0.0,7183.0
115401,17894.16,203052.38
115402,2003.0,97588.34
115403,0.0,12095.0
115404,1929.05,7813.0
115406,1899.0,57824.0
115407,0.0,2175325.43
115408,2073.0,42513.69
115501,0.0,13735.0
115503,0.0,45452.47
115506,0.0,2078.93
115508,1792.0,678835.93
115509,42864.0,3594.0
115512,14638.21,203275.58
115513,0.0,5893956.8
115514,0.0,325747.85
115515,0.0,9740649.84
115516,0.0,123094.73
115601,0.0,49044.69
115602,0.0,23225.27
115603,26206.3,281586.11
115604,0.0,4143.0
115607,41129.06,418428.62
115608,610059.46,318408.59
115609,156602.0,42042.68
115701,0.0,1600.0
115702,0.0,109713.0
115703,3347.0,64304.02
115704,0.0,3852.0
115705,10259.99,5936.0
115801,0.0,325683.0
115802,0.0,1592.0
115804,0.0,163675.4
115805,0.0,8148.9
115806,12382.93,297298.31
115807,3838.0,1039705.8
115808,11744.0,15442.46
115810,0.0,103327.0
115811,0.0,20110.0
115901,0.0,10536.12
115903,19598.0,505859.74
115905,2650.0,0.0
115906,0.0,5400.0
115907,0.0,40932.71
115908,7020.87,241465.7
115909,2817.0,48092.9
115910,0.0,14730.88
115911,0.0,77158.61
116001,0.0,8248.0
116002,30072.0,18990905.58
116101,18285.0,8876.0
116102,0.0,6753.0
116103,22542.0,431098.77
116104,1549261.37,897747.87
116105,10474173.0,301265.42
116106,3697886.0,172980.86
116107,3550.0,449136.32
116108,1275.0,327983.13
116109,1828445.83,3076398.95
116110,40330715.0,79005.69
116111,41732.0,31853.35
116112,0.0,17144.08
116114,0.0,4884.0
116115,5053.0,767884.46
116117,0.0,1416798.93
116201,408827.0,8805.0
116202,107005.0,3828.0
116203,91222171.62,4990605.96
116204,68063866.74,2587590.56
116205,46606784.0,2276009.78
116206,52669.0,129298.33
116207,8983.67,190153.34
116208,16874.88,450512.49
116209,217363.0,172844.68
116210,1093.0,1227.0
116211,329910.0,32673.32
116212,18215965.0,1630034.28
116213,0.0,6641.95
116214,0.0,2525.0
116215,0.0,2892.0
116217,24833.7,413279.05
116301,22277.0,254312.37
116302,52397.91,3021501.33
116303,5034.0,23536.58
116304,5595.0,90861.4
116305,1781745.3,1604892.42
116306,31860.31,68959.79
116307,110805.42,547615.93
116308,5450.0,6842.0
116309,38956.66,608234.38
116310,19441.53,85048.85
126401,2570.0,195744.01
126402,74351.61,1722344.88
126403,800899.48,3544284.25
126404,368581.46,3242703.68
126405,2378449.27,1812250.77
126406,29930.82,873077.51
126503,1412.0,1300.0
126504,38690.31,3231.15
126505,1348.06,65626.42
126506,5397.0,95952.51
126507,0.0,1260.96
126601,0.0,13801.36
126702,0.0,34607.43
126703,1274.72,1949.0
136802,512280.97,208767.54
136804,0.0,157789.91
136805,7240.0,924284.6
136806,0.0,63950.23
136807,1947.0,202524.61
136808,0.0,37882.0
136809,0.0,198490.64
136810,43454.03,333665.26
136811,28470.8,2305811.07
136812,0.0,140713.47
136813,3397.0,619281.64
136814,0.0,27219.0
136815,6760.32,15617.33
136901,7897.41,13465.16
136902,3268.0,232662.09
136903,0.0,224609.35
136904,15361.71,116173.89
136905,217478.52,9397.73
136907,20863.81,8725.29
136908,14763.1,3582252.65
136909,9352.0,66893.51
136910,7143269.5,276068.52
136911,26434.02,149813.5
136912,27242.12,116770.47
136913,237582.02,315827.46
136914,33571.75,39998.46
137001,72194.49,0.0
137002,0.0,2017.69
137003,0.0,272612.7
137004,6031.55,98528.05
137005,0.0,570508.55
137006,0.0,36131.1
137007,15337.17,608156.7
137008,0.0,57714.01
137009,45677.45,317015.51
137010,114401.85,7072993.7
137011,0.0,5798.0
137013,5246.14,661456.52
137015,0.0,1416.47
137016,0.0,21110.57
137017,17521.4,119616.28
137018,1910.0,2518.95
137019,1684.0,300125.1
137020,5013.74,83516.87
147101,38648.0,13606.0
147103,25750.14,13065.0
147106,209381.33,8571.0
147108,30999278.87,0.0
147113,0.0,11225.0
147114,0.0,3062.12
147115,0.0,2850.0
147117,0.0,46309.26
147118,3266.0,0.0
157204,439151.13,55964.48
157205,1199.0,5025.25
157206,0.0,11597.85
157207,2000.0,1455.29
157208,27282.96,3455806.6
157209,32855.22,2877555.35
157210,0.0,21531491.83
157211,0.0,308322.99
157212,0.0,586674.08
157213,0.0,327366.61
157214,14608.87,9574555.25
157215,2000.0,273859.31
157216,16565.87,2444617.02
157217,115184.69,466959.22
157219,1033.0,217202.59
157220,0.0,82204.5
157221,10556.83,0.0
157222,0.0,53422.67
157223,0.0,170642.0
157224,6447.0,6935.84
157225,0.0,6726.73
157226,0.0,148518.98
157227,24106.84,698472.93
157228,0.0,39829.15
157229,0.0,77748.65
157301,0.0,81558.0
157302,18101.02,926677.0
157303,0.0,1704794.91
157304,4163.58,620359.93
157305,0.0,377691.21
157306,25915.16,5491830.88
157307,53961.0,835977.35
157308,27552.42,4521929.0
157309,9527.06,73502.59
157310,309241.52,770569.81
157311,47048.58,1686012.44
157312,2310.0,210137.64
157313,54176.15,1975719.88
157314,2450.68,890834.19
157315,1560.0,608931.47
157316,0.0,24200.67
157317,256509.18,814361.11
157318,9603.67,814291.29
157319,0.0,30260.06
157320,0.0,305280.01
157321,0.0,3568322.8
157323,40766.4,195759.91
157324,18687.52,732272.98
157325,3763.35,213074.85
157326,6925.56,1917455.38
157403,0.0,7351.27
157404,396113.98,0.0
157407,0.0,72062.06
157408,0.0,75159.0
157409,127948.2,8443.23
157411,3540.0,282152.85
157412,1436.0,5241.54
157413,0.0,491508.7
157414,0.0,10778.28
157415,0.0,19178.49
157418,0.0,6441.72
157419,0.0,21899.0
157601,592983.84,0.0
157602,702868.98,0.0
157603,0.0,10523.21
157604,5881.06,1031533.99
157605,46977.16,113843.6
157606,2247.37,700618.18
157607,8445.0,201036.7
157608,55181.91,248476.88
157609,0.0,33819.81
157610,35413.45,1994551.51
157611,0.0,28195.74
157612,2423.0,284130.67
157614,10054.05,607211.17
157615,154544.81,222550.82
157616,0.0,151612.83
157801,0.0,1132.67
157802,105450.94,0.0
157806,0.0,16550.25
157901,0.0,153212.88
157902,19518.06,0.0
157903,41214.0,26472.27
157904,0.0,57091.83
157905,0.0,35464.4
157906,0.0,1071.64
157907,0.0,17174.64
158001,18020.0,5804.0
158003,0.0,34923.75
158007,0.0,2931.0
158101,0.0,4454.0
158105,0.0,2277.0
158112,0.0,1218.0
158201,0.0,704981.21
158202,7584.0,516082.8
158203,9348.0,494411.25
158204,0.0,73463.57
158205,0.0,423687.26
158206,12250.0,99703.37
158207,13062.0,335002.26
158208,3841.0,92800.69
158209,1633.0,0.0
158210,0.0,391276.37
158211,0.0,99464.64
158212,272445.0,1564817.24
158213,0.0,66783.86
158214,3247.89,53453.07
158215,9371.02,71451.61
158301,0.0,544452.32
158302,76774.74,860336.74
158303,0.0,113200.34
158304,3673.98,114698.46
158305,0.0,212110.62
158306,6204.0,23200.07
158307,0.0,11777.95
158308,9702.0,197907.21
158309,27491.52,1802563.66
158310,0.0,16465.73
158311,52176.39,1460584.52
168402,0.0,457501.45
168403,0.0,29651.0
168404,0.0,38819.0
168405,4553.0,32199.0
168406,50143.0,435298.45
168407,0.0,360640.21
168408,7167.0,627674.58
168409,253865.0,6056904.52
168410,219117.0,481385.0
168411,0.0,1198.0
168412,0.0,48819.23
168413,323208.08,7711238.91
168414,212700.84,1501596.92
168415,8739.1,691992.89
168416,1891.0,24085.9
168417,12106.21,465467.11
168418,1503227.79,12317062.71
168419,1275.0,567992.96
168420,37000.0,5012.26
168421,15573.0,4969343.2
168422,214030.0,3184648.52
168423,44435.0,382655.42
168424,2914.37,1871908.4
168425,5488.96,162742.67
168426,209836.0,64256.55
168427,39315.38,250323.94
168428,21704.53,1661922.29
168429,89903.17,7488292.51
168430,270647.0,717993.06
168431,179507.55,548452.6
168432,110796.21,528161.39
168433,139890.11,4490923.85
168434,3804.0,197411.9
168435,2769.0,2948.0
168436,10945.41,477176.75
168437,10000.0,1572765.39
168438,262991.0,4673777.76
168439,3000.0,52326.0
168440,7500.0,41258.0
168441,46864.84,827764.55
168442,10628.0,403142.65
168443,8565.85,1175144.18
168444,45000.0,1750.0
168445,1000.0,38068.48
168446,0.0,4060.0
168447,0.0,784338.0
168448,0.0,30222.0
168450,1999.0,86213.87
168451,0.0,126068.0
168452,1532.0,3624134.22
168453,0.0,193736.38
168454,0.0,8534.0
168455,0.0,3295.0
168456,0.0,2386.75
168458,4500.0,139092.91
168459,0.0,72395.43
168460,3060.0,44639.0
168461,0.0,52812.67
168462,126682.02,472954.49
168463,60223.09,38403.45
168464,1822.0,23026.3
168465,14191.0,185222.55
168466,9590.0,6889128.51
168467,5078.0,361276.64
168468,9044.0,30156.58
168469,13000.0,222967.62
168470,121975.0,817909.39
168471,133216.0,18328539.38
168472,4421.0,371576.98
168473,101334.15,7201663.71
168474,46063.0,521848.31
168475,0.0,4531.0
168477,87135.0,165992.4
168478,374550.0,31228.25
168479,514428.87,569423.95
168480,87748.0,62881.55
168481,22649.24,2378903.85
168482,2075.0,1630248.68
168483,22035.0,1592001.15
168484,11868.0,1401127.16
168485,3266.0,174770.06
168501,134892.0,1432658.1
168502,417980.0,923544.07
168503,65490.0,57360103.0
168504,25265.7,6802873.88
168505,0.0,10637.0
168506,9480.0,5479949.04
168507,28751.42,4165469.55
168508,19070.0,130062.48
168509,0.0,29296.55
168510,0.0,1864.0
168511,18811.0,1241521.98
168512,8330.0,411732.45
168513,0.0,62812.94
168514,33204.0,38824.91
168515,3719.38,515324.08
168516,2839.6,210650.56
168517,68719.0,9824959.4
168518,24173.0,205255.92
168519,10136.0,46588.0
168520,0.0,5000.0
168521,20463.0,18594.67
168522,0.0,6242.3
168523,1334.0,305405.53
168524,20359.0,1177994.62
168525,58501.4,9649754.0
168526,3246.0,2675296.69
168527,7271.0,117617.8
168528,2670.0,143132.43
168529,35388.0,255936.31
168531,0.0,42075.72
168532,0.0,35180.6
168533,0.0,18315.0
168534,1958.0,49275.0
168535,1088.0,368683.12
168536,9794.0,3431500.19
168537,49005.0,1575895.48
168538,0.0,888548.95
168539,16862.38,3224190.58
168540,1056.01,5685.0
168541,0.0,232441.22
168542,96819.0,1055746.79
168543,1603.0,261865.44
168544,13004.0,6286626.93
168545,261408.19,59851.4
168546,0.0,1089644.44
168547,0.0,196948.37
168548,0.0,13062.0
178605,1690.0,0.0
178606,0.0,12490.0
178607,3145.0,0.0
178608,0.0,5282.46
178609,1027.78,92610.06
178701,477997.37,5103208.53
178702,79813.0,6793475.3
178703,887081.3,66376563.27
178704,239367.77,61706466.32
178705,72198.0,792146.46
178706,0.0,418826.0
178707,31531.0,507926.3
178708,736938.64,8952502.2
178709,0.0,89972.0
178711,36599.0,2432595.09
178712,8823.89,469137.9
178714,4419.36,938952.9
178715,0.0,22869.08
178716,177527.16,1074387.09
178801,0.0,37022.01
178802,28750.0,4874986.83
178803,1800.0,880359.0
178901,0.0,18516.92
178902,391253.62,1185540.05
178903,11555.0,30569.76
178906,67205.0,6000.0
189001,0.0,44905.62
189002,0.0,16419.77
189003,0.0,46637.95
189004,0.0,36155.37
189005,0.0,1967.0
189006,0.0,12392.0
189007,0.0,3403.0
189008,1769.0,21302.48
189009,172248.14,3265688.67
189010,0.0,124638.23
189011,3100.0,151151.56
189012,0.0,23461.0
189013,0.0,1074.96
189015,147658.0,241078.77
189016,0.0,2861.0
189017,1136.0,229058.38
189018,67604.5,14562863.84
189019,0.0,66585.8
189020,0.0,25032.47
189021,60864.83,172442.07
189022,1623.0,406486.89
189023,0.0,731553.52
189024,0.0,20847.0
189025,0.0,142449.02
189026,9873.0,1191340.75
189027,43793.0,501509.89
189028,0.0,362877.73
189029,0.0,24258.17
189030,24462.0,788679.12
189031,130387.0,188096.45
189032,0.0,255018.12
189033,0.0,5878.0
189101,46330.0,146326.0
189102,0.0,14075.79
189103,0.0,7198.35
189104,0.0,2164.0
189105,0.0,23292.04
189106,1000.0,64423.17
189111,0.0,3399.0
189202,0.0,26370.24
189205,0.0,6718.69
189206,2257.62,36861.98
189207,6207.0,0.0
189208,2116.0,1104.0
189209,3074.0,116477.34
199301,375000.0,1767.0
199302,0.0,941295.21
199303,2484.0,444416.25
199304,21063.0,3060.37
199305,15000.0,9506.75
199306,943266.0,782042.89
199307,0.0,1374.0
209401,641190.97,2695458.1
209402,2280.0,111698.05
209403,717114.03,9896168.91
209404,0.0,687954.89
209405,15139.42,3047994.34
209406,19796.14,634572.12
209501,3661.54,18539.93
209502,12961.0,531504.09
209503,36628.23,3241905.29
209504,4454.0,215322.54
209505,87357.42,465242.47
209506,22084.32,214462.93
209508,60000.0,4079.0
209602,2236.0,146980.54
209603,58360.91,1162867.55
209604,0.0,123767.0
209605,0.0,2613.0
209606,2960.0,396532.94
209607,0.0,555765.83
209608,8444.0,2334317.96
209609,0.0,570073.04
209610,0.0,12302.18
209611,0.0,19413.63
209612,3570.0,208271.04
209613,0.0,57670.56
209615,0.0,49931.35
209616,0.0,19140.37
209617,0.0,21483.2
219701,791206.74,198049.79
219702,14087.0,0.0
219703,0.0,5423.0
219704,8660.0,23789.02
