010106,166641.0,0.0
010201,0.0,4715.0
010202,0.0,1740044.0
010203,13932.45,603249.0
010204,0.0,399991.0
010206,0.0,53499.0
010207,0.0,2401816.0
010208,1768.0,18396.0
010210,0.0,90533.0
010302,944740.82,45565.0
010303,92509950.26,66087257.0
010304,2809231.58,0.0
010305,179162.0,0.0
010306,3559.0,5300.0
010307,1692257.52,192208.0
010401,0.0,288926.0
010402,0.0,956981.0
010403,0.0,1259984.0
010404,1375.87,109229.0
010405,0.0,425787.0
010406,1548.86,1388187.0
010407,0.0,396568.0
010408,2209.33,5300.0
010409,0.0,32215.0
010505,0.0,2011.0
010511,52610.24,28655.0
020603,0.0,448924.0
020604,8570.96,14589.0
020701,0.0,241533.0
020702,0.0,39187.0
020703,0.0,520058.0
020704,0.0,279789.0
020705,5911.8,0.0
020706,0.0,328421.0
020707,0.0,3540.0
020708,0.0,9506.0
020709,0.0,69436.0
020710,0.0,113773.0
020711,0.0,26979.0
020712,0.0,23655.0
020713,0.0,89492.0
020714,0.0,53402.0
020801,0.0,31191.0
020802,1481.0,32351.0
020804,1483.73,0.0
020805,0.0,188424.0
020806,0.0,34076.0
020807,0.0,14582.0
020808,0.0,214798.0
020809,0.0,21000.0
020810,0.0,113249.0
020811,35542.66,2379.0
020813,202038.88,54293.0
020901,0.0,60073.0
020902,0.0,309446.0
020904,0.0,20803.0
020905,0.0,6066.0
020906,95451.85,2263.0
020908,0.0,2066.0
020909,462794.29,8987.0
020910,7013.0,257469.0
021001,0.0,45672.0
021005,0.0,364649.0
021006,0.0,1872685.0
021008,0.0,8411.0
021101,0.0,1470419.0
021102,0.0,25292.0
021103,0.0,222708.0
021104,0.0,136803.0
021106,0.0,3436.0
021107,0.0,262348.0
021203,4781.11,0.0
021207,0.0,1614.0
021210,0.0,21200.0
021211,2738.27,0.0
021212,0.0,11903.0
021301,0.0,8599.0
021302,0.0,80744.0
021404,0.0,6641.0
031504,3367980.17,14081.0
031507,853165.56,0.0
031508,0.0,5277.0
031509,0.0,2444330.0
031510,0.0,3961.0
031511,1209236.28,564516.0
031512,0.0,3633457.0
031513,0.0,1930.0
031515,0.0,31070.0
031516,0.0,8491.0
031517,23196.75,44432.0
031518,0.0,3527.0
031519,15741.04,17813.0
041601,0.0,467025.0
041602,0.0,1094912.0
041604,201448375.29,31767.0
041701,0.0,397299.0
041702,1791.62,52426.0
041704,1025.0,184436.0
041805,0.0,3383.0
041806,457533.0,346876.0
041901,20568.76,99655.0
041902,0.0,472103.0
041904,2908.33,381586.0
041905,4884.8,1600293.0
042001,8759.37,25151.0
042002,0.0,66533.0
042003,0.0,49054.0
042004,0.0,111640.0
042005,1849.79,891813.0
042006,0.0,1024.0
042007,0.0,159995.0
042008,0.0,563857.0
042009,69867.31,737092.0
042101,0.0,108253.0
042102,0.0,548438.0
042103,38554.57,274943.0
042104,0.0,23786.0
042105,0.0,1245.0
042106,51164.82,2707702.0
042201,0.0,120228.0
042202,3938.55,846175.0
042203,1238.25,549045.0
042204,81284.59,342869.0
042205,0.0,23110.0
042207,0.0,16570.0
042208,114221.89,1008624.0
042209,0.0,37580.0
042301,3009123.72,3433.0
042307,0.0,1975.0
042309,1432731.29,517905.0
042401,137877.0,264066.0
042402,0.0,78248.0
052501,0.0,2298338.0
052505,1773.46,33923.0
052507,0.0,6575.0
052508,0.0,1892.0
052509,1556.84,0.0
052512,0.0,5300.0
052513,0.0,4322.0
052515,0.0,2617.0
052516,32679.56,43500.0
052517,0.0,13554.0
052520,0.0,1325.0
052523,159465.49,2174306.0
052526,0.0,1917.0
052613,1212505.0,0.0
052619,0.0,4086.0
052620,0.0,21249.0
052707,0.0,33101.0
052710,12810413.19,7494179.0
052711,0.0,3051.0
052712,0.0,26669.0
052715,0.0,167116.0
062801,0.0,21716.0
062804,176690.0,44879.0
062805,0.0,1892.0
062806,0.0,6189.0
062807,0.0,8418.0
062808,5742.0,0.0
062811,1474.0,114241.0
062814,0.0,6218.0
062815,0.0,30472.0
062821,0.0,92842.0
062823,0.0,65056.0
062826,0.0,1680.0
062827,2055.91,7284.0
062828,0.0,64797.0
062829,0.0,12586.0
062833,0.0,4545.0
062834,0.0,1589.0
062835,28958.38,0.0
062836,0.0,54074.0
062840,0.0,3021.0
062847,0.0,31462.0
062849,0.0,18683.0
062901,0.0,7531.0
062902,0.0,11534.0
062903,59200.03,52531.0
062904,0.0,7546.0
062905,0.0,23001.0
062914,0.0,1417.0
062915,0.0,58860.0
062916,0.0,2560.0
062918,0.0,10437.0
062921,20216.53,2650.0
062922,0.0,196573.0
062923,0.0,2505.0
062924,13010.89,0.0
062926,0.0,21958.0
062929,1898.65,0.0
062932,0.0,7778.0
062933,0.0,255880.0
062936,0.0,49307.0
062937,0.0,1264.0
062938,0.0,7956.0
062942,0.0,1698.0
063002,67685.0,19052.0
063003,28766.0,14571.0
063004,716572.0,1537619.0
063005,0.0,84426.0
063006,13202.0,246765.0
063101,0.0,2439.0
063102,0.0,9863.0
063105,8833.85,46197.0
063201,0.0,57944.0
063204,0.0,287270.0
063205,0.0,1639.0
063206,0.0,38883.0
063207,0.0,2466.0
063208,9011.03,189408.0
063209,0.0,391509.0
063210,0.0,100261.0
063212,0.0,105395.0
063213,0.0,2394.0
063214,0.0,104286.0
063215,16399.0,227698.0
063301,0.0,39621.0
063302,0.0,298918.0
063303,0.0,608508.0
063304,15875.0,684238.0
063305,0.0,239459.0
063306,0.0,71970.0
063307,0.0,308701.0
063401,0.0,515389.0
063402,177413.71,1197477.0
063403,10495.54,21798.0
063404,0.0,13709.0
063405,2719.0,23180.0
063406,0.0,96762.0
063407,0.0,1667.0
063501,0.0,53001.0
063503,0.0,4112.0
063504,0.0,2232.0
063505,0.0,5691.0
063506,121274.53,202098.0
063507,0.0,3569.0
063605,0.0,9240.0
063606,0.0,2013.0
063701,0.0,20693.0
063703,0.0,27038.0
063704,0.0,1354.0
063705,0.0,1589.0
063706,0.0,1007.0
063707,0.0,279157.0
063807,0.0,4720.0
063808,7662.18,251814.0
063809,0.0,59620.0
063811,0.0,15208.0
063812,0.0,3230.0
063814,0.0,31679.0
063816,0.0,3981.0
063818,115675.0,3174.0
063820,0.0,18550.0
063821,0.0,22740.0
063822,50920.0,171787.0
063823,0.0,237554.0
073901,184428.69,141170.0
073903,0.0,2225.0
073904,0.0,14697.0
073905,0.0,6021.0
073906,118884.28,44843.0
073907,67956.89,155718.0
073909,0.0,1769.0
073910,0.0,1183733.0
073911,1440.89,50213.0
073913,0.0,32679.0
073915,144376.32,0.0
073916,0.0,66566.0
073917,95923.0,1133040.0
073918,0.0,66532.0
073919,11402.0,108093.0
073920,5656.02,227089.0
073921,155622.0,130883.0
073922,2606.0,176002.0
073923,192588.14,2723993.0
073924,181503.91,616684.0
073925,110995.0,472780.0
073926,77549.65,1228319.0
074001,0.0,32779.0
074002,4662.95,0.0
074004,9970.42,0.0
074005,26542.53,42070.0
074006,0.0,13577.0
074008,0.0,145737.0
074009,13982.58,145206.0
074010,0.0,22565.0
074011,434464.89,5866171.0
074012,0.0,150752.0
074013,0.0,8118.0
074014,0.0,6922.0
074015,2652.0,264334.0
074016,162123.1,262219.0
084103,10145.29,0.0
084106,0.0,1041.0
084111,0.0,1216.0
084201,0.0,5679.0
084202,15984.0,289584.0
084203,14929.0,106038.0
084205,3866.0,15405.0
094401,127645.6,0.0
094403,48550.87,46951.0
094404,0.0,3385.0
094407,1167486.68,3667039.0
094408,0.0,5049.0
094409,0.0,194547.0
094411,0.0,78734.0
094412,34956.64,2282289.0
094413,0.0,21891.0
094414,0.0,23198.0
094415,5720.25,13647.0
094417,0.0,1201.0
094418,97139.64,1633733.0
094419,3559.0,44552.0
094420,1325.0,786265.0
094421,8769.12,116737.0
094504,1324.0,0.0
094601,0.0,119165.0
094602,0.0,162750.0
104707,66338.49,27149.0
104801,1880.41,72470.0
104802,55048.35,103936.0
104803,0.0,612298.0
104804,9589.4,19481.0
104805,0.0,84661.0
104806,0.0,10428.0
104807,0.0,4698.0
104808,1339.02,17035.0
104809,0.0,51741.0
104810,0.0,55817.0
104811,22624.67,151859.0
104812,0.0,9065.0
104814,0.0,89747.0
104816,0.0,8305.0
104817,0.0,449282.0
104818,0.0,969451.0
104819,7627.26,2325279.0
104820,9117.15,263724.0
104821,14753.0,615374.0
104823,41447.72,276815.0
104901,37109.0,452079.0
104902,0.0,325210.0
104905,7119.0,20313.0
104906,0.0,112802.0
104907,0.0,23255.0
104908,0.0,5858.0
104909,0.0,30869.0
104910,0.0,11684.0
104911,28992.0,815595.0
115007,0.0,3435.0
115112,20367.0,0.0
115201,0.0,1672.0
115202,0.0,4715.0
115205,10873.0,0.0
115208,3219.0,39668.0
115209,0.0,53291.0
115210,0.0,28220.0
115211,4318.0,12307.0
115212,14945.0,8161.0
115309,1222.0,0.0
115402,0.0,22154.0
115407,36868.0,372776.0
115408,0.0,21059.0
115504,0.0,2640.0
115508,1632.0,0.0
115510,5795.0,0.0
115512,5659.0,5057.0
115513,0.0,13167.0
115514,0.0,19844.0
115515,0.0,44852.0
115516,0.0,14054.0
115601,0.0,56949.0
115602,0.0,1512.0
115603,0.0,4616.0
115604,0.0,4029.0
115607,12790.47,686219.0
115608,161130.0,3789987.0
115609,0.0,3157.0
115701,0.0,2313.0
115702,11292.0,74244.0
115703,15694.0,80144.0
115704,0.0,7260.0
115705,0.0,39833.0
115801,0.0,5790.0
115802,0.0,3975.0
115804,0.0,10533.0
115805,0.0,24590.0
115806,1881.0,14815.0
115807,0.0,3625.0
115810,0.0,9466.0
115901,0.0,2756.0
115902,1787.0,7708.0
115903,2076.0,12974.0
115904,0.0,11937.0
115906,0.0,4868.0
115909,0.0,1004.0
115910,0.0,1321.0
115911,0.0,14310.0
116002,3066.0,109081.0
116102,1256.0,0.0
116103,0.0,30004.0
116104,0.0,129865.0
116105,2127.0,153384.0
116106,0.0,30774.0
116107,0.0,8968.0
116108,0.0,1104.0
116109,3380.0,482009.0
116110,25789.0,10449.0
116111,0.0,13182.0
116112,0.0,53793.0
116113,0.0,17829.0
116114,2328.0,135137.0
116115,1032.0,30429.0
116116,0.0,9976.0
116117,3555.0,74762.0
116201,0.0,50504.0
116202,1563.0,20360.0
116203,75192.0,574280.0
116204,3523.0,154232.0
116205,25300.0,145357.0
116206,0.0,218262.0
116207,0.0,10541.0
116208,0.0,14354.0
116209,0.0,40548.0
116210,0.0,17121.0
116211,1607.0,99543.0
116212,2704.0,2423.0
116213,0.0,124969.0
116214,8301.0,12504.0
116216,0.0,72497.0
116217,0.0,91896.0
116301,0.0,153617.0
116302,1088.0,623958.0
116303,25173.0,363238.0
116304,0.0,34097.0
116305,0.0,66296.0
116306,1265.0,134312.0
116307,27453.0,133047.0
116308,0.0,11062.0
116309,4921.58,171174.0
126401,0.0,22900.0
126402,0.0,167972.0
126403,31018.0,190142.0
126404,3572.0,155393.0
126405,0.0,106112.0
126406,0.0,2723.0
126504,0.0,17302.0
126505,0.0,56406.0
126506,0.0,20697.0
126601,0.0,159155.0
126602,0.0,1920.0
126603,0.0,14148.0
126702,7236.31,16901.0
126704,0.0,2508.0
136801,0.0,9072.0
136802,6725.62,687239.0
136803,0.0,24583.0
136804,0.0,92141.0
136805,0.0,75200.0
136806,0.0,25657.0
136807,0.0,119802.0
136808,0.0,4046.0
136809,0.0,67514.0
136810,5118.39,28027.0
136811,0.0,138519.0
136812,0.0,5944.0
136813,36356.0,63824.0
136815,0.0,3458.0
136904,19218.81,27701.0
136905,0.0,1264631.0
136906,0.0,15235.0
136907,0.0,106066.0
136908,0.0,499939.0
136909,0.0,22323.0
136910,28278.79,232082.0
136911,0.0,521354.0
136912,1095.07,43701.0
136913,3791.02,46677.0
136914,2298.06,469669.0
137004,0.0,8402.0
137005,0.0,86872.0
137006,2396.59,7570.0
137007,67220.56,228577.0
137009,0.0,111299.0
137010,3701.0,273790.0
137011,0.0,13441.0
137012,0.0,9269.0
137013,5740.82,292535.0
137014,0.0,4484.0
137015,0.0,136784.0
137016,0.0,79452.0
137017,0.0,41826.0
137018,0.0,27019.0
137019,1167.94,5897.0
137020,0.0,47254.0
147101,0.0,46476.0
147102,132271.0,46057.0
147103,7750.0,0.0
147107,5093.0,0.0
147113,58282.0,536895.0
147114,0.0,7232.0
147116,3334.0,52686.0
147117,11000.0,151086.0
147118,0.0,590120.0
157204,510627.18,0.0
157206,0.0,2020.0
157208,397158.32,150154.0
157209,0.0,26502.0
157210,0.0,7323087.0
157211,2373.61,25622.0
157212,0.0,8298.0
157213,0.0,79654.0
157214,0.0,650485.0
157215,4379.91,37192.0
157216,2843.94,83616.0
157217,6119.58,110750.0
157218,0.0,209118.0
157219,0.0,22053.0
157220,196593.88,0.0
157222,3636.9,42665.0
157223,0.0,5477.0
157224,0.0,2121.0
157227,0.0,53714.0
157228,4325.0,73903.0
157301,7106.5,152615.0
157302,0.0,22949.0
157303,0.0,9486.0
157304,42359.05,171752.0
157305,0.0,243010.0
157306,178794.98,614248.0
157307,0.0,646791.0
157308,751940.05,1017143.0
157309,0.0,12380.0
157310,0.0,1623997.0
157311,96863.4,103640.0
157312,0.0,1015991.0
157313,0.0,23201.0
157314,1941.0,510562.0
157315,0.0,134054.0
157316,0.0,12748.0
157317,0.0,204479.0
157318,125747.0,779514.0
157320,18015.0,9491.0
157321,0.0,216113.0
157322,1045.0,1522088.0
157323,8798.0,636916.0
157324,3613.0,108827.0
157325,0.0,54361.0
157326,149599.05,581612.0
157401,0.0,2308.0
157403,0.0,4628.0
157404,295504.8,0.0
157407,85682.97,0.0
157408,0.0,413405.0
157409,0.0,105102.0
157410,0.0,3870.0
157411,0.0,76597.0
157412,0.0,200553.0
157413,0.0,52279.0
157415,1651.0,78365.0
157418,1151.0,41384.0
157419,0.0,83285.0
157505,0.0,2004.0
157507,0.0,8016.0
157601,0.0,125929.0
157604,0.0,156230.0
157606,0.0,316873.0
157607,0.0,106894.0
157608,0.0,19682.0
157609,0.0,22157.0
157610,6002.0,1544796.0
157612,0.0,11984.0
157613,0.0,7350.0
157615,1005.0,266687.0
157616,0.0,205331.0
157905,2976.16,0.0
157907,0.0,29272.0
158003,0.0,5220.0
158007,13528.0,1946.0
158105,590036.0,0.0
158112,0.0,16852.0
158113,0.0,4612.0
158201,0.0,33757.0
158202,2481.0,27748.0
158203,1267.0,26938.0
158204,0.0,31940.0
158205,108870.0,1474070.0
158206,1132.0,22255.0
158207,88115.0,308123.0
158208,2067.0,15581.0
158209,20319.0,0.0
158210,0.0,5142.0
158211,0.0,41551.0
158212,0.0,35744.0
158213,0.0,8373.0
158214,0.0,64420.0
158215,0.0,403499.0
158301,0.0,259258.0
158302,15794.0,348581.0
158303,1696.0,45855.0
158304,0.0,9565.0
158305,0.0,33632.0
158306,0.0,166427.0
158307,0.0,20004.0
158308,1650.0,7432.0
158309,2348.0,1563548.0
158310,0.0,12393.0
158311,8583.29,58026.0
168402,0.0,5498.0
168403,0.0,7218.0
168404,181021.0,37368.0
168405,0.0,88994.0
168406,0.0,154129.0
168407,17002.0,1386854.0
168408,0.0,187357.0
168409,116545.0,4007183.0
168410,0.0,14413.0
168411,101854.0,2693533.0
168412,0.0,127684.0
168413,55381.0,1532092.0
168414,125958.0,1863242.0
168415,7859.0,1445939.0
168416,0.0,19835.0
168417,0.0,36733.0
168418,347679.0,1826649.0
168419,15839.0,1108438.0
168421,166698.0,3851073.0
168422,131483.0,786467.0
168423,1425.0,215744.0
168424,61411.0,584926.0
168425,42797.0,77349.0
168426,0.0,597611.0
168427,0.0,1173193.0
168428,2259.0,859468.0
168429,0.0,1018859.0
168430,0.0,177025.0
168431,66747.0,7145396.0
168432,19078.0,556623.0
168433,11648.0,38786.0
168435,0.0,23241.0
168436,0.0,80422.0
168437,0.0,5336.0
168438,78327.0,1189370.0
168439,5687.0,1088.0
168440,0.0,6017.0
168441,727177.0,16217.0
168442,0.0,80809.0
168443,456336.0,1027870.0
168447,0.0,1720.0
168448,0.0,26725.0
168450,0.0,370801.0
168451,0.0,139894.0
168452,0.0,20208.0
168453,506336.0,0.0
168454,5934.0,1367.0
168457,0.0,44399.0
168459,0.0,38172.0
168460,0.0,32069.0
168461,71407.0,4554.0
168462,7994.0,13564.0
168463,0.0,20763.0
168464,2590.0,5026.0
168465,8973.0,40241.0
168466,45923.0,311836.0
168467,40734.0,144887.0
168468,0.0,94579.0
168469,0.0,1073.0
168470,199709.0,204337.0
168471,35984679.0,3370884.0
168472,6149.0,50591.0
168473,825093.0,1823733.0
168474,21275.0,665661.0
168477,41927.0,102472.0
168478,0.0,91223.0
168479,366935.0,2326290.0
168480,254872.0,44470.0
168481,112160.0,1546026.0
168482,2106.0,75808.0
168483,86430.0,307044.0
168484,0.0,82135.0
168485,49350.0,786277.0
168501,4641.0,351339.0
168502,20294.0,14248356.0
168503,5324.0,99373.0
168504,47204.0,630541.0
168505,13538.0,16411.0
168506,0.0,302124.0
168507,11466.0,403958.0
168508,0.0,68287.0
168509,8537.0,239393.0
168510,52275.0,6191.0
168511,8668.0,199141.0
168512,0.0,110067.0
168513,1201.0,40361.0
168514,2650.0,41732.0
168515,13594.0,24462.0
168516,5122.0,724990.0
168517,578960.0,3482306.0
168518,26347.0,248653.0
168519,7449.0,38839.0
168520,0.0,5903.0
168521,3093.0,263964.0
168522,3491.0,45447.0
168523,13643.0,203191.0
168524,127880.0,478727.0
168525,275704.0,1530261.0
168526,21956.0,2691985.0
168527,0.0,110179.0
168528,2322838.0,915033.0
168529,13802.0,1026068.0
168530,0.0,21292.0
168531,4969.0,539918.0
168532,24596.0,6280.0
168533,1923.0,5242.0
168534,0.0,22765.0
168535,0.0,524926.0
168536,54264.0,795780.0
168537,6116.0,767256.0
168538,3290.0,662356.0
168539,1338.0,253437.0
168540,0.0,48978.0
168541,105810.0,94053.0
168542,164638.0,101743.0
168543,11673.0,772769.0
168544,133374.0,1780197.0
168545,13733.0,0.0
168546,1182.0,1401.0
168547,0.0,32216.0
168548,0.0,129680.0
178607,30190.0,14777.0
178608,0.0,8029.0
178609,0.0,466494.0
178701,30979.0,122818.0
178702,0.0,2468141.0
178703,222691.0,7020066.0
178704,46177.0,4484650.0
178705,0.0,154604.0
178707,0.0,49805.0
178708,693571.0,3928934.0
178709,0.0,158472.0
178711,41158.0,71310.0
178712,0.0,83819.0
178713,16674.0,27745.0
178714,80137.0,64684.0
178715,0.0,4386.0
178716,58832.12,353955.0
178801,0.0,11871.0
178802,634000.0,0.0
178803,51915.0,493459.0
178804,0.0,1498.0
178805,2494.0,400553.0
178901,0.0,138410.0
178902,2940092.46,267830.0
178903,160241.0,2909180.0
178906,2984.0,3456.0
178907,0.0,2980530.0
189001,0.0,40837.0
189002,0.0,35998.0
189003,29616.0,24005.0
189004,4837.0,73216.0
189005,0.0,14842.0
189006,17477.0,46802.0
189007,5496.0,5287.0
189008,5243.0,105712.0
189010,1540.0,31124.0
189011,37012.0,0.0
189012,0.0,2158.0
189013,0.0,10802.0
189014,20871.0,308246.0
189015,101006.0,593875.0
189017,3220.0,133729.0
189018,7480722.0,2741834.0
189019,166758.0,58044.0
189020,0.0,12878.0
189021,25641.0,164329.0
189022,0.0,1521905.0
189023,26045.0,107573.0
189025,1956.0,77812.0
189026,115638.0,206185.0
189027,3183.0,377851.0
189028,0.0,337739.0
189029,0.0,16498.0
189030,32173.0,124140.0
189031,104995.0,80968.0
189032,4172.0,124113.0
189033,40954.0,70662.0
189101,7921.0,8805.0
189102,0.0,7950.0
189105,5826.88,50673.0
189106,0.0,2940.0
189110,0.0,1478.0
189113,0.0,1005.0
189201,0.0,2439.0
189202,0.0,3512.0
189206,0.0,9275.0
189207,0.0,11996.0
189209,0.0,1097.0
199301,0.0,7000.0
199302,0.0,60364.0
199304,81948.0,0.0
199305,1391.0,1224.0
199306,0.0,403365.0
209401,151752.76,997714.0
209402,0.0,227317.0
209403,221840.83,7478476.0
209404,2651.0,779564.0
209405,56533.12,3362599.0
209406,0.0,1721004.0
209503,219701.36,445440.0
209504,0.0,108438.0
209505,12629.7,74199.0
209506,30870.0,477800.0
209507,12703.0,145216.0
209601,0.0,11101.0
209602,0.0,23575.0
209603,0.0,228154.0
209604,0.0,3274.0
209605,0.0,65485.0
209606,1246.0,0.0
209608,17081.0,83158.0
209609,0.0,9912.0
209610,0.0,11004.0
209611,0.0,5469.0
209612,34475.0,15062.0
209613,0.0,42417.0
209615,0.0,6052.0
209616,0.0,4881.0
209617,0.0,26080.0
219701,39507.0,66762.0
219702,0.0,3865.0
219703,10609.0,158268.0
219704,20345.0,6299.0
219706,0.0,6184.0
