010101,2669193.26,554998.77
010102,90597844.52,77142814.55
010103,11080042.31,105121618.53
010104,1093130.02,342881.31
010105,10959681.46,13546112.85
010106,1904164.18,2607908.89
010201,279908031.27,86544423.68
010202,41015182.53,12937179.05
010203,371074432.69,290462188.1
010204,1077687.39,9933353.65
010205,4354.0,0.0
010206,22403274.66,12117572.01
010207,51079640.43,179107534.86
010208,26374727.35,15228915.27
010209,4845516.46,4466638.06
010210,58288031.01,40059731.49
010301,1889259.31,9546983.84
010302,847977.21,12325498.45
010303,969549.14,6548212.49
010304,2880711.75,68026234.11
010305,1041585.14,18926159.62
010306,1750290.78,16768811.75
010307,603497.24,6321361.69
010401,257906027.86,44155519.32
010402,49848029.81,66740103.12
010403,198135126.7,74367592.41
010404,62325519.62,13125111.18
010405,12297826.11,37911384.88
010406,383053717.73,326434298.79
010407,7301193.54,27842137.96
010408,4387886.73,14896585.77
010409,5418701.27,10945607.36
010410,20847.47,4076.16
010501,130319.96,3358.0
010502,67080.8,47015.18
010503,81291.1,162302.29
010504,17630007.4,25098495.82
010505,4487765.17,3506247.49
010506,2433285.28,159672.79
010507,470229.22,246549.27
010508,33612.02,0.0
010509,5818.93,78491.89
010510,72158.76,453740.04
010511,7928433.77,21244793.66
020601,2368836.07,17838751.5
020602,15482171.23,179986658.23
020603,3290845.24,102597014.77
020604,1508115.3,12309357.87
020701,16296059.86,25654534.72
020702,4325226.64,58363533.25
020703,12703427.08,20067635.62
020704,3526032.24,14792236.88
020705,4237455.05,36069980.45
020706,9933828.41,11629810.89
020707,6225077.4,21716075.03
020708,694009.8,2000875.23
020709,15846402.27,122012956.79
020710,22577189.94,57553200.69
020711,400866.01,736779.73
020712,4689737.36,20926777.4
020713,3342096.25,7857004.75
020714,47953.43,157332.13
020801,732422.57,2144990.86
020802,9993648.75,75441653.64
020803,13845378.3,75132254.62
020804,5719653.39,18821035.71
020805,4179703.88,79290362.96
020806,4141557.39,35167337.68
020807,1663164.36,11799683.35
020808,58052112.19,40678269.43
020809,3786365.88,60765090.1
020810,6418354.26,66209553.8
020811,32727199.09,73404947.62
020812,747310.06,603925.12
020813,7327830.13,17357371.87
020814,127368.82,53922.7
020901,161890975.7,182944239.65
020902,12365558.16,8780552.86
020903,10165.19,33630.78
020904,10218722.98,15268023.56
020905,379503.1,559378.74
020906,743687.65,430306.31
020907,284806.76,138531.64
020908,617689.24,1010837.4
020909,2041917.89,1972412.56
020910,33038651.99,11717166.76
021001,112736734.28,40174630.68
021002,1927456.37,9191124.33
021003,22210444.74,18161500.38
021004,1402198.65,1996368.41
021005,95885938.33,47435074.53
021006,2031845.58,26215606.98
021007,40900.02,385790.25
021008,4533338.76,3375251.9
021101,8654467.38,12171859.58
021102,4164958.48,3921280.39
021103,7947293.94,5179294.78
021104,13806909.29,6089209.89
021105,3455794.29,1622684.88
021106,1136405.47,2398248.76
021107,22834558.96,19673312.64
021108,32148892.33,13934204.75
021109,149664.65,1642284.79
021201,10981687.67,8460158.32
021202,708606.39,1556384.04
021204,2038315.63,1887766.21
021205,8250838.85,55987474.28
021206,29559816.02,38071894.1
021207,13982082.37,24662447.89
021208,9103582.11,1010484.72
021209,8381850.06,33336000.84
021210,552355.65,1646868.29
021211,15061386.81,12372621.36
021212,1258067.67,1994536.22
021213,2403860.33,2673696.43
021214,2951292.58,4177571.42
021301,1671268.58,2563235.12
021302,6634378.98,34686581.52
021401,1289633.69,836017.56
021402,8248.08,27955.41
021403,9877.0,41879.09
021404,1701415.54,1007635.45
031501,2442570.7,719783.23
031502,5269849.23,1197713.48
031504,669019.13,1447043.26
031505,142565.45,168774.66
031506,3343444.88,363547.3
031507,2857767.38,24002134.09
031508,203115.08,243580.52
031509,1545435.74,33086449.33
031510,199754.08,309209.63
031511,8021913.43,23275597.56
031512,15218362.99,20806036.93
031513,682069.86,3551180.07
031514,34941256.13,26869724.38
031515,9388685.44,15552551.61
031516,8987256.95,28703281.74
031517,42094593.75,40780609.13
031518,3971493.5,18686485.44
031519,10145320.74,15897739.57
031520,1174355.65,1341441.91
031521,41831.47,233336.54
031522,43192.94,221809.11
041601,113955205.99,57077975.75
041602,105692462.95,107010622.39
041603,632015.18,427709.73
041604,4426740.59,96520813.04
041605,862431.27,13545042.36
041701,163146493.22,130947580.9
041702,41238955.11,116635128.42
041703,556385.2,1967852.9
041704,69030255.52,107441753.8
041801,2176.99,28717.0
041802,4105.0,0.0
041803,510292.14,0.0
041804,6129373.83,18601135.17
041805,5431536.78,4027088.31
041806,332554672.29,359882474.16
041901,101407635.34,102077652.95
041902,62746676.98,80027773.1
041903,20526.19,0.0
041904,17186311.42,50960885.13
041905,322399089.97,435940978.54
042001,8392264.54,19834541.1
042002,1336395.81,19095726.14
042003,887852.93,5170648.61
042004,62207056.64,24093789.79
042005,29135556.92,56802449.66
042006,651533.7,1910254.09
042007,25371115.86,24954302.12
042008,107557103.1,142284875.46
042009,282291791.75,266515812.26
042101,18751144.84,54165394.74
042102,10132931.75,16120952.35
042103,123462446.89,71130082.9
042104,32812120.92,25174479.02
042105,4333054.45,66197091.23
042106,231071018.46,379563869.16
042201,8028834.52,19569239.89
042202,1939837164.93,108088831.37
042203,44641219.98,48294258.76
042204,95416218.01,186754175.48
042205,441901.45,4855080.87
042206,1473941.46,2518078.29
042207,3214281.82,30776902.49
042208,29918584.45,111951730.92
042209,3081091.84,8568463.17
042301,2894832.16,5364043.14
042302,3924547.87,1155667.73
042303,13412305.36,5176737.69
042304,10972164.28,75508321.64
042305,8287.0,0.0
042306,12022852.57,5877009.82
042307,11172.0,2499.77
042308,2566943.75,630729.78
042309,213826860.7,205158731.53
042401,1766939.15,22140097.58
042402,391493864.49,70934718.48
042403,23711545.96,61955333.2
052501,42738591.8,29417239.17
052502,3840084.95,800271.62
052503,728457.92,9525224.08
052504,4127582.78,4122864.85
052505,9068844.54,13898501.37
052506,776312.5,2167189.9
052507,10792774.7,30923615.79
052508,3625467.61,17582804.34
052509,3114535.72,276725.53
052510,97875.94,235765.58
052511,1705643.14,267894.91
052512,2259631.86,3589799.03
052513,462240.25,748834.81
052514,265630.39,95867.02
052515,2272433.79,1260360.85
052516,3513228.93,4748303.84
052517,121413834.72,25533363.59
052518,1090901.03,798548.94
052519,36997374.3,78629067.78
052520,15361889.99,7585576.2
052521,5664318.01,144510.98
052522,5449943.19,5660701.12
052523,29165410.41,71155631.59
052524,4701.61,0.0
052525,2386526.87,235575.63
052526,43561462.53,11417755.53
052529,2298292.96,1460145.91
052530,16811463.58,19311504.72
052601,67119.13,231926.0
052602,15604.41,32623.02
052603,140737.27,0.0
052604,55940.29,0.0
052605,2083943.0,0.0
052606,768189.48,2493001.28
052607,112768.28,0.0
052608,233902.74,0.0
052610,197123.78,408391.15
052611,4243640.55,0.0
052613,49967.0,6410044.0
052614,48910.82,338550.05
052615,312819.16,2515099.79
052616,59865.0,0.0
052617,387661.96,0.0
052618,8107873.86,1994845.54
052619,1490140.05,36613.0
052620,30969467.15,37277225.26
052621,4272389.7,4743765.3
052701,6642260.44,158747826.45
052702,403912.37,9592164.26
052703,1479925.89,21570698.38
052704,4227877.19,69043186.95
052705,21136.33,0.0
052706,9869881.15,79866.22
052707,102288157.55,8453103.42
052708,35532.0,546643.01
052709,1054.41,0.0
052710,910595058.86,5756211599.26
052711,834929719.05,2837302377.12
052712,2726541.32,15814313.63
052713,55586432.56,117940158.96
052714,3232688.44,841911.28
052715,9956219.28,7976225.77
052716,5116002172.54,1872082842.36
062801,2160534.31,4413895.41
062802,482543.58,0.0
062803,3325967.76,35140799.82
062804,19058230.47,31616217.99
062805,5684354.03,2695214.99
062806,5151809.73,3978458.86
062807,3451526.04,3902558.42
062808,2452411.44,1003358.62
062809,943539.18,5058655.49
062810,46796.07,488809.27
062811,35646548.08,35633742.87
062812,97496.3,583642.48
062813,2397640.61,788618.19
062814,8412145.87,1230709.38
062815,15309051.06,77823035.2
062816,17249811.92,517124.14
062817,30942920.78,4102282.23
062818,133455756.82,80890983.51
062819,444981.84,2122288.67
062820,56560.06,392711.32
062821,6570344.51,5060139.07
062822,175137.0,219618.19
062823,2085170.69,8332829.36
062824,4964479.26,448141.38
062825,5548716.92,132834295.04
062826,655907.13,1145803.2
062827,17175391.76,10296418.33
062828,8294977.09,2500890.83
062829,206728.19,410649.72
062830,21157617.58,1413482.7
062831,330640.87,3086209.71
062832,496974.59,1993629.89
062833,65182007.22,19203865.61
062834,944424.67,797281.03
062835,9187787.18,32362983.37
062836,20582135.51,39505216.72
062837,287869.09,451971.6
062838,3402.0,12991.39
062839,5199287.1,5298079.07
062840,9060223.62,5742443.47
062841,21082896.87,9483466.77
062842,2934655.86,9814357.35
062843,25985374.28,36650313.07
062844,2890591.95,9648754.66
062845,136555.0,0.0
062846,43968009.0,20839583.0
062847,13505565.12,11834739.95
062848,10072.0,186984.0
062849,170834693.46,10943100.86
062850,1399894.63,5402797.12
062851,1826283.69,2634020.63
062901,28331472.01,41313022.39
062902,21120005.5,144007340.11
062903,3707412.38,31310425.67
062904,689085.54,3080898.79
062905,7692971.02,136928679.62
062906,553821.86,1379763.11
062907,12606740.8,21091292.09
062908,290096.45,1256944.33
062909,49472609.14,32859502.89
062910,5574177.26,3178665.98
062911,29465.0,71590.0
062912,19428405.35,9120588.02
062913,7498.61,0.0
062914,7561372.73,27140322.53
062915,40366103.02,59160380.98
062916,28127110.58,34632748.3
062917,125065247.05,40228486.8
062918,179655646.33,47095342.58
062919,1057465.02,3441443.64
062920,2043019.88,20302040.45
062921,9212282.24,31257381.65
062922,30063063.44,47814150.86
062923,8492031.49,10196972.24
062924,16478047.21,62097745.91
062925,10863304.39,4768426.55
062926,618369.25,7100400.55
062927,107428.44,407805.26
062928,11561388.63,2116339.93
062929,18207110.53,31851883.95
062930,4267621.83,16952710.93
062931,6823189.88,43100055.36
062932,67531467.73,44719171.15
062933,152204705.03,114466000.58
062934,196085566.01,89218537.2
062935,74611762.22,9763363.83
062936,6706525.74,24709655.02
062937,39791996.79,932974685.0
062938,840612.16,1479747.02
062939,88105965.01,14517765.31
062940,49293612.19,1805824.15
062941,399593627.93,244667837.82
062942,8351033.56,3919512.68
063001,13582624.62,8467909.78
063002,1273045444.56,791402577.1
063003,109451450.04,122142233.83
063004,3452988121.03,2512151678.7
063005,53097097.46,78164880.94
063006,204309933.8,111733620.87
063101,7303128.73,3245031.45
063102,133930687.19,97466748.43
063103,1731566.98,2294967.76
063104,1220148.86,34830458.36
063105,84508114.87,28260905.17
063201,416475.33,941764.51
063202,706244.71,5471978.21
063203,2906604.06,5312749.71
063204,37602809.57,125332649.93
063205,3318930.45,1448243.69
063206,30787440.94,102274016.43
063207,19311221.65,49112600.2
063208,118693955.22,183818070.36
063209,131385326.71,114910439.94
063210,8372038.71,15277438.54
063211,1839019.56,1570221.46
063212,16380639.38,21877559.27
063213,1658058.69,8803669.97
063214,130975356.83,86037726.62
063215,105784987.36,184916017.99
063301,18116426.81,18278996.68
063302,40419975.44,145615201.96
063303,39636988.5,110319504.0
063304,84684224.95,309282476.34
063305,52249600.46,98995086.78
063306,6323462.42,31227708.65
063307,37640318.77,138125139.24
063401,9852187.02,49727370.48
063402,283967492.5,333297541.81
063403,75431537.4,98204710.7
063404,5730099.31,29998868.33
063405,16014598.35,26394776.96
063406,14132540.81,70726059.8
063407,1986479.86,5322401.87
063501,1356784.21,4048510.53
063502,2022553.68,11630733.65
063503,2515021.51,8132503.39
063504,6424050.63,4001256.04
063505,58889796.7,36127292.85
063506,70956032.77,105244399.94
063507,48040572.22,20528609.26
063601,34835.0,167297.06
063602,19746123.37,3583360.01
063603,11790503.15,7251557.32
063604,1954850.12,3291783.65
063605,2699252.6,986381.51
063606,6206030.89,5339369.52
063701,21672799.86,83647746.83
063702,6831676.36,19728756.49
063703,2598699.83,4865495.23
063704,888501.01,214696.23
063705,3685957.17,7293573.5
063706,489786.42,2489016.12
063707,23700868.11,69762693.64
063801,8285544.89,11086074.53
063802,12336197.28,8826849.6
063803,804706.94,11909586.17
063804,3234541.06,958622.59
063805,382231.78,438809.66
063806,14792570.19,7526895.11
063807,2304928.48,33915.53
063808,235843653.04,126301799.47
063809,60480408.75,41404504.89
063810,3734363.87,14044392.52
063811,15568233.58,77440459.53
063812,79415475.57,35316406.79
063813,316317.42,1716664.78
063814,10047147.66,18677133.51
063815,11662095.77,67141075.14
063816,118999317.89,32180667.26
063817,20748.7,3573.05
063818,10391125.76,145910892.63
063819,1654063.09,6592890.71
063820,27967331.47,26534846.62
063821,6051537.56,10420730.89
063822,239837758.0,176038889.32
063823,340549097.22,504455835.09
073901,496488464.21,373487833.47
073902,552663128.88,268133662.0
073903,136575173.25,237799077.56
073904,19113936.9,148152670.0
073905,12012547.4,48855034.65
073906,42739464.84,160883006.34
073907,299852391.92,646624475.69
073908,20609599.63,180144882.12
073909,102758717.32,187679814.32
073910,12090381.36,57280199.54
073911,8279777.8,39696668.95
073912,13800034.35,34599152.0
073913,106102006.02,20646200.24
073914,27935012.75,22132463.68
073915,26284963.1,20465156.72
073916,172959226.99,109515233.05
073917,358652893.66,304040220.66
073918,11361868.77,28643727.25
073919,77664295.33,184644109.86
073920,704463967.9,532656425.63
073921,552347252.1,312391731.7
073922,53672781.42,69663352.27
073923,569591088.58,496004562.14
073924,32641474.16,121499065.71
073925,168020842.46,208529537.17
073926,677121699.96,731304277.77
074001,2895476.98,13109512.82
074002,35557328.43,130993825.2
074003,128106.65,938245.12
074004,7009632.25,2512623.44
074005,126525341.11,28257256.62
074006,17058561.94,6392590.79
074007,404678.23,1338260.75
074008,56375836.89,76953255.36
074009,90066485.51,134649445.75
074010,12902030.51,44563485.26
074011,97974076.89,656739058.78
074012,39750684.55,24586834.91
074013,920970.48,2827858.23
074014,11571803.51,34162020.71
074015,58633181.09,37560006.47
074016,199884694.5,279950533.52
074017,4605449.11,5644011.39
084101,67450596.61,110365825.55
084102,449107.3,22596.0
084103,161116.55,202235.94
084104,367867441.87,131632396.36
084105,1245704.94,1135371.17
084106,5050712.21,8178209.6
084107,3609817.15,8507594.19
084108,2292374.15,1918644.32
084109,2817162.44,1924756.31
084110,156975.81,13000.0
084111,505988.1,1429102.77
084201,3778739.91,8747225.36
084202,60267259.23,280105717.28
084203,39726656.22,136160891.28
084204,424757.97,298971.78
084205,82527459.12,28257174.15
084206,136864.57,16904.32
084301,945427.93,175406.0
084302,2554895.93,6243848.61
084303,10679044.96,25481946.93
084304,150861.21,323266.25
094401,99381675.78,135336175.21
094402,577515.02,2155732.17
094403,86937382.95,613841500.12
094404,2722750.65,1363787.64
094405,2666923.73,1648970.08
094406,2659736.67,176374.49
094407,1563520614.66,481540177.69
094408,82734706.63,105941187.54
094409,171653245.86,61543423.8
094410,614629598.57,113448906.95
094411,411095905.53,108727638.07
094412,213393313.8,114030431.15
094413,7302057.45,2764363.64
094414,1940998.16,9220887.17
094415,27054452.73,75989155.01
094416,3350599.23,5468101.52
094417,2316682.95,4923417.19
094418,894496349.13,281372655.44
094419,2951493.46,6458550.23
094420,5591447.95,12361315.1
094421,67999096.75,89676005.01
094501,163579.7,37999.08
094502,26042.14,0.0
094503,2153929.76,9154255.95
094504,13907082.37,17716399.95
094601,2703468.45,1627544.51
094602,2735077.08,13262304.46
104701,2062483.17,146955.56
104702,21541451.85,162197.78
104703,167964728.78,202209800.5
104704,19313726.79,48339091.09
104705,4840923.46,4071981.93
104706,10041857.13,39740576.98
104707,35103955.78,124087152.08
104801,229412171.56,74778064.66
104802,1177365708.85,225962398.18
104803,21063525.09,12806577.27
104804,393659595.2,84310475.46
104805,204993207.27,161988447.68
104806,3461127.39,16460120.51
104807,2174344.96,6470348.53
104808,24695158.09,33683213.39
104809,4063341.9,10571639.26
104810,1472288877.4,491114545.33
104811,205945495.56,269930105.86
104812,1627201.83,2975365.66
104813,313169903.73,18407520.96
104814,1226469.68,5243522.4
104815,48016.79,17006.43
104816,3714881.82,3084894.17
104817,23163334.96,26125338.19
104818,167600133.95,277381094.99
104819,564209466.71,296023001.57
104820,27639074.0,50351618.92
104821,51148427.18,48382960.63
104822,6049902.16,12578701.6
104823,63328815.84,99255457.04
104901,82175965.6,468059935.42
104902,73367166.95,264004364.48
104903,801552.73,5605490.23
104904,2534874.25,6370626.45
104905,5028839.58,7024161.85
104906,7543874.43,3096421.05
104907,17576045.7,8808625.71
104908,17920009.67,10197618.83
104909,8987881.98,16405440.04
104910,5343502.08,14370728.14
104911,253796133.82,233906753.56
115003,31424.0,219116.0
115004,3591277.95,1524901.22
115005,75443.96,336264.9
115006,8441.0,53253.51
115007,2270673.55,4423848.17
115101,690597.78,3272608.8
115102,52953.0,0.0
115103,80010.21,84487.7
115105,11328642.16,8453040.2
115106,1230147.16,822882.19
115107,13005497.29,21680709.52
115108,72888.1,87660.62
115109,2388057.95,4159275.59
115111,7786717.64,11119450.56
115112,11565793.09,30103217.92
115113,1488843.7,1162009.89
115201,4673205.96,5440643.76
115202,2775188.41,2092792.41
115203,387256.39,773664.98
115204,133170.56,1263615.93
115205,49253350.62,65514565.04
115206,2514481.3,5579291.7
115207,598787.85,4018541.63
115208,168212778.84,100822861.31
115209,33051674.22,25364430.08
115210,8686006.44,6582979.04
115211,8321867.75,6806445.08
115212,4793360.86,3667939.81
115301,373899.46,254890.71
115302,166929.0,150825.84
115303,18746.01,63760.12
115304,58924.04,25155.66
115305,52700.0,46175.21
115306,3627172.19,2848278.08
115307,57193.59,125782.01
115308,851132.06,469496.56
115309,12133005.56,14622587.16
115310,597195.35,388219.63
115311,231973.18,328892.81
115401,11077869.87,10680193.91
115402,34605796.55,106431664.55
115403,64797719.79,6320401.02
115404,13137039.49,15514511.72
115405,24331.03,319866.84
115406,125940.85,300170.23
115407,49859143.84,89360049.21
115408,3935155.61,9615920.69
115501,569208.26,544564.51
115502,172372.61,0.0
115503,84596794.7,50879317.37
115504,449424314.2,6161898.61
115505,6765059.01,220512.9
115506,82420.45,456942.97
115507,1627505.21,145149.43
115508,1292409.2,2696784.38
115509,47524055.44,42565340.18
115510,119093886.35,18536373.86
115511,702304.72,1976283.98
115512,63198158.88,21179358.79
115513,6928846.98,4565020.6
115514,10912298.43,10617116.71
115515,8559891.85,14639069.43
115516,22214004.26,17151631.6
115601,56457933.38,21954515.1
115602,7416053.24,19762426.57
115603,77276429.32,118449630.57
115604,4852934.55,669120.8
115605,1229428.99,1550137.68
115606,18674895.79,11165097.65
115607,58234050.77,15064897.78
115608,3460959.05,9611140.23
115609,2070757.97,3522092.57
115701,5192709.03,15027921.85
115702,21293261.89,34515693.24
115703,44101640.66,67533313.91
115704,10224256.47,11418823.41
115705,4130139.25,6769745.9
115801,8901830.44,13450634.67
115802,11590177.72,599774.48
115803,132092.0,135012.73
115804,11533554.44,6151402.99
115805,173351.11,9584.33
115806,54313205.2,28781719.59
115807,3630285.82,5987799.5
115808,2105700.39,2595355.91
115809,47191.93,107929.83
115810,95143781.74,17887602.74
115811,2222898.3,1121593.63
115901,433967.05,2020957.09
115902,13025414.35,1121833.29
115903,82205107.35,66158966.08
115904,2816180.71,5048634.31
115905,338893.95,164105.78
115906,10296732.54,13815515.38
115907,3539033.18,3374252.65
115908,407264.0,347513.48
115909,6621971.38,2268270.86
115910,12986363.0,6611798.84
115911,110743227.33,54661477.55
116001,21956150.53,8664281.37
116002,149193666.27,112536326.68
116101,3883186.03,9297349.53
116102,13148570.42,37134713.62
116103,10932918.46,22076973.25
116104,59094332.8,134238230.18
116105,8800738.98,48607818.89
116106,11791067.31,70756538.93
116107,35861688.98,48515107.17
116108,171687725.51,159363363.42
116109,105363713.7,482239282.05
116110,126134745.44,510132621.23
116111,6277775.86,22429645.6
116112,28074428.76,74859454.03
116113,3255017.51,2649316.64
116114,27076020.51,39565281.08
116115,75648526.43,145365555.59
116116,4247140.96,20721895.34
116117,14556662.94,28037848.89
116201,30071395.61,117232362.99
116202,55532672.88,225409427.3
116203,94127241.49,507077291.11
116204,206523100.23,803241324.83
116205,20583469.7,94615670.33
116206,36028763.27,142537465.88
116207,2641969.19,8464139.92
116208,15638553.63,22061990.0
116209,2739397.33,13714490.49
116210,26965792.46,108309247.09
116211,34135505.77,90819415.59
116212,216758897.02,210268523.2
116213,266423.79,1128501.39
116214,4709794.31,23152867.37
116215,1420256.64,14723290.64
116216,7117405.98,20177653.28
116217,8964113.73,14125425.93
116301,9885662.89,13290908.05
116302,77063469.27,181040838.62
116303,20082388.86,39253697.75
116304,14297427.82,18731363.4
116305,7079750.48,19249386.92
116306,19665205.79,36269137.9
116307,35124624.27,88618446.22
116308,208506.08,2020756.63
116309,18200960.31,4581305.92
116310,1167270.02,2093853.91
126401,4265962.3,9774487.69
126402,110126246.85,212045325.24
126403,369930511.92,713150028.93
126404,73105745.52,131205759.82
126405,19283406.71,23183836.16
126406,53263897.06,107799362.6
126501,20264.66,22203.08
126502,9373.33,0.0
126503,739192.64,2644979.44
126504,301135.43,835884.73
126505,16368739.23,43644664.04
126506,7949917.67,37906156.27
126507,343393.67,1613282.27
126601,12417241.61,26357597.02
126602,3042169.56,3391481.8
126603,734750.5,1643689.06
126701,52165.78,197854.32
126702,2769246.75,7443601.59
126703,13493783.94,5825709.95
126704,1898879.35,1453070.07
136801,5032502.07,13966757.46
136802,13097346.72,76072305.9
136803,1551025.58,1141480.75
136804,237472705.92,64843351.33
136805,95792178.66,73887313.82
136806,41841048.96,72317555.76
136807,23269857.22,28193390.99
136808,40395404.03,10270867.71
136809,50337760.05,25352051.83
136810,55147283.65,84303250.08
136811,5838179.64,8157688.33
136812,581501.66,330171.66
136813,8173332.61,6983911.14
136814,27610888.27,7794910.62
136815,136029734.12,52698047.31
136901,1117656.87,1410105.98
136902,172229951.51,39823339.98
136903,15887537.21,31765966.16
136904,15564786.74,4746028.86
136905,30756554.06,30416925.67
136906,657531.17,3416750.04
136907,3255193.92,45157254.53
136908,17007752.34,119666073.88
136909,10112465.9,23086564.72
136910,46144937.07,37442070.92
136911,14987754.2,64989247.68
136912,6110069.71,15124863.52
136913,4174024.9,24972452.55
136914,17151813.29,23021611.55
137001,3723832.51,1225548.76
137002,949465.79,6416270.19
137003,1251677.34,6254399.36
137004,220879.35,941861.8
137005,5166051.39,84435372.17
137006,3054576.94,10998066.61
137007,57956573.69,149781870.25
137008,41300530.48,28258125.61
137009,11315027.9,55545572.81
137010,127756136.28,55125317.43
137011,88419.83,73761.25
137012,1592.0,0.0
137013,311505701.43,123127971.84
137014,22309111.24,3829859.54
137015,520715.55,247931.16
137016,9907215.75,10265076.92
137017,3495182.28,7271426.46
137018,758179579.36,20259514.19
137019,144965509.98,153621000.14
137020,14993299.73,18822795.05
147101,386839.06,5324999.62
147102,5170989.98,14320564.31
147103,11410327.2,11372514.47
147104,22527697.3,3431352.84
147105,131068.18,2883243.63
147106,47126893.1,47246062.21
147107,1672645.03,3467544.83
147108,245605739.02,176007638.97
147109,28122.41,362742.76
147110,32665313.35,77716698.49
147111,6045.0,0.0
147112,123258835.75,30423378.31
147113,55735132.84,135283478.27
147114,1082772.37,5186936.48
147115,2268563.42,13873231.92
147116,4247671.38,8534943.93
147117,313934058.42,178503381.12
147118,11358173.66,814291.25
157201,6003193.47,6521795.95
157202,422375885.32,186899850.34
157203,170203.22,77883.5
157204,362510108.56,295442519.65
157205,7187757.23,23624720.55
157206,8238281.88,1587772.71
157207,94202585.23,44319966.42
157208,961740766.21,448886138.71
157209,483505953.08,106026223.42
157210,1065389125.88,426389739.5
157211,233440669.73,229238642.14
157212,251835971.68,113553958.14
157213,64489200.81,104269446.03
157214,109854851.23,225219454.56
157215,23907061.17,54240895.36
157216,143331051.02,215325970.61
157217,151743268.63,92080937.05
157218,41738730.77,122755920.56
157219,158367259.38,364721539.61
157220,37283150.08,73341593.55
157221,12339227.52,4208893.81
157222,182007966.05,115804238.92
157223,4915316.65,14978573.42
157224,248131771.06,38318097.1
157225,307986244.71,144999501.95
157226,155354741.5,72160334.88
157227,168425517.32,29056981.58
157228,371655677.57,184925187.35
157229,70964922.09,17447584.21
157301,8616621.13,6317419.2
157302,288334747.75,29186800.84
157303,28008572.95,19637079.22
157304,930083014.96,211869808.07
157305,3201784.59,52682007.19
157306,432000414.25,305890669.09
157307,350831958.22,233026619.82
157308,916838242.23,671375806.79
157309,46373415.55,56453712.81
157310,60144974.58,73475979.54
157311,233555636.7,20626346.2
157312,73112942.82,53796496.44
157313,105067.24,237390.71
157314,27408868.26,103517437.18
157315,88123863.49,68303884.75
157316,549903.43,117931.02
157317,50594631.41,28587527.0
157318,200425279.76,490245067.52
157319,184742.88,1094085.32
157320,66864121.16,117753404.56
157321,116313418.14,110763227.53
157322,61659095.79,93328563.81
157323,25351416.53,96681062.84
157324,23973116.39,45622260.77
157325,68874823.54,140890741.18
157326,531181699.5,682690434.82
157401,2213604.0,797907.0
157402,1848033.55,19251791.32
157403,1135965252.52,393044944.06
157404,153680632.25,352436236.46
157405,2079560.76,605907.54
157406,3337294.08,12140558.88
157407,93459389.57,69543426.61
157408,60404537.3,447739205.47
157409,23642658.94,125480071.24
157410,31507687.98,53142918.2
157411,220983269.18,80785991.96
157412,29325761.56,73118509.22
157413,10740168.62,80362724.27
157414,236986.55,1958297.76
157415,10482073.88,11786276.57
157416,329527.57,1135393.15
157417,35921.26,205199.79
157418,2923035.92,17774542.87
157419,31333355.86,65946856.5
157501,5752.0,0.0
157502,26694809.54,74503389.03
157503,10015874.61,4141866.27
157504,717706.43,1911992.91
157505,95894960.89,57217070.71
157506,9369509.48,29542120.23
157507,2568749.87,3029717.05
157508,9277225.08,5457686.95
157601,373385796.6,863171299.63
157602,153767522.84,160796661.42
157603,48578612.49,16909922.42
157604,550546066.66,314760839.24
157605,13326761.07,54447418.24
157606,567789815.11,380014885.27
157607,603179389.75,144686015.7
157608,13957601.05,35158048.79
157609,17783273.96,13502543.47
157610,160089772.17,245161376.2
157611,2984433.87,1960414.99
157612,81322679.29,182678885.6
157613,5893150.47,1247441.33
157614,24218024.29,2742615.31
157615,24392044.03,37285571.54
157616,317976848.98,224574872.52
157801,19851662.21,39223960.21
157802,2183556.7,1404591.15
157803,2404253.98,344035.81
157804,155446.72,1562833.13
157806,1807408.23,1254959.8
157901,73974905.26,298475877.07
157902,7129434.0,4639744.43
157903,1042372.16,833441.24
157904,1439882.1,600709.0
157905,19580597.96,32535824.18
157906,2846065.17,2573595.5
157907,41954481.75,37368806.34
158001,1960026.37,3489630.39
158002,393674.5,321782.45
158003,1148700.15,5136140.45
158004,316345.46,3125.0
158005,500167.68,7780.59
158006,9193.0,0.0
158007,710772.28,602408.89
158101,73221226.0,15744764.08
158102,288524698.0,91271974.27
158103,20318289.0,14723149.49
158104,151346395.95,58116316.17
158105,1950317.4,4000726.66
158106,41547.0,201564.0
158108,61642562.89,69909924.82
158109,316578.31,226880.37
158110,295617.27,242477.15
158111,5202898.39,12532730.86
158112,23420520.05,17219135.91
158113,10806427.61,3328271.01
158201,22384513.54,16189706.78
158202,86821066.26,50744536.5
158203,15840316.18,24294242.58
158204,12257670.02,21463788.96
158205,167188642.5,113447240.56
158206,18761559.75,13295540.93
158207,277130762.32,290966718.38
158208,95090859.73,43819229.51
158209,185246050.62,67855608.27
158210,2012959.36,6890080.54
158211,4769848.28,33453572.73
158212,14605439.12,48392365.05
158213,521001.0,4598993.42
158214,1253475.27,6675390.72
158215,5773005.44,35176312.36
158301,86033878.7,115830838.44
158302,1231995366.1,492816781.67
158303,7541447.17,15290705.81
158304,396020.36,1590750.74
158305,40676350.89,40733807.89
158306,8450536.31,31019575.25
158307,6866351.03,23518466.65
158308,30267229.31,27753675.22
158309,37121358.8,104453939.98
158310,6798867.14,9109115.87
158311,64870053.53,14692872.61
168401,4686643.0,2467458.48
168402,29906950.31,27254281.32
168403,379617227.0,176235630.42
168404,11529299.29,10877260.13
168405,21039341.04,698529.57
168406,114754242.33,47359581.76
168407,1448421413.96,277386581.35
168408,1741497599.28,839932503.22
168409,1170850263.99,1629239542.49
168410,86124239.16,17757136.27
168411,212042247.53,178346158.86
168412,150258522.5,245392064.26
168413,541227042.83,685082790.69
168414,443936986.25,668562205.24
168415,219320242.76,313979857.39
168416,58727256.87,45379326.59
168417,167854195.47,51915981.83
168418,569740355.96,340681606.26
168419,466168123.35,435561914.93
168420,30428326.63,23861711.95
168421,704603727.75,516641127.69
168422,296103011.18,382054557.99
168423,20771504.42,41380681.36
168424,140633016.18,226268001.35
168425,25299181.39,77412851.01
168426,745545141.33,201535634.27
168427,77963013.31,147220034.28
168428,678349624.38,269794303.54
168429,776195715.84,490729204.35
168430,235810972.93,94652505.15
168431,988237597.32,794090799.04
168432,92066590.65,93894205.79
168433,288482810.86,233816194.99
168434,12567945.43,20887075.37
168435,5366823.37,9559173.99
168436,73394753.84,56993009.41
168437,16011297.05,11231862.16
168438,272138271.28,130507116.29
168439,480614337.93,110365533.65
168440,10730987.56,19265460.01
168441,30574686.58,70545315.91
168442,47697564.1,46790651.88
168443,368765438.21,221525114.08
168444,23008016.77,1859411.0
168445,33633664.33,9512348.89
168446,40640278.59,1163945.81
168447,6836360.04,10116281.87
168448,50042565.05,39955054.94
168449,24734643.08,2948604.8
168450,11293521.73,106358569.23
168451,59347080.8,59109581.56
168452,13570976.5,20752603.3
168453,4597722.27,6627057.55
168454,330046440.03,38935642.37
168455,98349074.42,95722531.8
168456,28625911.58,78713227.41
168457,36211418.52,138832439.5
168458,124071465.09,74176075.84
168459,74202239.2,84881740.29
168460,25708439.0,63145355.19
168461,42651362.9,18672781.74
168462,223257392.11,88909591.89
168463,47581963.09,18603353.04
168464,57178640.1,18921909.71
168465,286691973.13,140858503.39
168466,238112112.25,340124223.8
168467,142194120.66,109433663.93
168468,35718524.39,15166870.62
168469,325120.86,392481.97
168470,6429118.37,15883235.29
168471,554343145.44,2283396220.05
168472,35839987.0,43659155.84
168473,414857365.33,1198370702.27
168474,310043059.52,161170525.92
168475,10423750.35,9964197.96
168476,10047985.89,38132161.11
168477,1578595046.13,279488801.96
168478,1042579.51,1806309.64
168479,1070060431.65,713099823.5
168480,362625732.02,219478514.15
168481,532049482.61,745863012.09
168482,461654630.09,421022651.31
168483,512681272.54,804183656.96
168484,27884138.42,40760255.19
168485,65593036.98,120632500.35
168501,528381033.53,499985873.5
168502,319452888.5,150781123.26
168503,195693055.69,103595802.5
168504,1193124129.32,699258361.54
168505,64512629.81,50306716.41
168506,10125340.58,44666300.21
168507,160290181.09,165762690.22
168508,106674754.93,225067198.5
168509,116466836.68,183586865.9
168510,92765449.4,61677095.45
168511,52588414.83,181999436.06
168512,331530582.63,227660965.77
168513,4154477.12,17444422.34
168514,190830419.38,69123754.88
168515,268682806.68,152417770.86
168516,232262080.55,413950791.36
168517,398239976.13,480176287.48
168518,149617900.9,169292969.31
168519,21840910.02,31807966.05
168520,24554683.59,32994549.44
168521,149354082.41,438962925.99
168522,53308659.88,14866991.43
168523,74041885.42,134600200.28
168524,1399885652.18,738893360.73
168525,1326777538.01,1787710769.78
168526,19911953.83,131670086.82
168527,38527391.08,152408497.79
168528,112296060.24,680984499.75
168529,222758970.22,226878619.03
168530,115491484.77,41122005.62
168531,77283029.39,168613999.61
168532,213375457.2,158040376.16
168533,224210299.52,132463130.1
168534,333587639.37,104035468.61
168535,41370269.78,69422577.84
168536,682311042.9,953587852.33
168537,335000433.66,341248387.85
168538,433612664.54,328794286.33
168539,50237502.53,136960829.77
168540,3061402.14,17022703.44
168541,722092524.16,550373149.92
168542,1430748111.92,1174992986.1
168543,134802019.66,208650376.23
168544,1282771734.31,1361583439.75
168545,182673261.28,24711487.1
168546,50527550.1,12560342.9
168547,256518171.82,91775281.59
168548,33940988.29,41926184.3
178601,6580554.08,6100141.0
178602,39895372.44,7270345.02
178603,426280467.77,138724382.19
178604,248285148.12,9948094.93
178605,73869838.83,31875427.03
178606,2083437.59,18065362.96
178607,589550327.13,332766568.34
178608,40515000.3,5637695.65
178609,25376495.22,37083157.96
178701,582677205.56,666525385.55
178702,57002160.91,193143704.61
178703,7605630939.86,6766669814.72
178704,1278483687.65,1020669177.72
178705,250816856.22,136484560.43
178706,6320882.16,12211943.84
178707,104124761.19,94279491.61
178708,3592561444.34,4953772557.1
178709,6986263.12,4282246.9
178710,7276279.0,1466745.0
178711,437192584.7,169731723.82
178712,43942475.9,47116889.23
178713,1002847.54,11447602.34
178714,76518000.15,187123427.95
178715,3212459.63,10062521.22
178716,461556429.36,497065463.59
178801,1254888.62,640705.0
178802,616394699.57,925601291.45
178803,370819481.23,143691886.78
178804,3912622.98,3657187.47
178805,3862586.02,3749083.79
178901,90891004.74,101009030.14
178903,48948975.83,52793992.93
178904,2627292.0,0.0
178905,996652.78,675561.0
178906,900434.0,3189.0
178907,2349241.67,377389.65
178908,27921.31,0.0
189001,30113978.57,92135501.29
189002,12607109.99,32920828.87
189003,153535893.88,48453118.14
189004,57165088.31,66780512.16
189005,48536819.3,9045099.43
189006,33102916.98,28877812.13
189007,6139163.2,4247395.72
189008,5952175.9,6914432.65
189009,57529078.27,204200856.4
189010,33036339.1,35331655.83
189011,19718942.6,13227687.93
189012,3514419.79,2618086.31
189013,40798779.1,117121783.83
189014,11647594.76,19829841.97
189015,136928135.51,37137925.87
189016,354639.4,1069833.74
189017,14206581.88,26949390.98
189018,526746242.18,670976175.16
189019,23647614.24,55626875.5
189020,4033580.59,9130837.34
189021,231126831.28,322118921.36
189022,107342419.51,106077820.88
189023,7806325.66,12928922.24
189024,25148689.62,23690684.2
189025,23832735.68,47611629.61
189026,94271274.43,198785553.29
189027,274083306.24,273023457.31
189028,19125066.48,44316021.47
189029,14679112.53,96674245.31
189030,117639507.86,144642528.57
189031,308058528.75,287441893.2
189032,168426938.68,372546305.79
189033,20426132.78,23167315.69
189101,29704364.95,64025176.13
189102,77956184.79,186466804.47
189103,527921.52,342190.59
189104,359976.99,853899.44
189105,3864777.81,11187056.44
189106,2912049.53,1668311.88
189107,1823735.88,7740023.27
189108,897235.93,795129.1
189109,380607.73,452671.18
189110,232663.94,517020.65
189111,1343362.5,331399.65
189112,24818.31,36183.56
189113,59221756.63,15042964.75
189114,1675789.85,3401750.09
189201,15972702.11,9778353.65
189202,4818333.21,2898937.01
189203,4262694.89,17534.32
189204,1028157.53,1083235.04
189205,1953539.3,11807780.08
189206,392255.27,3054794.41
189207,895381.96,11271729.1
189208,440909.7,580630.4
189209,18251193.47,10949012.32
199301,662642.0,19652.0
199302,115834781.0,1158352.0
199303,12513789.14,6425960.0
199304,3810003.13,4200852.62
199305,13615749.29,10833088.27
199306,31329035.82,13868900.34
199307,40268.0,104408.0
209401,525113358.53,737654613.46
209402,9439679.78,42832839.23
209403,1164851431.33,1103047839.74
209404,148596144.57,165428428.41
209405,559294700.46,528868941.35
209406,86585399.46,110255953.59
209501,1941082.86,9440907.02
209502,2163184.33,19113806.75
209503,84190627.63,238491950.69
209504,626173001.56,325159668.25
209505,30482950.11,32385785.68
209506,579280333.07,398741151.24
209507,2461148.65,12669962.92
209508,6965360.17,3662937.78
209601,530355.42,491268.86
209602,499636.56,1288487.94
209603,23546654.45,92025292.97
209604,306661.93,533441.19
209605,102662.1,515485.03
209606,8601754.08,7431666.87
209607,6055019.49,8577063.65
209608,15707009.69,48503283.51
209609,7464152.56,8868395.96
209610,813081.05,2035008.44
209611,171117371.0,5271220.71
209612,48339129.4,21594836.39
209613,6843782.73,14188165.95
209614,468361.88,1782609.21
209615,1591698.63,10815892.84
209616,1116536.57,3595443.48
209617,3486811.76,3712245.24
209618,1254201.66,4263119.01
219701,246631218.94,69353870.15
219702,1461113.1,1703741.08
219703,13305860.05,6977500.86
219704,4335615.43,1888248.36
219705,5764621.37,7970403.57
219706,20818748.57,12579194.94
