010101,9079221.99,826988.23
010102,86097024.44,136536146.1
010103,12495390.41,92181143.76
010104,1265257.07,257395.85
010105,18764762.58,14693987.13
010106,1354946.61,4709319.88
010201,382455597.71,147451377.37
010202,76001048.0,25481860.61
010203,471385545.48,389763421.37
010204,1054043.88,15830601.18
010205,25148.3,40253.27
010206,37545627.17,20791143.0
010207,117480487.81,292256755.15
010208,25037458.78,15703465.59
010209,9582218.19,7918455.23
010210,68010751.52,57248515.99
010301,815614.88,11300170.89
010302,3619042.78,19190833.91
010303,5826987.04,9743128.64
010304,4088689.26,72812080.41
010305,991287.64,34707767.32
010306,1805916.13,18277407.83
010307,879470.02,10131449.32
010401,313830501.69,51176020.44
010402,46478610.14,58878174.11
010403,235456237.49,90329443.55
010404,45287041.64,15154720.98
010405,16690041.19,59143537.57
010406,464411560.76,423717582.89
010407,16248610.87,45450686.73
010408,8782707.83,18189736.28
010409,7203540.0,17318337.67
010410,30712.0,7261.0
010501,54580.52,4539.57
010502,1131743.08,0.0
010504,27612350.61,34618340.72
010505,2569614.0,3245699.77
010506,2628328.54,303374.05
010507,365289.44,363603.75
010508,187813.55,57551.37
010510,10095.64,0.0
010511,13394869.35,26285093.92
020601,4762141.03,37553149.42
020602,23953986.56,227297314.47
020603,6302231.37,124274212.89
020604,2331708.9,19646591.12
020701,13555283.29,28000834.54
020702,10899026.69,69384083.04
020703,11602702.48,25994326.67
020704,4866855.64,16119991.1
020705,8275378.9,66628169.44
020706,11794937.17,15301105.05
020707,9111200.71,30087412.99
020708,753196.5,3054683.61
020709,24730498.59,146578651.38
020710,22164448.42,65937460.02
020711,358844.62,2028190.7
020712,7315808.84,20754338.72
020713,2908848.74,11539129.87
020714,144450.15,225208.42
020801,2478167.43,3901163.46
020802,14663981.17,61693170.82
020803,12432068.97,81532577.29
020804,7043074.01,25868668.4
020805,8832759.48,107332674.9
020806,8435629.94,59385285.75
020807,4038833.85,15062616.68
020808,49672701.81,36986422.87
020809,9114511.82,63568621.17
020810,12064801.28,51418876.77
020811,40609590.88,82361770.51
020812,352884.35,783899.35
020813,17074442.66,27167374.07
020814,187283.96,140155.15
020901,100120954.87,315688152.79
020902,20209376.5,15183183.33
020903,8657.22,72512.68
020904,13908071.87,13897469.12
020905,474343.51,806663.92
020906,1127064.22,409315.44
020907,551879.28,203692.68
020908,974195.86,1076630.97
020909,5673907.18,3855646.19
020910,24068756.09,18421856.06
021001,140113477.13,92137108.7
021002,3463142.06,7150113.49
021003,14528789.11,30262845.97
021004,2532578.07,2729890.82
021005,137513240.48,104783349.57
021006,4336318.96,43251332.62
021007,228756.69,195484.94
021008,7366738.31,5240953.08
021101,16881600.74,20886931.55
021102,5897786.73,8364855.18
021103,13207318.63,6180129.39
021104,20031046.58,9015322.78
021105,3926380.55,2026035.52
021106,925574.21,3219443.53
021107,21064982.33,27587662.38
021108,44912255.57,12332368.72
021109,183237.96,4043069.49
021201,22178388.16,31968512.88
021202,967364.58,2165081.64
021203,24078.22,0.0
021204,5409503.63,4935337.43
021205,35318619.34,106911026.7
021206,39225542.86,53144672.52
021207,30829351.91,39616815.43
021208,14369411.15,5383951.21
021209,10918915.85,48341790.16
021210,889895.7,3080819.98
021211,12295629.7,12827271.44
021212,13295431.35,2823065.59
021213,3360103.21,4299963.91
021214,2902352.33,5956518.63
021301,1887599.91,2351495.89
021302,8980037.16,36129912.67
021401,1565028.71,610405.43
021404,1469327.17,1129414.8
031501,4453092.22,1607601.37
031502,6017701.95,1138320.4
031503,134976.76,2856005.0
031504,462414.65,2681517.92
031505,126224.27,188145.77
031506,8328785.51,172942.44
031507,1211230.34,7951575.53
031508,624673.4,1233264.48
031509,5347521.99,40582450.72
031510,216195.1,17212.63
031511,13365512.92,21237029.15
031512,33133139.73,22433723.67
031513,1102651.54,1542461.02
031514,39529192.05,128049430.17
031515,17684235.11,34567467.97
031516,23723824.03,15615341.02
031517,62027882.35,54373233.06
031518,15269621.9,53293443.22
031519,7932893.82,20552571.13
031520,4620436.31,2645646.6
031521,126974.0,56823.6
031522,322571.4,203704.56
041601,180407441.01,76902795.92
041602,171893820.62,148329834.09
041603,1215413.33,584574.47
041604,10111935.73,125509539.09
041605,2068075.83,14129809.45
041701,107415083.57,116384858.87
041702,53944653.18,60991150.45
041703,1092973.0,1177391.94
041704,78203167.16,124862975.54
041801,429923.6,11465231.39
041802,76196.27,0.0
041803,758134.24,5213215.23
041804,1751536.5,25489969.85
041805,10687585.34,3436246.24
041806,369215196.02,433899518.27
041901,160244153.61,146934912.97
041902,72950806.48,118085061.95
041903,53045.98,107504.42
041904,34491964.49,61357849.6
041905,470303145.48,599092611.26
042001,13363968.02,29090683.78
042002,1814563.03,32189131.74
042003,2236815.44,6703763.04
042004,78893481.26,52732051.06
042005,48408167.22,80903073.02
042006,1149600.71,2452947.43
042007,38634828.05,27212721.72
042008,130355799.01,160613028.21
042009,370466115.11,251464190.27
042101,31342429.89,58958547.42
042102,22051864.6,23612915.59
042103,185682056.96,122218091.29
042104,51981506.48,43871799.51
042105,7834948.73,95341478.29
042106,332499121.4,482545613.52
042201,9434727.36,21520403.13
042202,1923214888.17,190735012.17
042203,52331349.47,61574594.34
042204,145851786.38,217282194.31
042205,1071578.99,5930079.2
042206,2806390.63,5991399.83
042207,46962807.86,23837381.38
042208,35980914.77,140811831.82
042209,5145230.31,12670765.44
042301,7533689.36,6281139.0
042302,6975888.0,2654171.45
042303,54579393.62,7684655.2
042304,12476570.23,130261419.19
042305,18668.13,0.0
042306,15592763.55,9419027.71
042307,28283.36,7484.09
042308,3237811.23,1000443.44
042309,295064104.04,260965918.58
042401,991195.6,16584678.92
042402,254590897.14,228303772.27
042403,18003883.0,10063033.85
052501,88784854.19,22560490.01
052502,2686439.0,415422.01
052503,682840.25,2723926.0
052504,4978387.75,5769711.14
052505,9489662.88,10707941.73
052506,744274.65,2030989.23
052507,11241536.44,28866782.71
052508,4657513.6,21518840.08
052509,1925925.56,330045.93
052510,210964.38,1406405.83
052511,566343.65,430316.98
052512,2587324.63,3210441.22
052513,265431.69,614901.26
052514,16370.25,98106.63
052515,3761618.88,1726664.37
052516,3555258.35,6702269.89
052517,117987866.54,29022902.8
052518,435566.92,878974.39
052519,26710176.5,15827269.2
052520,13990761.48,9314814.21
052521,6084977.77,251314.36
052522,5169205.68,6490689.85
052523,40248108.05,87457160.35
052525,2328219.39,411393.22
052526,45317379.95,13015439.22
052528,3623.83,712270.6
052529,2377989.43,1051674.95
052530,23495990.22,21594812.78
052601,341771.04,373000.0
052602,22613.45,2358.44
052603,71542085.06,0.0
052604,10686.0,0.0
052605,3261663.0,0.0
052606,1455488.43,641819.43
052607,45772.48,0.0
052608,287029.03,0.0
052609,6599.05,0.0
052610,171334.45,1555930.41
052611,1736043.0,0.0
052613,344707.0,0.0
052614,59288.1,701065.22
052615,540617.67,953637.76
052616,9000.0,0.0
052617,557959.57,0.0
052618,8654125.0,1630845.06
052619,2856991.03,990841.64
052620,20627087.7,12626560.36
052621,1237137.91,4882099.66
052701,429604.21,356627121.48
052702,472523.99,16963355.87
052703,1752195.32,14050681.87
052704,706392.14,134970431.14
052705,26931.69,0.0
052706,2076008.0,118778.91
052707,73470195.72,5054235.5
052708,82976.18,262034.06
052709,9530.59,0.0
052710,1186208046.61,4476577835.27
052711,2360081445.97,3049816198.44
052712,2217484.15,19839919.53
052713,83352971.19,146926736.44
052714,3075352.23,535441.19
052715,31562369.68,19203144.64
052716,1246494046.17,1552378298.14
062801,1395080.25,3014597.6
062802,644882.37,157794.15
062803,967203.85,28588892.0
062804,23827122.07,37092473.33
062805,7231335.15,3043178.68
062806,6647342.31,4542732.0
062807,3109410.27,3628944.81
062808,2137372.57,1701326.29
062809,926582.59,4898776.34
062810,204852.29,162555.88
062811,35632369.38,40152038.64
062812,365483.5,1196994.63
062813,3282400.89,77960.93
062814,2565607.42,846370.12
062815,16688594.24,107366180.76
062816,20491725.46,810030.75
062817,15267842.18,3569841.46
062818,74501886.72,69131553.61
062819,406271.79,1995173.25
062820,301309.87,98440.3
062821,6637870.39,2830007.3
062822,43115.34,124247.51
062823,1809009.05,14226702.72
062824,739911.54,1305487.45
062825,5764228.86,53600692.13
062826,2757958.55,1137110.36
062827,19664345.21,12919963.82
062828,15809645.06,2534269.09
062829,95386.66,166645.13
062830,13968230.27,1535341.9
062831,346651.0,3975333.42
062832,769594.14,2110698.62
062833,87713677.56,22382310.7
062834,502645.63,2397958.37
062835,12108085.66,29578422.65
062836,28883345.17,56212672.01
062837,639601.5,397102.97
062839,5415532.08,8887417.66
062840,14110915.15,7127785.57
062841,6204773.26,2830989.96
062842,1682939.08,9143821.61
062843,17461711.86,39432423.77
062844,2777508.56,4347197.6
062845,22414.0,117422.52
062846,80086900.4,25096011.0
062847,16740267.35,14692097.03
062848,53599.0,0.0
062849,73654518.65,7477250.33
062850,2669926.78,2716038.69
062851,3359086.99,4238951.82
062901,27462997.07,55759601.48
062902,10808770.66,148819328.16
062903,8299466.46,18688418.31
062904,1147766.88,1941317.65
062905,8863683.84,87629998.64
062906,292889.17,656603.37
062907,10456267.08,26758479.37
062908,146467.84,810583.33
062909,51435438.72,51458056.54
062910,709694.04,726386.51
062911,47289.0,1259.0
062912,13640734.77,7532568.75
062913,8316.0,0.0
062914,4826837.59,20230696.98
062915,43429303.7,61803995.77
062916,20911361.47,44461555.76
062917,93231086.44,26132986.36
062918,291757741.75,65012956.22
062919,1504035.07,3098051.83
062920,21244140.86,16930350.34
062921,15415615.72,58062092.24
062922,34115078.1,48717108.63
062923,6316806.54,13003878.62
062924,27594669.37,54948984.37
062925,8108271.09,4926970.66
062926,3610164.55,14542934.84
062927,1525260.41,401770.56
062928,21059562.0,7749808.34
062929,8049940.17,33693699.14
062930,16303294.53,26160760.24
062931,10205966.78,43810107.0
062932,100679996.38,31705003.75
062933,166876654.05,125687256.87
062934,272311112.53,141165540.67
062935,9949173.77,1501926.38
062936,19331922.83,50220793.83
062937,65089090.98,1177069202.05
062938,146184.62,2057273.47
062939,99285532.26,11004046.58
062940,53159659.7,6214944.11
062941,559025719.0,307443519.15
062942,17416363.4,2277849.84
063001,59550388.64,9552130.61
063002,2362415230.26,1438343121.72
063003,106197722.64,210864514.18
063004,4262961645.95,3217750719.91
063005,51746819.79,88670375.38
063006,258632824.49,137606966.56
063101,12480429.6,8388005.56
063102,133519044.7,80128651.05
063103,2383488.79,1229960.24
063104,18133444.36,13609777.15
063105,89283687.45,45254591.4
063201,344432.31,1172327.78
063202,875997.9,4153681.16
063203,2308497.91,7228286.3
063204,41075187.05,98790693.77
063205,1797539.36,1519991.37
063206,40027921.0,94335062.46
063207,19087473.33,24645335.43
063208,101296385.95,183239313.11
063209,129789492.42,113743122.09
063210,4299278.36,15583937.67
063211,2429493.79,1961832.51
063212,22169377.54,22199253.13
063213,1230035.51,10041498.23
063214,145357923.68,92709251.64
063215,92807157.12,225161590.57
063301,20449495.5,21929466.24
063302,34341971.93,93285823.5
063303,33120418.5,145568600.99
063304,155537389.07,368030860.85
063305,39717726.01,139668657.7
063306,9878765.03,42361443.47
063307,50078864.1,141652274.28
063401,16292645.31,67903316.63
063402,360210951.25,403932524.78
063403,72675298.15,104359445.36
063404,4830961.39,28116424.43
063405,16126912.1,32370787.74
063406,14133555.91,68889985.78
063407,1922137.71,6931007.91
063501,654949.33,3732079.65
063502,4261939.52,17690980.2
063503,1451331.33,12517542.91
063504,16301813.28,11047203.27
063505,70768395.54,32671031.91
063506,54559387.83,106297537.36
063507,59231049.38,35685317.83
063601,8116.0,25255.41
063602,7362584.19,3891941.12
063603,8028891.09,5053014.88
063604,1088844.95,8156977.2
063605,1637018.48,954213.7
063606,6631757.18,4383280.15
063701,12248182.03,51966306.12
063702,5564736.19,21848772.79
063703,2197162.4,5105983.9
063704,178411.41,199433.56
063705,3610331.42,5811081.61
063706,2455145.3,4371190.47
063707,23635685.51,48763131.96
063801,10009658.31,10304373.01
063802,8509103.18,15738470.18
063803,409827.89,2326002.61
063804,4343330.63,984877.53
063805,684897.5,180407.02
063806,11111231.77,2637640.36
063807,2937374.15,76342.45
063808,350952755.42,221154358.47
063809,55787646.07,38613349.55
063810,3422397.01,10233290.95
063811,17929051.25,103979963.52
063812,99690663.64,26258302.07
063813,610855.43,1371406.44
063814,14299886.9,21771665.12
063815,18294071.17,67842034.75
063816,153227279.31,31425700.88
063817,58168.88,113483.15
063818,5736713.92,95475567.1
063819,2019361.18,7313487.87
063820,17379234.25,27508977.83
063821,10076320.09,17450604.1
063822,151616466.31,277326716.51
063823,363308484.16,407175313.69
073901,659345889.14,362593974.57
073902,589067050.75,228302110.21
073903,183555102.34,201314317.75
073904,18994157.4,115463077.14
073905,12760738.16,56477870.37
073906,41644058.97,142608316.31
073907,258830889.69,558236178.38
073908,22388111.23,165090715.24
073909,89542530.18,182765872.53
073910,12712829.81,53472092.82
073911,10753191.97,36483354.42
073912,22093298.76,44254585.74
073913,153552123.15,46748323.79
073914,65511053.99,10664043.29
073915,27156289.47,20039239.84
073916,153555059.4,136319200.39
073917,397061276.76,340551034.5
073918,5495068.3,36891990.86
073919,88259189.71,200653239.06
073920,649943875.14,606787201.53
073921,686854650.47,317696626.52
073922,53693486.77,83724797.03
073923,664803461.69,548081937.6
073924,43520114.57,168185198.8
073925,208985338.7,276676967.96
073926,717908259.32,764790658.5
074001,2504202.62,11109819.57
074002,32547400.56,117844410.09
074003,180421.63,244283.54
074004,9744387.08,1138641.06
074005,86650796.29,27444236.42
074006,12636525.01,4356138.73
074007,824981.28,1838658.12
074008,48971201.82,75720349.67
074009,92140377.83,107663765.63
074010,14971279.24,48989781.76
074011,261542232.69,698568544.33
074012,37815478.23,19834415.03
074013,353817.57,3834682.84
074014,14841885.82,46475233.99
074015,102399674.79,50909176.68
074016,191137590.28,284105726.17
074017,6585283.1,4796592.45
084101,46642236.21,46154215.17
084102,592425.41,0.0
084103,514653.74,1804689.05
084104,254821379.48,118376363.01
084105,1564814.31,3366188.18
084106,7300055.47,10382582.46
084107,1891519.79,5339117.22
084108,1146606.94,1560495.82
084109,418103.73,1541592.37
084110,8059245.84,7031.95
084111,544342.88,1253720.32
084201,5715819.54,14580405.9
084202,57057657.23,357451618.29
084203,30420733.64,149826333.29
084205,60661678.96,5461140.86
084206,30998.98,0.0
084301,143243.78,8368.38
084302,1067487.26,3366510.77
084303,4370592.64,17462632.09
084304,200548.29,155323.59
094401,98637506.3,183995533.49
094402,2510176.29,5482782.6
094403,88257137.34,553526466.58
094404,2409426.85,2150390.67
094405,2236692.45,2270426.44
094406,4229029.64,1433660.81
094407,1352205820.53,461969140.46
094408,59264987.6,85316254.19
094409,133569643.68,80597307.8
094410,614044260.71,131791661.6
094411,401200259.99,102026933.43
094412,181491624.16,90742145.41
094413,6057126.59,5614482.55
094414,2911806.91,10590747.0
094415,39506130.64,86254876.06
094416,2403036.5,5567675.9
094417,1914834.47,7594543.15
094418,877099566.77,290939176.51
094419,3547392.7,6133114.51
094420,9100471.28,16568381.54
094421,73196905.2,116688012.37
094501,164107.41,21724.0
094502,43005.89,0.0
094503,2620361.75,7583221.63
094504,6437590.7,18600872.88
094601,1110678.07,2039726.12
094602,3204799.43,13081456.85
104701,836947.94,1522195.8
104702,10428096.18,1994787.85
104703,180402414.1,204770199.39
104704,21263456.51,12414211.11
104705,95530.23,3746154.32
104706,12130732.84,33387836.33
104707,42225579.48,129809357.7
104801,164104224.29,62347234.36
104802,1189797296.26,214638479.79
104803,20563540.78,22307171.61
104804,418098701.98,91296379.15
104805,177738368.76,155277731.67
104806,7182006.45,15335551.76
104807,3055459.41,4965942.88
104808,28039431.24,38312255.54
104809,1995353.6,5691755.52
104810,1280304439.59,489682458.07
104811,206980752.95,239618801.08
104812,1273026.3,3792914.11
104813,392388088.2,14466466.9
104814,5985632.31,7138340.22
104815,24285.56,0.0
104816,3404748.26,1471339.64
104817,17619456.41,30742935.94
104818,190669762.1,357958249.56
104819,656827561.14,389452862.39
104820,28697714.25,63410538.85
104821,57285195.72,57901619.43
104822,5068144.75,12354362.35
104823,69005684.47,135720362.88
104901,86290228.18,539630238.86
104902,63816412.33,282183141.82
104903,983322.19,6321126.68
104904,1614057.79,7461300.69
104905,5704537.56,8055739.58
104906,9613718.13,4522921.3
104907,28633633.55,5972329.85
104908,15440103.25,8249403.74
104909,4910944.71,17729486.39
104910,5382896.49,19257220.41
104911,253453097.67,311528703.29
115001,174405.0,0.0
115002,3725.0,0.0
115004,771945.26,1650261.06
115005,286033.69,277022.76
115006,7010.49,4182.0
115007,6173032.74,13329486.0
115101,1142577.49,2951198.6
115102,26543.51,234288.68
115103,68948.09,747941.26
115104,3219.0,0.0
115105,9632276.19,8093444.87
115106,1872660.28,600322.16
115107,14850303.0,18394776.7
115108,229723.54,273222.37
115109,2214611.7,3804785.36
115110,8950.0,0.0
115111,10003431.65,13688670.63
115112,8107124.87,13160008.4
115113,325715.61,119135.58
115201,2515071.89,2204797.4
115202,2364949.54,2582789.86
115203,262326.44,1102081.29
115204,224529.04,633406.96
115205,34892964.83,52145730.62
115206,1226998.28,2287626.98
115207,461432.7,1651734.24
115208,146936137.78,74396800.24
115209,17696378.06,17354228.07
115210,9017590.82,6910613.01
115211,5992847.23,9220376.67
115212,4137540.88,4186820.64
115301,4602.67,82401.79
115302,69273.07,98459.27
115303,32844.73,141017.48
115305,1512887.37,193384.15
115306,645973.46,2686901.59
115307,30314.42,189661.13
115308,732629.63,350453.02
115309,8926050.75,7051908.84
115310,312757.68,367828.0
115311,220664.93,379771.16
115401,9351374.37,8415773.56
115402,25049024.95,59433318.46
115403,5325602.76,2879908.75
115404,13912008.44,11681576.16
115405,1090.0,0.0
115406,98567.06,549527.83
115407,58682798.08,82024101.47
115408,6132280.73,9629669.73
115501,62305.03,35315.88
115502,45819.46,15342.0
115503,78683805.33,35336548.52
115504,620498720.94,1907225.67
115505,5406195.85,107435.08
115506,121362.08,1260495.11
115507,2046920.93,908941.4
115508,826613.67,1756830.67
115509,28838332.52,32821709.66
115510,109208342.19,13417167.35
115511,1120170.91,2158944.35
115512,59933469.51,21031196.52
115513,3149204.48,3381764.29
115514,6360227.94,8422001.97
115515,9601485.03,11278848.42
115516,14948703.09,11532910.53
115601,38037464.91,34716533.85
115602,4948445.25,17587753.49
115603,133924079.54,115865005.37
115604,3942677.49,1176747.48
115605,804700.93,575354.8
115606,12784961.08,11584792.35
115607,55291801.97,14309111.8
115608,4285362.04,8564222.49
115609,1964302.4,2524094.29
115701,5005218.08,17168799.2
115702,21487920.68,40055482.59
115703,60350046.4,79381701.17
115704,3282661.24,11997491.17
115705,8896293.7,6948162.38
115801,9394593.83,15029611.32
115802,8960966.61,200138.53
115803,259460.35,570337.74
115804,7507444.35,4897458.32
115805,22067.0,187782.92
115806,45522755.35,28258543.03
115807,3778632.76,6517922.57
115808,3171256.31,4161112.71
115809,55388.12,110463.2
115810,70301667.5,14918036.75
115811,1083052.97,1085386.64
115901,933889.33,2819034.73
115902,36345920.75,3830325.33
115903,63309149.73,59117705.3
115904,2321773.69,6146761.73
115905,2071346.66,351456.67
115906,3998400.59,13637667.83
115907,2653307.86,4629600.28
115908,306591.66,288397.85
115909,4832808.58,3542369.55
115910,6805112.0,6948927.66
115911,101793152.69,49938503.63
116001,15194075.53,5379048.27
116002,123669010.16,107047042.96
116101,5691969.98,10757102.91
116102,12170381.2,56344927.88
116103,11413629.94,18423880.14
116104,45405021.23,197796054.04
116105,8391374.79,66369807.01
116106,11848561.65,93188853.82
116107,35285537.74,42048319.91
116108,166182055.81,181163736.4
116109,79657163.85,490685692.39
116110,107218009.8,602048849.59
116111,3890949.72,28919844.1
116112,25372534.96,81109573.68
116113,1576197.16,8820335.55
116114,28428703.53,56287298.74
116115,75812837.86,155136469.73
116116,4342733.2,15923690.12
116117,13609427.33,29423508.78
116201,35831630.77,141867836.99
116202,68420791.8,270369310.23
116203,94852544.32,592803758.61
116204,170260528.35,748623010.94
116205,16417925.74,125280043.0
116206,25655440.62,155431361.9
116207,3371987.4,8139532.27
116208,20064800.69,21560728.49
116209,3068104.57,13616660.71
116210,39048694.12,160516880.52
116211,44583463.02,111197564.64
116212,222957869.77,230915117.54
116213,354561.56,1090378.82
116214,5488760.16,45023699.91
116215,1153532.85,13471137.18
116216,7531197.04,19275750.44
116217,9392148.89,14837793.33
116301,8578758.26,15422032.34
116302,68450109.92,204795862.51
116303,20669146.68,57363968.53
116304,12093158.76,29633784.99
116305,4878893.47,20149151.34
116306,26823275.51,46740850.71
116307,39824126.14,95139189.88
116308,161939.51,1488317.27
116309,22524838.86,2886430.14
116310,572536.12,951896.88
126401,3994101.93,9767279.18
126402,90880958.95,294608023.61
126403,320568178.74,786836148.36
126404,40846319.75,180925298.34
126405,17687537.97,18716530.39
126406,32371789.42,79013698.0
126501,36809.14,17614.74
126502,2252.0,0.0
126504,352474.63,1048901.86
126505,15634950.04,48776553.73
126506,15363259.56,66325948.8
126507,404820.99,1164999.09
126601,15035425.72,39022012.86
126602,1542160.79,3480960.52
126603,2284054.0,3680069.14
126701,98231.38,261379.74
126702,2301628.92,13679781.67
126703,22928038.15,17398164.81
126704,3241541.02,2307177.68
136801,4246805.88,19197118.01
136802,13621970.12,70480134.21
136803,1290897.33,1358977.39
136804,188428331.81,59501397.22
136805,81269656.74,67790465.45
136806,48817770.32,96436988.74
136807,25472348.38,30044882.85
136808,33666070.44,11709096.85
136809,50507776.1,31674375.79
136810,73580081.57,111985417.12
136811,10184398.4,11998805.54
136812,917474.31,323506.02
136813,8439327.44,11039093.75
136814,38095967.04,10322248.76
136815,133725391.52,54468309.68
136901,747750.32,1452436.13
136902,198072299.81,37888398.51
136903,14750103.62,21991509.48
136904,11048053.15,5007015.14
136905,25002200.84,37364363.14
136906,2459938.56,1914687.64
136907,3881451.25,61287886.33
136908,8941365.89,138788823.92
136909,13441515.41,18666818.73
136910,41214032.77,48023087.66
136911,14304578.01,76294255.44
136912,6801884.57,14508382.58
136913,3874430.54,29762741.66
136914,9051023.13,20179080.24
137001,6543646.68,1927621.56
137002,653684.93,6460146.06
137003,2263707.54,7638546.95
137004,184572.61,673659.01
137005,5116184.54,93679979.85
137006,3487773.79,12913809.99
137007,60797834.03,136942175.23
137008,53398334.46,37516720.5
137009,13871083.95,44923331.86
137010,161829453.4,88638846.18
137011,611290.92,434038.74
137012,19619.1,0.0
137013,270518245.52,122331037.45
137014,22417665.25,4051193.81
137015,696228.9,356454.88
137016,4599186.32,11241626.95
137017,4229526.95,10723349.15
137018,320247262.69,59482818.57
137019,122639830.42,173385802.54
137020,16774174.36,18110621.44
147101,421366.32,3552235.54
147102,5155286.32,16507936.48
147103,15736054.01,10877352.07
147104,28872526.45,11008405.85
147105,382160.39,4059196.79
147106,52058885.97,173034807.31
147107,256089.65,868561.96
147108,624116187.54,2775989572.08
147109,57008.0,69544.8
147110,79225001.13,85425196.91
147111,13944.0,0.0
147112,119470737.13,93236819.87
147113,100360705.28,194844125.41
147114,1729338.48,6015793.64
147115,2587792.89,9458004.74
147116,3922571.31,21263882.2
147117,390972579.58,250040323.95
147118,25267736.36,3310194.67
157201,5811890.23,5582306.49
157202,186420196.23,113165932.16
157203,3559928.59,98233.12
157204,286138610.64,250254122.72
157205,5145316.28,21352881.86
157206,5562965.31,1788351.86
157207,60381592.63,17337773.08
157208,1173610656.41,336029389.58
157209,384345219.77,67794780.97
157210,1008428092.9,299343637.55
157211,187795327.53,171227289.35
157212,210167752.04,162676870.67
157213,60740209.68,79885647.6
157214,101153117.63,174175770.02
157215,21634306.7,29983235.9
157216,103116109.81,171007018.75
157217,101927100.31,92863704.69
157218,27911829.01,76771537.77
157219,120331559.96,201607184.61
157220,40794385.08,61700743.54
157221,7483238.01,7470448.52
157222,172669247.85,90440469.73
157223,4516160.93,12211876.14
157224,142971183.8,26874251.72
157225,664967744.73,166607274.63
157226,119283294.85,40596771.61
157227,154656056.3,14644472.96
157228,257535949.01,144989983.85
157229,54766641.13,13222288.72
157301,9816999.51,22647848.29
157302,501564822.12,38658167.14
157303,25008074.23,22194132.24
157304,707689338.09,248909225.71
157305,15015935.89,156114199.46
157306,295558070.71,264990182.99
157307,398445432.34,257899204.54
157308,841683956.41,686876588.15
157309,43706328.37,79799531.17
157310,56292971.65,80169005.58
157311,83538470.41,20809802.06
157312,75907718.57,46891509.57
157313,134564.08,192343.43
157314,36760511.25,111053432.62
157315,75754506.9,58979334.84
157316,601641.78,343113.0
157317,38969355.43,27949243.63
157318,222067373.05,472881166.91
157319,371265.67,1420451.06
157320,38888480.64,107045571.23
157321,138129726.63,130414210.54
157322,56946752.13,89436851.86
157323,30646583.3,110255716.11
157324,26591532.98,56863684.33
157325,55317333.29,142618648.3
157326,578101882.78,710559604.26
157401,5483517.05,37038.0
157402,74787.6,0.0
157403,1073441692.15,70666908.0
157404,164349283.74,469377186.61
157405,804636.42,446224.98
157406,4669809.19,8798400.78
157407,54544655.48,48830042.3
157408,46492695.47,281083584.37
157409,29457578.66,115115840.11
157410,16919328.27,14630804.04
157411,145213244.54,66155492.38
157412,28529396.96,84263435.91
157413,4693089.34,16204149.85
157415,9797275.04,12496594.1
157418,4012090.12,17509905.02
157419,15780694.48,48926528.16
157501,293721.0,0.0
157502,11274915.5,47728029.18
157503,7357495.79,556530.74
157504,2720835.67,1257566.56
157505,72710533.34,35367256.56
157506,8465508.66,23798314.06
157507,744503.6,3006060.07
157508,6602703.56,3029440.19
157601,213389585.62,444506625.13
157602,95306283.69,100107200.18
157603,35393676.09,11710813.84
157604,557397500.04,286545917.6
157605,8548702.57,29350390.06
157606,439210935.57,335173150.71
157607,652031439.11,122963680.75
157608,14479315.69,33899745.17
157609,12671183.04,14504010.81
157610,196747455.02,302966380.25
157611,2718426.43,3155106.22
157612,174650458.77,86131301.77
157613,4259508.65,2335956.55
157614,13042881.21,1834176.54
157615,29934961.15,42504806.9
157616,302009340.96,234811663.05
157801,28766670.42,39956495.77
157802,2077818.94,666178.88
157804,250383.94,1642122.97
157806,332895.63,1670961.83
157901,24215150.36,112742508.19
157902,5276066.61,2358025.17
157903,1007684.73,1198192.58
157904,1963752.66,994141.59
157905,11022839.28,20480481.64
157907,33761179.26,33299742.91
158001,1952335.97,2047184.84
158002,212026.04,279502.83
158003,500240.57,2144944.12
158007,1722647.41,1199743.9
158101,56518025.0,6928528.93
158102,138734270.0,8195087.66
158103,9783103.92,11448447.0
158104,177541300.0,55080030.02
158105,3678409.84,9653321.09
158106,116664.0,85480.28
158107,75127.0,0.0
158108,25592122.62,25478480.0
158109,189654.0,341196.96
158110,544790.46,18015.78
158111,3716277.5,12282365.67
158112,4768791.75,12964124.56
158113,10348057.84,3062782.6
158201,21108086.36,14610728.75
158202,55809198.24,49509380.66
158203,15693707.68,26637634.41
158204,10185257.84,27124136.41
158205,166533680.1,113796499.36
158206,5447713.78,11192177.1
158207,254460569.32,334470835.88
158208,98857686.09,45894520.37
158209,133714201.63,64012614.86
158210,2986150.73,3654673.77
158211,7074833.59,31561022.65
158212,9204668.84,16646132.61
158213,668327.72,4324728.27
158214,1637264.79,10480301.54
158215,4865432.2,13553202.25
158301,101753642.8,95228826.26
158302,1207162188.76,497523226.35
158303,9627794.12,20416406.19
158304,619609.75,1089995.99
158305,32228087.13,38804964.55
158306,8372276.67,29585696.33
158307,9989728.98,25901252.42
158308,34368229.29,28975971.03
158309,61801278.42,128233408.5
158310,5472599.12,11291646.22
158311,70388091.72,14419809.64
168401,7712915.98,1486853.88
168402,69197473.33,30536946.02
168403,384894052.28,168646642.04
168404,12754767.48,20619442.61
168405,60109540.54,7657205.64
168406,179127240.2,79998983.04
168407,1825238251.11,85958101.05
168408,1761614469.78,360218605.5
168409,911489102.03,1713354727.89
168410,146318964.58,45680259.09
168411,191711345.86,170489272.41
168412,195052043.69,204442970.95
168413,541087033.06,672079848.3
168414,516120664.42,744822767.6
168415,248464603.78,390930050.28
168416,45406417.95,35998560.88
168417,141881174.63,78249112.19
168418,658192581.82,419499419.95
168419,549840845.6,470711911.98
168420,38434784.77,31798801.9
168421,822006981.15,522699276.92
168422,304514480.71,349682698.55
168423,23554427.26,40146989.57
168424,109454043.34,245507838.06
168425,31950081.27,98792369.8
168426,721217140.3,211524116.77
168427,34781848.53,123084503.5
168428,618883405.88,283271689.76
168429,510781155.27,229661986.25
168430,330680020.26,72064563.79
168431,952947156.11,741788011.26
168432,150820503.63,147839521.59
168433,366407989.63,322879036.26
168434,9599605.95,29865610.83
168435,7661492.97,12778980.36
168436,78484140.69,63712118.94
168437,25314384.09,13784393.38
168438,231137555.34,148545211.87
168439,410112150.81,102905494.91
168440,9824684.09,22513759.91
168441,60950849.99,54480296.93
168442,46385473.74,47114885.44
168443,497076793.56,950716294.71
168444,11295749.71,385521.11
168445,17410898.6,1625934.3
168446,25949392.96,846452.79
168447,3864665.01,4147639.68
168448,42284455.12,31521306.86
168449,14670339.99,1267333.17
168450,9968243.44,138483121.13
168451,35577937.94,56307789.4
168452,9185349.15,16648806.69
168453,2306887.57,4632191.33
168454,158941010.71,73876372.92
168455,204479319.48,86210707.25
168456,25582739.08,40540530.31
168457,79022700.65,117771992.62
168458,162584177.78,76574665.31
168459,116203769.81,96846756.72
168460,21869535.12,39128494.01
168461,68357632.82,23599750.89
168462,208685894.81,102107717.28
168463,46738243.34,12908186.0
168464,58008632.77,20465725.4
168465,224798838.56,144228783.67
168466,278728605.82,321565209.4
168467,116237148.03,102534094.74
168468,31754262.05,20132827.27
168469,277691.03,118981.44
168470,31962310.98,25954977.21
168471,502535846.4,1889007940.85
168472,28877752.24,35682556.81
168473,324299816.78,713749864.82
168474,329384069.78,166106796.5
168475,6219065.13,12808549.43
168476,23536050.97,39984078.5
168477,1296503252.5,280851826.9
168478,4027786.83,2671150.49
168479,1188387518.25,744831774.68
168480,283576640.97,212713848.33
168481,624358117.05,810311732.05
168482,504524266.69,367538234.7
168483,553299662.55,737338999.43
168484,28896719.21,45642139.72
168485,53639640.69,94254327.18
168501,930103986.04,552272838.54
168502,442637555.32,82401257.29
168503,248244254.08,128902422.17
168504,1522551700.72,745055359.93
168505,54408982.18,49310284.67
168506,7489152.16,47260238.75
168507,250704901.07,233068043.74
168508,106633523.04,226034400.17
168509,51460204.75,171849619.67
168510,36062110.57,21862624.58
168511,92347417.8,168301622.58
168512,330260732.28,162019466.51
168513,4999620.81,19998093.84
168514,165237377.66,58467991.68
168515,222553797.14,144389297.58
168516,275772058.62,515911197.3
168517,462457810.12,854911654.4
168518,292715668.48,170289263.81
168519,35182212.0,84445686.72
168520,10925.6,317906.99
168521,18054468.69,91534725.64
168522,32068533.18,17358555.98
168523,90935931.4,168700987.24
168524,1449855220.18,833664776.71
168525,812405196.28,1476113865.5
168526,49773221.15,130564480.45
168527,56069808.0,140465368.26
168528,376006549.04,1085356068.93
168529,87618150.87,151821534.5
168530,139884942.97,70722304.1
168531,83868027.0,184853508.35
168532,101949805.0,102688372.31
168533,139071363.97,107210869.82
168534,193536900.28,135715604.58
168535,78137670.73,100262505.29
168536,608528293.54,834291365.84
168537,424129192.28,336932261.44
168538,544483442.27,389671961.37
168539,52405165.28,167662394.56
168540,1012111.77,3521792.37
168541,723876221.21,506794519.86
168542,1127807631.6,813449504.59
168543,166900610.57,227034542.34
168544,870025245.92,925833210.1
168545,199805124.54,32064773.58
168546,60959620.74,18189813.49
168547,123643101.12,32263648.89
168548,11482912.58,28005600.16
178601,99142692.74,47129950.56
178602,2824189.37,17013307.65
178603,351597634.89,18334760.24
178604,393884878.28,23770751.79
178605,70821931.28,3542328.95
178606,71929959.73,60591595.55
178607,881282463.02,528966206.22
178608,60330742.17,20062083.89
178609,15787979.0,22212879.23
178701,685580334.45,563751187.45
178702,102387995.84,178106829.03
178703,2577601032.27,7364894698.6
178704,1455289312.37,765698373.75
178705,457418739.53,196177591.5
178706,15194988.43,35754764.19
178707,135526266.98,28538536.5
178708,2996468147.3,2877788286.84
178709,8905756.91,8422202.38
178710,29203934.0,2155960.0
178711,406257716.09,202983100.41
178712,68972642.41,99961836.82
178713,2380317.42,13508629.13
178714,80391209.85,234229109.57
178715,4276615.38,16402177.06
178716,261263333.25,337484372.54
178801,147779.15,548030.1
178802,213621917.97,1097886173.32
178803,483879380.04,258889168.62
178804,4712815.51,5631015.81
178805,1263046.86,2698840.24
178901,59045285.65,53063498.94
178903,36292360.59,69440243.29
178904,745006.26,1737932.0
178905,3270377.95,1861036.0
178906,145335.0,295437.66
178907,3176936.65,403255.37
178908,12042.91,0.0
189001,39642080.6,185944775.27
189002,15062091.98,54721646.33
189003,210087466.81,113401571.24
189004,65339803.8,83700023.57
189005,41347724.03,10903813.26
189006,44157230.53,25076704.93
189007,8606929.93,10007112.83
189008,4341411.28,4857200.17
189009,2408431.0,6150.0
189010,12676268.26,9138216.81
189011,25823258.96,16255242.66
189012,1693345.01,6093413.59
189013,54688799.45,76242689.36
189014,15103887.49,21373952.89
189015,92039771.71,41028825.3
189016,516457.58,3033657.82
189017,10967530.58,24611934.3
189018,728097980.83,835852505.79
189019,27900117.49,83082328.76
189020,5083696.09,8238373.13
189021,339026353.39,375220896.82
189022,110026868.24,116007041.85
189023,16115447.49,20838538.83
189024,20499137.77,23470265.01
189025,28815268.86,52864091.13
189026,110279572.06,178784329.88
189027,348891695.75,303925119.49
189028,24499747.16,52096349.86
189029,19492174.98,58018064.18
189030,132485343.68,94760787.37
189031,356856650.28,296247395.34
189032,193496692.3,254496837.57
189033,18700286.76,35731498.21
189101,34800751.97,72244753.28
189102,85995194.96,192985745.17
189103,639837.04,941232.31
189104,195156.55,262463.79
189105,8367385.46,12697881.85
189106,3178539.99,2255426.52
189107,3077230.48,7891966.92
189108,259474.27,999942.11
189109,244271.13,466246.19
189110,73807.82,361882.61
189111,461772.21,500330.37
189112,136925.0,696810.02
189113,66162523.11,14521180.03
189114,2257771.79,4027370.44
189201,14182508.89,10595869.05
189202,1527081.68,7716439.71
189205,6018187.76,15952191.0
189206,410909.83,5245482.04
189207,3555297.7,13365495.96
189208,454703.42,1137473.26
189209,24280723.5,16802808.61
199301,520484.0,9041.0
199302,196765532.0,1937861.0
199303,18198508.58,15044629.57
199304,5332366.84,5986985.45
199305,37130236.1,17093549.49
199306,17760163.72,21504778.31
199307,112133.56,100669.1
209401,361954533.93,763239462.09
209402,14726202.72,55091069.43
209403,1143150742.9,1395434199.75
209404,162217024.72,217752086.99
209405,615955747.88,627792529.99
209406,95034743.29,114686354.57
209503,64520186.53,328468023.39
209504,646435846.92,410645422.64
209505,27606672.81,52971379.9
209506,516414514.31,441700002.66
209507,2258212.64,12370849.18
209508,11504227.31,4342037.31
209601,1129367.1,459548.34
209602,335708.7,2343083.1
209603,20368059.03,91034807.93
209604,285709.63,802854.16
209605,372876.9,734417.13
209606,12113221.58,10871077.92
209607,5118082.4,7633650.73
209608,22038227.15,59435133.34
209609,6119519.41,6445166.37
209610,2722818.19,3229330.6
209611,155993954.0,5604034.9
209612,43744330.18,21130416.0
209613,8599536.78,18553533.95
209614,717574.84,2703205.32
209615,1533814.43,10933805.17
209616,1297469.44,2744820.38
209617,892842.39,3970752.61
209618,1802434.57,4318153.81
219701,117443607.21,82023134.52
219702,974326.99,1571726.11
219703,13834787.59,13141256.45
219704,2330899.8,2042116.13
219705,4763812.64,12357622.04
219706,10697919.68,7501600.37
