010101,0.0,49906.91
010102,678100.0,3133665.22
010103,0.0,148634.33
010106,350868.53,4334.0
010201,72978.24,3230207.26
010202,458626.29,111409.0
010203,0.0,2943.86
010206,2310.0,86120.0
010207,1147025.6,0.0
010209,0.0,10952.13
010210,0.0,35128.11
010301,4885.99,0.0
010302,3018.4,1327960.5
010303,1056.18,9177.41
010304,4060.0,0.0
010306,2553.07,0.0
010307,0.0,1649.0
010401,0.0,189250.18
010402,1254657.71,2653865.52
010403,0.0,46928.98
010405,1571.0,63226.28
010406,9775.0,1055335.76
010407,585606.05,0.0
010409,8706.91,244326.21
010504,0.0,7836.0
010505,27221.23,2554.0
010510,19479.92,0.0
010511,584470.83,0.0
020602,0.0,25258.66
020603,614393.03,2379.0
020604,222440.7,2276.05
020701,0.0,509294.85
020703,35104.57,4730.17
020708,3695.48,0.0
020709,0.0,12192.27
020710,5719.0,41693.4
020711,88745.58,6060.36
020712,30914.29,0.0
020713,7659593.84,1098927.15
020714,5084.0,0.0
020801,31078107.37,104699.0
020802,43778.32,28500.26
020803,876801.91,0.0
020804,30250.1,0.0
020805,1684.0,118130.3
020806,0.0,55264.0
020807,2013.0,0.0
020808,0.0,707045.44
020809,16326.99,98726.32
020810,20435.63,0.0
020813,14988.15,82721.38
020901,17165303.07,7558.13
020902,18987.58,616758.07
020903,0.0,646083.24
020904,3421.87,3224.0
020907,1899.0,0.0
020909,9542.0,55416.12
020910,2609.87,2066.01
021001,2723.24,20312196.48
021004,0.0,2685.0
021005,2110345.4,1141021.85
021006,12217.27,3151444.94
021007,7218.67,630492.32
021008,2707940.64,5789.0
021101,787336.0,24692774.18
021102,36342.14,13349.68
021103,0.0,12115.0
021104,70141.47,1562258.03
021105,0.0,3167.0
021107,0.0,497855.84
021108,0.0,276427.94
021109,0.0,1824.14
021201,54117407.07,3831.98
021202,284315.61,0.0
021204,0.0,28807.0
021206,1490430.24,2187691.89
021207,355954.56,33765.15
021208,14395200.01,0.0
021209,255754.38,1565305.34
021211,348987.72,80847.9
021212,357784.45,1544.12
021214,0.0,2437.0
021301,0.0,30390.06
021302,11854.22,64472.51
021401,2364.67,0.0
021404,17659.44,3583.74
031501,0.0,2563308.91
031502,0.0,59464.0
031506,0.0,88399.0
031507,58324017.13,63534.4
031509,228186.31,1187.17
031512,7165198.53,822918.37
031515,356378.21,75765.31
031516,0.0,39538.54
031517,21185507.9,10202907.23
031518,9702.0,1889.0
031519,15456.0,16276.1
031520,0.0,12970.08
031522,2233927.42,0.0
041601,3263.31,638422.0
041602,23577.87,1645066.87
041604,2462.0,57387.2
041701,7965914.43,916584.32
041702,0.0,105220.58
041704,198395.35,4429227.8
041801,274399.83,0.0
041802,4721.57,0.0
041803,16712.55,0.0
041804,441465.9,0.0
041805,75189.13,87248.49
041806,72088.8,4243909.41
041901,0.0,1531371.01
041902,1535703.52,1731938.72
041904,69223.23,1421129.99
041905,106877.93,4596493.43
042001,94469.6,4653.63
042002,0.0,26596.03
042004,0.0,6561.36
042005,5771.0,355685.5
042006,0.0,6123.76
042007,9867.0,594380.45
042008,4761580.71,3007613.39
042009,9010.46,784016.59
042101,4102.0,39545.77
042102,0.0,14595.0
042103,62232.31,4192632.0
042104,0.0,122223.92
042105,8341.0,23628.94
042106,72441.9,1225996.05
042201,0.0,52091.36
042202,601952.85,1867661.45
042203,6529304.04,1421235.55
042204,58323.92,4877885.29
042205,5489.0,41718.79
042206,0.0,1855195.59
042207,2742868.7,0.0
042208,41962.53,1011232.56
042209,0.0,43337.8
042301,0.0,6289.39
042302,30215.45,1356.96
042303,31904.3,0.0
042304,117713044.92,0.0
042306,5400394.19,2117.1
042309,38820.46,1379112.44
042401,0.0,953236.9
042402,2581419.0,1387206.0
052501,146337.2,50156.47
052503,2626.97,0.0
052505,0.0,93757.59
052506,2864.3,20351.07
052507,0.0,7912.65
052508,0.0,27910.69
052509,0.0,8916.22
052510,30151.39,0.0
052511,541354.98,31412.0
052512,1130.83,13171.0
052513,0.0,3162.91
052514,68222.93,0.0
052515,360039.13,6700.1
052516,6215.0,3894.0
052517,32332.24,1088.0
052520,4632.0,0.0
052522,0.0,78789.3
052523,108858.74,6763978.11
052524,8642.45,0.0
052525,0.0,9728.02
052528,3133325.69,14917.11
052530,23879.43,172375.23
052601,0.0,5809.52
052603,87804.18,0.0
052606,0.0,11349.19
052607,9453052.87,0.0
052608,188120413.81,0.0
052609,5285915.38,6528.96
052610,0.0,2361.0
052611,1456981.55,4429.7
052615,505241.05,0.0
052616,59724153.03,0.0
052617,517487.38,0.0
052621,0.0,9063.0
052702,46800.0,0.0
052707,0.0,7240.0
052709,23674042.81,0.0
052710,11294689.91,61570113.53
052711,36943856.42,77293.21
052712,0.0,1645028.57
052713,0.0,54682.5
052714,31194.78,125325.33
052715,0.0,260645.1
052716,68132.0,0.0
062801,0.0,26070.6
062803,0.0,1799.0
062804,0.0,32833.66
062807,0.0,12291.67
062809,10802.03,0.0
062810,3991370.46,20020.0
062811,259188.02,400934.57
062815,119524.0,524707.9
062817,0.0,7169.87
062821,0.0,23175.21
062823,0.0,1110.0
062824,0.0,10605.57
062825,3325928.34,4028.69
062826,0.0,5919.0
062827,0.0,58375.93
062828,0.0,264184.44
062830,0.0,29012.95
062832,0.0,2336.61
062833,137873.55,93534.54
062835,0.0,112698.22
062836,19165.47,1344063.43
062839,0.0,3887.53
062840,0.0,10780.14
062841,0.0,2270.88
062842,0.0,2294.0
062844,97281.0,135485.75
062845,2010.0,0.0
062847,0.0,4995.56
062849,0.0,372523.58
062901,0.0,9025.43
062902,0.0,185514.41
062903,130954.42,40932.92
062905,7220.0,416963.54
062906,0.0,1015.42
062909,0.0,45957.78
062912,0.0,20165.76
062914,0.0,133290.14
062915,0.0,72599.12
062916,1791.0,109696.3
062917,0.0,19371.31
062918,0.0,79918.67
062922,0.0,48017.75
062923,26524.85,25559.7
062924,0.0,10607.69
062925,0.0,10104.0
062929,0.0,413180.59
062930,0.0,11854.64
062931,0.0,1599.0
062932,30322.0,32596.96
062933,0.0,10856.58
062934,0.0,130936.56
062936,0.0,7903.71
062938,0.0,1001.0
062939,0.0,1610.0
062941,3640.0,397305.95
062942,2417.0,0.0
063001,0.0,11940.87
063002,0.0,688006.99
063003,4709.0,140873.13
063004,2058889.64,11386665.04
063005,0.0,62504.97
063006,0.0,27651.48
063102,0.0,137989.75
063103,0.0,2858.04
063104,0.0,113846.73
063105,0.0,274270.6
063201,0.0,242152.83
063202,4043.36,79497.87
063203,0.0,2833.36
063204,1208.39,274604.7
063205,0.0,4171.35
063206,0.0,326124.39
063207,0.0,2328.2
063208,20871.16,295579.77
063209,64985.34,27517.74
063210,0.0,29501.17
063211,0.0,4385.96
063212,10254.81,15135.81
063214,17473.32,237031.5
063215,0.0,219593.74
063301,16145.89,70616.36
063302,3083.0,836935.9
063303,191849.31,856977.09
063304,16551.43,765740.04
063305,50749.3,4594098.16
063306,0.0,13959.44
063307,52628.0,1294513.27
063401,190360.0,4185252.36
063402,49182.68,11688253.75
063403,11551.0,285004.58
063404,0.0,27156.55
063405,0.0,51207.31
063406,0.0,5647.0
063407,0.0,18890.26
063501,0.0,11718.0
063503,0.0,1210478.43
063505,0.0,11982.15
063506,2548.09,1560512.23
063507,0.0,128850.13
063602,16691.25,1334711.27
063603,0.0,12320.64
063604,97281.0,0.0
063605,0.0,7000.0
063606,0.0,27854.64
063701,23814.0,412211.76
063702,33913.0,234748.16
063703,1281.0,20311.0
063704,19814.59,0.0
063705,56553.0,0.0
063706,0.0,51316.74
063707,3214.0,2580.0
063802,0.0,30566.69
063804,0.0,31276.71
063807,0.0,10882.79
063808,26385.0,16107552.4
063809,8059.63,122929.38
063810,0.0,23860.33
063811,0.0,23406.32
063812,0.0,282523.32
063814,0.0,94895.42
063815,0.0,22534.13
063816,0.0,19642.14
063817,0.0,48865.15
063820,0.0,8526.18
063821,0.0,1400.35
063822,0.0,233145.81
063823,524966.65,6617476.31
073901,15630.15,2056904.62
073902,0.0,1458431.99
073903,9223.47,135801.88
073904,1021.01,533929.15
073905,0.0,7513.05
073906,43649.0,99678.51
073907,0.0,417236.82
073908,0.0,41217.75
073909,40092.79,952017.73
073910,0.0,14383.74
073911,0.0,6895.23
073912,8779.0,180074.27
073913,21449.0,41169.71
073915,0.0,1089.11
073916,0.0,33662.78
073917,7061.0,1006031.79
073918,250280.0,230754.34
073919,1055.0,448536.41
073920,24006.59,2616105.96
073921,621404.17,1054334.53
073922,8260.0,45068.9
073923,1189980.95,9958128.12
073924,10562.11,606281.08
073925,1199.77,131599.29
073926,203745.07,2437530.04
074001,0.0,10352.08
074002,0.0,32669.55
074004,0.0,3709.58
074005,0.0,8168.93
074008,0.0,10531.05
074009,78230.0,189746.09
074010,0.0,34727.84
074011,41792.53,34479244.61
074012,0.0,25048.0
074013,0.0,72323.38
074014,9844.0,13601.11
074015,0.0,28210.29
074016,100255.25,1013265.86
074017,0.0,3156.0
084101,913070.88,0.0
084102,21582.29,0.0
084103,126787.3,0.0
084104,10141120.11,24846.45
084105,238243.13,0.0
084106,14596.98,0.0
084107,50336.37,0.0
084108,94953.47,0.0
084109,1371345.92,0.0
084110,56860.0,0.0
084111,0.0,3131.32
084201,0.0,2804.86
084202,1590419.92,639989.74
084203,526175.11,47737.41
084205,80270.0,8172.0
084303,118060.99,9094.0
094401,0.0,8976.74
094403,386717.81,26807.83
094404,0.0,2691.17
094406,46216.44,0.0
094407,24436802.67,1939932.91
094408,2087413.03,86420.28
094409,4248188.66,27907.22
094410,90343.0,566624.55
094411,1062346.3,658011.34
094412,566230.5,23513.06
094413,1865.5,0.0
094414,114983.9,1680.56
094415,0.0,7880.16
094417,15179.96,0.0
094418,19565874.45,408196.54
094419,10748.36,0.0
094420,94044.07,7170.39
094421,198527.22,230492.58
094602,1571.0,0.0
104705,0.0,8927.38
104706,1071638.29,0.0
104707,0.0,315256.75
104801,0.0,143642.61
104802,294482.63,2858791.77
104803,0.0,204088.58
104804,0.0,622395.51
104805,0.0,930371.67
104806,2099.1,0.0
104808,0.0,14979.88
104809,0.0,45686.0
104810,0.0,33030.0
104811,0.0,154320.94
104812,0.0,3114.49
104813,0.0,459594.28
104814,0.0,113066.34
104818,1234213.18,12043621.59
104819,80486.0,938803.49
104820,16033.18,327647.81
104821,1117.05,95563.52
104822,0.0,11233.24
104823,1031.0,25649.6
104901,371154.28,10115347.32
104902,113069.0,538181.6
104903,4674.93,59596.59
104904,0.0,2247.57
104905,0.0,1055.0
104907,265931.0,2066.0
104908,0.0,87027.24
104909,205050.27,206152.45
104910,0.0,5317.74
104911,197219.96,220048.2
115004,6340.0,0.0
115007,2491.0,0.0
115101,88849.61,2543.88
115102,298007.2,0.0
115103,32307.8,312123.37
115105,1608827.87,50634.92
115108,13406.0,0.0
115109,13746.0,0.0
115111,11325.88,67787.21
115112,285375.39,99681.04
115201,19157734.97,125963.68
115202,2714.55,0.0
115205,9514616.06,6673534.63
115208,0.0,191130.0
115209,6206.0,1085333.74
115211,0.0,137202.94
115303,9126.99,0.0
115401,0.0,48304.83
115402,0.0,45853.48
115404,0.0,32007.38
115407,358392.56,1677240.23
115503,1590.0,393838.63
115506,0.0,3500.0
115509,37386.36,0.0
115512,0.0,49657.4
115513,3955.0,15117.0
115514,36345.0,146109.97
115515,38359.0,377650.76
115601,0.0,1011.0
115602,0.0,183548.59
115603,0.0,34269.28
115607,17303.63,3086.19
115609,1935.28,2170.9
115701,33196.08,178499.62
115702,4806.88,0.0
115703,8311.0,0.0
115705,9871.0,190490.54
115801,2893.65,1716.0
115805,6611.77,27425.0
115806,0.0,202311.0
115808,0.0,1195.0
115810,1733.11,0.0
115901,2760.0,1474.0
115903,37059.0,412680.72
115907,9377.0,56053.07
115909,7843.0,1718.0
115911,0.0,61800.94
116002,44628.0,902202.24
116101,118294.9,8449.0
116102,433881.07,46178.0
116103,236842.3,917887.28
116104,383210.91,825727.68
116105,4868109.22,612764.22
116106,1130682.86,279793.32
116107,33044.0,14350.7
116108,97359.81,53908.2
116109,6156823.74,2453162.66
116110,9029637.34,1660736.88
116111,171919.86,109504.09
116112,202152.0,223611.54
116114,190097.73,117537.88
116115,255500.85,750003.25
116116,54302.59,19674.82
116117,205109.38,31077.11
116201,429447.82,320886.79
116202,99115.05,14820.81
116203,807470.25,2338875.2
116204,460814.72,1450083.85
116205,1988877.96,396493.79
116206,393026.17,267167.18
116207,22604.58,9389.0
116208,149212.9,5353.0
116209,60522.14,58281.69
116210,29070.0,18280.0
116211,39357.0,611679.98
116212,16425.03,32738.69
116214,113943.37,24661.68
116216,5026.0,3676.93
116217,10322.0,35516.24
116301,1827668.18,1243248.81
116302,98789.4,196496.06
116303,3809.78,0.0
116304,3490.97,17190.58
116305,1953394.96,16857.96
116306,46000.73,118773.57
116307,3857.54,90581.73
116309,25253.6,971584.09
116310,2909.0,9625.96
126401,0.0,22195.84
126402,221751.89,2698773.15
126403,181678.04,2068330.42
126404,207312.42,1370874.31
126405,15085.13,239915.17
126406,47317.14,91267.54
126501,351507.62,694161.18
126502,31664.0,0.0
126503,76641.82,0.0
126504,10691.49,8322.0
126505,158479.1,38053.36
126506,47720.0,104820.91
126601,0.0,125225.0
126703,1298.0,0.0
136802,16284.97,315856.98
136803,12286.69,0.0
136804,0.0,5042.11
136805,0.0,5826.31
136806,0.0,83322.62
136807,0.0,117001.07
136810,7610.36,76254.25
136811,0.0,98576.94
136812,0.0,3939.11
136813,146810.04,176277.53
136815,2757.91,141413.06
136902,0.0,276456.57
136903,0.0,13275.83
136904,3077.0,4665.0
136907,0.0,253937.06
136908,52331.9,931325.64
136910,0.0,580726.28
136911,0.0,27819.02
136912,2530.78,1248.0
136913,199407.99,63024.37
136914,11089.38,19274.18
137003,0.0,260545.59
137005,0.0,1079911.59
137006,1000.0,0.0
137007,0.0,14544.89
137009,0.0,165460.4
137010,2801366.12,547409.83
137011,9255.07,7039.21
137013,39823.58,160253.33
137015,0.0,8718.0
137016,0.0,1009.0
137017,0.0,11145.75
137018,5122.44,29197.34
137019,0.0,79025.05
137020,28604.54,0.0
147103,870129.28,1386179.55
147104,10810.0,33115.0
147106,12971639.0,31201.0
147108,95106057.99,22770249.74
147112,504479.0,0.0
147113,50617121.41,1365549.11
147114,12613.0,11406.0
147115,3689957.7,38781.0
147116,2505.0,2834.0
147117,44229.0,43310.88
157204,192883.75,3591.97
157208,0.0,2074924.44
157209,10804.14,2255823.14
157210,0.0,1975686.04
157211,0.0,169959.62
157212,0.0,154668.78
157213,0.0,387156.27
157214,2181.0,2672440.35
157215,0.0,46181.02
157216,0.0,763538.4
157217,0.0,385243.49
157218,67054.0,13588.79
157219,0.0,9596.8
157222,0.0,19985.62
157223,0.0,1488.0
157225,0.0,15235.21
157226,0.0,31524.72
157228,47930.0,283441.24
157229,0.0,46996.53
157302,6630.01,1595.54
157303,4397.0,0.0
157304,874802.46,13937978.67
157305,0.0,59186.94
157306,4733.02,6153810.6
157307,301223.0,2387538.3
157308,404636.0,1445507.32
157309,234254.0,799139.87
157310,107749.05,108973.21
157311,36528.58,1091151.2
157312,0.0,728542.75
157313,2024.0,140813.59
157314,2937.0,253078.55
157315,23125.0,191127.24
157317,0.0,39596.85
157318,0.0,246006.89
157320,0.0,27487.18
157321,0.0,22459.0
157322,0.0,4514.0
157323,15776.0,106336.22
157324,0.0,61108.7
157325,5000.0,17629.96
157326,100840.35,6626864.59
157404,216278.51,0.0
157407,0.0,2095.42
157408,1932.35,6993.78
157409,0.0,8637.0
157410,0.0,2010.0
157411,0.0,11028.56
157412,0.0,133172.59
157415,0.0,2552.0
157418,0.0,48772.4
157419,1837.13,24456.23
157508,0.0,30561.6
157601,102138.16,0.0
157602,624176.25,31429.0
157604,0.0,385808.02
157606,21592.96,34249.62
157607,0.0,303627.43
157608,5195.0,8403.25
157609,0.0,1030.0
157610,2474.76,4639.0
157612,156527.0,48112.23
157613,0.0,1219.0
157615,0.0,18422.32
157616,34366.94,138825.16
157801,114101.66,1882.7
157803,58353.48,0.0
157804,0.0,1548.0
157901,60816.0,0.0
157905,0.0,1050.0
157907,0.0,6144.0
158001,68044936.2,1463.44
158002,1134109.3,0.0
158003,338894.93,4360.0
158007,24798.17,0.0
158104,1725.0,5825.67
158105,0.0,2447.0
158106,421186.0,0.0
158110,211348.46,0.0
158112,2855.0,0.0
158201,0.0,8557.0
158202,4649.0,14187.2
158203,0.0,5750.87
158204,28119.0,174096.11
158205,64551.0,323273.4
158206,15811.36,69132.94
158207,2792644.14,11016779.2
158208,4034.0,33001.14
158209,0.0,36686.57
158210,0.0,3885.0
158212,98722.0,5981.0
158213,0.0,3219.48
158214,0.0,4112.05
158301,0.0,9806.82
158302,6158.33,142317.91
158305,0.0,11573.49
158307,0.0,15717.07
158308,0.0,3634.41
158309,0.0,157653.94
158310,0.0,2031.0
158311,16899.0,1611195.62
168402,0.0,215468.21
168403,0.0,27641.09
168404,0.0,6760.0
168405,255000.0,3474882.54
168406,15156.0,133320.0
168407,330683.0,369715.66
168408,275412.0,675769.16
168409,114157.86,2194063.05
168410,628543.0,432744.0
168411,481222.0,28334847.72
168412,913983.0,1209051.84
168413,2735000.02,8573113.97
168414,1652813.33,3635069.14
168415,96667.0,626372.84
168416,27551.0,21471.88
168417,2743.0,325955.97
168418,32802.0,1273716.77
168419,603694.0,3781498.24
168420,1614.1,90033.55
168421,667767.0,4061120.83
168422,47165.0,1242348.53
168423,14311.25,854607.29
168424,24459.0,184951.25
168425,21111.0,82247.0
168426,2016607.17,790033.17
168427,0.0,1068.0
168428,177705.0,1717356.27
168429,6809447.0,6613152.04
168430,12261625.0,38792913.69
168431,11669277.37,60607839.0
168432,35110.0,473230.45
168433,43337.0,983347.03
168434,0.0,24981.34
168436,67527.0,49437.91
168437,43770.0,130567.52
168438,39585.0,3196339.26
168441,80879.0,40905.0
168442,0.0,6148.0
168443,5645.0,233084.6
168445,2965.0,10742.89
168446,0.0,1469.0
168447,40550.0,270537.44
168448,5005.0,700856.81
168450,2952.0,53386.77
168451,2966.0,59250.53
168452,30218.0,505984.76
168453,0.0,18683.41
168456,0.0,33227.0
168457,496709.0,129686.0
168458,0.0,40516.17
168459,25179.0,276054.15
168460,3303.0,106043.01
168461,86574.0,7545.76
168462,235721.55,197481.09
168464,4066.0,22358.15
168465,113702.17,165707.51
168466,36959.0,123985.46
168467,135194.84,1570779.3
168468,96637.06,769307.85
168469,15490.0,0.0
168470,220292.0,12992.0
168471,669503.86,16308864.35
168472,9440.0,23051.08
168473,49031.17,4653782.86
168474,158150.0,5315349.85
168475,13697.0,314384.66
168476,0.0,16999.42
168477,179588.0,285881.45
168479,436789.0,5597086.17
168480,203076.31,125856.91
168481,3542.0,7691725.25
168482,7116.0,12934.22
168483,96202.0,1283123.88
168484,0.0,29484.22
168485,0.0,295608.39
168501,810525.0,3113766.78
168502,342058.0,61782732.06
168503,2583.0,1439.4
168504,19427.0,1096221.56
168505,0.0,9878.0
168506,0.0,120444.33
168507,480090.97,351312.61
168508,32888.0,210725.47
168509,0.0,4622.61
168512,0.0,29770.78
168513,6719.0,9504.29
168514,0.0,32136.0
168515,1599833.17,670936.66
168516,7482.42,568699.64
168517,3123739.57,54650057.94
168518,6281.0,0.0
168523,13478.0,828727.1
168524,106400.07,3188089.61
168525,424130.0,2699111.23
168526,13538.0,0.0
168527,54038.0,364023.13
168528,8551.0,53763.4
168529,91151.0,2831007.88
168530,0.0,2532.97
168531,0.0,21838.56
168532,0.0,14842.19
168533,0.0,25453.63
168534,3275.0,0.0
168535,5564.0,483351.79
168536,34872.49,1725817.06
168537,288603.0,1961320.26
168538,17366.0,551671.65
168539,0.0,73994.81
168541,0.0,7117.74
168542,1250.0,318106.12
168543,101040.0,280166.9
168544,72653.0,1641119.09
168546,0.0,5065.48
168547,0.0,17883.0
178606,936446.0,375361.88
178607,19483.0,939404.52
178608,1863.0,5364.0
178609,3269.13,3780.56
178701,6140461.25,10198850.76
178702,0.0,23257.0
178703,666904.68,12703950.11
178704,1481386.0,10280065.14
178705,5213503.0,5308349.19
178708,1985010.01,5618654.62
178709,5684.0,18318.61
178711,15325.0,0.0
178712,0.0,1250.0
178714,0.0,26024.94
178716,422812.6,1119060.58
178802,279870854.0,436459.0
178803,1391573.94,1951728.24
178903,3693.0,5302.0
178906,2460.0,0.0
189001,1152.0,102574.12
189004,4209.0,16237.05
189005,1915.0,0.0
189008,0.0,6497.0
189009,0.0,176692.78
189011,9720.0,211817.21
189012,0.0,3405.0
189013,0.0,4254.0
189014,0.0,2406.0
189015,5944978.19,5820807.06
189016,1050.0,1187.0
189017,32106.0,0.0
189018,170062.0,3188859.68
189019,0.0,23808.33
189020,12186.0,23514.14
189021,11450.0,213066.04
189022,197265.0,441646.73
189023,4948.0,4137.0
189024,0.0,2894.0
189025,0.0,5165.84
189026,35061.0,1365079.26
189027,115813.0,1444098.84
189028,4229.0,64370.81
189029,2173.0,40871.57
189030,143628.03,1320293.08
189031,1079896.0,1274775.2
189032,20138.0,340824.16
189033,0.0,5709.88
189101,9096.0,7832.0
189102,2538.0,9736.0
189103,40692.0,3463.0
189105,5510.0,17758.03
189106,0.0,1806.17
189112,2371.0,0.0
189202,25864.77,9812.0
189203,1000.0,0.0
189205,93674.02,0.0
189206,12374.64,0.0
189209,20000.0,2940.55
199303,2100.0,215311.58
209401,6730643.44,852883.05
209402,0.0,1019.86
209403,13798324.67,5487841.08
209404,4949.0,28435.25
209405,20444.0,649585.13
209406,746343.0,1869410.21
209501,0.0,4409.0
209502,18023.04,207191.15
209503,40811.29,1159383.24
209504,2931.0,51223.0
209505,12262.96,991011.24
209506,17529.0,29081.05
209507,5023.0,5258.0
209508,0.0,2611.0
209602,93938.18,18034.68
209603,75685.81,1489870.43
209606,4814.0,15590.16
209607,617437.0,2671.88
209608,7373.0,12844.57
209609,4958.0,80021.77
209610,0.0,2579.0
209611,0.0,10746.0
209612,1275.0,15629.05
209613,0.0,1372.85
209616,1414.0,0.0
209618,0.0,1166.0
219701,659015.84,77246.7
219702,4918.0,0.0
219703,6714.54,9330.0
219704,5321.0,0.0
219705,49028.0,0.0
219706,10644.0,0.0
