010102,37725.0,0.0
010105,350679.98,548591.21
010106,153601.68,47501.48
010206,14161.0,90083.26
010207,1670.0,0.0
010208,10052.0,0.0
010209,3227.0,0.0
010210,42868.0,0.0
010301,402713.82,0.0
010302,3510.0,0.0
010303,19422.0,1175833.88
010304,7625.0,140350.6
010305,55977.0,2684906.67
010306,0.0,14147.99
010307,0.0,1149.0
010401,185297.68,1133554.52
010402,11026.14,1753800.73
010403,8696.0,0.0
010405,39986.0,111619.0
010406,2305.0,88879.39
010407,1751464.01,165788.04
010409,776816.38,8095.34
010501,0.0,16718.0
010504,0.0,108694.31
010505,29608.0,0.0
010506,6597.0,0.0
010507,38499.29,0.0
010509,0.0,1358.0
010511,3321.67,2237013.21
020601,39366.31,9305.9
020602,4007475.79,395306.01
020603,16540551.11,15903.72
020604,2948.53,0.0
020701,0.0,83371.6
020702,3697.24,11179.97
020703,5121.54,0.0
020704,139303.99,2461.84
020705,2995.0,0.0
020706,526532.11,0.0
020707,61835.87,1461.61
020708,11440168.62,104686.74
020709,7366495.22,138981.02
020710,23995294.74,579716.61
020711,7266.0,13127.23
020712,16926.91,1776.92
020713,503262.34,1207124.61
020714,7936.11,7413.98
020802,0.0,2658.31
020804,13919.32,33823.61
020805,32297.3,1235.81
020806,28821.71,0.0
020807,3152.46,0.0
020808,17675.25,2043.04
020810,10871.85,2484.56
020813,0.0,8318.0
020901,14301566.73,393330.17
020902,844202.87,1094003.43
020903,0.0,4387.0
020904,956900.05,120978.95
020909,0.0,3384.26
020910,7545.0,1137372.59
021001,8774.0,1025150.82
021005,4474418.83,32822418.6
021006,39644.0,2915283.64
021007,550954.11,2955781.56
021008,0.0,3572.0
021101,11530181.0,870297.72
021102,51879.0,0.0
021103,44403.43,614666.39
021104,18203.87,4904824.34
021105,35652.0,31422.21
021108,66250.54,245431.45
021201,1166705.4,166659.34
021202,641326.1,244820.25
021206,7007.59,0.0
021207,4525958.27,105951.88
021208,43441.0,279645.27
021209,193347.99,1380126.51
021211,3568.0,58038.92
021212,129397.83,0.0
021301,23091.0,154266.13
021302,4172.0,75035.81
021401,1268.0,2758.86
021404,64054.07,5379.63
031503,0.0,427930.72
031504,0.0,4576.28
031507,3774.0,7112928.58
031509,8735.0,16078.0
031510,19824.0,27968.81
031511,0.0,3241763.22
031512,513841.72,1150537.31
031513,110728.0,480476.83
031514,0.0,22693.0
031515,1232.34,23069.66
031516,171735.0,17706666.29
031517,492058.99,3079378.61
031520,1088032.0,50138.06
031521,75410.25,0.0
041602,23242.0,323209.95
041604,2395.0,330057.39
041701,49886562.52,1197992.82
041702,73146.94,2280903.22
041703,249206.85,4700.56
041704,5604317.87,4142554.73
041805,0.0,71231.74
041806,746192.44,1962150.76
041901,56078.0,3216541.06
041902,334027.0,147060.88
041904,2572.0,36335.34
041905,64396.99,407483.9
042001,4341.0,0.0
042002,2930.0,74895.0
042004,0.0,3607.21
042005,32621.0,987776.94
042006,1623.0,31718.34
042007,0.0,24414.2
042008,78060.0,63851.71
042009,66381.19,442782.59
042101,0.0,3888.51
042102,456909.0,1145211.24
042103,56809.96,1831009.92
042105,1680.0,1131.68
042106,1963173.56,665556.87
042201,51456.95,148950.33
042202,490273.89,2185273.02
042203,2298.0,135537.42
042204,0.0,79755.93
042205,0.0,2994.0
042206,0.0,193657.0
042207,6368.0,42984.64
042208,2980.0,170748.49
042209,15134.0,0.0
042301,3566.0,122886.29
042302,234865.17,32035.34
042303,2042.86,0.0
042304,1502830.15,210063.53
042306,159784.22,2790.4
042309,31400.18,555728.62
042401,128914679.99,850553.0
042402,360118.49,4814655.38
042403,94479.0,1119.0
052501,183428.84,11118.63
052503,16758.0,17861128.54
052504,0.0,13286.17
052505,386690.0,31499.44
052506,96978.88,0.0
052508,0.0,17747.6
052509,0.0,7273.81
052512,0.0,6953.0
052513,206737.0,0.0
052514,9046.82,0.0
052515,131470.0,0.0
052516,54600.83,5080.3
052517,32526.77,27601.14
052518,1564.0,0.0
052519,0.0,22161.74
052521,80317.71,1031.27
052522,1705991.17,12240.06
052523,18471298.07,2579675.74
052524,98918.33,0.0
052525,0.0,8478.77
052526,423807.55,2806.43
052529,215348.46,0.0
052530,46320.0,58589.61
052602,6527.84,0.0
052603,223346554.63,25837273.49
052605,2760389.96,2472576.0
052607,195488.55,0.0
052608,176955.05,0.0
052609,29236.0,0.0
052613,3036.0,0.0
052618,56191.0,0.0
052620,3958663.57,24546.71
052621,4018.0,0.0
052701,289236.51,5870259.63
052703,0.0,6745.0
052704,303376.0,29542.32
052705,14670.0,5265.73
052707,61980.0,23508.85
052708,0.0,686056.39
052709,0.0,185574107.36
052710,9426946.29,170615641.24
052711,1637301.93,377888.28
052712,69638.0,191699.0
052713,7403.0,840372.72
052714,8806.0,0.0
052716,8729275.53,2147047.54
062801,2625.0,22466.24
062802,165658.0,1951.79
062804,426510.49,252874.83
062806,0.0,2632.0
062807,651294.0,815064.84
062810,0.0,4848.8
062811,1580.0,115901.29
062812,0.0,5189.31
062814,0.0,1594.08
062815,19945.0,760225.75
062816,2662.0,0.0
062817,0.0,15588.25
062818,0.0,11000.0
062820,15789.64,0.0
062821,0.0,4406.58
062823,0.0,39181.51
062824,9606.0,569392.1
062825,23707.0,21149.77
062826,4098.0,3778.0
062827,0.0,85302.54
062828,1346.55,35178.82
062829,0.0,66088.0
062830,192698.0,231687.03
062831,0.0,1431813.45
062833,190760.0,604107.09
062835,6580.0,2265078.25
062836,66500.75,1625168.68
062839,0.0,257922.39
062840,0.0,96513.91
062843,0.0,91705.0
062844,3409.0,7184.39
062848,0.0,8585.26
062902,0.0,87514.22
062903,7664.0,32587.53
062904,0.0,4102705.42
062905,55122.0,1262283.44
062906,0.0,47217.0
062907,0.0,1605791.24
062909,2282.98,0.0
062911,78283.0,0.0
062912,0.0,1019.47
062914,0.0,10342.4
062915,0.0,886851.37
062916,0.0,52941.0
062918,0.0,219540.78
062920,0.0,1245.18
062921,0.0,18315.52
062922,0.0,278511.75
062923,0.0,2661.23
062924,0.0,83933.86
062925,0.0,3350.0
062926,0.0,52947.0
062927,0.0,140250.0
062928,0.0,685311.78
062929,0.0,95490.0
062930,0.0,1048055.16
062933,0.0,330342.0
062934,0.0,2196.0
062935,0.0,7559.0
062936,0.0,136138.83
062937,0.0,7188.0
062939,0.0,7429.0
062941,0.0,302435.0
062942,0.0,164525.12
063001,0.0,12352.0
063002,77451.0,2929964.0
063003,27170.0,193954.0
063004,331101.0,10295799.07
063005,7987.0,248162.0
063006,7442.0,244726.0
063101,0.0,36467.75
063102,3851246.41,40547234.96
063103,0.0,161235.9
063104,6972.0,251891.88
063105,36975.45,2921396.54
063201,20824.07,1256.0
063202,3651.0,4182.06
063203,0.0,1083.0
063204,8288.0,433798.69
063205,0.0,3512.69
063206,0.0,45312.78
063207,12800.0,5403.86
063208,18710.0,1428298.66
063209,15879.0,144161.65
063210,1356.0,402011.91
063211,0.0,4833.49
063212,0.0,9373.0
063213,0.0,4642.0
063214,0.0,112107.63
063215,118489.43,1511253.12
063301,73234.07,610725.97
063302,2620.0,508149.33
063303,2570.0,247761.03
063304,22463.84,1453810.51
063305,500257.51,1143756.87
063306,39299.3,543645.35
063307,7645.0,69321.56
063401,2497227.61,8523224.76
063402,1097383.1,853440.01
063403,123750.0,50860.18
063404,2215.0,6777.0
063405,196264.0,689879.44
063406,93259.46,34408.81
063407,0.0,3482.0
063501,0.0,15670.0
063503,0.0,174575.27
063505,0.0,30687.85
063506,11449.0,304907.19
063507,0.0,80425.48
063601,229649.0,0.0
063602,1251863.89,9902767.84
063603,1269892.95,4625412.31
063604,0.0,2609.0
063605,2805.0,66669.55
063606,30734.0,41302.43
063701,11701.0,92929.89
063702,0.0,27122.0
063703,0.0,199488.95
063704,0.0,68504.0
063705,0.0,7998.0
063707,110631.0,1929970.99
063801,0.0,56045.76
063804,0.0,122124.38
063805,0.0,57565.82
063806,0.0,2085.45
063808,429138.87,17564991.71
063809,1690.0,11302.95
063810,4542.0,72628.16
063811,19463.1,797662.3
063812,1407.0,0.0
063813,0.0,7979.01
063814,460894.0,15601.26
063815,0.0,111589.23
063816,0.0,241984.01
063819,3108.0,12840.12
063820,0.0,171124.58
063821,0.0,11043.01
063822,2782.21,4729772.61
063823,184418.52,22463635.21
073901,79900.16,4457424.33
073902,19478.0,544767.01
073903,0.0,260884.94
073904,8974.37,534734.86
073905,0.0,191444.78
073906,0.0,4126112.86
073907,18733.0,1729635.19
073908,1565.0,60324.34
073909,0.0,379319.7
073910,0.0,33545.2
073911,2211.0,200209.75
073912,0.0,127965.62
073913,0.0,92651.3
073914,0.0,2000.0
073915,0.0,42460.97
073916,0.0,29089.88
073917,2802899.09,10955578.55
073918,64332.0,480245.66
073919,33575.0,120614.13
073920,246266.0,3112273.37
073921,781295.0,1800401.29
073922,10570.42,422476.99
073923,2289173.01,8573155.54
073924,83244.77,1721456.53
073925,93290.29,169864.79
073926,36022.61,3949691.25
074001,9965.64,1454920.02
074002,0.0,31300.39
074003,3415.25,0.0
074005,2323.0,32403.66
074006,12183.0,12175.67
074008,9051.0,540702.75
074009,2832886.17,1893556.44
074010,31239.0,2490514.25
074011,47946.23,33936941.75
074012,21139.9,1348424.02
074013,1935.0,404117.33
074014,0.0,715204.96
074015,3836.72,331979.53
074016,227002.0,1754055.63
074017,0.0,2954.0
084101,1457168.12,48975.0
084103,9075245.6,0.0
084104,1785702.03,100217.91
084105,9503.0,0.0
084106,33063.0,0.0
084107,350601.0,0.0
084201,0.0,2411.0
084202,20024.14,2556591.48
084203,1169.0,153727.08
084204,0.0,24535.0
084301,6465.0,1714.0
084302,52639.0,2196.9
084303,0.0,1133.0
094401,108347.0,3830.94
094403,179555.0,16901.11
094404,53246.0,20476.06
094406,79715.98,6903.25
094407,2783288.83,253616.65
094408,95900.6,102667.37
094409,257108.46,175197.14
094410,753085.36,490391.76
094411,0.0,31857.18
094412,547019.92,233400.63
094413,4507.0,57182.89
094414,1819.0,22424.25
094415,13931.47,36234.77
094416,0.0,3531.77
094417,128641.0,0.0
094418,281047.89,1033527.33
094419,0.0,9061.29
094420,117105.14,3197388.28
094421,2655.87,206512.37
094501,0.0,2104.43
094503,0.0,1011.0
094504,2461.0,2056.0
094602,99857.0,1133.0
104703,0.0,5644.01
104706,27555.0,4218.0
104707,546535.2,217928.88
104801,0.0,10306.0
104802,20597.52,2421608.06
104803,361474.86,704191.66
104804,0.0,25384.0
104805,17235.12,62561.59
104806,0.0,17082.0
104807,0.0,38465.02
104809,0.0,43365.54
104810,9945.96,297514.0
104811,1294.0,521603.86
104812,0.0,5965.89
104813,64882.02,33865.52
104814,0.0,2136.76
104815,0.0,1117.65
104816,0.0,14822.63
104817,31536.0,126219.82
104818,184247.16,2027860.8
104819,279796.11,6068691.26
104820,22977.0,1223464.45
104821,1486.0,176217.95
104823,19362.44,1750534.23
104901,507570.24,10317264.34
104902,19135.93,1580534.34
104903,0.0,35750.81
104905,0.0,10098.59
104907,2186385.0,2185391.12
104908,0.0,5147.0
104909,1266.0,89306.03
104910,4854.0,73627.88
104911,32674.15,3957539.05
115001,1229.0,0.0
115005,0.0,44014.0
115007,0.0,3742.0
115102,0.0,1696.0
115111,5794.0,8332.0
115112,41698.0,10785.0
115201,96692192.61,2843660.33
115202,158240.3,21411.99
115203,695523.0,79352.66
115204,33104.0,35726.61
115205,23354944.65,12224.43
115207,4244157.0,51340.89
115208,48078.24,945195.95
115209,204638.82,452360.46
115210,2991.0,164623.0
115211,0.0,26728.8
115212,79854.0,50318.0
115303,0.0,6047.75
115304,0.0,13569.32
115305,0.0,6238.0
115306,12271.0,0.0
115309,0.0,1431.0
115310,0.0,44682.87
115311,0.0,1358.0
115401,0.0,14737.7
115402,0.0,209855.33
115404,0.0,94218.37
115405,0.0,4495.0
115406,0.0,80745.97
115407,0.0,1296939.0
115408,0.0,52118.0
115501,216411.0,2108563.96
115502,0.0,17906.0
115503,20403.0,191817.77
115505,83313.0,1788.98
115506,13650.0,32947.73
115507,0.0,1199.0
115508,0.0,15294.0
115509,110278.36,0.0
115510,0.0,1670.0
115511,52017.0,147335.86
115512,0.0,288325.61
115513,0.0,762834.94
115514,0.0,984207.38
115515,18878.0,247224.01
115516,0.0,168403.0
115601,21376.0,144627.49
115602,0.0,19487.63
115603,0.0,16966.0
115607,267507.0,385733.0
115608,0.0,177649.76
115609,0.0,1107.0
115701,0.0,192757.09
115702,0.0,178125.2
115703,0.0,143521.0
115704,0.0,95783.04
115705,0.0,355394.26
115801,0.0,13664.0
115802,0.0,12893.8
115803,4129.0,2181.0
115804,0.0,50423.63
115805,43445.0,3533.0
115806,12666.0,1197.0
115807,0.0,22677.29
115808,0.0,1747.0
115810,0.0,41716.0
115811,0.0,2250.0
115901,0.0,33517.53
115902,0.0,3490.0
115903,0.0,129434.18
115904,0.0,84309.4
115905,11138.63,0.0
115906,12658.0,19372.0
115907,0.0,20998.24
115908,0.0,14337.12
115909,0.0,17828.0
115910,0.0,39115.56
115911,0.0,272689.21
116001,0.0,105740.7
116002,0.0,110537.4
116101,0.0,21868.53
116102,0.0,14086.0
116103,15318.06,289349.68
116104,3802.0,799871.74
116105,0.0,201167.91
116106,0.0,148555.96
116107,3963.0,39161.0
116108,4321.0,208978.5
116109,3951.55,1494454.04
116110,0.0,216326.0
116111,0.0,125252.79
116112,0.0,27623.82
116113,0.0,21266.0
116114,0.0,1097492.89
116115,16452.94,182736.28
116116,1673.0,74604.35
116117,20305.42,91187.18
116201,5222.0,95154.91
116202,0.0,30915.0
116203,55681.0,1973486.33
116204,4875.0,854583.78
116205,1328.74,606483.08
116206,3409.0,397307.32
116207,4538.0,60057.39
116208,2184.0,77036.0
116209,0.0,273191.84
116210,1328.0,586021.99
116211,2195.0,236042.92
116212,3091.01,9012.9
116213,0.0,9866.45
116214,1910.0,36560.0
116215,0.0,38726.0
116216,1081.0,6022.6
116217,1573.0,176296.31
116301,296524.88,2442428.84
116302,250467.0,1448010.3
116303,2448.0,1751857.49
116304,32878.0,4758929.59
116305,295192.04,4306267.61
116306,270687.12,1048428.44
116307,33059.0,1189428.27
116308,0.0,7672.0
116309,267795.63,8493929.28
116310,4755.68,51887.34
126401,11242.0,141870.91
126402,787242.03,3038981.31
126403,110702.0,512680.78
126404,154357.9,1547367.31
126405,1194560.66,5011722.71
126406,419139.0,88412.24
126501,0.0,6445.0
126503,0.0,151313.0
126504,0.0,221524.0
126505,1000.0,136910.26
126506,6186.0,523570.64
126507,1239.0,1571.0
126601,0.0,181688.22
126602,0.0,13751.0
126603,0.0,4539.99
126701,0.0,1157.0
126702,0.0,32077.32
126703,85405.65,12429.76
126704,90703.24,211797.86
136801,6742.0,0.0
136802,234138.88,380842.12
136803,13882.0,44074.31
136804,17816.0,584486.82
136805,0.0,20877.0
136806,2577.0,580423.64
136807,0.0,3309.0
136808,2540.94,24518.96
136809,0.0,39209.72
136810,905070.82,1702040.24
136811,232015.05,505323.55
136812,53478.0,33740.09
136813,3564.0,44789.09
136814,0.0,2209.0
136815,68651.72,334062.48
136901,7923.37,431199.94
136902,1512.0,4542372.04
136903,0.0,288907.08
136904,2113.0,163261.67
136905,0.0,109795.6
136906,0.0,2639.29
136907,11579.31,318110.26
136908,1686.0,946832.03
136909,4849.0,88632.9
136910,1458.0,288124.85
136911,1640.0,684120.15
136912,0.0,151508.7
136913,2453.46,59788.1
136914,3587.0,51188.4
137001,1590.28,1468.3
137002,2296.0,1356.0
137003,0.0,1393.0
137004,0.0,28826.87
137005,0.0,656818.75
137006,0.0,5992.92
137007,2411.0,235726.05
137008,0.0,5731.94
137009,0.0,59287.68
137010,3002.06,265178.54
137011,0.0,30618.74
137012,0.0,1857.0
137013,0.0,283172.6
137016,0.0,50425.76
137017,0.0,95966.2
137018,0.0,13023.0
137019,0.0,191855.61
137020,0.0,66375.35
147101,2229.0,0.0
147103,29843010.89,38674.04
147104,42985.0,0.0
147106,0.0,8508.0
147107,26899.0,0.0
147108,250030.0,0.0
147110,7619.0,13845.71
147112,156520.0,0.0
147113,226516.35,138222.9
147114,212491.0,0.0
147115,0.0,6864.0
147116,7907.0,0.0
147117,12062.0,98932.0
147118,11000.0,0.0
157202,798199.42,1653976.33
157204,255566.44,20461.77
157206,0.0,1773.98
157207,0.0,9282.97
157208,22755.0,944815.08
157209,5373.0,2060833.27
157210,150154.0,9841883.85
157211,0.0,620246.79
157212,0.0,1396701.61
157213,30168.0,312242.85
157214,35352.0,1692912.57
157215,16569.0,991700.12
157216,113434.2,15369844.64
157217,35361.5,816315.69
157218,3184.0,276130.21
157219,46007.0,1888258.05
157220,16046.0,65662.0
157221,0.0,34303.55
157222,86451.0,41356.63
157223,25617.0,0.0
157224,2847.0,17744.91
157225,198452.0,0.0
157226,0.0,104139.53
157227,8100.0,29820.0
157228,181362.12,8467840.52
157229,0.0,33913.14
157301,988250.0,216077.48
157302,12752.0,411719.15
157303,23180.0,512776.39
157304,107463.89,6820842.56
157305,27015.0,25776.49
157306,40789.0,1479830.05
157307,19855.0,7910912.66
157308,1686945.36,27937204.07
157309,46115.0,6171392.65
157310,1125428.0,938648.36
157311,3233.98,557445.37
157312,12987.0,2581099.93
157313,9697.0,28717.97
157314,7138.0,114319.9
157315,17511.0,1487748.14
157316,0.0,1454.38
157317,27784.0,227891.34
157318,394980.44,8061506.59
157319,0.0,40823.56
157320,1807.0,123495.08
157321,140205.66,305989.53
157322,0.0,119714.68
157323,1357394.0,1246933.23
157324,0.0,351554.6
157325,270392.27,100243.42
157326,243979.51,8126114.65
157401,1517561.47,435305.98
157402,86373402.07,298703.39
157403,2512915457.12,1428376.28
157404,131013.09,72427.17
157405,0.0,1452.0
157406,1079.0,0.0
157407,2326474.0,472484.03
157408,146818267.17,319967.88
157409,909208504.0,37573.3
157410,0.0,11815.0
157411,1014.0,81317.59
157412,0.0,11175.0
157413,0.0,13812.2
157414,0.0,8634.0
157415,4461.0,42241.24
157418,3329.78,17853.68
157419,1881.0,11195052.01
157501,1569746.0,0.0
157502,1657344.0,0.0
157505,0.0,48795.0
157507,2535.0,2857.0
157508,2533.0,6181.73
157601,0.0,213498.06
157602,35969.58,62208.59
157603,0.0,14129.54
157604,489498.01,1252445.45
157605,591426.0,1578806.28
157606,0.0,932902.05
157607,4332.0,313279.55
157608,1268.23,210157.0
157609,41991.0,33871.0
157610,8162.0,446260.41
157611,97594.0,3866.0
157612,0.0,71356.14
157613,8137.98,78270.73
157614,0.0,48877.0
157615,99761.4,1672889.69
157616,21420.7,531597.52
157801,13960.36,549372.58
157802,83929.2,0.0
157803,42290.0,61134.86
157804,9484.0,5116557.92
157901,0.0,14530.61
157902,1465.0,0.0
157903,3093346.0,195706.0
157904,23493.0,0.0
157905,0.0,1464.0
157906,0.0,24109.0
157907,3011.0,24935.65
158004,11738.0,0.0
158006,2672.0,0.0
158007,17746.0,10779.05
158101,0.0,9532.0
158104,0.0,3104.0
158105,224658314.79,409564.5
158108,0.0,15853.0
158201,36056.0,484212.86
158202,1734.0,79046.76
158203,8532.0,59164.26
158204,25636.18,150257.65
158205,146642.87,2977946.91
158206,0.0,470244.03
158207,1076105.0,5961066.55
158208,5322.0,100840.3
158209,0.0,8428.0
158211,0.0,52360.55
158212,0.0,33506.0
158213,0.0,15004.0
158214,0.0,10703.15
158215,0.0,110306.04
158301,0.0,413806.29
158302,44191.0,142552.95
158303,0.0,30447.54
158304,1114.0,73955.55
158305,0.0,101731.08
158306,0.0,48412.99
158307,0.0,10315.16
158308,0.0,6071.24
158309,671060.69,13063.7
158310,2401.0,99721.58
158311,1348754.0,2103535.27
168401,0.0,10911.0
168402,3732.0,46020.71
168403,0.0,569868.1
168404,1669.0,382680.33
168405,958691.0,1314355.0
168406,1209.0,213004.97
168407,79709.87,1254757.96
168408,42736.34,7750051.09
168409,332375.83,3092599.61
168410,0.0,389561.0
168411,10591.0,216748.77
168412,40654.05,2891295.82
168413,350567.25,36738793.86
168414,156790.21,7984502.99
168415,28535.3,3418915.98
168416,0.0,1367920.84
168417,6742.0,4373792.26
168418,2253478.67,14557997.84
168419,29062.0,8516421.58
168420,0.0,1600.0
168421,74696.27,16493771.64
168422,63135.61,4843334.17
168423,64627.0,4552789.2
168424,55122.23,13030453.26
168425,2505137.05,2194133.53
168426,468519.08,9157189.57
168427,116307.0,2080571.81
168428,28390.0,2939326.49
168429,20280320.16,64380760.21
168430,722324.0,17441647.92
168431,25665753.11,70583193.3
168432,215531.25,4099816.72
168433,346883.0,4191196.35
168434,31572.0,743012.75
168435,10665.0,55372.0
168436,8731.0,1314853.77
168437,470438.98,7611353.39
168438,187162.88,7832384.9
168439,0.0,295649.0
168440,0.0,407808.34
168441,9841.22,1107097.43
168442,10242.75,767878.75
168443,17513.25,7182459.5
168445,673554.0,553007.0
168446,0.0,78658.0
168447,32082.0,289753.57
168448,154427.0,951511.96
168450,2759.0,501695.1
168451,2181.0,220689.35
168452,1009.0,264906.63
168453,5477.0,383781.22
168454,0.0,7544396.43
168455,224111.0,21526511.5
168456,0.0,18761.46
168458,0.0,73487.66
168459,260856.98,1195612.99
168460,33934.0,431109.19
168461,0.0,365454.66
168462,226002.9,841613.78
168463,0.0,10415.0
168464,14576.26,164766.7
168465,4142.55,1056289.06
168466,126358.4,1021392.42
168467,28631.68,2059109.16
168468,3613082.41,487595.92
168469,4553.0,52857.52
168470,1913.0,574379.89
168471,573003.61,24954400.3
168472,23666.0,1261320.57
168473,99162.28,4761857.5
168474,635698.46,39558514.77
168475,0.0,7081.93
168476,7409.1,65655.46
168477,17702.0,4614748.1
168478,657163.25,650852.83
168479,128175.6,10526332.74
168480,145679.0,630473.92
168481,168873.11,14749529.71
168482,130389.76,5860060.02
168483,170364.1,11232694.01
168484,3991.0,1561987.13
168485,216772.62,1472074.49
168501,446585.0,10675214.31
168502,76271.0,7569256.7
168503,37031.0,6073308.5
168504,229252.37,17784944.84
168505,0.0,85656.74
168506,121458.35,1752077.16
168507,190587.9,2497939.28
168508,0.0,83559.75
168509,64923.0,784025.3
168510,0.0,23688.0
168511,322759.45,2334206.17
168512,0.0,204718.57
168513,7023.0,143385.97
168514,0.0,3450860.5
168515,421219.75,1392325.63
168516,295743.0,13341933.22
168517,918832.92,33897945.97
168518,30401.02,990999.31
168519,2216.0,729028.0
168520,0.0,183127.94
168521,2166.52,1073643.83
168522,2519.0,80729.72
168523,2018.0,656581.02
168524,17109.54,4960302.84
168525,321177.21,39617272.56
168526,18912.24,213833.64
168527,141430.68,5124269.73
168528,145451.66,8657438.79
168529,57121.0,4921716.86
168530,63394.0,90304.93
168531,29247.0,958678.48
168532,9109.2,676073.28
168533,0.0,67222.0
168534,20582.0,19912.0
168535,22598.0,3706853.01
168536,3265216.88,11762702.19
168537,42869.0,18814352.1
168538,34251.96,1514091.57
168539,39457.0,2403438.85
168540,1392.0,934330.98
168541,9575.0,341647.76
168542,22727.17,2666314.81
168543,28603.56,1441155.81
168544,28447601.21,16474154.93
168545,69645.0,131179.19
168546,5207.0,178615.96
168547,15640.0,222765.37
168548,0.0,132656.05
178601,0.0,18478.0
178607,13867.0,4321484.01
178608,0.0,67195.0
178609,198978.85,510446.95
178701,603494.03,17880996.13
178702,678091.48,15699331.45
178703,1405624.41,76286244.33
178704,1713730.59,141954818.6
178705,210829.38,5361717.72
178706,88692.0,4037418.24
178707,1095.0,510507.14
178708,321156.42,31740879.09
178709,0.0,153934.64
178710,0.0,11009.0
178711,43100.12,2816638.09
178712,8213.0,1105937.51
178713,17891.0,39915.38
178714,2155.0,549098.27
178715,0.0,81844.92
178716,169336.84,10393323.69
178801,0.0,6311.0
178802,1487710.0,29077045.83
178803,103588.54,889843.67
178805,249090.0,0.0
178901,48288.0,50252.87
178902,2400.0,9051.0
178903,23170.0,493868.82
178906,2191.0,8923.96
178907,0.0,11118.0
189001,1061.0,269701.91
189003,0.0,25171.22
189004,1243.0,43993.3
189005,0.0,5800.88
189006,3354.35,295341.54
189007,25039.0,95873.78
189008,0.0,47277.0
189009,36427.0,1176362.33
189010,0.0,402290.19
189011,0.0,58094.29
189012,1917.0,26917.0
189013,0.0,12671.0
189014,21553.0,298574.94
189015,55303.56,999568.66
189016,0.0,9759.0
189017,1599.0,96575.84
189018,273181.29,6153025.67
189019,3020.0,24561.0
189020,4656.0,150420.78
189021,0.0,85361.41
189022,27530.0,5892068.99
189023,1138.0,1192116.93
189024,4350.0,222115.96
189025,42762.0,181804.26
189026,119945.9,2575740.68
189027,156566.95,4717498.02
189028,645043.0,665961.31
189029,12860.0,15906.24
189030,99395.02,1201181.7
189031,98386.0,1710685.64
189032,33864.58,1993639.48
189033,24223.0,382346.36
189101,0.0,48810.31
189102,21551.0,206940.4
189103,0.0,18487.49
189105,0.0,80338.98
189106,5536.0,17355.38
189107,0.0,3012.0
189109,0.0,5059.0
189110,0.0,1025.0
189113,0.0,1863.0
189114,0.0,6548.0
189201,1014.0,11846.0
189203,0.0,6368.0
189205,0.0,18725.0
189206,0.0,4000.0
189207,0.0,4551.0
189209,0.0,5885.0
199302,2219.0,36066.77
199303,2764.0,74230.39
199304,0.0,17049.7
199305,0.0,18974.0
199306,10784.0,25963.21
209401,17057.0,1137261.93
209402,6905.0,3483862.89
209403,567026.09,15666964.49
209404,383220.92,1744822.95
209405,21895.0,2734416.72
209406,229309.0,8228119.74
209501,0.0,14733.02
209502,0.0,3728.0
209503,1515.0,252239.97
209504,0.0,75457.9
209505,2282.0,136971.95
209506,12191.0,146694.99
209507,0.0,19269.0
209508,0.0,71120.0
209601,6523.0,0.0
209602,0.0,12230.0
209603,136742.0,807117.84
209604,34687.0,3187.9
209605,0.0,3108.0
209606,0.0,42766.0
209607,0.0,9143.26
209608,5671.0,105146.05
209609,0.0,121223.05
209610,1018.0,33412.14
209611,0.0,52960.84
209612,3155.0,291209.52
209613,0.0,17342.19
209614,2738.0,1424.0
209615,0.0,19042.18
209616,12809.0,7214.0
209617,0.0,89745.8
209618,0.0,16999.0
219701,118016.39,35630.88
219702,0.0,2300.0
219703,96079.08,18923.0
219705,529980.13,1302.0
