010101,56125073.07,24029141.67
010102,154415383.23,147961869.92
010103,141627133.25,140463524.97
010104,528688.71,15674906.35
010105,46514626.34,338908119.5
010106,44621518.53,46147238.97
010201,507811361.37,229393675.41
010202,86079702.9,62859125.67
010203,1477412400.71,177162358.07
010204,75261313.41,286946199.49
010205,48247765.47,80320957.38
010206,114547375.39,54344402.57
010207,743713375.29,446229331.44
010208,56112720.49,140125754.28
010209,38287152.43,16732416.06
010210,119687502.75,160653804.61
010301,3330509.82,23842844.12
010302,65158301.36,177869142.89
010303,35592993.73,63296040.58
010304,154231156.22,503599071.12
010305,14595913.33,101221053.43
010306,179977179.96,507535795.68
010307,33056478.53,201337185.64
010401,596983710.89,651747511.05
010402,858803691.02,451602883.64
010403,318795588.69,200990538.49
010404,55271439.54,102471623.38
010405,580742695.52,515323448.87
010406,905038622.82,1579415405.56
010407,110985006.55,96072379.57
010408,28530381.36,50345718.66
010409,28010201.19,54074462.49
010410,688297.47,2433530.57
010501,0.0,42853.23
010502,89561.54,2045348.51
010504,41267728.5,36769492.05
010505,443120.84,1817703.42
010506,22177939.12,12486603.32
010507,8303.2,704775.03
010508,1375133.31,1629086.51
010509,0.0,2400.0
010510,107303.91,96670.18
010511,46300673.69,47009865.63
020601,29509750.7,30224556.2
020602,395699906.71,293484344.68
020603,118285983.94,283462728.9
020604,57816090.29,73868670.13
020701,123877668.12,260821249.62
020702,226141086.88,143262277.44
020703,101684588.57,99008609.59
020704,24680515.67,56580296.02
020705,102948355.47,73008710.8
020706,65599465.28,67578217.53
020707,29546172.93,40159760.74
020708,23133284.7,83576703.29
020709,194813884.95,252130079.82
020710,1051452940.95,329724433.06
020711,7585592.12,14617460.91
020712,33340244.53,46488474.44
020713,15955050.81,73734394.0
020714,1569059.99,8819435.4
020801,13260797.04,48067890.38
020802,226194335.13,169128745.62
020803,366622828.44,952812514.01
020804,164348439.74,249254035.69
020805,38240734.74,258513349.07
020806,60880938.94,142502189.7
020807,7876204.39,70233608.75
020808,413308541.55,176553790.61
020809,37526337.87,144922053.71
020810,326989343.1,263329654.77
020811,115806307.5,154663070.81
020812,2949976.61,2066956.76
020813,7670586.1,28767226.59
020814,513467.99,1177817.42
020901,667421354.89,1389876429.31
020902,67577169.86,52597225.96
020903,491287.51,194243.87
020904,11403825.2,27618144.23
020905,360732.9,2270271.22
020906,598744.27,1886196.2
020907,549072.4,611504.58
020908,3992105.54,9641840.95
020909,1578815.92,2710429.66
020910,17294940.01,37771579.6
021001,169947321.59,732754839.06
021002,191606.97,3690670.39
021003,70714908.19,316427517.13
021004,1490409.86,17541620.32
021005,52135934.38,213394294.32
021006,144710654.18,230581546.62
021007,1159713.68,11444699.22
021008,17573473.65,35820394.71
021101,205893425.38,56641253.02
021102,27761768.78,16731222.11
021103,30364135.15,19788423.71
021104,21717944.69,61757386.65
021105,53037252.08,26433649.54
021106,4186584.25,4332438.39
021107,443170478.06,188386117.2
021108,188753773.22,52628342.84
021109,125896389.8,76738737.95
021201,68260720.39,229041351.05
021202,9589605.82,12613683.8
021203,74036.96,95194.0
021204,40489534.53,230827860.42
021205,71929531.2,894432841.51
021206,2267222.3,18765045.09
021207,7662502.81,34831807.56
021208,15358618.05,17722033.89
021209,175959221.13,91677998.16
021210,2889986.06,8950707.01
021211,22886962.79,45105757.83
021212,7251422.13,8785931.97
021213,1341692.12,5081449.62
021214,10314257.37,20920427.2
021301,5237659.73,6310358.54
021302,83516147.2,125635676.6
021401,1986179.8,4054547.8
021402,0.0,38589.0
021404,9740906.01,14176113.24
031501,26295076.16,15395220.23
031502,12070353.91,103344276.53
031503,3729874.43,4240643.3
031504,14452260.52,49082184.96
031505,18208385.51,5511896.73
031506,10818228.71,16333636.47
031507,54395783.44,107620985.29
031508,22622371.04,30146597.55
031509,35728649.28,71250030.28
031510,1569430.2,978224.52
031511,43279242.59,346250844.05
031512,173080919.28,348327289.58
031513,7807493.56,81557038.51
031514,261807167.44,364543680.13
031515,205849119.87,53695613.17
031516,98925382.64,117822194.5
031517,563712124.82,105617493.26
031518,57886946.75,26727679.96
031519,242181712.87,221230386.11
031520,46836971.08,22516149.86
031521,2099366.38,4259427.93
031522,9012630.44,27635668.19
041601,96511698.26,204534893.65
041602,579038219.38,404739666.25
041603,2342218.36,6244303.87
041604,81483948.14,237754268.98
041605,88620231.42,229337751.21
041701,480458508.87,323223624.2
041702,411572616.04,229045098.23
041703,2102579.43,27541335.09
041704,475198175.29,235571665.46
041801,99159498.13,589728740.0
041802,3540057.05,3749103.15
041803,56788717.12,172043292.45
041804,15786019.0,374587407.78
041805,27619798.59,67262353.65
041806,2301624028.94,576684151.32
041901,437889398.37,310471391.52
041902,279734379.4,197954267.27
041903,379305.5,755578.15
041904,199471319.39,142254076.88
041905,1689151298.64,935742188.33
042001,41928200.75,51758462.47
042002,6523274.16,111126869.78
042003,4255499.62,24222695.57
042004,996794632.17,125592886.45
042005,453772662.65,308763661.42
042006,2135200.82,4425656.32
042007,145163974.28,71403985.74
042008,168697548.03,233906321.9
042009,676163840.47,1002361257.74
042101,111345212.76,98601914.81
042102,69700696.22,42470676.81
042103,315463330.77,220613058.59
042104,55387942.28,120196510.91
042105,340902655.79,106795438.42
042106,633876402.49,507424388.02
042201,129073224.74,200149296.48
042202,523295385.97,657187399.12
042203,816047022.94,167768832.33
042204,117325703.64,1233952192.22
042205,4206106.08,51425682.35
042206,32240959.27,8234045.0
042207,291593418.77,156582233.57
042208,68686862.56,331922907.49
042209,3035790.25,12541292.74
042301,35708882.66,17252083.57
042302,35273684.0,43856948.07
042303,58708221.4,93744137.47
042304,182076445.53,463384832.3
042305,1502014.81,361144.47
042306,185975120.53,97527806.99
042307,9610.35,1088.08
042308,5410008.58,13384208.0
042309,986497480.9,911854185.22
042401,244325168.92,675443839.22
042402,501415038.15,602874069.22
042403,277281665.31,261382676.11
052501,45488482.0,121461074.42
052502,1612647.84,21420.56
052503,19423269.8,53906008.02
052504,857482.23,9548737.03
052505,119996469.25,148549483.05
052506,8233645.12,5186756.24
052507,86598224.4,141066728.18
052508,43201718.43,95811427.7
052509,24519561.71,21423285.07
052510,3849627.92,220236243.28
052511,356297.12,6448374.27
052512,5248828.97,6482002.04
052513,1120315.32,3273753.06
052514,1185557.44,2786426.12
052515,10940792.17,9079928.57
052516,32385462.18,25587903.54
052517,144433911.53,139521666.99
052518,112929500.05,15207688.89
052519,26955667.81,40172556.1
052520,42611807.62,43219774.35
052521,17123922.85,2656032.12
052522,77277548.0,21049932.48
052523,253365722.61,160317526.35
052524,153806.11,3172.49
052525,2214170.26,4729900.84
052526,35029689.06,49299930.66
052528,13463778.84,14310146.06
052529,20214501.41,28200407.45
052530,52198759.47,92319504.86
052601,40934828.69,815505675.27
052602,3057570.84,8636247.8
052603,36238869.38,111305074.91
052604,2290575.05,1869389.01
052605,980634.29,1909808.57
052606,8777139.64,23784283.39
052607,244933180.14,407968970.12
052608,311346425.1,840749386.21
052609,11140094.57,11644165.33
052610,6468951.14,8257502.83
052611,39967.0,1926615.0
052613,228788706.9,598205902.87
052614,15474964.21,75541796.53
052615,16804576.7,17731520.67
052616,4552697.0,211975160.81
052617,5327836.12,2770731.39
052618,6297652.48,24188916.48
052619,11810767.87,15975087.43
052620,160599220.8,532288233.9
052621,4304421.88,11337327.14
052701,326995572.16,1251735874.93
052702,1743012.04,33171715.3
052703,44720285.09,40663235.92
052704,201616974.25,297345367.0
052705,0.0,543001.83
052706,50071124.17,43676754.41
052707,1190121288.18,730013034.41
052708,43267568.82,4840060.33
052709,1706387166.76,16082388637.56
052710,20978471265.37,16356269650.75
052711,11393715366.05,13160746529.53
052712,24773388.72,56435187.33
052713,557022326.79,279836548.72
052714,32940381.77,11837620.14
052715,58188868.0,16896606.49
052716,972270764.64,1150609127.51
062801,68130031.78,144940584.64
062802,616602.97,299741.8
062803,99824946.79,182707151.91
062804,272640960.94,213476794.47
062805,9705472.81,7875820.27
062806,15953273.68,16647795.91
062807,53490331.63,20682697.58
062808,55798698.8,21927658.18
062809,171753689.84,189334188.97
062810,10954350.45,13647432.27
062811,124076629.09,143810986.53
062812,12264224.51,24321924.35
062813,456205.97,30247666.58
062814,29884656.24,269869788.67
062815,291010566.62,131903201.71
062816,6212522.08,8439379.0
062817,120306152.77,88811488.81
062818,35927603.88,69059784.41
062819,1262133.73,8963862.27
062820,23162768.69,60508912.14
062821,18103239.4,27547759.49
062822,152006864.0,5362100.0
062823,38661365.91,26193865.48
062824,8095560.04,626904.81
062825,175457264.5,102259390.76
062826,22764407.37,6804717.23
062827,89227656.98,78345828.63
062828,23457053.44,25250985.47
062829,8119494.33,14598669.47
062830,26414031.54,8589324.45
062831,16017433.74,503881.42
062832,11731528.77,7406017.33
062833,124493532.8,72346849.56
062834,117947974.9,106112975.68
062835,286708541.91,85727572.92
062836,226912461.37,165862190.03
062837,32067286.49,16172385.06
062839,27542246.92,24404390.15
062840,39810962.62,50296147.76
062841,25740524.85,40823179.13
062842,23387544.87,43307488.62
062843,63723463.83,411768135.36
062844,152447021.82,663273311.4
062845,2532453.22,2470242.15
062846,5679276.04,9163170.33
062847,68036099.87,9486768.68
062848,1305881.5,1075453.04
062849,60210682.33,41877258.21
062850,4627254.61,7960361.45
062851,19715968.48,15088960.04
062901,841822576.19,3306563173.04
062902,1079826196.03,3994426575.38
062903,647343749.59,181711831.62
062904,33475953.0,77796123.93
062905,1120295623.21,1204812109.96
062906,43597546.13,37831802.5
062907,633828423.46,405971071.43
062908,5581231.85,21575107.76
062909,698110177.56,525959177.0
062910,271973195.9,534431673.11
062911,10059032.82,1338843.26
062912,29412391.08,79340112.4
062913,4768350.34,975942.57
062914,440388061.12,380535822.9
062915,960087331.46,1391934873.87
062916,623904168.73,834328622.95
062917,1321531164.84,419164951.08
062918,254768258.15,202864055.63
062919,20135642.77,36733827.12
062920,62112290.31,79641676.62
062921,1198620709.19,647897124.33
062922,393582623.63,1749927035.99
062923,58121076.63,41703192.08
062924,61238341.56,146304497.53
062925,21225235.03,41267188.5
062926,278464401.41,247930939.98
062927,6661112.19,17606428.34
062928,10272573.93,9724576.0
062929,349459759.02,296302154.95
062930,677071889.11,427496237.28
062931,205155327.81,356186738.44
062932,161660086.67,239087394.29
062933,3618322816.07,8304317458.69
062934,1674753611.25,642999859.69
062935,238194295.63,619907298.64
062936,189589799.81,222428511.29
062937,449839281.9,1978405718.33
062938,6106203.96,3137877.53
062939,90568103.96,32572859.18
062940,17077896.86,22448337.22
062941,476293716.99,511163499.64
062942,13542012.57,10662742.7
063001,21423186.15,33983186.16
063002,6583245237.14,6310468791.12
063003,1014410788.89,540274435.33
063004,19169688733.99,30808139168.93
063005,511157387.16,364915446.39
063006,1087377104.5,1036357063.15
063101,50375019.5,17880494.08
063102,781788731.64,453235392.38
063103,100558033.36,33832953.39
063104,370087781.84,574129213.71
063105,819163487.67,251103978.56
063201,12203520.89,4593201.87
063202,5072859.38,2969975.0
063203,10195595.15,19233127.47
063204,415738880.36,416368987.97
063205,6324089.88,13677273.21
063206,1032739915.64,359793307.66
063207,69484685.58,50182096.69
063208,561045646.32,469604181.43
063209,273496588.53,251475395.95
063210,8548550.14,16628898.69
063211,12096334.3,5596345.31
063212,89358362.77,44784236.68
063213,4068482.52,13262527.35
063214,486757859.56,196529406.16
063215,287752852.54,267775368.69
063301,19256860.3,49630176.34
063302,181199941.27,337670832.64
063303,209030036.25,314710153.39
063304,781849187.18,761980373.61
063305,467389107.87,239506844.91
063306,83436666.14,133659687.89
063307,181022531.38,312597595.33
063401,244624827.58,131690426.98
063402,1431834847.36,1156208658.81
063403,441805968.87,248308364.61
063404,113342618.87,118611367.05
063405,28016321.33,43175885.32
063406,68021814.97,81449601.6
063407,11820699.65,10972111.41
063501,23171064.84,60339313.42
063502,17002112.65,15839625.4
063503,119306681.05,58070352.88
063504,141783855.06,75078672.45
063505,46505595.63,52629253.38
063506,196017158.41,241635612.26
063507,178122169.36,156730961.03
063601,30250381.71,4630772.5
063602,671388.0,2516219.69
063603,4828232.31,3112259.92
063604,6004242.97,9693962.59
063605,1102622.22,4403556.83
063606,3286723.58,9658843.23
063701,520533997.24,429300451.82
063702,472530731.57,51232053.14
063703,20405366.33,25466053.73
063704,4146527.11,772503.15
063705,6885597.67,3995292.32
063706,893390.43,3177565.21
063707,207063925.25,117228916.39
063801,14223043.1,21216808.9
063802,97953350.36,88784811.13
063803,610270.07,2441878.02
063804,2363633.91,4427982.2
063805,9657789.87,1326193.89
063806,115361597.48,104574876.8
063807,2125981.3,537553.7
063808,1403453089.79,768933454.93
063809,112283302.29,106820807.03
063810,38101670.06,17149511.19
063811,605824296.29,510068473.6
063812,153502032.91,167869128.19
063813,1359410.04,4800009.66
063814,78198495.04,62976878.52
063815,617795101.68,294281378.0
063816,50660121.03,61959486.36
063817,30879235.28,117181228.54
063818,51579525.34,181547831.37
063819,22926497.79,20822861.85
063820,240064048.04,60269170.16
063821,79185099.53,68257009.19
063822,691160524.69,486028882.78
063823,1965089756.72,1618046849.27
073901,5177611483.95,3058743335.79
073902,3539439759.93,1685716635.75
073903,1722767221.45,250755706.13
073904,917178620.78,625627637.89
073905,280327984.98,224561457.67
073906,905068887.53,442598795.44
073907,2208471100.27,1646682894.37
073908,983673779.55,638064187.98
073909,999098976.11,231184209.35
073910,526573503.26,468140811.74
073911,216935413.06,237596913.75
073912,299175568.82,272781433.49
073913,33245765.14,103860240.17
073914,7138386.03,24755364.17
073915,219305432.01,120885759.53
073916,302250254.41,179324621.09
073917,397626283.53,477735512.82
073918,519916112.41,109923114.43
073919,665335550.16,344402055.3
073920,2221099010.57,1626019446.01
073921,729732675.06,535129254.81
073922,52768667.86,149322686.87
073923,1136767319.24,1381778813.93
073924,397175454.03,383478856.12
073925,267892797.06,336517149.81
073926,941504205.34,1436695201.6
074001,96345352.29,447089233.57
074002,1184229976.96,1015618634.12
074003,2433245.94,7146020.96
074004,7851287.19,10118643.11
074005,210804432.05,239996350.83
074006,12039517.8,15651291.92
074007,8212106.71,7935901.42
074008,217880551.84,128917456.16
074009,122883086.19,238645233.58
074010,231549929.19,229306844.55
074011,2074767508.49,1916201541.04
074012,62919753.01,71209228.96
074013,3046694.84,6818722.97
074014,99029067.95,29715779.81
074015,129420199.57,135575271.59
074016,319349786.25,417005141.99
074017,4021168.83,5798204.68
084101,65850525.16,41786633.12
084102,791247.3,705535.71
084103,486508.79,1866801.08
084104,65390370.03,61830075.62
084105,452346.99,1229602.12
084106,147385.0,65179624.12
084107,364203.5,1289197.18
084108,647997.81,1715069.21
084109,599341.29,66906.07
084110,2915794.87,1623428.93
084111,244683.18,441907.25
084201,12216292.83,23484156.92
084202,558618400.33,802236065.93
084203,46658487.41,193191475.73
084205,5399477.88,19021325.49
084206,74204.77,317333.87
084301,12816840.41,6598273.82
084302,7147253.4,8244636.45
084303,9122265.88,21535457.8
084304,873355.55,1755659.42
094401,58554516.9,185721074.52
094402,33356036.51,27886104.05
094403,154388725.32,214977904.47
094404,8353184.89,7715552.95
094405,1392867.72,5648043.84
094406,8584520.27,9475624.49
094407,376885273.59,700372773.9
094408,22256615.16,50250947.67
094409,64003382.54,133810350.2
094410,372495551.12,130756056.09
094411,599073923.5,274539167.27
094412,160711968.89,264650273.67
094413,7442894.09,15888841.72
094414,16866809.07,28825743.9
094415,136915015.09,195476580.68
094416,2150661.68,1185747.23
094417,4702920.45,13017602.78
094418,148532533.34,326083657.13
094419,4567112.84,16645673.42
094420,9868720.59,36170272.74
094421,57036149.97,140721769.99
094501,332248.03,2889866.89
094502,250413.43,7541.65
094503,2596983.14,2301686.75
094504,8831086.68,10594735.5
094601,4315994.94,11871044.07
094602,10461857.73,35171480.43
104701,1500349.2,2555009.12
104702,29872269.44,39744837.59
104703,493420286.44,551189963.89
104704,21955178.07,21842917.91
104705,19341397.66,21967270.12
104706,11344861.82,27745678.53
104707,356861266.87,225756815.39
104801,230570034.76,145293842.61
104802,473577650.34,763974203.65
104803,37041143.23,53791996.39
104804,114456637.49,310856360.9
104805,258839964.32,486875838.38
104806,7604904.94,96888557.99
104807,3068258.11,58872634.0
104808,23413133.73,80390515.83
104809,121917516.45,13655517.42
104810,1168394595.69,1224711311.92
104811,696268697.41,507909443.7
104812,812900.96,2126036.79
104813,140985186.33,42044534.62
104814,94203525.81,45917974.02
104816,34403260.14,3600491.38
104817,42703211.74,51912908.55
104818,742951310.49,714320282.32
104819,503800766.82,710371602.85
104820,56790735.84,104750210.47
104821,143327667.6,127775411.89
104822,19364488.33,24773829.61
104823,97757097.62,149786442.39
104901,281373854.22,588746658.13
104902,203659203.42,373022292.68
104903,26612944.17,31507188.08
104904,576998.46,1757014.59
104905,4633922.54,11876181.23
104906,2689125.31,2338798.43
104907,8115032.9,5178577.05
104908,7208898.52,9283815.19
104909,11298749.56,26495700.4
104910,4404422.56,7044697.36
104911,387745647.27,333517664.0
115001,196736.89,1796.0
115002,7440.04,24917.56
115003,26237.0,2195.3
115004,268285.77,449622.92
115005,30636.0,124194.26
115006,77042.43,120598.36
115007,6217466.98,13508058.96
115101,39958068.97,46271812.8
115102,9615946.32,4480479.25
115103,5195978.51,1184334.72
115104,95289.44,7403.0
115105,4176504.87,11380087.12
115106,35181903.49,33010724.17
115107,6044816.23,15181424.15
115108,764866.0,1437281.23
115109,5000339.59,5877037.48
115110,671949.0,137082.65
115111,7806540.87,14566697.22
115112,23119538.76,14937940.52
115113,129708.26,49639.65
115201,9242258.11,27129265.97
115202,4823204.9,19177068.34
115203,2540829.34,5800117.62
115204,854153.18,810635.09
115205,47927549.16,71247998.65
115206,12520010.09,6679263.76
115207,1515627.28,3154570.5
115208,172386928.59,151819419.79
115209,72484397.95,84925699.54
115210,28686993.53,25441664.77
115211,61446759.43,43062647.61
115212,8568737.74,13694727.85
115301,132034736.69,79322147.33
115302,297160.97,247392.24
115303,1906620.97,1013660.46
115305,1221564.43,2998113.27
115306,16640241.97,26843414.4
115307,6317498.47,27955784.26
115308,426575.93,1528935.81
115309,58922275.79,20180278.56
115310,1251330.33,1388990.06
115311,525173.29,982106.84
115401,2722190.48,8301820.11
115402,329615359.21,516598246.17
115403,6014527.21,63653339.49
115404,35882137.07,79806372.08
115405,46694.0,188358.21
115406,383442.93,2751238.21
115407,280984664.38,193549304.08
115408,6785107.28,7477097.07
115501,17235961.98,5694646.81
115502,246952122.19,76802834.41
115503,283489198.31,149137868.71
115504,5986655.8,19165127.91
115505,23402636.14,9135657.3
115506,4681243.14,5956527.08
115507,803256.97,1765056.36
115508,2445389.22,4356219.55
115509,53342937.37,66423411.5
115510,20162371.39,44875721.22
115511,5476632.33,5762840.22
115512,25657665.53,28913332.59
115513,23474409.48,29950946.86
115514,40237627.1,25980550.09
115515,54079243.28,39325095.63
115516,61372851.16,20554287.46
115601,70960131.4,46482838.56
115602,21667543.87,31999039.39
115603,515359842.88,392412820.58
115604,2168487.32,4039684.07
115605,9592200.54,9334831.73
115606,1269482.26,23116139.07
115607,26277406.85,38310034.9
115608,3326616.15,9946714.29
115609,2938056.16,4092949.3
115701,7693036.76,12751717.13
115702,661122371.06,69379952.37
115703,1062776650.29,142577424.56
115704,187028432.41,23448793.39
115705,39216948.42,31047296.87
115801,196791341.39,34374999.33
115802,5617983.8,4992393.88
115803,993054.4,599403.47
115804,5885647.56,5024571.44
115805,940911.71,136426.95
115806,56402342.29,24497677.9
115807,5108167.78,9110609.88
115808,4516052.45,2731877.09
115809,281177.31,649141.67
115810,15928712.72,22831232.38
115811,703053.85,2570811.82
115901,4369918.63,6974196.11
115902,131266815.95,13732840.81
115903,199650122.8,110202264.66
115904,6752123.86,4961341.2
115905,12325047.59,3790502.71
115906,40717845.12,28222138.17
115907,31248085.37,11895325.15
115908,283522.46,997538.53
115909,11195670.4,5158910.73
115910,1275818.91,6075415.84
115911,147730748.74,54669113.89
116001,20755915.58,19361890.81
116002,124756042.97,139316923.31
116101,58764827.03,57784526.13
116102,25820157.41,62869835.79
116103,87634403.87,121962895.32
116104,162630113.56,395179783.08
116105,78867616.2,128883171.58
116106,34880101.97,109021528.53
116107,24552476.56,92692069.75
116108,70013974.2,224372701.76
116109,571446638.08,998134390.09
116110,323822329.81,1064772233.25
116111,41825533.94,114361378.35
116112,69123905.11,116812822.71
116113,7434322.79,13336968.8
116114,119331997.48,77226802.16
116115,125061644.13,261762755.22
116116,90425539.47,89406627.02
116117,19042616.7,44457707.8
116201,110139416.06,230552304.45
116202,97648543.59,268768973.42
116203,457966997.61,858838310.77
116204,417398216.87,1093851650.04
116205,67590788.5,253093191.12
116206,85886528.19,207325854.44
116207,7713173.25,23077232.26
116208,19719382.74,39039394.27
116209,15405458.74,52068133.98
116210,299149321.5,377784518.46
116211,105590417.39,227870434.25
116212,116563448.86,192641900.49
116213,928914.36,2524031.66
116214,16709284.75,59260100.88
116215,2385785.92,12506352.4
116216,9451625.28,19723456.69
116217,33980042.51,20856429.49
116301,15778804.99,42971718.08
116302,235916180.32,436602728.78
116303,20624551.96,123960000.39
116304,33842823.8,63260030.6
116305,33206252.01,103820494.02
116306,50797698.47,94982119.59
116307,118204821.0,190460753.62
116308,4997146.8,1606155.15
116309,122941909.32,32782312.39
116310,10677120.82,9643668.49
126401,15898788.48,21560303.23
126402,501019091.71,593045464.99
126403,1089077242.25,1474633322.53
126404,492870397.42,448322223.5
126405,19204920.6,47672840.85
126406,19274676.89,31887786.1
126501,21120.57,180510.49
126502,5367.58,6375.0
126503,0.0,41025.0
126504,792615.97,1926152.63
126505,47360173.76,83944434.88
126506,24364157.21,64622243.94
126507,2348388.21,1934104.95
126601,13883960.02,39925624.71
126602,2578524.3,2619830.39
126603,1787112.34,9735608.64
126701,268122.1,1091351.11
126702,16268104.35,48710560.31
126703,65827.63,2057279.55
126704,2336243.15,8451046.95
136801,21964268.04,62922995.69
136802,58187754.41,249933749.34
136803,3560738.87,35409248.52
136804,42741912.15,60552157.22
136805,46820623.65,92262047.93
136806,172928839.68,138700519.15
136807,133166429.7,40755944.58
136808,4970823.16,10435237.01
136809,76432582.09,32925995.17
136810,289202190.93,169355107.3
136811,86079921.87,24446603.45
136812,718342.21,1136926.88
136813,8310823.7,19605722.61
136814,28763909.82,4852759.99
136815,22761059.44,60723106.82
136901,1622747.54,2611235.74
136902,37769015.0,66114120.59
136903,36705774.07,27547658.63
136904,78243928.52,30123650.07
136905,20371800.0,59971460.23
136906,20886691.68,17473374.68
136907,4796895.64,132922682.95
136908,18789558.29,176842053.36
136909,71897628.43,115138764.31
136910,52549452.05,124355353.74
136911,51283217.51,90096191.86
136912,18533679.85,73925613.03
136913,15097298.92,45211682.03
136914,28337435.29,26105805.32
137001,41573455.12,15231704.21
137002,28658872.29,11958103.29
137003,31868086.17,8881401.52
137004,2368201.49,759655.52
137005,637520253.65,172946841.69
137006,63971777.69,22200482.51
137007,729662761.29,492072496.05
137008,41942242.05,45978251.2
137009,86520165.28,146165614.03
137010,141450242.78,329156954.44
137011,32687585.91,18995183.56
137012,1981.0,7442.0
137013,93164526.05,155735474.51
137014,2819270.71,13310086.41
137015,146453.71,508076.4
137016,71348128.3,31898844.36
137017,19729972.09,39815206.57
137018,11755880.8,9181513.23
137019,672286117.89,329538926.05
137020,7862982.61,26802885.44
147101,3950213.77,7926413.88
147102,17288630999.55,15563468096.73
147103,18550198.44,21963149.6
147104,2714647.32,3958687.75
147105,15009712.87,19531914.02
147106,493731343.76,165121632.72
147107,37023.0,1292433.25
147108,596388864.64,1106651734.27
147109,441105.0,210152.67
147110,1381881802.51,222230261.79
147111,2134409.0,773555.46
147112,213117698.22,1183586692.0
147113,130017428.03,210038457.51
147114,5015221.24,3396033.35
147115,398116962.5,56368777.67
147116,3232620.99,3321819.05
147117,30258993.25,122253215.4
147118,2622442.06,5294609.23
157201,58789824.29,88942791.84
157202,542389699.29,1094253954.84
157203,4268399.08,27515104.0
157204,1289800926.22,3390216047.25
157205,70755748.63,55381503.06
157206,4275781.98,14357984.03
157207,222430741.08,968826801.53
157208,2660635900.96,1193604971.64
157209,1296985947.91,743099018.49
157210,4523111877.39,1297959902.29
157211,281023478.5,110297467.45
157212,298340345.94,163956029.47
157213,443764873.61,275666970.21
157214,330421054.15,212519261.86
157215,70007524.88,77025902.63
157216,1231114438.49,310093745.65
157217,426713955.9,143474162.58
157218,38390144.53,28514371.42
157219,3016859523.56,631984666.88
157220,127424093.24,69782743.82
157221,2952493.32,51758061.89
157222,85882223.51,98206385.53
157223,70602768.14,52705319.79
157224,102904479.56,204955788.22
157225,594257805.77,1102276446.36
157226,30301197.75,60908186.23
157227,49705020.84,38187648.61
157228,145066141.57,179468898.2
157229,64226166.84,22698261.41
157301,563865136.11,29425279.65
157302,146585642.18,102237982.16
157303,16945724.87,24815815.46
157304,262011543.8,292703594.35
157305,35609364.4,165170501.15
157306,210594712.98,377920637.46
157307,264882271.24,330148832.45
157308,1016399503.0,801878139.89
157309,52870040.5,38037097.64
157310,196670423.0,353043715.46
157311,16788502.93,52170156.39
157312,163648324.23,119117628.41
157313,12035409.22,6327885.26
157314,270070026.05,262692346.3
157315,42169628.13,67739380.44
157316,4149684.57,4174813.92
157317,30737679.71,59027317.2
157318,289659975.7,587048611.09
157319,2956825.13,2160230.72
157320,64712008.21,118187986.25
157321,112315909.88,186102540.2
157322,272613732.95,145763418.9
157323,120575292.44,217643860.29
157324,16999799.54,56816858.46
157325,159998443.18,166286720.68
157326,551011983.13,828180699.33
157401,10094266.0,97241331.16
157402,157868612.37,1394800481.78
157403,1405042814.66,626985263.28
157404,376221074.81,1442756306.64
157405,65949091.27,2036676.41
157406,9944910.29,18995778.02
157407,50142985.21,58020227.57
157408,1700599226.3,685863994.14
157409,33409165.22,113501635.9
157410,185862471.49,19698148.83
157411,97692592.52,134134918.92
157412,66724534.43,121528180.66
157413,28193910.65,12756497.52
157415,7486055.18,15137228.41
157418,1949941.86,13988845.53
157419,20411237.29,52494774.15
157501,10280746.0,3660358.64
157502,136738964.69,341403620.37
157503,10664307.11,6433204.06
157504,38541173.02,30054660.98
157505,11543562.2,145768635.32
157506,11215393.84,20390140.49
157507,4699528.43,9265662.51
157508,3618120.08,4346183.15
157601,558233325.48,1656365067.42
157602,372155443.46,454837459.08
157603,5984064.79,12258230.02
157604,497665322.98,422694580.7
157605,54594903.46,31233311.46
157606,648444039.51,445143859.68
157607,330287511.92,229713841.26
157608,107948400.34,31678114.3
157609,3606909.83,12317768.1
157610,135414649.27,205118717.1
157611,8940962.66,3314069.04
157612,41696713.38,176364994.07
157613,1127978.93,4305312.91
157614,27563421.19,1355197.81
157615,37733579.9,75126139.87
157616,165646602.75,183097728.36
157801,259689440.63,61956812.59
157802,35199751.56,65481784.69
157804,3183920.25,26945361.89
157806,3889342.05,10881265.21
157901,574658107.57,460433323.18
157902,19864558.6,77903040.35
157903,137539395.27,26063999.47
157904,17612997.53,2864699.4
157905,15372463.41,72333207.75
157907,15964659.11,26572354.68
158001,167319783.55,55181076.2
158002,14377888.08,45156232.54
158003,7139969.59,9252896.65
158007,2927544.51,2858349.91
158101,31663809.59,26555060.93
158102,5881716.72,8933631.28
158103,437742.41,1395192.59
158104,16608152.21,28059891.22
158105,117664938.9,91418954.83
158106,44145424.45,102281744.04
158107,3260588.15,31392100.17
158108,35220487.44,54924869.64
158109,2854088.16,22761014.53
158110,6141135.81,84683151.26
158111,23347776.33,10499767.29
158112,44592034.44,34475286.64
158113,9384536.83,3818048.69
158201,7199817.91,24679587.38
158202,54224294.54,78697252.08
158203,30766961.29,57699133.62
158204,29962510.15,62644435.27
158205,121647170.34,151419674.2
158206,8899383.73,20782565.5
158207,246484833.73,344752055.02
158208,46412449.75,47888717.58
158209,422092664.64,384300445.88
158210,7456168.84,19434479.16
158211,21919044.06,44285322.85
158212,168584051.59,158452250.46
158213,4303197.81,10847765.07
158214,10469563.74,16647462.55
158215,23067016.83,44615442.94
158301,64661438.09,190368645.17
158302,185148603.78,562455059.2
158303,5869086.2,26410678.98
158304,1750875.37,4677031.38
158305,8981839.33,16292873.69
158306,13692963.19,36869007.52
158307,17256727.21,30983901.89
158308,8827859.06,19293341.62
158309,50823626.0,156184743.87
158310,5821943.53,11468812.01
158311,37710759.03,60280261.51
168401,553418041.83,416569365.44
168402,73260250.01,67553308.01
168403,80634156.57,344560311.28
168404,17504910.73,19228551.32
168405,15701880.42,10979678.63
168406,88937660.18,45946916.41
168407,264205104.15,1063437702.18
168408,191942881.36,1562481918.48
168409,594507764.33,898707454.72
168410,16564751.08,20270165.36
168411,857329681.45,940966067.73
168412,260259169.07,252197283.07
168413,623490488.54,1016682306.15
168414,2088260192.34,1104608070.25
168415,974368909.22,688942041.75
168416,67803328.31,58347003.3
168417,298971302.77,66479665.13
168418,309790761.44,664917615.73
168419,575152053.64,580371358.27
168420,16236721.49,26618419.71
168421,937987507.3,1423343243.83
168422,199809842.08,481109529.54
168423,29274042.65,73661723.0
168424,174198280.14,285483035.58
168425,49391002.72,90460184.88
168426,248657085.4,321986526.07
168427,204521622.41,409458145.01
168428,347521912.44,282388882.48
168429,1732649799.09,887645703.33
168430,175218563.95,240347668.34
168431,1185343233.94,1392742795.29
168432,100492549.55,124974997.23
168433,794502350.95,501326721.18
168434,47905596.37,46639593.67
168435,2124312.74,2294859.19
168436,180582182.33,91684640.31
168437,16165596.14,10791063.87
168438,182466285.22,215318065.27
168439,36603708.84,35467762.64
168440,35718375.77,34703560.07
168441,45183376.3,109623115.12
168442,270356536.13,360631009.93
168443,1407619427.04,1918295072.36
168444,3993254.21,1121467.05
168445,35533255.22,5149857.11
168446,465826951.92,9352407.83
168447,5398696.13,9543502.34
168448,126062812.51,174876728.48
168449,11192915.86,5887924.7
168450,99105176.24,199957153.51
168451,98995851.44,125625219.99
168452,18154758.87,24714920.84
168453,1844144.9,3642418.81
168454,21836471.54,34849664.92
168455,104996625.38,130626083.89
168456,44791647.14,49645701.8
168457,91082906.44,106878953.84
168458,123946610.35,190245470.18
168459,25179437.65,32862428.55
168460,7102284.87,22170116.73
168461,7330580.01,16532568.06
168462,161252125.09,136473091.15
168463,31610930.45,27753965.53
168464,19018357.48,45020922.44
168465,49467447.92,161570255.6
168466,213485752.44,328304721.36
168467,241456775.53,310035058.12
168468,10953850.56,18316255.1
168469,220727.72,680621.82
168470,45405701.42,51058084.14
168471,1704330088.99,3519728345.49
168472,58901711.12,103254512.68
168473,414214990.52,696361536.14
168474,390217835.82,276346905.99
168475,48043695.07,13171621.05
168476,9245241.73,36545694.63
168477,228549396.82,250436257.06
168478,13246855.54,13507359.83
168479,697010348.96,778669917.88
168480,233031114.73,159734169.77
168481,861260768.52,1238670422.71
168482,439036793.05,957130026.17
168483,1047635616.84,1033597686.89
168484,67126850.08,73362929.0
168485,171652339.61,146634375.18
168501,183011591.39,503963028.3
168502,404347304.36,280379334.02
168503,226311895.15,129636477.03
168504,601894844.69,957679711.66
168505,18165718.73,57422430.87
168506,644086161.61,174024813.45
168507,345557440.36,578367719.02
168508,243564147.2,592081523.3
168509,138166763.32,348385135.73
168510,12244773.79,61482652.91
168511,183245626.18,345238695.32
168512,687190936.05,558619600.03
168513,26974002.48,44688009.65
168514,53895745.06,69875991.37
168515,74354074.84,119197373.61
168516,266036807.26,793267176.88
168517,715352930.38,1477441849.73
168518,294670523.76,401208398.12
168519,124204945.57,202440304.06
168520,160034.66,145963.14
168521,205652909.23,344977269.08
168522,14483088.54,67802308.78
168523,78310424.31,233739764.13
168524,259731416.2,683380359.4
168525,810468070.2,1397149791.13
168526,177451601.26,273690062.34
168527,293197312.83,584086485.43
168528,494319646.13,1109046437.05
168529,265932975.5,418211241.4
168530,89125112.86,40755944.13
168531,107048103.22,176998606.07
168532,71283899.85,99876554.12
168533,101464454.53,132027657.03
168534,142395051.04,144917071.35
168535,83890371.54,89862354.02
168536,676211497.73,1128261831.92
168537,366951325.05,455027406.74
168538,228141757.92,374606543.17
168539,855445957.46,404188384.46
168540,15665771.99,30017708.46
168541,584849375.92,1973021786.57
168542,774979175.36,1047329730.51
168543,244675211.59,314049389.44
168544,872637845.89,1287291135.13
168545,46507680.79,101707051.94
168546,41912628.71,30718065.69
168547,59843287.15,47172601.6
168548,16907843.0,33176408.73
178601,5959255.0,248230145.0
178602,3012947.96,732918.0
178603,47124972.0,34045909.99
178604,1679608.61,24937745.08
178605,32889994.39,31871002.75
178606,2586482.95,141294736.26
178607,145340753.83,146712438.46
178608,21641967.42,21039590.08
178609,72633898.36,58038844.32
178701,1795203498.44,925016584.6
178702,582612226.76,179013796.37
178703,19834966813.99,23165092981.19
178704,1818693603.15,2725528819.28
178705,103573048.47,187017375.39
178706,62835781.31,44843221.02
178707,501058041.77,238525835.42
178708,5380746032.11,8672264707.91
178709,23012969.28,10737607.8
178710,5830296.0,50934418.0
178711,475696317.93,515157520.39
178712,96287496.83,275769757.17
178713,11054038.78,31789025.34
178714,187626480.14,344380126.28
178715,10512665.72,41214153.87
178716,374538669.31,520717361.65
178801,390526.45,835999.94
178802,544787288.42,591413515.96
178803,789392758.23,425385626.36
178804,427839.25,1792860.19
178805,12016994.87,3960030.5
178901,48239783.16,696525119.06
178902,14199.0,1028651.0
178903,92566921.31,165296424.62
178904,17168986.0,59795977.27
178905,57431367.91,344269750.99
178906,3020929.32,14796257.64
178907,7594464.94,7230563.18
178908,6778484.97,1640460.69
189001,131809197.34,197745939.79
189002,41637086.66,125442531.15
189003,24972525.46,70589467.45
189004,20164703.72,85579374.17
189005,6129205.12,12174017.74
189006,31037279.12,36946273.77
189007,76060270.69,13930241.31
189008,2624885.05,2739476.88
189009,330145.0,0.0
189010,30716575.97,28031127.39
189011,7068431.79,16223285.51
189012,2576188.57,4946553.91
189013,39338527.15,84408348.23
189014,25763901.52,22339864.74
189015,27420152.81,53055068.17
189016,1090799.31,3105962.88
189017,23682192.26,49587869.29
189018,2884694003.77,3744613967.58
189019,114662572.23,270689783.86
189020,4104348.03,12954262.64
189021,1278784465.1,1908981539.59
189022,171536358.27,301705007.64
189023,16035586.04,24436229.45
189024,11428566.19,16807644.07
189025,190266212.98,225004129.81
189026,150967711.54,182143136.55
189027,446763858.39,802604781.99
189028,57431738.07,85732581.17
189029,62370335.52,162526197.13
189030,141495731.99,118258966.15
189031,259996481.25,354812965.17
189032,283291209.55,480410779.95
189033,30828496.56,53920609.04
189101,35800014.85,66326847.57
189102,31404452.56,140949444.67
189103,882428.19,2104897.26
189104,333869.56,617490.17
189105,7765241.98,23774779.5
189106,7383681.66,7823505.48
189107,2105796.13,8650842.82
189108,458446.22,1425353.63
189109,153011.65,358675.73
189110,205198.29,325800.56
189111,513358.79,542829.04
189112,50030.0,14890.63
189113,411795.55,3642311.79
189114,2368599.99,6008657.53
189201,6856369.11,18719052.4
189202,4804860.48,10678263.15
189205,4711754.63,12640885.78
189206,5339227.32,8467344.8
189207,26216473.39,52261982.4
189208,324206.71,1276034.67
189209,11868217.11,24068165.67
199301,23487727.0,7088286.12
199302,10102857.0,5582296.72
199303,51776843.1,29394510.85
199304,14450406.52,12319772.85
199305,61574015.89,32110594.94
199306,18862297.39,41467715.51
199307,56967.0,123669.26
209401,487075717.12,1388406885.95
209402,45975409.25,66197064.15
209403,695870607.44,1778184964.8
209404,285188188.1,286615320.17
209405,429624276.09,782822272.43
209406,218612131.45,114883642.88
209501,8042.0,0.0
209502,122631.0,328872.0
209503,194718933.19,932951102.2
209504,183569216.99,363206504.79
209505,39589489.83,112500874.27
209506,240497220.14,473172036.47
209507,31791724.92,37519933.37
209508,10877245.68,8351582.43
209601,835928.08,875836.35
209602,172709186.21,18223130.77
209603,100027026.21,142009906.39
209604,328731.48,600275.3
209605,2162917.16,2378661.22
209606,4927351.19,8242424.23
209607,14653441.76,13150517.47
209608,26384743.52,77279537.45
209609,5008645.09,18683522.03
209610,7714077.34,12227466.9
209611,3964707.16,4416910.33
209612,59513315.14,64447582.68
209613,6014631.57,15089275.41
209614,574759.84,1851480.04
209615,8535970.92,20977237.49
209616,4699626.88,18310419.39
209617,10362099.52,14909599.17
209618,5532873.76,10545514.91
219701,178244963.23,64379678.09
219702,2426289.57,1486091.34
219703,32685506.42,62949412.96
219704,3062246.7,6418110.96
219705,13368017.09,16490784.29
219706,45746200.11,27981614.44
