010101,10473386.37,33502762.61
010102,5687586.45,0.0
010103,4755285.51,33018.46
010104,6574.0,12162.0
010105,6944494.27,5443479.95
010106,2605232.51,9542542.72
010201,11773137.61,255841556.36
010202,23434420.04,152309118.09
010203,89679992.36,394812487.67
010204,931924.16,49048489.21
010205,694362.0,1992958.42
010206,17701122.57,40961722.65
010207,24263042.97,191933340.25
010208,9953929.46,26533202.69
010209,4513405.46,7158559.24
010210,25007817.91,51804836.78
010301,12605171.26,5552799.25
010302,652275320.4,237826571.72
010303,44455858.31,50919959.23
010304,115773288.14,426797483.81
010305,266851372.57,216971997.97
010306,23554177.5,108383605.68
010307,5085201.14,11720026.62
010401,26267238.29,76454907.36
010402,174271030.89,37821138.13
010403,14062026.1,101466743.58
010404,18889844.95,30440472.42
010405,64064778.12,35820634.58
010406,122060972.73,517622207.97
010407,8092921.49,8499149.14
010408,9512725.32,19815716.15
010409,351221.93,12412850.56
010410,86803.0,44399.0
010501,73679.0,117001.0
010502,663894.36,1646012.98
010504,10651312.99,20476559.15
010505,21668.91,237730.74
010506,446382.41,1864.0
010507,845139.94,209186.98
010508,193424.02,468949.92
010510,672052.17,27498.86
010511,20362291.52,53099126.96
020601,731755.09,33253605.42
020602,8285507.01,227263028.23
020603,1912551.56,96521554.2
020604,1735007.22,10207311.38
020701,4123879.3,31254302.82
020702,2408283.16,160091328.8
020703,1340610.48,37319532.26
020704,1557428.61,33592280.41
020705,17230349.75,55975644.82
020706,2075362.24,12495910.19
020707,2249041.4,37648697.29
020708,1174079.87,9247614.84
020709,9664707.59,172119044.88
020710,47377925.73,90313929.73
020711,109541.67,2549721.53
020712,2068463.45,17526023.27
020713,1619041.42,6481201.41
020714,35462.67,1739068.65
020801,1090285.01,24666662.83
020802,6278301.22,29867771.85
020803,17354116.92,203052393.1
020804,4573741.79,55961554.29
020805,5786563.16,154001701.54
020806,3245590.63,60507546.87
020807,1085894.17,33463661.06
020808,2340406.09,150756567.63
020809,3700374.94,19858581.91
020810,16596287.28,64036265.55
020811,74664842.02,93059636.15
020812,72711.91,696668.5
020813,2027928.84,22822267.36
020814,30568.85,716005.56
020901,137958826.6,363793488.15
020902,10559648.35,46652300.39
020903,0.0,123365.41
020904,4169071.19,7816580.53
020905,280708.07,598370.75
020906,790845.2,1106461.16
020907,340633.53,970534.62
020908,1060154.09,3481025.33
020909,511204.15,1273426.63
020910,5368981.45,24178733.58
021001,207552920.36,46012396.64
021002,4481910.03,5264424.93
021003,91932992.54,10992348.24
021004,40428891.85,738308.34
021005,2139790.76,9517862.76
021006,3587081.4,57690572.33
021007,3300194.41,33637.86
021008,74101.97,7131695.8
021101,27861988.14,11869772.21
021102,1791134.89,2874654.24
021103,2041746.16,3174951.87
021104,1097544.21,6832739.54
021105,1553326.4,7551504.36
021106,434401.55,1768718.41
021107,100360325.24,6649623.39
021108,10789244.19,34931333.62
021109,2852333.93,5400744.63
021201,56330.07,8441614.78
021202,344192.95,3187546.64
021204,2067316.35,2210973.06
021205,7560552.38,42610690.36
021206,923676.75,13836305.76
021207,1496869.59,12291130.28
021208,263294.04,19182058.61
021209,45092601.75,46408450.43
021210,121541.0,4888109.74
021211,7576185.48,7822480.08
021212,2021494.88,3734374.45
021213,289534.42,85728.2
021214,4111200.86,4225874.27
021301,167913.78,2851269.61
021302,14419507.25,38972657.25
021401,301553.83,1186358.62
021402,0.0,4526.0
021404,3647385.07,8664380.77
031501,13045221.12,4227583.53
031502,6468719.23,15507413.96
031503,45967.43,15005.47
031504,19267882.59,27382097.85
031505,258212.7,426053.28
031506,90255.12,2417608.0
031507,45818574.87,65073308.03
031508,113523.62,115661.2
031509,2768622.68,11142460.87
031510,146432.0,650300.77
031511,38601864.33,130892121.38
031512,4664715.28,18435954.34
031513,3763726.94,37360754.5
031514,40511753.49,188876520.1
031515,27133403.47,52514210.29
031516,80293293.58,57974780.62
031517,217314456.94,85680253.53
031518,6219002.01,30271911.63
031519,124573391.3,153506633.07
031520,12085691.13,4977784.15
031521,97376.17,1220222.59
031522,413644.63,11265659.52
041601,20569955.21,83783836.84
041602,99964083.79,197831820.12
041603,1641166.63,2009762.61
041604,115553692.37,180770963.17
041605,23944314.3,141942385.92
041701,80311290.57,62985787.83
041702,37840806.15,34408340.13
041703,390388.36,9416185.64
041704,81937586.48,196359925.69
041801,46980.54,8023.34
041802,0.0,53089.37
041803,1284054.72,15670337.09
041804,1163319.54,26797496.16
041805,2253201.83,14144442.5
041806,258281635.45,349305670.98
041901,101192884.92,102347692.73
041902,17138580.64,119310739.05
041903,9085.0,81783.14
041904,33004421.73,113312316.78
041905,445634564.33,312485461.43
042001,3037508.86,23998066.74
042002,2713041.75,20511737.19
042003,171915.63,18093750.5
042004,26151381.71,78670984.45
042005,57592227.34,174349387.23
042006,90002.11,1011852.89
042007,26816927.02,43559958.82
042008,13258907.43,118097525.95
042009,64399107.1,218145741.89
042101,8325760.09,22807835.21
042102,15843610.51,6607778.98
042103,125270379.22,183850368.73
042104,31861464.48,65605263.41
042105,45394573.26,102954551.12
042106,263167677.57,410108022.8
042201,6850624.94,17221885.54
042202,49643616.22,153905539.68
042203,25258921.99,106974296.0
042204,14665637.32,667679153.34
042205,2873320.98,7643358.7
042206,85488203.71,11650867.71
042207,156616551.7,281274556.88
042208,816380003.3,221317932.96
042209,1202221.68,7381796.32
042301,4517703.21,9302968.45
042302,5844967.61,4467283.75
042303,9035084.66,29944872.78
042304,194094.89,118819332.96
042306,18083487.18,48633883.15
042307,0.0,2416.94
042308,2103036.61,656830.77
042309,63224302.95,216570784.21
042401,261008.24,9362750.18
042402,6734309.42,148021647.51
042403,39791827.34,9745574.71
052501,8489274.72,57593331.35
052502,20753.7,46660.38
052503,9741204.21,10374670.31
052504,2108490.62,2977773.93
052505,13345206.64,23558427.24
052506,2457435.08,3528397.37
052507,4824528.34,54919829.66
052508,5603653.5,25517960.15
052509,1268767.05,3414445.17
052510,396507.29,77643.88
052511,17405.95,1748650.51
052512,1469212.92,2462303.31
052513,438394.96,778745.21
052514,1040705.97,1036970.03
052515,220324.21,656065.84
052516,28009511.2,10851182.29
052517,49553943.89,46245726.32
052518,5920708.95,15397761.89
052519,961073.51,6293803.47
052520,3864935.78,9970712.59
052521,16683152.35,3452548.49
052522,8989777.06,8883338.68
052523,61639306.28,44525251.17
052525,148416.57,272618.68
052526,3458479.59,16214819.86
052528,102510.87,262870.78
052529,3554608.79,5075572.81
052530,8182828.31,45447188.65
052601,2363033764.53,24128906.4
052602,553209.88,218881.14
052603,1550575.45,559201789.41
052604,92981.24,35052276.0
052605,0.0,504027.0
052606,416381.7,7190480.87
052607,115937773.74,0.0
052608,239506138.78,1743341.68
052609,0.0,1966.0
052610,69209.36,6399491.0
052611,31868.26,0.0
052613,37420445.41,194484284.64
052614,0.0,597159.71
052615,51915.04,708713.52
052616,16018174.3,10306701.0
052617,796093.24,506793.71
052618,750307.12,772593.09
052619,15707032.48,5595086.45
052620,49967459.99,82181893.88
052621,1645363.99,7548651.12
052701,5354110.56,456038902.2
052702,1683280.0,118866.26
052703,25714894.03,37948893.31
052704,7998964.68,116626687.82
052705,102812.11,137407.0
052706,7005119.82,92138.62
052707,245132765.54,54508643.94
052708,1568304.27,3701726.46
052709,37866483.96,11732396153.32
052710,11137363761.27,7602838157.84
052711,487675097.03,1504197428.53
052712,8896151.37,20488864.81
052713,211900644.55,89791752.52
052714,381930.37,816113.71
052715,4368393.63,5184068.8
052716,1121193648.65,1020946626.4
062801,5429602.07,3213802.64
062802,3664146.6,372472.03
062803,25160845.6,61472683.09
062804,123717691.78,128981940.41
062805,509350.59,1168495.48
062806,3135867.16,5772539.23
062807,33761988.83,888532.47
062808,186848.6,4481069.82
062809,5759832.75,71592579.42
062810,245085.18,1685013.3
062811,20544057.29,75090443.63
062812,551154.34,3620854.4
062813,61625.0,864895.76
062814,2524307.06,198779245.04
062815,21516422.65,126877893.54
062816,2001281.78,3968482.88
062817,359732.42,4507042.17
062818,3448043.88,106016439.05
062819,409075.83,1900049.31
062820,508369.33,1047389.27
062821,6725933.63,9048405.97
062822,13655.0,616877.72
062823,2367552.74,5368504.37
062824,60581.52,1532874.65
062825,18325304.7,111108511.66
062826,26639225.79,2916200.77
062827,31532145.77,28503046.7
062828,1120047.28,4242129.27
062829,52495894.84,11361272.81
062830,2859359.71,707387.89
062831,37801.86,507360.02
062832,803292.33,2053934.71
062833,31037220.5,27068082.51
062834,2657183.87,5885167.71
062835,72382384.8,16701383.92
062836,122048180.89,80097182.01
062837,222126.65,5270495.52
062839,18795533.14,16275630.93
062840,2049685.35,1104743.34
062841,726821.58,3577505.75
062842,5711861.05,5002149.04
062843,6097113.89,31130430.63
062844,163249722.65,816939032.67
062845,582047.18,801895.46
062846,376866.43,2003854.87
062847,29597921.92,40652228.35
062848,45507.0,0.0
062849,72532610.27,77162869.89
062850,22485002.87,9477672.18
062851,3558101.39,5834692.86
062901,179140834.31,154964484.41
062902,5818406.6,153488107.83
062903,23259268.94,88960604.43
062904,4841838.07,12635645.5
062905,386959166.18,136948734.08
062906,448030.79,2130974.03
062907,1355828.59,32625488.85
062908,98113.25,223298.06
062909,64571845.24,60338155.98
062910,1955640.63,21501647.49
062911,1379746.0,117089.11
062912,39078915.19,22677803.65
062913,7302.0,213933.86
062914,6965851.93,30517846.21
062915,273196782.32,150839585.36
062916,7777595.84,96824315.62
062917,86196777.21,72398063.22
062918,7081247.77,26041716.57
062919,158319.2,3073063.55
062920,8530288.08,4281911.26
062921,196882808.41,56361176.25
062922,161907438.39,64874509.64
062923,26245449.39,9523984.93
062924,12653378.64,24301205.79
062925,590241.2,2815908.61
062926,3779725.46,16653876.64
062927,129041.81,2329361.4
062928,22685.75,449303.04
062929,2784148.61,28940863.2
062930,11181941.08,12180216.88
062931,6072230.26,18870015.85
062932,13034146.69,9745897.11
062933,242182277.22,1604883421.18
062934,48684723.07,23569874.85
062935,4107921.22,3001132.19
062936,12698748.1,31945151.37
062937,773040633.0,34144940.75
062938,7497323.97,488623.16
062939,6569900.13,11480101.17
062940,385431.37,3175036.19
062941,4605245.34,4902586.26
062942,9541595.46,3854944.24
063001,56675449.96,38000883.58
063002,458106088.23,598867265.93
063003,151981731.3,76472333.27
063004,8442558375.11,3226180626.29
063005,58994630.24,82059694.51
063006,85054840.25,125328273.66
063101,2826209.0,3935264.57
063102,158963047.28,311884985.88
063103,4464177.08,779446.24
063104,35662018.26,45223717.72
063105,12426346.54,289964372.11
063201,472497.51,202590.84
063202,473093.51,2932159.02
063203,2237827.67,4007634.75
063204,44740785.15,126492985.56
063205,2074958.64,240722.23
063206,50654815.17,175267091.7
063207,7650026.93,15965104.31
063208,479050217.47,211934886.97
063209,218281207.28,113738520.24
063210,36557491.39,14884795.21
063211,398883.44,2970362.27
063212,23550779.71,22257605.41
063213,7640049.74,8336259.7
063214,160368449.72,111860474.69
063215,133889867.37,134462838.25
063301,2178929.07,10326705.88
063302,28962021.01,63082206.71
063303,47942544.52,72800504.24
063304,154933541.34,313786713.41
063305,75710222.78,140755410.43
063306,25750251.16,58209202.66
063307,55437465.08,93177274.14
063401,45951648.9,65679889.51
063402,330654815.51,385406582.63
063403,86135300.16,102086481.1
063404,30859522.65,21539599.35
063405,10113913.13,19247856.08
063406,27369393.12,108129027.18
063407,3223218.72,6436054.73
063501,2433092.93,9818363.66
063502,10591390.38,14432458.93
063503,48881036.37,7218924.12
063504,32418389.56,23419177.72
063505,51065104.53,121973714.41
063506,146369642.35,99253546.62
063507,9532731.74,25285746.83
063601,9895432.0,2042217.0
063602,25845175.46,21627439.66
063603,49986080.0,15753180.0
063604,9494098.22,9222625.17
063605,36615356.53,999738.83
063606,1515251.1,1320185.52
063701,30998212.4,68671255.48
063702,4889847.54,10461397.03
063703,524412.53,7929782.75
063704,216533.7,702294.49
063705,1426840.38,1665214.19
063706,544796.28,947955.02
063707,15888873.92,107855473.18
063801,7659077.67,21162607.91
063802,5672420.26,20918712.67
063803,35426492.68,20899783.63
063804,15473439.88,15960273.28
063805,4998133.24,803943.47
063806,55935903.75,11035872.62
063807,1669952.06,89597136.75
063808,48697609.96,160597835.28
063809,24477924.02,50805374.14
063810,22766469.99,17249807.22
063811,28768156.14,122604403.85
063812,7838645.59,37964089.75
063813,5405280.56,2748532.71
063814,14074977.45,17374511.3
063815,76449264.22,61017752.09
063816,47595631.71,34715942.99
063817,52198.0,278960.58
063818,23097723.07,49417792.34
063819,3605680.34,9876035.51
063820,23830169.14,36435136.96
063821,18098614.18,11582402.47
063822,480175396.13,237910345.91
063823,393309484.53,333119365.66
073901,1133794935.79,947212903.56
073902,109424165.9,393959665.15
073903,133481061.37,236211178.72
073904,243704178.66,133448927.2
073905,54386122.46,75255527.29
073906,137252282.86,206035869.46
073907,125259005.57,510202211.73
073908,27991013.14,81668298.12
073909,141046225.66,164721038.0
073910,21478909.73,37235250.94
073911,10176309.42,79793144.27
073912,141134142.31,43683756.86
073913,257727815.13,61092207.71
073914,116981948.39,13000540.9
073915,43199178.83,8712560.36
073916,34999070.7,35035840.44
073917,320824302.16,309643164.57
073918,351108435.1,71016703.34
073919,53561487.37,162163872.11
073920,519430047.3,471713726.41
073921,227911611.18,286620137.54
073922,98489993.13,55157938.22
073923,491969527.01,557172306.4
073924,96502482.61,144066399.49
073925,109218272.96,98210599.63
073926,629587738.39,673588580.56
074001,8158440.78,24062426.26
074002,21161740.76,146934148.27
074003,69937.54,629428.66
074004,694335.58,2346429.4
074005,95599019.27,35074379.7
074006,3697126.67,7213864.89
074007,339728.28,5895582.4
074008,84911574.04,73592042.46
074009,84597501.25,186292657.51
074010,44792710.78,91698539.05
074011,117102648.64,1287053022.32
074012,10915291.08,33270780.65
074013,3978790.41,13037968.96
074014,19775415.04,9689844.8
074015,11318319.19,36037123.4
074016,521690034.07,340036531.66
074017,3341248.59,1364537.49
084101,37236080.46,30374006.29
084102,2082464.14,122435.38
084103,1126034.39,1266446.6
084104,64201574.16,19015187.2
084105,645805.49,683189.74
084106,79937.6,233861.7
084107,501662.82,348887.97
084108,140360.49,826667.68
084109,783942.6,313035.61
084110,1156302.83,849315.02
084111,241484.72,246542.86
084201,10030972.52,27528496.61
084202,65397753.44,258375193.52
084203,39740076.86,127734606.36
084205,7285217.55,9502202.65
084206,5266.77,479507.49
084301,57344382.73,153798.12
084302,3588022.61,15412335.28
084303,4801647.86,5881670.9
084304,71629.87,286898.55
094401,110800288.32,223122967.12
094402,509400.32,12981138.23
094403,379796723.05,606669998.24
094404,10692369.41,2551817.78
094405,78612.59,432711.03
094406,2485112.39,424439.85
094407,3343136575.37,202975471.91
094408,42400066.43,52923235.86
094409,131922029.59,40616975.81
094410,42416872.78,181466406.39
094411,137381492.12,174375438.27
094412,47234455.09,136271431.37
094413,8857971.01,3803934.37
094414,6511236.7,17010435.01
094415,87294407.4,56632657.97
094416,840026.86,759339.12
094417,2888437.45,5406539.36
094418,542623898.21,320392459.54
094419,4501613.07,14137937.25
094420,9807207.9,22886562.28
094421,71690026.05,83293240.41
094501,79111.58,95038.0
094502,5258.44,10885.71
094503,275923.14,711579.66
094504,688390.35,1783194.73
094601,1779414.86,3026782.29
094602,2359215.48,12104789.23
104701,96182218.7,28765846.65
104702,256014114.31,20576783.38
104703,2322618783.57,241959522.78
104704,82032847.79,5111358.41
104705,120003791.17,19952067.89
104706,6586779.5,21707039.46
104707,68287586.78,127049265.83
104801,1273029008.0,28497790.67
104802,2101026529.91,286133762.39
104803,274337974.79,13605495.28
104804,2361523397.96,126228998.06
104805,515832639.6,181506942.95
104806,94363251.19,22661996.63
104807,47961615.55,14771951.64
104808,51934962.53,22345107.93
104809,3961114.77,8108427.78
104810,3507344891.38,226530525.58
104811,609208121.76,211350767.51
104812,2809911.46,1200384.99
104813,2272444.61,2844345.48
104814,12672136.65,22416811.11
104815,34642.67,0.0
104816,4957972.08,1990431.75
104817,40188356.25,31492605.51
104818,836528966.24,326501070.99
104819,360395518.53,262678155.67
104820,25405100.77,58060641.4
104821,51776562.22,48878958.26
104822,2268567.31,9077157.67
104823,117969695.6,129812680.75
104901,169366862.96,214315817.81
104902,55313412.48,135301890.35
104903,489729.17,7170041.6
104904,351816.92,439194.04
104905,1809956.01,3657056.89
104906,1577255.42,1393839.28
104907,21212408.92,3490558.16
104908,4420270.57,2881477.32
104909,14309262.73,14360066.29
104910,4324851.52,12700434.45
104911,152118408.05,200314111.11
115001,12519.0,16002.06
115002,1386.0,4465.0
115004,0.0,4564.0
115005,229690.0,1000.0
115006,44730.47,75459.54
115007,363119.54,1072773.55
115101,428976.8,1202518.08
115102,218729.52,571507.0
115103,0.0,24949.01
115104,0.0,5234.0
115105,326727.44,360886.21
115106,947802.99,1302479.38
115107,400252.83,7428555.26
115108,89373.48,501214.69
115109,928103.35,4744237.46
115110,6959.89,0.0
115111,3655931.24,6852925.39
115112,9982985.98,17645972.05
115113,11282.03,21413.3
115201,212503.96,468349.48
115202,267418.58,4638751.01
115203,36480.59,269152.7
115204,255040.69,613627.46
115205,1029090.34,5947465.81
115206,93661.01,611315.62
115207,1862243.6,3944099.06
115208,16202586.44,29403837.68
115209,15209372.13,22369259.96
115210,2871888.24,6479752.47
115211,4916627.68,8169418.4
115212,1607888.6,2485916.95
115301,70276.94,337993.87
115302,8933.86,28232.38
115303,101319.1,32664.71
115304,0.0,16978.0
115305,309195.53,279213.82
115306,743407.43,3555260.4
115307,63189.65,161683.53
115308,102754.27,492279.51
115309,3988034.41,10496763.91
115310,142684.68,177068.61
115311,33562.14,167223.87
115401,2631714.19,4977049.06
115402,18877076.01,51879889.54
115403,514086.83,4193005.62
115404,2018062.87,26110308.63
115405,584972.0,66506.0
115406,968391.28,1617158.69
115407,27065214.65,34173627.15
115408,736443.02,1590841.32
115501,631101.83,258286.17
115502,36942.0,224886.0
115503,1093639.36,17193204.31
115504,28004.0,8745001.99
115505,154990.66,853541.99
115506,298631.0,69922.04
115507,1694.0,27554.21
115508,962563.63,1664487.11
115509,564810.31,7314525.29
115510,394688.76,369385.5
115511,1272472.89,2775111.88
115512,26555187.59,28046866.17
115513,2485601.6,4914326.18
115514,9478058.65,13029213.89
115515,4972850.13,3643870.66
115516,2371842.27,3998535.03
115601,9336717.58,15666625.29
115602,8636286.77,16398840.83
115603,146942810.91,127454177.62
115604,8986162.51,4086010.33
115605,27001.07,317390.43
115606,49776.0,3926686.94
115607,9206221.71,18969387.52
115608,3838529.48,7729862.19
115609,3259154.21,3614225.88
115701,3538197.67,9765238.21
115702,42386843.23,46105549.07
115703,17143018.53,86373983.04
115704,395174.78,5445801.25
115705,1678040.65,31527550.45
115801,5210038.93,18309604.36
115802,1251988.79,605258.21
115803,221170.22,96309.0
115804,514219.3,595013.99
115805,10141.0,21464.5
115806,20577339.68,23283782.54
115807,6131173.45,5184424.06
115808,1016135.03,1447923.4
115809,79891.9,65067.96
115810,845787.32,1804623.13
115811,1400706.71,708397.16
115901,844490.81,2797386.11
115902,5669958.33,2202351.15
115903,60182618.13,35683200.5
115904,6555266.29,25211870.99
115905,6460419.86,795488.39
115906,7124247.47,7504157.14
115907,3689502.94,5094859.8
115908,75424.63,1431919.76
115909,1955595.34,1376052.84
115910,3954459.16,2134798.85
115911,172497220.54,114228223.35
116001,5097112.83,12721100.86
116002,47215903.24,28022806.05
116101,7532698.24,18163929.59
116102,6791432.32,30430379.48
116103,10447821.59,38214584.05
116104,36738842.17,164366266.73
116105,17565005.3,46512545.22
116106,8361848.65,60498477.56
116107,20684964.81,58032175.59
116108,20593346.08,89365358.74
116109,92160503.75,401405444.77
116110,84111239.41,425821692.13
116111,6518840.95,46071353.12
116112,10618156.83,36920732.71
116113,5206000.67,13406519.85
116114,7531647.91,32630637.49
116115,29185278.02,143481210.7
116116,6730758.94,31206899.8
116117,5420149.16,16755625.37
116201,42384130.05,135772185.65
116202,29858799.66,136079273.92
116203,145632815.83,473763017.31
116204,92056336.93,462286277.95
116205,40252827.74,142698537.76
116206,23832308.58,120040278.83
116207,4007333.96,7830475.7
116208,5636595.46,14904392.65
116209,3332967.29,15557074.9
116210,44152395.37,163198252.03
116211,29188648.59,79078941.8
116212,15475207.39,71985642.03
116213,101056.02,512064.63
116214,4424039.07,16646016.68
116215,4792740.52,11282245.28
116216,4740817.03,17481804.4
116217,6382094.3,8913524.6
116301,6760171.59,26005609.14
116302,55351278.29,194969238.72
116303,25451369.57,80627595.02
116304,12774120.42,39636535.88
116305,10410447.88,37338324.61
116306,19231296.68,50740112.87
116307,84449884.94,122871864.92
116308,1918492.71,2399591.17
116309,13090982.25,2330737.1
116310,421227.31,4275448.08
126401,9217478.21,28370160.42
126402,19168506.33,134603581.84
126403,92851691.92,413397538.52
126404,22471520.12,123720087.82
126405,9001396.36,18221417.59
126406,4164600.47,28143450.28
126501,55719.0,30242.78
126502,8408.23,5850.0
126503,0.0,9568.0
126504,240059.1,878789.44
126505,13576616.48,45861413.37
126506,57944935.83,43496436.6
126507,2604944.76,2331119.19
126601,2545194.12,16130051.89
126602,317808.03,501648.17
126603,331412.97,967159.29
126701,118692.2,347024.86
126702,9614125.98,21976963.82
126703,35292.84,956935.63
126704,936678.49,6725103.49
136801,3118896.76,9575877.25
136802,8362049.75,27654971.13
136803,1610581.48,3057151.99
136804,58855449.73,57446050.09
136805,48173776.99,40346179.35
136806,50572172.53,86203961.73
136807,26714816.84,26929243.78
136808,1999016.34,5719953.1
136809,11329240.47,74619237.69
136810,105711393.27,124834137.65
136811,474545.94,18262721.63
136812,504721.08,180459.57
136813,14623522.7,6571066.32
136814,551547.69,1656445.34
136815,38183168.56,44748384.07
136901,479700.21,1297255.56
136902,25303228.33,48807412.92
136903,8391474.2,22998784.08
136904,179438.33,6451871.96
136905,1308286.74,6667131.84
136906,453078.61,227799.22
136907,4850116.49,38732519.98
136908,7119338.61,93229460.82
136909,16195391.49,15722453.58
136910,139635045.35,48456758.39
136911,10735476.83,55946850.92
136912,8229180.6,33788679.29
136913,4545617.63,28654026.58
136914,4818940.72,12209931.69
137001,4855707.57,289090.69
137002,312473.31,1639764.85
137003,2216022.18,6846304.04
137004,341933.58,3554924.6
137005,119736431.43,55155625.7
137006,3824525.54,10772928.87
137007,101148207.45,171758448.6
137008,7618113.29,58026862.68
137009,20488715.92,113134025.11
137010,33746797.12,94488469.85
137011,392402.24,1436513.55
137012,0.0,1489.0
137013,36618804.41,74473632.34
137014,508800.6,3922824.44
137015,57135.72,140814.98
137016,1989714.99,8972993.83
137017,16842434.19,16708513.29
137018,1389441.35,12952965.21
137019,225481989.33,214818282.9
137020,28407328.64,26886908.83
147101,147260.94,1290371.53
147102,1586708.04,9099586.92
147103,127235.52,861753.37
147104,519864.62,143329.66
147105,82096.0,2620670.82
147106,205442891.46,39957463.22
147107,1413117.36,8022195.74
147108,507747267.56,51393561.31
147109,11167.84,13701.0
147110,2549099.59,16405770.22
147111,20347.19,0.0
147112,222926831.6,188921278.3
147113,13743833.99,88200797.55
147114,1049628.35,3965875.3
147115,3319498.91,4008017.64
147116,1572554.31,5020056.24
147117,19637318.03,55015583.92
147118,1027957.06,756807.94
157201,41403889.89,41271467.74
157202,323142768.24,994656845.47
157203,120552114.32,3349160.5
157204,738233511.87,307465180.63
157205,423482134.65,35086111.16
157206,57894273.97,7267365.41
157207,56855824.7,118845279.24
157208,583429640.2,467714799.69
157209,294855083.19,159388728.05
157210,376234362.11,1102236479.19
157211,191571902.87,106945961.76
157212,109122067.48,71489527.88
157213,13780053.35,224173171.56
157214,153015937.98,301409119.95
157215,67792089.04,82604974.18
157216,124380597.17,220451515.86
157217,64859488.72,68762168.23
157218,352195964.77,639438053.09
157219,2140241008.29,537621991.17
157220,493162662.96,171364561.05
157221,194089648.75,11165119.52
157222,258289134.29,185159188.8
157223,200746514.12,50564634.18
157224,53701158.3,182740865.53
157225,2048672814.33,326389770.14
157226,221578104.51,101687383.06
157227,112796022.09,66998858.15
157228,906442805.86,253778835.36
157229,114188623.67,29567825.62
157301,4361691.82,27979318.13
157302,60961072.8,86111234.5
157303,7253431.12,11444856.37
157304,961438654.01,306615203.96
157305,21395002.73,19898829.3
157306,389747513.73,544541571.51
157307,248551551.4,265748706.64
157308,657464505.21,603581213.6
157309,32170974.27,75056925.14
157310,83761767.58,38545036.16
157311,30116699.94,28902127.24
157312,38876064.42,43172202.42
157313,787427.84,3598248.27
157314,52157707.02,83973653.26
157315,78170500.31,66734632.15
157316,4717666.41,2298161.04
157317,52230740.89,32119750.29
157318,386294097.03,561848967.96
157319,852372.51,3096577.13
157320,81541761.54,99302755.29
157321,55468663.0,78156988.29
157322,49265646.77,66024557.14
157323,37686644.69,82024027.21
157324,46180575.24,50487986.72
157325,53877205.2,131414592.33
157326,771562563.26,604965808.31
157401,4877.43,68628.56
157402,21373681.44,178183226.85
157403,688548818.49,216767138.32
157404,180953988.5,296323760.54
157405,1960758.06,3431081.64
157406,1473017.8,5112795.58
157407,47056060.21,61656835.85
157408,630027592.04,185293216.94
157409,50909347.4,48248113.63
157410,281906872.7,11867857.02
157411,32421571.37,217445576.01
157412,86861640.41,100182433.06
157413,22928168.73,42315373.06
157415,7566858.91,12353401.93
157417,2951.0,3278.0
157418,2858747.16,6785645.0
157419,14444347.7,52132373.25
157501,44694.0,32386266.0
157502,7680779.74,626101612.41
157503,13341888.63,89409747.55
157504,5277818.6,45209351.96
157505,110886939.87,22378958.35
157506,12205817.97,26746083.78
157507,34053046.51,5793639.12
157508,3952746.43,7872341.24
157601,268661786.5,578512003.92
157602,182474934.18,70229327.76
157603,10963596.7,3302980.48
157604,282623265.73,234968072.5
157605,6846247.54,82251487.32
157606,246755390.77,400840725.75
157607,267440170.75,102255043.23
157608,7226012.2,13941272.89
157609,4470956.69,4644830.25
157610,193202171.95,90840269.83
157611,1378525.18,11580708.36
157612,198575114.57,49570279.58
157613,1503752.72,7398524.66
157614,576714.32,39822924.56
157615,11934846.5,33550811.63
157616,117313261.84,148443465.36
157801,131245539.3,23944587.12
157802,3217411.19,4221986.09
157804,1571971.13,924247.68
157805,1485.94,0.0
157806,3621252.04,1847635.08
157901,56664780.75,112292186.28
157902,3651707.68,4909867.75
157903,2336580.1,9719445.66
157904,614709.85,199197.5
157905,1237426.65,5393229.35
157906,2339.9,0.0
157907,10581138.04,9824254.73
158001,4103422.47,9085783.92
158002,598546.54,311960.02
158003,3756699.8,1000363.33
158006,4186.0,0.0
158007,399746.0,819107.67
158101,9208305.88,21808050.91
158102,9931299.88,39219144.21
158103,119470.23,179328.35
158104,2277572.41,8382882.35
158105,9887110.05,47494019.43
158106,43258.0,217508.98
158107,580489.23,4107061.67
158108,33821822.9,124136512.14
158109,10756251.66,20728481.44
158110,838788.1,933560.89
158111,14313238.18,10537867.97
158112,4290366.8,24041844.0
158113,14630664.27,6086198.43
158201,21522242.59,18687781.87
158202,178349134.07,73233572.71
158203,42886047.95,39165046.77
158204,30018829.93,42614771.85
158205,111636423.32,103199811.47
158206,10640995.57,15684416.96
158207,445853030.54,266429189.43
158208,53332139.37,31427086.76
158209,991082561.3,103766058.61
158210,894367.13,2979226.4
158211,15235005.85,22385862.55
158212,32259106.69,50475077.73
158213,1139987.82,5934696.87
158214,4645179.48,7197932.95
158215,7249499.8,22448917.6
158301,102421133.0,162228347.86
158302,257467814.77,422255352.61
158303,26651649.12,17525777.91
158304,2931454.9,4454214.13
158305,27413177.37,11709317.53
158306,4789149.66,14143468.8
158307,18716378.03,25567382.53
158308,17163752.18,13475802.65
158309,60004941.38,95656013.72
158310,23443178.01,18087631.44
158311,154321771.47,45841994.24
168401,487296029.48,211718969.61
168402,27340978.98,47975516.61
168403,52986321.07,41413007.68
168404,24011502.9,14097569.58
168405,50531763.62,26518324.75
168406,114351102.58,118964707.62
168407,497558586.33,527609889.27
168408,2679357945.99,398988866.12
168409,702448228.34,1382035286.31
168410,15480969.76,11121047.59
168411,947780513.71,605291735.29
168412,595075999.05,268631973.31
168413,1111520618.58,847678599.65
168414,422400809.58,846410320.46
168415,423824920.73,425979793.43
168416,43568303.82,24935748.89
168417,79232411.63,37610581.79
168418,707883758.47,587486378.81
168419,1599279487.01,532991062.76
168420,15309203.69,27561608.77
168421,908989420.62,734610411.25
168422,821751088.76,573244382.21
168423,15116096.97,35512211.87
168424,168248668.68,207848009.47
168425,61942052.59,68421554.78
168426,529997567.04,203963416.32
168427,1245687432.79,170666357.31
168428,755517090.92,347580592.75
168429,1713385361.0,423181597.3
168430,930720162.83,109588563.26
168431,2173526748.22,1309326162.93
168432,297587292.52,106134993.11
168433,217701219.51,290494934.14
168434,290911390.54,48607601.04
168435,5318236.74,938075.07
168436,215563481.49,194821340.09
168437,12914772.32,15589404.92
168438,133936282.31,112949932.5
168439,611115122.36,164482741.88
168440,15151106.38,17513291.17
168441,124315132.98,61577669.71
168442,8479238.17,35881684.01
168443,651758105.25,1042689377.12
168444,732333.36,476921.25
168445,2655487.79,955448.93
168446,19776739.38,747087.56
168447,5635869.14,1814512.07
168448,41839644.7,12789328.6
168449,769864.53,1530061.2
168450,161952939.49,293038644.59
168451,79666422.48,122738315.99
168452,101348842.54,38045124.04
168453,2356628.19,2611587.3
168454,30895853.56,28135721.46
168455,225844731.65,63236394.43
168456,11118495.14,52107078.66
168457,14521821.76,96511698.59
168458,14172103.45,166462627.44
168459,30020034.91,53756674.75
168460,64337616.43,65847382.65
168461,7285983.17,41293638.66
168462,110859288.44,104541952.76
168463,17729782.93,11878724.44
168464,41667530.32,19585563.24
168465,96545855.63,121446316.88
168466,616379715.52,293895723.03
168467,695182719.68,183156037.3
168468,25465031.81,24283370.68
168469,582492.89,6385156.8
168470,24776919.03,44045373.76
168471,1180081523.78,3738886271.29
168472,148037979.91,65369094.56
168473,385027497.28,756937269.07
168474,517222209.91,258551193.35
168475,262148432.84,43400803.33
168476,39150476.35,51996367.15
168477,97360262.75,133402468.88
168478,2089954.26,1240761.35
168479,1367042433.97,670118558.63
168480,29189871.72,73934196.86
168481,824117090.05,836039322.09
168482,1166318281.58,735390539.17
168483,650902952.56,955756114.14
168484,58891300.85,29665995.51
168485,202777505.1,166395619.51
168501,496767640.32,550341721.52
168502,347067197.71,191032300.06
168503,158402670.48,164217769.59
168504,852668744.45,804976936.2
168505,30766727.59,45203715.23
168506,47289141.65,78579234.57
168507,276467054.35,378773743.46
168508,225227538.3,179143731.21
168509,88327070.06,233326402.89
168510,21382094.83,56639636.52
168511,65449058.86,185105577.32
168512,103771568.33,348963378.78
168513,5524942.51,21071805.57
168514,97008929.14,48289940.21
168515,342060500.43,152017458.32
168516,442239038.09,607480707.67
168517,9612157805.68,3532174144.09
168518,122020576.4,232302890.93
168519,27843623.55,55893776.15
168520,184773.11,502375.14
168521,72331694.89,181129604.9
168522,3600498.23,10980489.82
168523,491921510.02,175286055.04
168524,922752649.5,707340036.38
168525,1492902665.62,1428018770.0
168526,126817329.54,160795506.23
168527,61135159.65,241021512.52
168528,581393721.44,1711072582.17
168529,596922396.92,299668155.16
168530,130040908.49,32013355.85
168531,189310138.86,263860517.49
168532,59255111.48,78585944.68
168533,33109587.73,67651209.86
168534,77078676.36,173336334.82
168535,351228054.1,82488900.88
168536,639102252.49,975071050.12
168537,493262917.83,394772960.52
168538,465412338.55,402473255.27
168539,88439035.87,172107235.72
168540,6314830.07,19097072.07
168541,516734416.72,729722961.44
168542,429726251.35,1379561509.8
168543,208320617.02,158759142.11
168544,1283335884.13,1103046939.41
168545,21786197.45,72510682.05
168546,43611669.85,45075133.03
168547,58039072.58,32178219.68
168548,10546902.09,37262564.64
178601,10600654.0,51895984.86
178602,11749106.36,1912998.63
178603,18056718.85,202011271.13
178604,10893919.32,12171962.49
178605,3001118.0,9019890.94
178606,1642083.88,54157888.93
178607,263667285.52,140510720.99
178608,23064018.34,9728685.02
178609,22096149.73,67371952.38
178701,2862066841.65,482041019.17
178702,333621000.72,272477382.31
178703,8084659055.33,6429271047.57
178704,3965611651.61,1516538384.68
178705,157292821.85,101127259.48
178706,826516591.01,7137498.95
178707,1165504087.53,40412272.77
178708,5235906737.74,6227358567.94
178709,34863720.74,39103148.96
178710,14883145.0,9492689.0
178711,14215263.99,179227380.23
178712,12907327.72,81858364.73
178713,102583604.33,9747261.15
178714,128291914.61,151939622.51
178715,41568879.91,23292862.13
178716,349072049.87,647484378.09
178801,269483.26,1210943.71
178802,502875773.44,559162371.32
178803,302985875.97,248901634.68
178804,800814.11,1479926.2
178805,92784569.21,7896310.93
178901,388797979.89,574493138.07
178902,10983211.1,4350116.67
178903,212573205.05,281815911.65
178904,4391948.47,1344123.0
178905,11883520.36,30082.87
178906,49213188.32,17476466.54
178907,15281040.6,6846870.32
178908,2324444.62,97445.18
189001,59709500.78,152512297.75
189002,35433893.34,67122952.17
189003,25852963.28,60379308.4
189004,19875259.55,59125183.86
189005,4165207.3,13118123.42
189006,56705934.59,45714789.98
189007,7354699.54,6368084.02
189008,3659986.93,1316290.57
189009,177907.0,2646.0
189010,11242457.62,10301123.58
189011,2701118.79,11717562.42
189012,4578620.76,6886501.32
189013,115990074.76,78698388.53
189014,49981736.37,83216759.98
189015,133003852.63,79824996.09
189016,2096125.33,1773873.94
189017,28814923.28,31593882.38
189018,913013449.74,796973456.7
189019,167607976.27,80622387.98
189020,36375667.97,19416708.76
189021,798150511.0,763169640.71
189022,150271196.06,148746393.29
189023,53910950.7,23142735.88
189024,40497217.88,12553492.86
189025,118316001.83,60611352.06
189026,239814559.33,269586561.32
189027,692470847.26,319162377.12
189028,19844399.04,203917558.42
189029,98804274.26,124899686.82
189030,162299132.3,136900787.97
189031,325642420.21,247521795.0
189032,330106084.65,590457426.1
189033,35437300.61,58375961.48
189101,7839325.66,21426985.9
189102,20921332.37,78855265.59
189103,492516.02,857320.91
189104,608700.81,631172.98
189105,5707923.36,9416838.71
189106,2003375.89,4406968.9
189107,1400635.08,10148962.68
189108,211345.0,516848.08
189109,2259589.25,724869.15
189110,221546.07,200879.11
189111,96298.78,58164.31
189112,45099.36,74254.0
189113,762108.6,2879508.31
189114,1192423.32,4361602.13
189201,982189.03,3998631.82
189202,1495140.49,8487007.5
189205,2081594.09,3660366.52
189206,1437882.3,5698980.66
189207,24885073.76,33180884.99
189208,789853.96,814100.35
189209,7891801.9,14853538.42
199301,23643641.0,1197641.0
199302,67626.17,2300534.21
199303,1828982.56,12378679.36
199304,5659292.72,4760987.61
199305,32711669.32,15933544.46
199306,196911937.84,51726322.28
199307,2157643.84,332345.81
209401,441206704.1,930537688.31
209402,63529838.63,31150225.79
209403,1890674868.55,1327873227.29
209404,160169065.41,255516409.7
209405,341860886.59,558648392.42
209406,415081381.21,97644546.67
209501,0.0,1649.0
209502,2901.0,30170.0
209503,56958779.54,266856651.72
209504,208757579.43,433474497.93
209505,10358869.93,40153031.94
209506,126485809.54,299673380.53
209507,24811661.66,30522485.8
209508,16100030.01,7531273.34
209601,226211.78,155636.94
209602,1884989.41,3014096.82
209603,98330884.7,96016702.65
209604,207029.88,261157.2
209605,402507.18,1038067.11
209606,7619099.17,5734520.91
209607,2962662.58,3550938.52
209608,15511638.97,42980698.0
209609,4021001.2,10534526.0
209610,8321224.11,6729120.58
209611,1191934.95,2744459.73
209612,3492706.83,15272646.75
209613,1951281.49,8543177.89
209614,495737.37,453361.43
209615,2692075.49,6993642.57
209616,599794.11,5094022.19
209617,1950839.94,9008204.86
209618,5233707.67,12065169.29
219701,32263655.59,16766172.22
219702,2774275.16,927472.17
219703,5805832.99,4437022.22
219704,10420216.05,1537965.01
219705,8506506.45,43822241.22
219706,9573240.03,2582716.99
