010104,74209.72,0.0
010105,0.0,100216.0
010106,158051.0,11301.0
010202,0.0,5383.0
010203,0.0,10520.0
010204,7689.53,0.0
010207,20831.38,5117.0
010210,32664.03,0.0
010302,847267.72,0.0
010303,266738.84,0.0
010304,1064509.25,0.0
010306,636916.0,0.0
010401,0.0,6755.0
010402,0.0,1503528.0
010505,48305.0,0.0
010507,2670.0,0.0
010508,14968.95,0.0
010511,0.0,36646.0
020603,3341.8,0.0
020702,37543.2,0.0
020708,138134.74,0.0
020709,37425.25,0.0
020712,2054.35,0.0
020803,2619.31,0.0
020804,3387.93,0.0
020805,1994.56,0.0
020807,29799.53,0.0
020810,1331.14,0.0
020901,0.0,4527.0
021006,0.0,1303.0
021101,0.0,1368.0
021207,555190.54,0.0
021210,0.0,20718.0
021211,0.0,3026.0
021301,763560.46,1119467.0
021302,94363.0,0.0
031507,39862.35,2528573.0
031510,0.0,1883.0
031514,0.0,3767.0
041601,0.0,42582.0
041602,22161.79,35613.0
041604,20009.79,4494.0
041701,0.0,56506.0
041704,0.0,8797.0
041806,0.0,9995.0
041901,94707.44,0.0
041902,0.0,2825.0
041904,0.0,4061.0
041905,0.0,148405.0
042002,0.0,1412.0
042004,0.0,8160.0
042007,1738.75,0.0
042008,20000.0,0.0
042009,0.0,16140.0
042102,28212.98,0.0
042104,0.0,1615.0
042106,0.0,2354.0
042201,0.0,55177.0
042203,0.0,33822.0
042204,17458.01,9181.0
042208,0.0,5565.0
042209,0.0,1643.0
042304,6063.97,0.0
042309,0.0,124004.0
042402,0.0,25383.0
052501,308380.96,0.0
052505,0.0,1883.0
052621,0.0,2354.0
052710,0.0,18141.0
062804,0.0,1038.0
062811,6905.18,0.0
062823,0.0,4708.0
062830,0.0,18835.0
062833,0.0,1412.0
062836,0.0,32020.0
062849,0.0,5475.0
062903,0.0,49029.0
062922,0.0,3031.0
062923,147184.09,0.0
063004,0.0,327425.0
063005,0.0,74557.0
063006,0.0,1412.0
063102,0.0,18068.0
063202,0.0,8946.0
063204,0.0,63098.0
063206,1468.76,0.0
063207,99410.3,0.0
063210,0.0,1412.0
063301,10949.0,0.0
063302,26253.0,5179.0
063306,0.0,9082.0
063402,6305.74,5650.0
063403,0.0,16951.0
063404,0.0,1682.0
063506,3287.99,7062.0
063507,0.0,8004.0
063701,0.0,48971.0
063702,0.0,8716.0
063707,0.0,8735.0
063808,53495.0,216612.0
063809,0.0,1883.0
063816,0.0,1412.0
063822,1263.0,75722.0
063823,0.0,3748.0
073902,12151.21,0.0
073904,0.0,27782.0
073906,0.0,18364.0
073917,0.0,31360.0
073920,11979.92,26839.0
073921,0.0,142733.0
073923,0.0,13632.0
073925,0.0,242035.0
073926,2142.0,35612.0
074005,0.0,1883.0
074006,0.0,1412.0
074008,0.0,5179.0
074011,0.0,124674.0
074016,0.0,32020.0
084102,35933.12,0.0
084104,937733.4,0.0
084105,189878.0,0.0
084106,56870.0,0.0
084202,5591.0,209368.0
084203,0.0,1426.0
084302,55836.0,12472.0
094401,1249.16,0.0
094402,0.0,4562.0
094407,31348.2,6080.0
094416,11436.32,0.0
094419,5751.23,0.0
104802,3645.09,8004.0
104804,0.0,9888.0
104806,0.0,15068.0
104810,0.0,109060.0
104811,1540.89,3767.0
104812,0.0,10830.0
104814,0.0,6121.0
104819,0.0,8442.0
104820,0.0,3296.0
104821,0.0,40414.0
104823,28049.37,4708.0
104901,28301.05,3199.0
104907,7585.0,0.0
104911,6298.0,2354.0
115203,2038.8,0.0
115204,0.0,17813.0
115402,0.0,1883.0
115516,0.0,8788.0
115607,0.0,5179.0
115806,0.0,7471.0
115909,0.0,2825.0
116001,0.0,1412.0
116002,0.0,1412.0
116103,0.0,5191.0
116104,36502.0,7295.0
116105,0.0,4083.0
116107,0.0,1469.0
116109,84234.0,9329.0
116110,17421.0,12516.0
116111,0.0,8622.0
116115,0.0,19139.0
116201,0.0,15930.0
116202,0.0,3077.0
116203,0.0,1899.0
116204,7959.0,1745.0
116205,53289.0,0.0
116207,0.0,4108.0
116209,0.0,26691.0
116210,0.0,3028.0
116211,3294.0,42762.0
116212,0.0,1114.0
116301,0.0,117717.0
116303,9913.0,0.0
116304,1690.12,0.0
116306,0.0,47088.0
126402,0.0,2921.0
126403,12447.0,10830.0
126405,0.0,19184.0
126504,1097.0,0.0
126505,1041.0,0.0
136802,82205.23,0.0
136804,1123.0,0.0
136805,0.0,3767.0
137010,11333.17,0.0
137013,3076.28,15810.0
137017,0.0,78546.0
137020,0.0,1412.0
147112,2326572.0,0.0
147117,1073.0,0.0
157202,46987.08,0.0
157204,0.0,1819.0
157228,0.0,115968.0
157304,0.0,8009.0
157307,0.0,14658.0
157308,0.0,146104.0
157310,0.0,30606.0
157312,0.0,8946.0
157315,0.0,14126.0
157318,0.0,3296.0
157321,0.0,8376.0
157323,0.0,25464.0
157324,0.0,8475.0
157325,0.0,4242.0
157326,0.0,1412.0
157601,484011.05,0.0
157610,0.0,4708.0
157613,0.0,6343.0
157614,0.0,4255.0
157615,0.0,16638.0
157616,0.0,2511.0
158201,0.0,1450.0
158203,0.0,1044.0
158204,0.0,1807.0
158205,2791.0,305495.0
158206,0.0,23406.0
158207,10574.0,4805.0
158209,2409.0,0.0
158211,1271.0,1587.0
158212,0.0,3706.0
158215,0.0,48836.0
158301,4485.0,7410.0
158302,0.0,17768.0
158308,0.0,3552.0
158311,0.0,17624.0
168402,0.0,5650.0
168405,0.0,13574.0
168409,0.0,206659.0
168412,0.0,10358.0
168413,3764.0,701012.0
168414,5713.0,166216.0
168415,0.0,15858.0
168418,30589.6,56212.0
168419,0.0,54150.0
168421,0.0,55964.0
168422,2667.0,400962.0
168423,0.0,2535.0
168424,0.0,20633.0
168425,0.0,1763.0
168428,0.0,41590.0
168429,0.0,43791.0
168430,371355.0,0.0
168431,42823.0,148853.0
168432,0.0,374978.0
168433,0.0,230232.0
168434,0.0,196431.0
168436,0.0,40305.0
168440,0.0,1883.0
168442,0.0,4238.0
168443,0.0,3296.0
168448,0.0,53208.0
168452,0.0,11772.0
168453,11899.0,40213.0
168462,1536.0,2525.0
168466,1323.0,135673.0
168467,5476.0,3324.0
168471,189306.0,314985.0
168472,0.0,10830.0
168473,20513.0,182957.0
168474,0.0,48558.0
168475,1087.0,0.0
168478,2352.0,0.0
168479,108414.0,1080308.0
168481,0.0,20553.0
168482,12235.0,6591.0
168483,0.0,19353.0
168484,0.0,21660.0
168485,0.0,61694.0
168501,14866.0,1364.0
168502,0.0,53870.0
168504,120940.0,48404.0
168506,0.0,45076.0
168507,0.0,24486.0
168511,0.0,7681.0
168513,0.0,1597.0
168514,0.0,8946.0
168515,1253.0,0.0
168516,0.0,47719.0
168517,39037.0,82063.0
168518,1485.0,0.0
168519,0.0,10099.0
168523,5489.0,0.0
168525,125718.0,70530.0
168526,0.0,14597.0
168527,0.0,5779.0
168528,0.0,10709.0
168529,15926.0,89183.0
168531,0.0,6121.0
168532,1472.0,0.0
168533,3057.0,0.0
168536,297393.0,467838.0
168537,0.0,104456.0
168538,0.0,11447.0
168539,0.0,2354.0
168541,669033.0,0.0
168542,184066.0,4145.0
168543,0.0,8004.0
168544,57151.0,49669.0
168545,1087.0,0.0
168546,1263.0,3296.0
168548,0.0,7534.0
178607,0.0,1412.0
178703,15588.0,621369.0
178704,9121.0,624968.0
178705,103511.0,422066.0
178707,0.0,22602.0
178708,5646.0,104564.0
178709,0.0,55093.0
178711,0.0,13855.0
178714,0.0,2859.0
178716,0.0,26822.0
178803,6206.0,67010.0
189001,4784.0,0.0
189003,0.0,1573.0
189004,0.0,3748.0
189006,0.0,6413.0
189009,4020.0,5638.0
189011,0.0,95397.0
189014,0.0,13200.0
189015,190000.0,16177.0
189017,0.0,1496.0
189018,12619.0,543303.0
189021,195247.0,94647.0
189022,14209.0,0.0
189023,0.0,21660.0
189025,0.0,7945.0
189026,9467.0,0.0
189027,0.0,91166.0
189028,0.0,42379.0
189029,0.0,1883.0
189031,0.0,10359.0
189032,0.0,6121.0
189033,0.0,10901.0
189107,1411.0,0.0
189114,0.0,28724.0
199302,0.0,4308.0
199303,0.0,15313.0
199304,0.0,8491.0
209401,4347.94,0.0
209402,0.0,52148.0
209403,1928.54,14952.0
209404,0.0,1346.0
209405,1685.0,30556.0
209406,0.0,193832.0
209504,0.0,3767.0
209606,21541.0,0.0
209608,0.0,60969.0
209612,0.0,1412.0
