010101,4580617.03,0.0
010106,68682.54,149375.21
010201,124035.16,2649.0
010202,707248.55,2793.0
010203,278895.25,21729.0
010204,5750915.12,0.0
010205,1924384.15,0.0
010206,203548.86,0.0
010207,30473.47,245621.85
010208,15409.0,23238.28
010210,22483.33,3432.0
010301,1376408.53,86185.82
010302,68510073.78,8708379.92
010303,144286323.48,10723449.05
010304,532671728.64,1393170.85
010305,265069123.08,1794779.48
010306,55650818.46,46924484.55
010307,13242475.75,3169292.55
010401,1210.33,0.0
010402,123955.82,2249.0
010403,10408.0,178605.73
010404,0.0,28077.05
010405,953550.29,35039.6
010406,10283.0,579843.02
010407,13262.56,15307.77
010408,0.0,67458.01
010409,0.0,117982.33
010410,10105.0,0.0
010501,0.0,1328.0
010502,0.0,16760.77
010504,439360.79,0.0
010505,2184060.41,97849.39
010508,143133.56,0.0
010511,15133830.7,8238592.11
020601,4949.8,20320.11
020602,10224.08,477236.82
020603,125013.71,188153.48
020604,25684.0,472326.34
020701,29031.05,29148.07
020702,62370.77,555984.21
020703,12206.91,167207.35
020704,3883.05,311903.5
020705,2288.0,275804.55
020706,0.0,81358.26
020707,3398.0,175003.35
020708,0.0,13929.68
020709,119816.29,337661.72
020710,126189.96,89678.85
020711,3643.61,0.0
020712,0.0,81039.65
020713,9195.56,72600.99
020714,0.0,3746.79
020801,0.0,97401.68
020802,53037.0,227414.19
020803,1789.21,1405392.22
020804,44508.93,193665.66
020805,49267.03,1673577.75
020806,219272.15,245662.35
020807,7287.36,363010.65
020808,11251.43,81232.19
020809,5961.0,94443.21
020810,6312.14,293394.22
020811,27179.31,206846.06
020812,0.0,11838.99
020813,4490.78,131010.69
020814,0.0,2565.63
020901,59951.94,4786904.24
020902,13969.3,418958.46
020904,27463.22,52713.44
020905,0.0,7088.4
020906,0.0,9873.02
020907,0.0,4374.61
020908,0.0,4798.57
020909,8426.0,9535.79
020910,38509.17,309104.88
021001,382235.0,2249197.19
021002,0.0,40167.48
021003,0.0,1035815.03
021004,0.0,11430.4
021005,0.0,332785.41
021006,53104.57,144332.73
021008,0.0,1297.0
021101,13288.99,1358128.51
021102,2838.08,225492.92
021103,0.0,815634.91
021104,0.0,403003.89
021105,0.0,59170.17
021106,0.0,5844.78
021107,0.0,629451.24
021108,0.0,105103.09
021201,0.0,60094.31
021202,0.0,33932.96
021204,0.0,6146.29
021206,0.0,20062.14
021207,0.0,2318398.02
021208,0.0,203616.86
021209,281738.84,340121.01
021210,0.0,16023.0
021211,1147.46,55478.9
021212,1795939.71,57985.25
021213,6275.3,29675.74
021214,42706.25,185389.58
021301,64729.02,73861.16
021302,323958.03,287001.09
021401,0.0,4683.77
021402,0.0,1118.53
021404,5545.72,8184.0
031504,41252124.3,1046709.11
031507,0.0,107801.79
031509,0.0,33591.12
031511,284573.17,402961.65
031512,0.0,25973.21
031513,0.0,14072.23
031514,14115.78,299917.73
031515,19377.82,110612.02
031516,2414082.86,309813.51
031517,0.0,351587.41
031518,0.0,26870.27
031519,20797.33,195974.88
031520,0.0,24981.13
031521,17738.0,2320.03
041601,13986.72,57969.0
041602,19101.63,546791.59
041603,174728.48,3114.0
041604,24312037.55,809823.47
041605,133925102.13,274394.8
041701,16129.99,3521368.37
041702,0.0,237548.53
041703,0.0,175450.41
041704,479035.08,3165245.7
041803,0.0,44646.51
041804,0.0,140921.91
041805,0.0,107428.48
041806,70932.26,5125727.34
041901,324829.99,1933704.75
041902,0.0,538097.38
041903,0.0,2707.47
041904,498430.67,3175124.06
041905,54175.44,7763430.34
042001,14573.53,397188.81
042002,3300.0,174820.68
042003,4555.52,93492.2
042004,69273.17,1557024.55
042005,12056.59,675148.37
042006,0.0,50555.89
042007,64035.38,434468.41
042008,77667.59,959947.3
042009,1091583.15,2050213.76
042101,5660.0,709144.76
042102,0.0,87289.34
042103,650984.32,4029506.06
042104,117128.16,782808.79
042105,16072.94,254849.56
042106,470323.13,11006007.48
042201,705980.14,14450.66
042202,322308.5,883570.01
042203,125851.19,2794686.07
042204,75472.28,6405143.18
042205,0.0,116894.0
042206,0.0,47228.78
042207,0.0,100790.45
042208,1025204.75,3771679.11
042209,0.0,15947.59
042301,205934239.95,292115.01
042302,0.0,2196.0
042303,0.0,11760.0
042304,0.0,680615.99
042305,0.0,5710.0
042306,0.0,1343.33
042308,0.0,1942.0
042309,497062.31,3143871.61
042401,40240.59,0.0
042402,0.0,4590916.3
042403,0.0,26103.94
052501,352495.21,1925404.08
052502,0.0,3761.0
052505,10597.52,316115.89
052506,0.0,129991.41
052507,0.0,41363.06
052508,7164.52,116087.1
052509,0.0,9133.0
052510,22570.36,22028.14
052512,3349482.95,13549.81
052513,1678798.54,7039.33
052514,0.0,75562.87
052515,0.0,20705.0
052516,58157.81,176301.66
052517,403689.9,397676.53
052519,86799.83,0.0
052520,1089.4,126633.87
052521,0.0,4813.54
052522,0.0,38452.66
052523,183467.35,1095616.87
052526,0.0,16291.86
052529,88201.85,0.0
052530,114295.77,73203.48
052603,0.0,2438.53
052608,1751.0,0.0
052618,0.0,1599.59
052619,490844.68,0.0
052620,716042.24,0.0
052621,3620211.94,16927.91
052701,9683.9,525686.95
052703,0.0,102558.34
052704,0.0,26142.56
052705,0.0,2512.09
052707,0.0,22924.4
052708,0.0,81252.04
052709,0.0,47430219.0
052710,12913461.35,126788628.52
052711,0.0,262089.42
052712,0.0,100418.2
052713,6407352.83,4211547.0
052714,0.0,16606.93
052715,0.0,93466.59
062801,1133.0,52265.61
062802,0.0,38971.0
062803,14698.63,1006.57
062804,18443.92,59808.94
062806,11367.72,17399.5
062807,0.0,7429.03
062808,0.0,61166.9
062809,879525.86,14104.45
062810,0.0,12597.0
062811,157747.04,285477.74
062812,0.0,64470.74
062814,0.0,69909.85
062815,0.0,77135.96
062816,6388.85,13022.8
062817,0.0,5755.77
062818,31402.38,54468849.76
062820,5113.49,0.0
062821,0.0,71534.18
062823,711037.38,189173.65
062825,4137.48,25428.52
062826,224460.73,19260.6
062827,12241.43,35626.13
062828,0.0,13141.74
062829,18835.97,4335.36
062830,13004.0,0.0
062832,2419.08,20306.01
062833,0.0,47627.65
062834,160364.2,8914.87
062835,580993.64,1308985.67
062836,0.0,271390.82
062838,0.0,1203.25
062839,5703.21,26454.73
062840,7017.76,22578.79
062841,0.0,3019.28
062842,24215.02,15006.5
062843,3633.0,2878.98
062844,0.0,159751.44
062845,2009.0,2622.0
062847,0.0,9950.63
062849,55534.13,0.0
062850,1225.0,47040.0
062851,30970.47,6244.51
062901,340450.16,144203.34
062902,15284.54,17601.18
062903,441261.68,164280.18
062904,1732.25,80890.1
062905,3656.4,219683.97
062906,0.0,28243.0
062907,0.0,14738.58
062908,45086.78,5482.76
062909,14503.95,38118.48
062910,0.0,1798.0
062912,6505.54,12880.53
062913,0.0,4645.0
062914,19191.0,25413.79
062915,145373.1,379668.74
062916,0.0,26743.28
062917,114010.86,20592.01
062918,304329.18,1050407.77
062920,0.0,1018.0
062921,0.0,4045455.7
062922,75417.0,3366032.29
062923,0.0,72652.54
062924,106793.18,104487.6
062925,0.0,26804.38
062926,0.0,46888.29
062928,0.0,4305.81
062929,27380.0,499474.62
062930,12276.95,8569.0
062931,4210.92,60067.18
062932,244844.0,18859117.0
062933,2571690.27,7120657.63
062934,1343.0,5190439.38
062935,7220.0,6314.27
062936,48469.0,557306.82
062937,429684.0,0.0
062938,0.0,6142.0
062939,18031.0,102230.34
062940,1044.87,1320.72
062941,368763.0,346229.6
062942,27149.0,83728.52
063001,209788.67,28837.0
063002,262375.0,1741862.66
063003,19959558.72,279248.69
063004,55962715.21,64655465.4
063005,110514.0,847380.78
063006,92873.0,1681479.33
063101,471733.86,1428.0
063102,29966.0,536317.49
063103,18256.71,0.0
063104,2813000.75,7504.04
063105,1802114.52,1287140.31
063201,41316.08,9433.92
063202,4459.37,86237.36
063203,9009.0,61321.79
063204,76096.0,589092.31
063205,0.0,8330.75
063206,1118536.94,441597.24
063207,13143.83,78112.21
063208,109742.42,1614537.78
063209,65071.55,643085.46
063210,73935.96,125970.12
063211,0.0,7197.59
063212,0.0,116315.91
063213,0.0,222474.24
063214,9289.57,1577267.42
063215,19444.0,2299213.79
063301,181526.03,125683.77
063302,80730.0,2813944.29
063303,88230.0,1632383.82
063304,393920.72,7533532.81
063305,45456.0,3488329.67
063306,7790.0,1355456.39
063307,126450.72,2060957.52
063401,36967.87,866365.12
063402,78319.69,4538954.04
063403,11531.48,658638.32
063404,20877.91,86107.18
063405,11878.34,1051256.82
063406,10067.35,1277607.92
063407,17824.0,52694.18
063501,0.0,286481.81
063502,37915.25,41973.44
063503,0.0,136644.22
063504,3953.87,16597.07
063505,0.0,269784.93
063506,42000.36,996515.29
063507,43145.0,275219.47
063601,0.0,9755.91
063602,0.0,16408.73
063603,0.0,72971.31
063604,0.0,928486.89
063605,2748.34,21243.63
063606,4096.26,62633.64
063701,11015.0,908682.98
063702,7727.0,627283.41
063703,4903.0,1145540.74
063704,56931.0,7105.0
063705,0.0,19584.43
063706,7849.75,218385.85
063707,223000.0,1416312.18
063801,1344366.11,549721.56
063802,7479810.67,114975.68
063803,0.0,26618.18
063805,51361.68,2220.01
063806,17125.77,28498.75
063808,473283.67,410088.55
063809,24108.08,76939.11
063810,0.0,38276.35
063811,4619.41,315481.96
063812,0.0,82757.72
063813,0.0,21235.21
063814,9016.0,296413.98
063815,0.0,36035.12
063816,32254.63,704076.6
063818,22462.0,39221.47
063819,0.0,20492.93
063820,1221.15,534516.09
063821,0.0,88864.22
063822,159284.39,12756795.94
063823,2838413.11,1913547.73
073901,61598.71,2581318.03
073902,195070.42,253637.21
073903,56474.32,1510888.1
073904,0.0,236450.37
073905,598960.75,275161.62
073906,37661.98,456678.74
073907,45279.48,541938.38
073908,92041.57,22395.0
073909,233554.71,516241.12
073910,11162.73,1064099.26
073911,0.0,106724.39
073912,74826.47,448178.89
073913,2757618.7,180248.92
073914,0.0,18830.19
073915,391919.87,50124.94
073916,4303.0,583525.63
073917,779559.77,5695317.4
073918,38138.5,274007.04
073919,75255.66,995361.05
073920,575700.7,6357165.18
073921,108596.3,2925553.09
073922,31714.0,705662.46
073923,6129320.3,11264930.81
073924,132291.5,1008883.45
073925,412449.16,1743921.3
073926,1102615.81,11968786.1
074001,32479.79,10864.04
074002,14685.59,195268.1
074003,2540.59,40313.96
074004,257840.83,60100.56
074005,0.0,207654.66
074006,0.0,88241.21
074008,57390.0,667552.66
074009,225481.06,718963.73
074010,53328.84,502859.37
074011,495983.62,3409600.43
074012,70306.59,634951.98
074013,3766.75,22368.03
074014,5934.0,212806.69
074015,61182.0,321212.1
074016,294210.73,1686973.63
074017,0.0,7585.47
084101,817408.53,1216.0
084102,1311843.08,11500.37
084103,363328.59,15693.0
084104,253600.19,379347.02
084105,487667.0,40677.0
084106,0.0,2805.22
084107,108960.43,9493.0
084108,4234.0,16328.0
084109,2830.0,0.0
084111,0.0,12740.0
084201,296332.52,368578.03
084202,172211.0,2934663.9
084203,156252.0,1537055.13
084204,5586.0,16298.0
084205,45786.17,23858.42
084301,3774024.97,28899.0
084302,9616236.09,104259.21
084303,255365.04,236604.84
084304,0.0,21645.47
094401,1349.44,233831.94
094402,0.0,47170.05
094403,63206.75,69737.32
094404,0.0,82260.76
094405,0.0,3896.6
094406,0.0,2135.0
094407,272117.89,7726172.94
094408,63871.26,1045618.82
094409,35639.35,917641.18
094410,1109.0,1795265.95
094411,9323.2,1514265.77
094412,231072.68,3109139.91
094413,15823.84,116007.46
094414,4714.0,305517.07
094415,147727.42,162143.96
094416,2499.0,1755.0
094417,0.0,58948.42
094418,37664.41,8299007.01
094419,0.0,108906.02
094420,2419.0,220835.94
094421,21876.79,1117653.54
094501,0.0,1884.0
094503,33022.0,1227.68
094504,1819.0,50344.49
094601,0.0,13554.56
094602,4062.0,285051.75
104703,0.0,2054.76
104704,0.0,3021.0
104706,0.0,2226.0
104707,414528.94,69224.0
104801,0.0,53289.56
104802,72949.27,1689504.73
104803,34989.81,1102770.89
104804,21984.36,193245.19
104805,14017.0,215471.28
104806,402559.19,233964.42
104807,0.0,10415.79
104808,11170.68,303425.6
104809,0.0,190152.23
104810,116409.79,4107008.81
104811,95721.5,4708430.95
104812,0.0,39449.11
104813,0.0,11611.58
104814,0.0,33231.45
104816,0.0,35424.39
104817,0.0,921369.91
104818,89951.62,6087825.91
104819,3139904.92,9237653.48
104820,82566.0,984679.82
104821,165890.63,469736.11
104822,11316.0,93106.45
104823,23694.9,1692643.18
104901,2402459.7,5868768.17
104902,133478.9,1896073.65
104903,8861.8,97186.75
104904,0.0,38688.37
104905,106931.4,190203.3
104906,4518.0,5697.0
104907,0.0,873261.09
104908,1329.0,14322.46
104909,6354.82,193856.01
104910,35174.52,57133.86
104911,159721.06,1691131.75
115004,0.0,1943.0
115006,0.0,1231.0
115007,4191.0,26890.0
115101,2023674.82,129557.73
115102,1772.0,6159.0
115104,1236.86,0.0
115105,117964.0,0.0
115106,320412.0,34796.24
115107,63717.0,71188.63
115109,573436.4,465380.34
115110,3263.0,0.0
115111,10889.0,71532.73
115112,36147.0,180289.38
115201,160467.3,234850.0
115202,0.0,11635.22
115204,0.0,21207.04
115205,43892.69,76414.75
115206,17625.0,6771.09
115207,1538.0,43301.17
115208,54626.0,814920.65
115209,8307.0,155314.23
115210,0.0,68453.41
115211,118004.0,44821.86
115212,0.0,29977.7
115301,0.0,13298.02
115302,0.0,16663.49
115303,0.0,1004.51
115305,0.0,1160.74
115306,0.0,1135.0
115309,5514.0,4403.55
115310,0.0,37795.39
115401,12395.02,85886.76
115402,373324.97,219960.64
115404,4972.0,53591.4
115406,0.0,55746.72
115407,164672.0,353251.87
115408,0.0,34136.78
115501,29934.0,0.0
115503,0.0,36083.69
115504,0.0,6667.27
115505,23624.45,2937.0
115506,0.0,8421.0
115508,0.0,14376.0
115509,6784.0,38964.78
115510,26503.0,97104.55
115511,4539.0,30569.62
115512,28929.0,348880.06
115513,1076.0,27173.0
115514,8212.15,70294.49
115515,32755.0,93134.76
115516,11208.0,56221.75
115601,0.0,535231.36
115602,1648.0,161161.39
115603,11897.0,192150.69
115604,22923.0,50931.46
115605,0.0,13312.12
115606,0.0,5876.93
115607,3870449.61,4649700.76
115608,6840628.23,7322807.67
115609,102576.39,126509.2
115701,0.0,250945.02
115702,2722.0,82049.48
115703,4804.0,489796.48
115704,0.0,18900.9
115705,0.0,41512.93
115801,0.0,148598.6
115802,0.0,23208.34
115803,0.0,21425.0
115804,2926.0,24668.5
115805,10665.0,1161.0
115806,7221.0,229348.35
115807,19289.0,40918.13
115808,11855.0,36840.81
115809,0.0,1236.0
115810,0.0,12511.0
115811,0.0,64323.24
115901,0.0,41115.52
115903,73949.82,123175.26
115904,0.0,335921.36
115905,0.0,5111.0
115906,0.0,70826.05
115907,0.0,55815.33
115908,0.0,5041.76
115909,0.0,12037.73
115910,5957.41,119749.84
115911,6058.0,372773.51
116001,112618.25,453041.58
116002,500399.0,334802.67
116101,21946.0,242088.55
116102,36089.46,495593.77
116103,140707.05,726020.88
116104,133675.7,1521367.92
116105,5813.0,215673.62
116106,29069.0,506856.56
116107,9403.7,738651.0
116108,23213.0,669274.53
116109,202623.39,4267229.98
116110,1245032.14,6185476.61
116111,4506.16,593608.5
116112,86601.0,776198.7
116113,2449.0,62805.77
116114,245769.71,384368.03
116115,87567.13,1103788.95
116116,35288.0,396338.54
116117,62594.01,190862.27
116201,14809.0,1425350.77
116202,24759.0,1742246.89
116203,54505.05,5058910.44
116204,230826.0,10053713.26
116205,18328.0,1445883.26
116206,0.0,1749992.18
116207,3216.0,462958.41
116208,3639.0,721890.03
116209,4017.0,453044.66
116210,377266.39,2981690.58
116211,223016.91,2197099.72
116212,5337.0,719719.32
116213,0.0,6594.57
116214,0.0,239308.72
116215,0.0,213150.63
116216,3831.0,273908.21
116217,44634.29,254523.15
116301,180460.6,243490.59
116302,72556.15,1069846.33
116303,10527.0,395360.14
116304,30094.49,153634.24
116305,7952.84,743735.55
116306,54875.0,1068040.07
116307,14846.96,897474.61
116308,34437.0,55943.84
116309,258970.35,47825.78
116310,15853.12,24556.0
126401,11516.0,721987.27
126402,36705.0,1091778.95
126403,287635.72,7463910.01
126404,34521.0,1540486.67
126405,32575.0,483290.97
126406,3772.0,125610.41
126501,3484.0,24383.0
126503,0.0,5185.43
126504,0.0,18858.62
126505,49211.06,613800.99
126506,14284.06,502699.04
126507,1381.0,19948.22
126601,7387.0,81677.78
126602,0.0,4751.28
126603,0.0,18112.0
126701,95694.0,13724.0
126702,0.0,493919.97
126703,0.0,3488.46
126704,4561.0,53668.1
136801,0.0,2250.0
136802,66138.22,295968.33
136803,0.0,102392.39
136804,62163.0,269299.64
136805,6081.0,341775.99
136806,2207422.46,594228.92
136807,0.0,189652.02
136808,0.0,144217.71
136809,3471.09,1022795.37
136810,20024.18,345172.36
136811,0.0,72668.84
136812,0.0,19358.42
136813,2833.0,61459.36
136814,0.0,1820.0
136815,20246.49,683924.07
136901,0.0,5101.34
136902,6549.32,1703641.53
136903,0.0,96977.8
136904,0.0,49275.9
136905,0.0,105436.88
136907,3688.25,131712.31
136908,40847.06,677188.77
136909,1819.0,195886.33
136910,73427.15,448073.9
136911,10014.0,756978.01
136912,9975.71,369107.51
136913,1869.84,475920.16
136914,6479.12,81131.39
137001,0.0,2716.78
137002,7368.78,4931.11
137003,0.0,133856.97
137004,0.0,46905.16
137005,46245.41,373770.58
137006,0.0,98416.49
137007,130224.17,1033721.21
137008,26083.63,223844.99
137009,11890.52,349472.15
137010,26751.41,1442064.09
137011,0.0,47138.0
137013,94433.17,1210477.1
137014,0.0,5902.0
137015,78126.0,7937.0
137016,15398.4,160806.67
137017,0.0,121771.3
137018,20893.0,83709.02
137019,11441.66,920209.03
137020,3274.03,63952.39
147101,0.0,11134.28
147102,1128893.0,902724.88
147103,19107.0,29104.35
147104,0.0,21331.0
147105,0.0,12729.0
147106,2461.59,63831.54
147107,0.0,1402.0
147108,10814.0,354550.33
147110,0.0,36911.46
147112,831178.0,0.0
147113,241447.0,1532201.89
147114,10340.0,161852.17
147115,917909.0,5251.14
147116,0.0,9471.32
147117,58954.0,717609.11
147118,29046.0,156660.91
157201,0.0,127413.67
157202,62320314.74,10341.79
157203,0.0,11307.0
157204,4940235.34,195255.33
157205,0.0,49476.39
157206,0.0,5491.0
157207,0.0,2559.0
157208,2654678.94,559945.26
157209,48820.95,119248.7
157210,189876.43,855575.71
157211,87042.87,325290.5
157212,0.0,136670.09
157213,0.0,1078835.68
157214,2391589.72,1842273.93
157215,0.0,80813.92
157216,402507.93,666258.17
157217,0.0,256250.94
157218,0.0,21835.27
157219,67491.92,1524929.9
157220,8441.4,162570.52
157221,0.0,3687.0
157222,6221.05,564892.3
157223,48727.0,61606.99
157225,43129.27,49562.12
157226,0.0,35897.14
157227,70211.28,0.0
157228,3960.95,124782.3
157229,0.0,39669.84
157301,2800.0,316424.28
157302,0.0,68537.3
157303,0.0,14615.51
157304,8039.06,1281970.7
157305,0.0,240971.29
157306,295722.37,2652513.92
157307,272915.07,3215022.92
157308,642608.6,9631328.98
157309,218947.58,374141.1
157310,8685.25,592747.71
157311,14807.67,367612.05
157312,295807.57,4497928.73
157313,0.0,247973.28
157314,31276.27,887894.41
157315,91496.47,1796318.31
157316,0.0,38153.05
157317,49556.4,523757.47
157318,59276.88,2619414.16
157319,0.0,63117.1
157320,14041.1,259256.9
157321,5150.0,655999.01
157322,0.0,563673.68
157323,108641.41,1284522.98
157324,2523.0,825772.22
157325,34177.86,112121.69
157326,2322585.65,4732206.4
157403,25545.0,13316.91
157404,430072.11,0.0
157405,0.0,1854.0
157406,0.0,62533.0
157407,0.0,130524.22
157408,13068.0,415584.36
157409,13032.0,150308.42
157410,0.0,2437.0
157411,0.0,147415.16
157412,2720.0,1196460.19
157413,2220.0,20201.77
157414,0.0,4106.13
157415,1874.0,93678.47
157417,0.0,2244.0
157418,0.0,38474.84
157419,5707.0,161476.02
157502,0.0,12204.0
157503,94857.0,0.0
157507,0.0,12448.0
157508,0.0,15648.91
157601,484967189.09,1271559.46
157602,2813417.33,22330.0
157603,0.0,36529.0
157604,161136.23,1963401.55
157605,0.0,125505.02
157606,370905.71,2710917.31
157607,51539.03,1349864.48
157608,8968.0,99086.02
157609,2862.0,43837.42
157610,70454.53,6685723.35
157611,0.0,425807.0
157612,11609.03,423184.33
157613,0.0,56094.64
157614,200418.73,21378.0
157615,2708266.22,519622.15
157616,114876.47,1014312.2
157801,12399.27,43017.63
157802,29761.2,69143.98
157803,0.0,1415.0
157804,0.0,92205.36
157806,0.0,10345.82
157901,135739.4,117696.94
157903,0.0,5195.79
157904,0.0,3577.08
157905,0.0,48112.11
157906,0.0,13725.73
157907,0.0,34070.36
158001,949153.0,47490.59
158003,0.0,10703.09
158007,9401.0,13615.0
158101,0.0,9473.0
158102,218379.0,0.0
158103,0.0,8190.0
158104,106380.35,160870.29
158105,0.0,3074.0
158108,0.0,433292.05
158111,0.0,3625.02
158112,0.0,8088.0
158113,0.0,37145.0
158201,0.0,200446.79
158202,18485.0,410343.85
158203,6509.0,345806.93
158204,9572.0,212174.07
158205,337955.0,2043432.95
158206,0.0,89925.51
158207,190677.81,1615805.28
158208,107917.27,603731.83
158209,51300.0,56150.81
158210,2601.0,71522.4
158211,36571.0,569177.74
158212,2266.0,1739605.09
158213,0.0,94213.03
158214,1889.0,140701.06
158215,11212.0,403731.88
158301,15393.0,575992.15
158302,12824.0,4343752.35
158303,20292.0,145508.9
158304,0.0,23776.94
158305,0.0,152140.0
158306,4702.0,326239.34
158307,1819.0,60162.2
158308,21523.0,143629.31
158309,3353.0,395062.0
158310,2594.0,51156.5
158311,15689.9,102408.09
168401,0.0,1104.0
168402,329624.0,144920.02
168403,0.0,169125.25
168404,0.0,1558942.05
168405,4197.0,17885.0
168406,531263.0,80282.24
168407,18992.0,392828.61
168408,118364.23,1209544.96
168409,610764.53,3626092.65
168410,0.0,664585.71
168411,13266933.0,4047052.39
168412,334718.85,5586407.49
168413,743366.81,6454907.54
168414,460794.0,3817501.73
168415,225577.0,1208789.8
168416,41672.0,108975.2
168417,1757.0,301262.05
168418,2670657.32,5938035.35
168419,607619.0,4579475.16
168420,54044.0,52881.0
168421,519635.94,6076675.23
168422,1295314.46,5264362.36
168423,27293364.19,1355327.61
168424,700717.0,2777674.77
168425,791347.32,2195819.37
168426,634726.58,1313057.44
168427,216483.46,4729435.42
168428,1967596.9,3443536.26
168429,3283782.1,6582546.1
168430,570116.08,2750064.95
168431,1225988.71,6393774.96
168432,892658.0,722906.3
168433,2096995.22,2566812.71
168434,2833.0,952227.03
168435,0.0,1521.0
168436,109616.89,714223.1
168437,366881.0,245054.55
168438,20686359.36,7482368.99
168439,4558.0,413776.0
168440,15507.0,518429.14
168441,252893.0,550167.37
168442,21795.0,458962.82
168443,608062.0,2253682.01
168444,0.0,3188.0
168445,22084.0,0.0
168447,0.0,21841.0
168448,30153.0,93720.95
168450,0.0,2083422.2
168451,177950.0,634800.58
168452,146932.99,590483.69
168453,2162.0,31093.47
168454,69527.0,2164567.77
168455,0.0,84264.0
168456,300372.0,40991.0
168457,15262.0,1180.0
168458,1684.0,1031336.84
168459,28087.0,381282.68
168460,5592.68,97411.0
168461,71715.0,28747.37
168462,810553.37,210096.33
168463,23275.0,16659.0
168464,91980.0,189122.51
168465,553213.3,443991.11
168466,97053.0,637003.88
168467,18125.0,480146.71
168468,109688.0,112922.44
168469,0.0,10880.0
168470,95884.9,711539.46
168471,3759287.35,55081999.44
168472,1759.0,366118.9
168473,2232078.78,13071547.85
168474,54911.0,2335238.46
168475,0.0,16592.0
168476,23588.0,126990.22
168477,160950.91,615145.49
168478,0.0,16004.0
168479,2852356.36,10518097.16
168480,58199.6,554692.66
168481,596594.64,7260880.64
168482,145204.0,766069.69
168483,186859.91,2624567.49
168484,28770.0,728337.67
168485,607147.02,1820874.81
168501,324843.37,3258463.45
168502,226724.0,715064.7
168503,489838.27,421657.48
168504,729710.72,5401856.71
168505,29974.0,161060.85
168506,292386.7,943738.86
168507,111354.74,2132924.23
168508,19004.0,1779935.11
168509,14102.0,1562787.36
168510,0.0,262310.37
168511,79822.0,604023.84
168512,35558.0,959271.06
168513,0.0,139792.64
168514,26034.0,438858.89
168515,110694.0,1111959.41
168516,83162.0,3142060.98
168517,3121755.77,17743547.59
168518,88493.36,1953970.06
168519,10678.0,387585.63
168520,26691.0,252479.08
168521,145209.06,5536118.45
168522,4143.0,91292.38
168523,27866.0,1248297.95
168524,1395449.23,11490822.21
168525,3615144.24,15721579.08
168526,259709.57,663729.77
168527,35451.0,1774049.48
168528,256077.36,8280524.2
168529,1088637.47,3866498.56
168530,26894.0,358218.21
168531,174068.89,2548695.77
168532,376504.0,88961.36
168533,79302.0,672058.18
168534,313921.88,465563.62
168535,2514.0,893930.51
168536,790702.1,8459153.68
168537,143386.35,1956256.9
168538,244870.93,2470632.1
168539,80505.0,2501316.17
168540,5812.0,444766.2
168541,192524.42,303647.89
168542,426014.06,4449496.72
168543,606817.72,1468147.88
168544,196579.43,8645894.38
168545,1560.05,67853150.06
168546,0.0,33325.52
168547,0.0,105497.95
168548,38453.0,415356.5
178606,0.0,3428.0
178607,0.0,45531.0
178608,0.0,10089.57
178609,28506.33,540123.88
178701,329613.78,3583342.53
178702,446015.75,1673144.54
178703,6231552.29,46506840.13
178704,806599.72,12992932.21
178705,1843703.23,1492707.35
178706,93410.0,55432.0
178707,0.0,38627.63
178708,825368.43,10329633.32
178709,294222.0,178116.79
178711,22379.21,316485.59
178712,0.0,492505.37
178713,1446.0,455383.67
178714,9797.9,181753.51
178715,0.0,217771.56
178716,39166.8,2645458.34
178801,0.0,1370.0
178802,436003.0,84768032.77
178803,806174.47,13957595.19
178804,0.0,5805.72
178901,30154623.22,242824.0
178902,36689479.47,75703008.84
178903,128670.0,723372.94
178905,397987.0,626253.28
178906,616217.1,168650.69
178907,54876.0,462592.57
178908,0.0,3245.71
189001,63475.37,1399386.09
189002,26825.0,131392.31
189003,6101.0,663671.46
189004,1460.0,380708.52
189005,32784.0,99967.96
189006,32327.0,858346.71
189007,47186.0,192430.41
189008,4801.0,52814.96
189009,1368198.47,1194922.26
189010,6276.0,189059.36
189011,96532.0,170408.86
189012,23350.0,140006.19
189013,23791.77,292683.44
189014,1006827.86,3241255.37
189015,752509.67,1525053.48
189016,108104.0,71130.45
189017,210520.0,211327.57
189018,8506115.94,19017080.35
189019,171722.79,807254.66
189020,4902.0,75131.23
189021,22881689.66,4552157.95
189022,812163.93,2330475.67
189023,192189.0,175306.64
189024,115139.0,73980.64
189025,659360.33,711520.51
189026,296511.33,1288221.9
189027,919390.02,8118891.69
189028,194906.0,593666.61
189029,1778837.23,337856.78
189030,505400.0,1041740.86
189031,1169586.66,3957246.65
189032,349197.28,3653537.82
189033,453088.71,1169732.98
189101,25253.0,484834.08
189102,228903.0,1337463.34
189103,10817.0,32004.39
189104,0.0,23384.0
189105,2297.0,149766.56
189106,3943.0,23414.57
189107,0.0,49163.43
189108,3034.0,18795.0
189109,0.0,2150.0
189110,0.0,4195.42
189112,0.0,2282.0
189113,0.0,27235.55
189114,9611.0,31088.09
189201,22411.0,259672.21
189202,0.0,206944.71
189203,0.0,72503.05
189204,0.0,12243.13
189205,9099.0,53212.42
189206,0.0,25126.55
189207,39108.0,196247.89
189208,0.0,45304.42
189209,0.0,185704.07
199301,0.0,6079.0
199302,27193.0,38908.75
199303,0.0,132684.75
199304,0.0,22718.82
199305,0.0,14757.48
199306,7191.0,216909.01
209401,132078.16,9832382.04
209402,234742.0,655665.99
209403,451651.03,19619807.05
209404,52866.99,4242462.05
209405,870074.63,10144610.58
209406,330596.66,4496517.33
209501,0.0,208729.04
209502,11647.79,718818.25
209503,146560.0,3866239.4
209504,59950.0,2291790.0
209505,64448.0,875833.55
209506,133309.03,3682353.42
209507,145071.96,1202782.11
209508,32640.0,44351.51
209601,9483.0,21537.89
209602,0.0,11242.01
209603,10641.69,1184338.19
209604,0.0,3263.18
209605,0.0,7845.0
209606,0.0,49051.28
209607,21157.76,22959.07
209608,16365.0,641951.07
209609,5719.0,192384.45
209610,0.0,149497.61
209611,0.0,47973.23
209612,0.0,181322.28
209613,0.0,133032.73
209614,0.0,11879.0
209615,0.0,224087.58
209616,4290.0,9715.61
209617,91509.0,226464.05
209618,14194.0,59993.56
219701,1980331.87,196477.51
219702,19056.0,57379.38
219703,181006.33,56699.22
219704,1185238.03,49471.43
219705,17380.0,381779.0
219706,2795.0,211702.74
