010101,73029293.0,44585419.0
010102,496223.0,1282107.0
010104,1677074.0,15307885.0
010105,56775.0,16580.0
010106,27503381.0,34244558.0
010201,730839.0,192381.0
010202,175621327.0,739793.0
010203,889977.0,0.0
010204,15180320.0,879839.0
010206,70372.18,660215.0
010207,49895720.73,22500389.0
010208,507871.0,0.0
010209,13640.27,0.0
010210,276220.0,16775.0
010301,334452.0,0.0
010302,2890627.52,37447413.0
010303,106792667.76,25957256.0
010304,6503276.0,26657120.0
010305,26404565.1,3570375.0
010306,43136189.33,45416338.0
010307,2597383.45,5004075.0
010401,24392926.2,6312938.0
010402,179193175.25,37925857.0
010403,7521560.92,254595.0
010404,85149.12,0.0
010405,129615426.65,30879426.0
010406,8426123.13,31691708.0
010407,7337702.54,5354808.0
010408,1343116.99,0.0
010409,555619.3,1951302.0
010410,1597.0,0.0
010501,13351.0,0.0
010504,512660.0,75055.0
010510,55567.55,0.0
010511,142393.47,12875.0
020601,27006.0,0.0
020602,3032891.65,523642.0
020603,865580.0,4485080.0
020604,77757.0,254609.0
020701,2389142.94,466489.0
020702,1716020.6,1972795.0
020703,11116051.81,10203244.0
020704,749749.55,190814.0
020705,1284298.26,649454.0
020706,4294070.51,1283211.0
020707,412558.93,96970.0
020708,861807.45,691968.0
020709,3391638.67,11531607.0
020710,495523.83,5155365.0
020711,547123.27,494299.0
020712,595261.31,1788601.0
020713,123444077.71,153605471.0
020714,50511.78,52224.0
020801,12223491.08,102999135.0
020802,7345673.97,176418829.0
020803,180136877.87,728818.0
020804,43537868.76,96100084.0
020805,24104626.52,16441895.0
020806,5889125.28,74779301.0
020807,1401925.84,25973997.0
020808,14127447.27,7903744.0
020809,940131.21,4033189.0
020810,4159498.99,1272864.0
020811,144332.99,35372.0
020812,6080.15,0.0
020813,1696899.95,3869753.0
020814,22186.38,0.0
020901,3370387.69,8316725.0
020902,286558175.52,286728642.0
020903,14111.86,0.0
020904,6864204.74,10643384.0
020905,81260.0,35114.0
020906,2295470.9,4189.0
020907,430339.48,0.0
020908,4380628.4,10099835.0
020909,2002212.34,3388458.0
020910,18475180.41,158109005.0
021001,194592817.3,84261802.0
021002,6013.54,0.0
021003,22245019.64,131522.0
021004,1207672.85,175351.0
021005,276259697.47,40294.0
021006,451053767.49,15009512.0
021007,4797.2,0.0
021008,38067.7,1848483.0
021101,37211317.9,11777091.0
021102,1007914.18,4134135.0
021103,5468599.4,708082.0
021104,11532202.73,15032932.0
021105,726555.81,305681.0
021106,754697.78,176431.0
021107,29615.96,0.0
021108,265779.48,28377.0
021201,56815214.83,37625.0
021202,16385514.62,2146.0
021203,31096.07,0.0
021204,943228.73,128046.0
021205,3573591.67,0.0
021206,21554132.76,91888.0
021207,9411320.03,23031133.0
021208,2469411.67,0.0
021209,29384540.14,1053738.0
021210,664542.0,0.0
021211,1885430.53,7004043.0
021212,323757.37,160967.0
021213,3620680.36,5952.0
021214,3527891.6,1724829.0
021301,553510.68,3728264.0
021302,5006465.0,25092804.0
021401,39592.02,0.0
021404,183676.41,516170.0
031502,69618.09,716714.0
031504,76016.31,0.0
031505,335668.0,144955.0
031506,14016.91,0.0
031507,165344669.33,82180.0
031508,186176.47,0.0
031509,2016088.99,91637.0
031510,7876.09,0.0
031511,215851312.85,16154985.0
031512,99528268.11,14788967.0
031513,2479598.83,5820385.0
031514,250392143.37,1648281.0
031515,14422228.77,39834088.0
031516,50362825.75,2412200.0
031517,9509729.36,4257948.0
031518,8705659.37,743952.0
031519,6225921.04,5542193.0
031520,3944773.57,786862.0
031521,303884.0,0.0
031522,867556.57,0.0
041601,2308696.24,3618.0
041602,22106608.76,3022784.0
041603,51909.0,0.0
041604,4999904.99,2550607.0
041605,8589001.71,317277.0
041701,1019925373.99,93180724.0
041702,3659512.02,2956774.0
041703,4007241.38,2737.0
041704,12931688.58,37187585.0
041801,21467124.22,0.0
041803,50395.37,0.0
041804,344988.0,0.0
041805,2165088.67,1680.0
041806,202791049.12,129416966.0
041901,35798728.43,50347884.0
041902,35552467.8,14886235.0
041903,3703.94,0.0
041904,4571494.33,35037441.0
041905,263507124.33,99013961.0
042001,4927261.32,1467366.0
042002,6293583.07,7340467.0
042003,180866.67,113251.0
042004,1757444.02,9211876.0
042005,38052339.6,23469711.0
042006,530494.83,64412.0
042007,1647902.23,4597953.0
042008,21277063.76,57339480.0
042009,72726631.33,32093300.0
042101,15410929.0,11059935.0
042102,2185560.04,154378.0
042103,33792345.49,26229118.0
042104,4114964.37,2095529.0
042105,29044418.72,34593.0
042106,57915991.0,220352018.0
042201,24437448.45,5328154.0
042202,98096087.43,86245900.0
042203,1659987.62,43542082.0
042204,2964089.52,28271969.0
042205,93889.94,16009.0
042206,675991.96,7850.0
042207,3138534.13,9182752.0
042208,18375536.85,160588549.0
042209,813228.79,24600.0
042301,3200904.85,0.0
042302,14634226.12,140755.0
042303,660820.78,379194.0
042304,281574036.65,84373.0
042306,69774240.33,475779.0
042308,1454518.11,18394.0
042309,9271474.39,6954125.0
042401,22893698.55,22418879.0
042402,114414863.0,188638728.0
042403,16465014.23,60030133.0
052501,2039442.22,3166233.0
052503,173817353.41,37652.0
052504,202925.69,0.0
052505,2356460.1,10437390.0
052506,244556.03,0.0
052507,1100079.33,1415057.0
052508,2126188.15,6787838.0
052509,34066.47,0.0
052510,2061134.45,6264.0
052511,1684525.16,242246.0
052512,301643.81,55298.0
052513,394885.8,2948776.0
052515,1478459.31,5732783.0
052516,928498.31,2118408.0
052517,154876714.9,16951439.0
052518,3233059.89,69586.0
052519,7622998.82,0.0
052520,3522751.45,14826071.0
052521,34230900.76,80163.0
052522,9282493.13,3542273.0
052523,201391313.88,15481973.0
052524,16333618.53,0.0
052525,1887094.19,1255.0
052526,286918.99,50281.0
052529,484539.69,5256106.0
052530,2863345.76,1361248.0
052601,4746175.66,1590854.0
052602,1541404.52,0.0
052603,2461460.26,84003.0
052604,5417.61,0.0
052605,70685.0,0.0
052606,3615170.69,0.0
052607,849242.86,300028.0
052608,74056.15,4317.0
052609,663808.0,0.0
052610,6441841.07,5110405.0
052613,304930.0,0.0
052614,5835240.52,666958.0
052615,3497414.29,177651.0
052616,4217737.0,17344.0
052618,628300.3,0.0
052619,2152248.13,0.0
052620,8463011.71,5029259.0
052621,1223792.36,0.0
052701,111702.42,174634667.0
052702,6166.97,831185.0
052703,278663.93,0.0
052704,94639879.35,8329213.0
052706,451532.63,0.0
052707,6046200.9,324045103.0
052708,427325.17,14437.0
052709,51839472689.25,11494202.0
052710,13893589593.1,8290712094.0
052711,6738230088.77,910109412.0
052712,70325648.48,6670682.0
052713,45030068.24,221085147.0
052714,57904600.5,5605726.0
052715,6268426.31,3092590.0
052716,57184.06,0.0
062801,2664560.21,157172.0
062802,4117821.81,72333.0
062803,2627942.54,160138095.0
062804,17914858.99,58322281.0
062805,462095.06,494277.0
062806,90549.88,1626962.0
062807,2907351.89,384089.0
062808,74487.09,26115.0
062809,10662292.3,132297.0
062810,1083386.99,0.0
062811,3960307.89,15923270.0
062812,317074.17,6049.0
062814,27461078.02,589422.0
062815,5833447.41,10739918.0
062816,4194.0,0.0
062817,720919.85,240423.0
062818,4399144.43,570228.0
062819,317544.91,5837.0
062820,1228342.82,63277.0
062821,1867080.94,10995941.0
062822,731404.0,0.0
062823,24287583.86,1143226.0
062824,54266.56,0.0
062825,1202426.0,480494.0
062826,289318.29,0.0
062827,14440474.41,8772593.0
062828,1448561.39,2012816.0
062829,422439.53,392134.0
062830,3776085.51,11281.0
062831,3316522.7,0.0
062832,2234335.29,29714.0
062833,8533646.29,3855565.0
062834,1695707.47,1966281.0
062835,26849984.21,3287999.0
062836,6515932.67,15868188.0
062837,874211.39,0.0
062839,2051591.16,171606.0
062840,2113531.07,1011.0
062841,2496372.18,560261.0
062842,1315522.32,0.0
062843,7471471.0,19094.0
062844,369120.0,159871.0
062845,35880.0,0.0
062846,16165.0,0.0
062847,937094.47,417722.0
062848,141043.0,0.0
062849,515155.88,485874.0
062850,16666.0,87697.0
062851,217513.41,566179.0
062901,61324791.31,99644168.0
062902,36991774.75,38190216.0
062903,22170794.69,20026763.0
062904,11414425.34,1257496.0
062905,94070199.61,37389838.0
062906,239497.54,2212115.0
062907,5787706.45,2561231.0
062909,273195768.59,36708533.0
062910,939483.43,1282667.0
062911,7949.0,91426.0
062912,2650781.31,4393424.0
062914,14901429.88,6015898.0
062915,21357480.6,28125835.0
062916,10886024.3,26424096.0
062917,17141567.92,14549084.0
062918,2283887.46,2300703.0
062919,1541221.0,0.0
062920,185463.0,0.0
062921,25880123.61,3316842.0
062922,12734729.06,9110973.0
062923,2755025.29,4705.0
062924,2639889.61,1188882.0
062925,97862.0,223912.0
062926,54687669.77,176227.0
062927,123435.0,0.0
062928,590913.72,0.0
062929,29059112.02,7188428.0
062930,7682880.0,2877692.0
062931,2264523.47,9472668.0
062932,852009.34,891296.0
062933,18395015.53,9697616.0
062934,32345434.0,285754.0
062935,1002725.0,0.0
062936,3708239.0,2019654.0
062937,2076772.0,105796.0
062938,70853.0,0.0
062939,827226.0,1091311.0
062940,297487.0,0.0
062941,7100060.0,16915449.0
062942,5209593.0,38647918.0
063001,1707064.0,927092.0
063002,18197556.0,147697030.0
063003,9193291.0,5733173.0
063004,301049220.0,627222576.0
063005,8166309.0,16229058.0
063006,3190117.0,30867925.0
063101,2075917.99,166266.0
063102,132449797.51,1451294.0
063103,10667629.45,101760.0
063104,21423213.86,1299317.0
063105,55529030.65,7102897.0
063201,132914.54,10679.0
063202,489528.06,1467872.0
063203,142774.0,95401.0
063204,46455090.0,23669038.0
063205,63194.0,0.0
063206,41564499.36,24615242.0
063207,15016483.67,27895527.0
063208,77965601.7,56770231.0
063209,20215259.63,14005451.0
063210,3466171.86,522369.0
063211,7455204.17,970785.0
063212,16646516.0,7037886.0
063213,1010454.0,0.0
063214,23486799.64,29730105.0
063215,21438907.31,49250232.0
063301,9536530.0,16518822.0
063302,8845797.0,138224145.0
063303,116904739.0,599353715.0
063304,84629952.0,332045561.0
063305,65519399.45,94126270.0
063306,20000082.91,48693668.0
063307,61651465.79,175362012.0
063401,93489320.47,103921798.0
063402,83060130.11,119124895.0
063403,14126290.8,14141087.0
063404,2462841.3,650798.0
063405,1960557.78,8607898.0
063406,1078116.87,1138248.0
063407,355546.08,524881.0
063501,53634.0,0.0
063502,5750.0,0.0
063503,5346059.0,16060.0
063504,55867.0,0.0
063505,3869704.74,5197217.0
063506,15172420.47,66049584.0
063507,1858020.0,575536.0
063602,972053.78,0.0
063603,1566810.0,256383.0
063604,26636.0,0.0
063605,154154.21,0.0
063606,3042760.24,22381.0
063701,9259017.0,5476834.0
063702,3302837.0,5673639.0
063703,5009275.0,2694038.0
063704,369343.0,1914.0
063705,145864.0,0.0
063706,824415.0,1384715.0
063707,29593007.0,12177283.0
063801,3152594.0,0.0
063802,742405.39,376834.0
063803,191406.48,342382.0
063804,1301602.69,363410.0
063805,154293.07,0.0
063806,2999178.53,458003.0
063807,22728.9,0.0
063808,79509748.63,24167616.0
063809,1994431.88,1981899.0
063810,1829008.18,2343356.0
063811,131117217.1,131301884.0
063812,11668326.96,7858061.0
063813,471895.52,2478943.0
063814,12143642.79,148866008.0
063815,12121457.23,181731.0
063816,6618948.55,2695920.0
063817,14803482.88,365442.0
063818,111003.0,8811.0
063819,50129877.06,1633632.0
063820,1252508.37,108655.0
063821,342708.0,391683.0
063822,7752701.0,64589772.0
063823,172284568.35,162583677.0
073901,925156541.04,504019224.0
073902,188278395.23,93126001.0
073903,113400784.5,8901818.0
073904,54667212.33,9311849.0
073905,12375952.88,2230350.0
073906,29795640.99,25030696.0
073907,413303309.58,306409194.0
073908,21233356.12,7275402.0
073909,65536583.94,27476288.0
073910,9396144.04,5028436.0
073911,10860301.88,711528.0
073912,10086745.0,6314239.0
073913,757430.0,119195.0
073914,1277273.0,0.0
073915,26349452.6,2088126.0
073916,10696615.47,7401020.0
073917,67180909.58,158227371.0
073918,7332510.25,50485666.0
073919,42645136.97,86057281.0
073920,456223242.46,204925824.0
073921,60065069.92,91279088.0
073922,18045648.82,22727915.0
073923,114710072.18,148801125.0
073924,44482156.1,107304588.0
073925,6954224.97,32946207.0
073926,92289256.09,283866035.0
074001,25803624.79,3298298.0
074002,42114998.44,9320171.0
074003,416356.84,3594.0
074004,4052954.27,368876.0
074005,680343.98,2809091.0
074006,10638305.4,159857.0
074007,896600.43,0.0
074008,8504458.06,16892300.0
074009,20026523.33,44853405.0
074010,11527562.19,33900017.0
074011,365160323.33,1459925914.0
074012,5963246.7,18354370.0
074013,8435083.6,5489514.0
074014,1517080.0,5699623.0
074015,3882526.96,2701357.0
074016,27083266.82,119365158.0
074017,625361.31,431713.0
084101,1150845.18,0.0
084102,3551564.87,40197.0
084103,1087248.42,0.0
084104,1438396.0,8616604.0
084105,5820634.0,2118989.0
084106,1862896.0,1891270.0
084107,145054.0,293179.0
084109,105833.0,0.0
084111,32291.0,31649.0
084201,234793.0,1155967.0
084202,36524618.0,621620037.0
084203,10185335.0,74860475.0
084204,1217.0,0.0
084205,522879.0,4803614.0
084206,1336996.0,0.0
084301,1671435.0,296676.0
084302,3470522.0,69095.0
084303,5697330.0,108210690.0
084304,30650.0,0.0
094401,454999.55,26539.0
094402,2158531.92,310256.0
094403,2890977.39,194191.0
094404,730170.15,14057.0
094405,12614.79,0.0
094406,11688.65,0.0
094407,43950120.52,53613737.0
094408,3069978.23,6370543.0
094409,1818523.57,1735652.0
094410,920428.35,1126913.0
094411,26088905.34,85711196.0
094412,38297718.59,4113604.0
094413,538789.63,159697.0
094414,445961.44,945830.0
094415,4895767.03,3646173.0
094416,2738.0,0.0
094417,85071.03,10169.0
094418,14133764.15,34263824.0
094419,906798.0,546976.0
094420,1728787.0,11840825.0
094421,3431720.48,19609552.0
094501,85739.06,0.0
094502,611630.0,0.0
094503,304270.0,392714.0
094504,1762924.0,120094.0
094601,1105155.32,645890.0
094602,1674620.02,554999.0
104703,20422842.22,0.0
104704,80302.66,0.0
104705,7757.27,39114.0
104706,1123502.78,0.0
104707,44967283.8,4225302.0
104801,13278010.9,44178.0
104802,101057962.98,17500893.0
104803,78496648.96,12868562.0
104804,32330031.01,2739544.0
104805,25351884.74,3620056.0
104806,1992277.72,94692.0
104807,118005.1,0.0
104808,1145751.81,27171.0
104809,589131.04,357575.0
104810,29074004.51,15605779.0
104811,19308569.06,62533565.0
104812,387140.0,0.0
104813,1422449.67,0.0
104814,1960823.0,1581978.0
104815,1181.31,0.0
104816,639583.07,1108946.0
104817,6251186.45,5755605.0
104818,51434698.8,42119786.0
104819,172192770.47,64052852.0
104820,6035099.38,39442786.0
104821,14383002.0,17037349.0
104822,960736.49,93810.0
104823,22704583.69,49108029.0
104901,45249652.95,98446624.0
104902,5502810.98,7167482.0
104903,501623.16,264957.0
104904,1892.0,0.0
104905,217048.0,1928436.0
104906,384802.0,767504.0
104907,56146715.0,560878.0
104908,1833736.0,1473179.0
104909,437427.0,3223064.0
104910,922561.0,722709.0
104911,30352364.42,42649552.0
115002,345904.0,519489.0
115004,296863.0,84534.0
115005,12328.0,0.0
115006,3585.0,0.0
115007,2320136.0,57126014.0
115101,718973.53,0.0
115103,21484.86,0.0
115105,9157.0,0.0
115107,36510.0,670021.0
115108,1114.0,0.0
115109,6743.0,0.0
115111,21240.0,0.0
115112,404065.0,1937537.0
115113,3381.0,0.0
115201,16546306.96,17295294.0
115202,1503432.36,422265.0
115203,2315790.68,2297001.0
115204,673582.0,1100908.0
115205,6221123.93,44195845.0
115206,2297137.0,346387.0
115207,133702.0,103958.0
115208,39523045.86,152781301.0
115209,20950613.82,13119421.0
115210,4213279.0,148489.0
115211,3621406.0,2254206.0
115212,589489.0,15371754.0
115301,2012.72,0.0
115303,3301.71,0.0
115306,2122.0,0.0
115307,114550.96,0.0
115308,51670.0,0.0
115309,229760.0,50016.0
115310,1302063.65,6841662.0
115311,67803.0,28104.0
115401,2934913.0,799094.0
115402,28476024.82,15826576.0
115403,816862.0,0.0
115404,81663325.64,756771.0
115405,2083435.0,0.0
115406,9503.0,4097.0
115407,121918855.28,1124625886.0
115408,1165194.0,677930.0
115501,1453051.43,6102.0
115502,186698.72,0.0
115503,10497588.32,3305656.0
115504,1848721.08,867119.0
115505,97711.34,188862.0
115506,358048.74,7983.0
115507,1263516.0,0.0
115508,1060457.0,414038.0
115509,925831.0,5516465.0
115510,581419.0,0.0
115511,131017.0,0.0
115512,35698452.0,56402840.0
115513,8839048.0,45772414.0
115514,3447650.0,2177052.0
115515,25608448.0,123201307.0
115516,1785408.0,82846472.0
115601,2886248.0,3224304.0
115602,320139.0,84836.0
115603,9297966.42,21671283.0
115604,1028618.69,14721.0
115605,251294.0,0.0
115606,6439727.0,39646.0
115607,9336216.62,33908643.0
115608,2890370.0,3521391.0
115609,4577393.48,432913.0
115701,3681033.12,60228633.0
115702,32466648.66,16252741.0
115703,33250471.1,67598468.0
115704,1512738.48,332307.0
115705,3252950.71,33275733.0
115801,863234.0,74517748.0
115802,529555.0,2006.0
115803,150304.0,0.0
115804,1474634.0,6973450.0
115805,220785.0,0.0
115806,2575705.0,14085427.0
115807,3909491.0,1143756.0
115808,5366920.0,482163.0
115809,402905.0,0.0
115810,3277134.0,184801845.0
115811,1686614.0,91186.0
115901,585483.0,126712.0
115902,27351167.81,119140.0
115903,6946560.2,62342496.0
115904,352047.85,0.0
115905,17537.0,0.0
115906,2108372.0,92309.0
115907,3052835.0,234644.0
115908,16662.0,21730.0
115909,378227.0,1463.0
115910,1749700.0,2265.0
115911,3536573.0,4444287.0
116001,744958.0,50801249.0
116002,3193713.0,170689756.0
116101,508675.0,4569378.0
116102,1680971.0,3663400.0
116103,5873489.0,5597185.0
116104,19604047.0,583804006.0
116105,45051425.0,155394823.0
116106,17090934.0,32048419.0
116107,2307002.0,16594748.0
116108,10105839.0,13760980.0
116109,41072206.0,384997649.0
116110,8540275.0,191159143.0
116111,8353379.0,7277185.0
116112,1190367.0,1598096.0
116113,418355.0,221010.0
116114,6586012.0,68710088.0
116115,17786536.0,112761944.0
116116,431438.0,3507247.0
116117,6099085.0,46850631.0
116201,5182292.0,49936529.0
116202,5358000.0,4483093.0
116203,28815644.0,234377276.0
116204,33073840.0,465458771.0
116205,17672909.0,208004078.0
116206,8336410.0,83518121.0
116207,4242429.0,2857532.0
116208,1792045.0,24786949.0
116209,3360379.0,9513841.0
116210,8458858.0,38703257.0
116211,9495634.0,188069396.0
116212,978061.0,18646763.0
116213,158959.0,43410.0
116214,9937564.0,225306893.0
116215,289557.0,4346864.0
116216,436490.0,2436616.0
116217,3039134.0,38081421.0
116301,25481673.52,205243468.0
116302,17264723.0,256010999.0
116303,5266157.0,11456680.0
116304,5997789.0,46814074.0
116305,5178778.65,18419800.0
116306,6620506.0,8378649.0
116307,7592234.52,78675292.0
116308,70512.0,222594.0
116309,32921468.44,48866720.0
116310,1350134.42,6361649.0
126401,1405345.0,1318893.0
126402,12379758.0,34033600.0
126403,48053427.0,227627389.0
126404,4194425.0,16637848.0
126405,10768330.0,10345710.0
126406,959906.0,5844861.0
126501,1606.0,0.0
126502,28245.0,0.0
126504,98713.0,86469.0
126505,2436649.0,2620966.0
126506,3335254.0,11125745.0
126507,824617.0,32532.0
126601,1305625.0,36427544.0
126602,68287.0,0.0
126603,109989.78,306750.0
126702,4676586.76,256429.0
126703,4408665.0,27000.0
126704,359793.0,1454004.0
136801,1450687.58,470818.0
136802,21752335.33,276662402.0
136803,1707703.64,108256.0
136804,9103673.46,13739302.0
136805,2843571.0,10597957.0
136806,13696674.85,6413690.0
136807,83443282.6,13966335.0
136808,2696757.53,1614.0
136809,15442583.59,8297111.0
136810,32351735.2,10639159.0
136811,3389551.38,0.0
136812,477806.39,734849.0
136813,1729925.0,2855378.0
136814,1001110.0,0.0
136815,694674.43,3961156.0
136901,279319.47,181985.0
136902,7206987.43,2486083.0
136903,1505495.0,1145503.0
136904,3142692.35,43540.0
136905,317868.45,0.0
136906,134401.88,65606.0
136907,55804183.09,96798558.0
136908,259757597.73,183276722.0
136909,3234497.77,3429520.0
136910,52800908.31,40363204.0
136911,32670358.63,128099599.0
136912,28658609.42,6211340.0
136913,1562674.6,2842586.0
136914,870414.23,7190748.0
137001,3990998.56,438964.0
137002,88141.16,0.0
137003,2624659.2,270436.0
137004,7128509.88,255887.0
137005,108885141.59,25633860.0
137006,1029402.77,0.0
137007,12036580.89,49972951.0
137008,35535640.41,256046.0
137009,6057341.79,15142998.0
137010,86724078.48,48675896.0
137011,3498627.71,81121.0
137012,8347.0,0.0
137013,89720123.3,214464466.0
137014,28699.0,225253.0
137015,213333.0,873163.0
137016,753367.2,13452851.0
137017,428794.0,2119807.0
137018,103087972.11,164349808.0
137019,75997119.91,25800386.0
137020,1636329.12,8726290.0
147101,1513574.0,14373751.0
147102,12915571983.0,10470289193.0
147103,34865957.0,40047765.0
147104,374873.0,3741325.0
147105,8896987.0,22409032.0
147106,76967286.0,28614916.0
147107,649674.0,0.0
147108,8260196775.0,1074351839.0
147109,11349.0,0.0
147110,38574636.0,7652071.0
147112,366374710.0,29752019.0
147113,1068530790.0,9710146244.0
147114,132122978.0,1368466607.0
147115,6353202.0,17117437.0
147116,2301045.0,23006390.0
147117,8022220.0,71373988.0
147118,5235862.0,236292.0
157201,13151687.38,141703.0
157202,37156563.64,12226945.0
157203,17733029.47,1308.0
157204,422354516.82,14387682.0
157205,4926282.95,288673.0
157206,1284932123.34,27646914.0
157207,33931609.23,843282.0
157208,960974028.08,348947509.0
157209,218712536.95,38253806.0
157210,303884577.93,190140429.0
157211,8679868.7,1234193.0
157212,10678826.33,10355565.0
157213,368116906.0,8411996.0
157214,426082123.99,3625683.0
157215,4455560.16,2939524.0
157216,226874091.93,110822846.0
157217,21583504.91,15974608.0
157218,6869207.58,667527.0
157219,60642976.62,36278505.0
157220,4504057.61,2373932.0
157221,2526066.15,6232506.0
157222,26472154.61,18248372.0
157223,4074835.24,1293192.0
157224,2885875.87,245271.0
157225,13501217.41,28080923.0
157226,15380962.0,13239338.0
157227,1232033.69,0.0
157228,21250231.03,35445596.0
157229,2789100.64,367069.0
157301,10004137.07,1913573.0
157302,5976831.32,562945.0
157303,20427190.07,5762079.0
157304,331297628.72,593151960.0
157305,171394059.53,428140444.0
157306,119603826.59,151067228.0
157307,71299138.79,358478863.0
157308,482694491.14,447429454.0
157309,25305180.74,47725209.0
157310,43048967.57,11738011.0
157311,82178593.3,21707769.0
157312,20316803.99,34157839.0
157313,3082433.19,61456.0
157314,31712577.84,11552822.0
157315,3948618.28,4146220.0
157316,914499.33,662444.0
157317,116347531.18,3055710.0
157318,69567363.65,187315225.0
157319,1358344.0,361466.0
157320,13859951.13,10412404.0
157321,20541153.62,42674727.0
157322,2695471.07,1181915.0
157323,33599260.17,179707045.0
157324,5488050.99,16398648.0
157325,39678675.47,49292499.0
157326,96135854.02,251999726.0
157401,14439.09,0.0
157402,11269250.23,240336.0
157403,134083634.78,758801349.0
157404,332528706.13,6227176.0
157405,15337.0,0.0
157406,701387.0,920528.0
157407,197834799.0,30453454.0
157408,306605415.69,8423601.0
157409,17049615.0,35590781.0
157410,2643134.0,4806714.0
157411,3746379.55,12884986.0
157412,4170617.0,7318320.0
157413,1209073.0,7336731.0
157415,1782299.97,1317503.0
157418,7044499.0,11384002.0
157419,1095408.0,23522499.0
157501,660787.0,0.0
157502,5662719.0,2853.0
157503,8472896.58,61775.0
157504,100774.0,0.0
157505,85578.0,706338.0
157506,1817020.0,261288.0
157507,1206365.0,8490412.0
157508,1160850.0,189349.0
157601,2322441748.81,48241605.0
157602,147485775.39,4464418.0
157603,95010.0,50469.0
157604,179937389.27,77760798.0
157605,39183294.45,1523316.0
157606,73643230.69,86341396.0
157607,30166270.88,37404497.0
157608,16767694.1,9020499.0
157609,10833228.0,447703.0
157610,70115713.72,39104800.0
157611,820210.0,2196.0
157612,75668524.0,11307117.0
157613,4212510.0,1573498.0
157614,858201.49,166716.0
157615,22569798.41,118316682.0
157616,15409731.0,33163572.0
157801,72340290.26,12323048.0
157802,8116724.19,1025747.0
157803,5237131.57,3240.0
157804,1088931.01,379815.0
157805,556780.68,0.0
157806,3799784.35,46376.0
157901,30654116.74,70068770.0
157902,4227655.6,53827.0
157903,1278526.34,1966530.0
157904,2971872.91,89815.0
157905,32533.25,0.0
157907,3189907.22,1027488.0
158001,6318066.0,266115.0
158002,152884.59,0.0
158003,1982550.0,1585.0
158007,1282788.0,428105.0
158101,1224543.0,42413.0
158102,121234.0,9280.0
158104,346522.8,47757.0
158105,146095.0,0.0
158107,5506.02,0.0
158108,449393.0,4514719.0
158110,228081.0,0.0
158111,1550425.55,424140.0
158112,124441.0,5940.0
158113,8701.0,0.0
158201,5153804.28,894752.0
158202,2890316.0,9452073.0
158203,7907439.0,7664400.0
158204,3870455.0,30289305.0
158205,15661426.45,38521909.0
158206,1092940.0,3640461.0
158207,22863081.0,184122110.0
158208,1706151.0,4367624.0
158209,1004564.0,2019481.0
158210,394229.0,216212.0
158211,2780408.0,4285784.0
158212,20393012.0,9576849.0
158213,852974.0,1610265.0
158214,2930915.0,1558572.0
158215,87243085.0,68264432.0
158301,12695147.0,34136896.0
158302,31595899.29,184521880.0
158303,761626.63,3010736.0
158304,2911214.25,1132178.0
158305,601194.75,993989.0
158306,1431021.0,14461532.0
158307,3978395.0,4360534.0
158308,1280416.0,2162655.0
158309,53080022.32,10665070.0
158310,2350857.0,1753126.0
158311,12913385.69,33743939.0
168401,35613.0,0.0
168402,4498442.0,20552285.0
168403,1337233.0,2464775.0
168404,1295188.0,397615.0
168405,15998012.0,3757772.0
168406,58429107.0,14723536.0
168407,113900765.0,24447029.0
168408,24810840.0,151691674.0
168409,102981288.0,442687029.0
168410,28251351.0,910382.0
168411,1346360739.0,2260673133.0
168412,22589082.0,90702138.0
168413,175486550.0,702792647.0
168414,223871908.0,732428526.0
168415,354026478.0,735121674.0
168416,3347250.0,18990812.0
168417,48533834.0,39509512.0
168418,325555081.07,379077686.0
168419,96994893.0,296014015.0
168420,1306383.0,1124410.0
168421,122665396.0,432960082.0
168422,56017648.0,97306497.0
168423,5369706.0,3797779.0
168424,76795799.0,155526979.0
168425,12015519.48,88543476.0
168426,99615737.84,224715711.0
168427,27125829.81,13162151.0
168428,33288858.0,171332175.0
168429,310873955.86,396712603.0
168430,28883836.0,112129439.0
168431,368268141.44,1248717431.0
168432,3888646.02,4404517.0
168433,4331141.0,1749114.0
168434,13689752.0,769977.0
168435,822465.0,87081.0
168436,1564684.0,868454.0
168437,8280767.0,3449346.0
168438,20159973.0,32321905.0
168439,174649.0,9301772.0
168440,350507.0,2320919.0
168441,18890813.0,6590197.0
168442,6200151.0,13764548.0
168443,95891552.0,1160629155.0
168444,4544341.0,127538.0
168445,5261915.0,660561.0
168446,3373304.0,1100328.0
168447,9758977.0,15210.0
168448,2877802.0,4857713.0
168449,146898.0,14714.0
168450,107740880.69,68523540.0
168451,6626448.0,5954620.0
168452,8767154.08,13716066.0
168453,257741.0,198472.0
168454,4803704.0,9971065.0
168455,70783219.0,59288096.0
168456,1236940.0,3727485.0
168457,21232121.0,6534368.0
168458,44649766.0,3975317.0
168459,30852525.0,8146867.0
168460,8050905.0,2592130.0
168461,2628900.0,5929605.0
168462,14917292.0,31828469.0
168463,3359333.0,3654098.0
168464,6475282.0,23215333.0
168465,7818703.0,11205534.0
168466,9976951.0,50958750.0
168467,20453520.0,24596989.0
168468,2977705.0,8650677.0
168469,281293.0,0.0
168470,19622830.0,7933660.0
168471,769949326.0,4236350111.0
168472,10110689.0,61206712.0
168473,195660963.0,845849003.0
168474,95517049.84,139431361.0
168475,9058312.0,6277316.0
168476,519275.0,5083939.0
168477,45767976.0,81624030.0
168478,1197922.0,6694402.0
168479,122914373.0,492340115.0
168480,16885837.0,48889964.0
168481,128661683.0,1001856128.0
168482,51408432.0,221050976.0
168483,38878709.0,213313267.0
168484,15466825.0,43026569.0
168485,23332507.0,105433756.0
168501,36677084.0,204254091.0
168502,128103696.0,405284822.0
168503,65662274.0,57810671.0
168504,179574944.0,797965330.0
168505,1345701.0,11998505.0
168506,13624540.96,106352855.0
168507,46636016.9,311317640.0
168508,44160536.0,25936069.0
168509,50261488.0,90715570.0
168510,14088588.0,24048206.0
168511,31369701.0,52347016.0
168512,16718412.0,78969213.0
168513,5365442.0,15267028.0
168514,3885618.0,19403617.0
168515,32409568.0,59092656.0
168516,86501331.29,156946893.0
168517,165110918.0,1370971699.0
168518,44661984.0,71495937.0
168519,4921193.0,47876622.0
168520,389086.0,0.0
168521,104326614.0,59261070.0
168522,7562667.0,6549491.0
168523,62320483.0,206970870.0
168524,42561871.0,132890838.0
168525,925754482.0,4667071303.0
168526,6286390.0,54629282.0
168527,68029957.0,39862542.0
168528,201657814.0,1487967569.0
168529,341571731.0,393748395.0
168530,1847366.0,13941463.0
168531,10943733.0,129692180.0
168532,12793226.0,4549805.0
168533,4265176.0,2046664.0
168534,13489539.0,8922589.0
168535,34694154.0,89716852.0
168536,117704994.0,716478936.0
168537,49995900.0,419677941.0
168538,45605474.0,225288696.0
168539,54278661.0,76601424.0
168540,33258595.0,2154830.0
168541,63736929.0,62117930.0
168542,107387712.0,251112909.0
168543,18567585.0,307497432.0
168544,385691298.59,1009314134.0
168545,8570595.47,4834472.0
168546,5896538.0,13632955.0
168547,14837726.0,20607873.0
168548,1551373.0,8716707.0
178601,3067307.0,0.0
178602,2393224.0,0.0
178603,2242601.0,0.0
178604,17984.0,0.0
178606,89762.61,0.0
178607,6106134.1,451900.0
178608,218687.0,1776312.0
178609,10486750.47,17922741.0
178701,15196493.0,18013760.0
178702,39892506.0,3121329.0
178703,373134427.0,6002671730.0
178704,116299049.77,560025778.0
178705,54396280.0,52746481.0
178706,11271820.0,0.0
178707,14076504.0,609151.0
178708,370877079.31,1560166880.0
178709,9082974.0,7186687.0
178710,542642.0,13270.0
178711,45639698.0,47855528.0
178712,1967001.0,861156.0
178713,488035.0,3809213.0
178714,34208147.0,19216773.0
178715,1730646.0,0.0
178716,55653261.27,120883340.0
178801,76089.0,0.0
178802,6106042.0,6155026.0
178803,100578024.0,683774790.0
178804,2074.0,0.0
178805,152216.0,166619.0
178901,27004533.02,84743945.0
178902,8167525.0,195059.0
178903,43307111.0,72573580.0
178904,164467306.0,88335364.0
178905,39102938.54,101742690.0
178906,1903832.0,88098761.0
178907,6420650.0,4525994.0
178908,15101364.97,418170.0
189001,8765496.0,32888833.0
189002,7282097.0,35762310.0
189003,1496736.0,21943025.0
189004,6586821.0,89373652.0
189005,1068957.0,1999661.0
189006,4453357.0,44643609.0
189007,3137299.0,6506287.0
189008,1224972.0,881618.0
189009,2988320.0,15968.0
189010,1668917.0,2971860.0
189011,1727397.0,2264190.0
189012,220905.0,7958.0
189013,77837867.0,58169043.0
189014,7592944.0,67459392.0
189015,28368301.0,387486211.0
189016,1163890.0,157638.0
189017,2375302.0,3907161.0
189018,100593821.0,313844668.0
189019,36482687.0,12013782.0
189020,849744.0,15188808.0
189021,12567972.0,61973379.0
189022,36069382.0,80933939.0
189023,3665222.0,29288485.0
189024,2283937.0,7683825.0
189025,3898904.0,18596241.0
189026,35283381.0,154205269.0
189027,28972581.0,143865335.0
189028,2833697.0,31973359.0
189029,2344098.0,9411453.0
189030,24630770.0,79564099.0
189031,25509471.0,124704417.0
189032,21881305.0,163357051.0
189033,8052492.0,11374169.0
189101,72609411.0,294462712.0
189102,49070621.0,547036966.0
189103,1575452.62,1479136.0
189104,24341.0,120527.0
189105,2761298.0,7410103.0
189106,405310.0,4073514.0
189107,1205040.0,0.0
189108,199292.0,1110291.0
189109,21005.0,0.0
189110,29783.0,1459.0
189111,151447.0,1160872.0
189112,71624.0,0.0
189113,208399.0,3045438.0
189114,592318.0,2976675.0
189201,495449.0,23760.0
189202,593398.0,833962.0
189205,179163.0,151500.0
189206,147671.0,696879.0
189207,3086030.0,246914.0
189208,14954.0,10221.0
189209,540417.0,10051.0
199301,140255.0,0.0
199302,339161.0,573543.0
199303,10667.0,0.0
199304,2399.0,0.0
199305,123449.0,1714691.0
199306,711964.0,13409.0
199307,15629.0,2200.0
209401,34274152.14,346298885.0
209402,2627520.0,7834806.0
209403,103104452.0,784248954.0
209404,39008690.86,162673790.0
209405,80539181.0,370348105.0
209406,81437710.25,64526737.0
209501,259464.0,0.0
209502,10264.0,0.0
209503,23156852.0,186794812.0
209504,29385181.0,172568354.0
209505,1560378.0,598342.0
209506,31073268.69,81688278.0
209507,512640.0,121651.0
209508,655730.0,7275560.0
209601,31790.0,11981.0
209602,405432.0,759138.0
209603,12875773.95,26416827.0
209604,10878.0,0.0
209605,279702.0,8331665.0
209606,1892072.0,351051.0
209607,992018.0,724867.0
209608,8519857.0,86938911.0
209609,1109519.0,1776407.0
209610,512728.58,48189.0
209611,268575.0,18633.0
209612,3442866.0,4435696.0
209613,3590769.0,2620508.0
209614,442892.0,3699570.0
209615,3821471.0,625240.0
209616,746904.0,2168320.0
209617,4206370.93,1835569.0
209618,388264.0,386857.0
219701,13737857.65,77592006.0
219702,117951.0,692496.0
219703,4532347.0,48255025.0
219704,8309.0,12979863.0
219705,569013.0,698992.0
219706,4403888.0,12007832.0
