010101,672668.47,17424.0
010102,166548.65,220715.92
010103,0.0,156257.07
010104,0.0,11226.29
010105,246355.86,977647.97
010106,39359.07,38379.12
010201,144693.0,186988.46
010202,191467.96,1708720.21
010203,81081.0,3714818.0
010204,1964.0,12433.0
010206,36157.19,383904.41
010207,300154.24,2895057.06
010208,603179.56,113559.27
010209,0.0,45972.88
010210,276817.0,163734.46
010301,16210.0,87139.26
010302,4337514.33,646857.24
010303,9637732.4,9106123.64
010304,2149967.37,465992.32
010305,4988356.02,221329.06
010306,3620041.0,474164.81
010307,2533351.2,35706.43
010401,2633534.59,110817.31
010402,8586004.44,6217386.66
010403,670898.66,1865494.78
010404,8955.63,8414.99
010405,5843118.33,2788492.08
010406,7842939.17,627962.24
010407,24695.62,13769.1
010408,161324.0,32242.91
010409,0.0,2504.02
010410,75401.0,58491.0
010504,188200.26,1807769.84
010505,65382.78,9967.0
010506,42670.7,0.0
010509,0.0,3322.0
010510,19591.97,0.0
010511,741151.06,2961958.32
020601,77209.6,9391.0
020602,175199.37,34241.89
020603,153235.0,69849.22
020604,0.0,2533.0
020701,26330.96,293487.43
020702,15326.63,135496.05
020703,26462.07,128899.49
020704,31362.51,4903.33
020705,0.0,15214.68
020706,12693.61,3590.0
020707,0.0,116094.07
020708,0.0,1252.91
020709,1090975.41,210208.53
020710,2523.75,136476.16
020711,177697.4,20476.59
020712,13349.08,62143.16
020713,0.0,71410.04
020801,1682.0,194821.59
020802,106116.0,1318825.11
020803,3586349.99,2994581.91
020804,9683.87,65569.74
020805,42839.65,1112533.86
020806,157109.94,753132.08
020807,0.0,225975.88
020808,26517.0,650274.56
020809,5879.0,145069.69
020810,1672368.88,75505.2
020811,196080.08,91330.38
020812,81242.38,620087.9
020813,56275.56,273403.8
020814,0.0,4526.26
020901,2958636.55,6356882.0
020902,226139.63,1944857.03
020903,0.0,12226.15
020904,176601.2,101276.48
020905,2591.65,24830.0
020906,17158.46,28725.59
020907,7339.83,5765.74
020908,5353.38,3936.26
020909,1154.0,181093.41
020910,309870.06,2169948.33
021001,4800.94,10453451.17
021002,0.0,3325596.73
021003,145529.47,1072800.95
021005,0.0,1553335.05
021006,134312.59,226227.06
021008,0.0,62556.02
021101,14335.67,214407.88
021102,142753.45,0.0
021103,0.0,133119.73
021104,12954.39,726372.74
021105,26944.49,108267.95
021106,0.0,9362.77
021107,452804.79,1671386.21
021108,424199.69,466937.61
021109,0.0,5996.78
021201,0.0,1081.07
021202,0.0,166022.83
021204,0.0,23130.48
021205,496206.92,7045.33
021206,12973.61,780992.75
021207,38853.44,160599.05
021208,323534.22,1192267.04
021209,286784.41,2568057.34
021210,1317.71,145001.2
021211,39274.56,112937.3
021212,8722.26,2892.71
021214,7723.42,5080.51
021301,52870.38,0.0
021302,48335.87,470257.7
021401,5818.89,0.0
021404,35335.89,3792.0
031501,0.0,89984.26
031502,9278.22,0.0
031504,48328.85,108290.24
031505,18393.0,3133.0
031506,0.0,6327.38
031507,71267.53,223600.13
031508,4390.0,1730.66
031509,1285.0,112650.55
031510,0.0,22190.71
031511,0.0,2833.11
031512,108843.98,1750027.28
031513,0.0,48897.9
031514,568865.54,5839745.77
031515,207029.97,1586510.83
031516,45242.35,3504005.0
031517,188645.69,4291770.33
031518,13906.08,47023.79
031519,3796.89,79113.4
031520,0.0,120364.33
031521,49022.0,1517.0
041601,4888271.71,787595.58
041602,357541.97,301590.56
041603,0.0,95064.0
041604,77414108.27,2811843.88
041605,89073.0,265035.31
041701,13496378.59,27981407.34
041702,69569.24,865136.29
041703,2052296.33,0.0
041704,12800539.61,1847985.85
041801,58630.18,3626681.74
041803,0.0,58447.29
041804,20664.0,11209.3
041805,37864.27,62180.8
041806,7781334.11,3361013.19
041901,68885.32,2431463.04
041902,77699.08,584331.81
041904,3446567.43,806241.11
041905,749504.74,1283757.17
042001,41845.96,630919.92
042002,513384.87,2665167.76
042003,0.0,19744.59
042004,245780.69,150309.82
042005,289582.83,1073024.76
042006,0.0,17789.33
042007,2896724.37,4920572.86
042008,87621.75,1651800.31
042009,8576040.17,4310637.31
042101,4166508.77,3323499.05
042102,213731.45,271665.75
042103,2461018.49,2160153.39
042104,328004.16,1851690.98
042105,467461.2,743506.4
042106,614436.22,5343375.65
042201,665018.36,1280315.14
042202,950829.67,9370817.13
042203,707004.61,2998574.05
042204,7841270.41,12285964.73
042205,0.0,1033296.94
042206,0.0,109459.0
042207,737537.36,21104295.0
042208,2420215.55,10213177.88
042209,4079.77,11224.93
042301,1855720.6,2177204.47
042302,53037.08,45924.91
042303,64427.35,9099.0
042304,398603.66,609563.11
042306,1813560.91,4600.0
042308,121684.41,35118.0
042309,572816.03,5774712.02
042401,1452.0,741249.98
042402,2759777.61,20713625.11
042403,74403.0,618938.53
052501,91548.13,1528156.0
052503,22058.87,0.0
052504,0.0,1341.24
052505,359963.55,181052.31
052506,0.0,1543.33
052507,3490.86,22453.56
052508,34138.41,59792.46
052509,1113.18,53798.79
052510,250146.58,6000.0
052512,33481.08,14909.1
052513,0.0,24251.07
052514,0.0,2217.3
052515,0.0,35138.93
052516,0.0,107147.42
052517,1662630.84,836865.23
052518,4108284.67,91283.08
052519,0.0,13371.14
052520,316110.7,506827.39
052521,221981.28,102419.99
052522,256334.21,249019.15
052523,5675781.65,3218060.16
052524,0.0,32742.03
052525,0.0,3006.85
052526,29349.0,9544.45
052528,0.0,69122.46
052529,7334.59,172564.43
052530,55250.98,25152.29
052601,31272.53,0.0
052611,330370.0,0.0
052615,47861.0,0.0
052618,4992.18,7999.86
052619,9623.13,4598.81
052620,62580.35,15412.0
052621,0.0,117963.46
052701,1346734.77,1471610.95
052703,5553125.59,33276.86
052704,207257.95,3556.5
052706,1586.72,295284.82
052707,104941.37,785058.08
052709,347558040.7,475844.4
052710,343228515.36,329906858.31
052711,1604012.82,87001683.02
052712,418381.76,598492.36
052713,735863.45,1897797.18
052714,27636.73,1512129.05
052715,4117.45,304750.89
052716,3976014.31,78795680.27
062801,4704.19,156879.82
062802,1763.05,0.0
062803,25753.18,14673.93
062804,241691.81,1590344.09
062805,123108.0,2361.0
062806,2896.21,12702.22
062807,0.0,54211.37
062808,0.0,8284.02
062809,29538.1,44023.83
062810,1087.0,336456.99
062811,12337.19,408243.04
062812,27399.0,21856.54
062813,6253.0,6055.95
062814,38868232.77,20155293.68
062815,513884.27,568050.28
062816,1987.0,5702.44
062817,0.0,63570.64
062818,0.0,386283.12
062819,165000.0,8972.48
062820,0.0,16890.2
062821,0.0,9669.07
062822,28454.0,0.0
062823,1303.85,249768.37
062824,0.0,18761.24
062825,3916.17,1518.0
062826,0.0,31175.66
062827,33761.1,111677.37
062828,0.0,17178.09
062829,5008.72,9289.1
062830,0.0,27763.98
062831,3525.71,26730.41
062832,5100.0,16585.64
062833,87027.77,118039.74
062834,13718.3,107118.02
062835,17288.81,899592.19
062836,438183.32,1230635.85
062838,0.0,15467.68
062839,3670.0,154248.1
062840,1999.71,18082.22
062841,92008.0,32198.33
062842,0.0,45711.69
062843,0.0,9728.0
062844,60407.41,15170.31
062847,16132.7,104323.15
062848,0.0,5314.0
062849,6965.39,143591.29
062850,0.0,1097.0
062851,18510.76,10578.22
062901,9199.0,70469.24
062902,912181.02,5665209.54
062903,247619.27,1117024.37
062905,2279766.08,8060347.58
062906,4265.0,18655.9
062907,31677.91,891447.82
062908,155797.25,6321.0
062909,139931.89,1569574.57
062910,94497.72,0.0
062912,119400.23,2676899.48
062913,1346.0,0.0
062914,901434.94,356546.99
062915,501798.89,1079097.89
062916,33597.17,158919.13
062917,379963.26,687139.78
062918,85686.76,164797.93
062921,389633.15,171236.4
062922,217314.0,261854.57
062923,0.0,49984.04
062924,507861.63,813799.45
062925,35177.0,259427.8
062926,0.0,20099.05
062927,0.0,3497.0
062928,0.0,22522.97
062929,35709.86,285186.37
062930,660138.69,129950.35
062931,328015.37,206517.23
062932,57083.74,167563.51
062933,1427684.87,29656767.03
062934,3541239.56,392391.88
062935,0.0,15306.0
062936,245099.87,1537315.81
062937,248049.61,177681.59
062938,31897.0,5804.0
062939,225756.95,129281.0
062940,0.0,19379.9
062941,80184.0,189432.0
062942,94715.68,72495.61
063001,160128.75,199459.11
063002,198623.8,1855028.91
063003,1261228.77,1699093.36
063004,33077934.86,59495904.82
063005,3097514.05,2405100.42
063006,375817.63,2765838.68
063101,1241.47,5547.74
063102,15030505.12,2718878.57
063103,0.0,617318.78
063104,20842542.18,753677.6
063105,5284879.11,4963042.63
063201,0.0,57003.22
063202,19386.18,63197.39
063203,2909.0,39578.12
063204,178933.46,1826550.34
063205,4701.0,133726.36
063206,41475.99,554419.82
063207,19217.91,211617.33
063208,9914237.21,7464044.24
063209,1378486.94,3082273.88
063210,259100.26,577213.11
063211,0.0,135989.32
063212,93820.72,515049.8
063213,4562.0,155170.98
063214,1241742.83,3797684.84
063215,160308.95,1916811.72
063301,49273.65,32812.27
063302,1830009.6,1018378.47
063303,1346456.31,1069608.92
063304,3056799.7,5633182.45
063305,1685731.7,7393078.38
063306,784756.5,2703513.38
063307,2008356.82,4006909.16
063401,638872.3,2147220.0
063402,1103693.02,8802939.75
063403,194959.98,1164559.55
063404,11973.01,267634.61
063405,375147.89,820121.78
063406,184344.54,723094.37
063407,10231.0,60731.0
063501,7493833.32,279331.96
063502,60399.0,299399.0
063503,218157.87,241850.25
063504,34643.28,20803.0
063505,137897.06,208538.04
063506,309144.39,1924984.15
063507,29140.0,449918.04
063601,30221.0,0.0
063604,15762.6,12848.17
063605,4223982.53,7115.51
063606,0.0,86753.06
063701,101948.0,801023.21
063702,60638.82,1985544.03
063703,37148.37,1037690.12
063704,24743.77,313383.78
063705,0.0,153203.55
063706,24126.0,13460.22
063707,14645.2,576586.68
063801,0.0,1787.0
063802,25639.55,189875.52
063805,0.0,115313.77
063806,5009.0,68789.34
063807,0.0,9432.1
063808,2787545.95,5115892.41
063809,63197.02,718293.38
063810,1143.93,69489.12
063811,150798.76,381337.72
063812,7968.12,26282.4
063813,5570.0,139764.08
063814,263193.99,235678.65
063815,1370.0,121375.54
063816,3869.0,141600.68
063818,0.0,22492.69
063819,1614957.38,1433345.73
063820,307456.12,361050.93
063821,0.0,11643.82
063822,41691.19,346748.87
063823,290643.98,2527564.01
073901,474373.19,2648788.11
073902,1824.0,172774.35
073903,133097.4,814993.83
073904,628156.14,268617.24
073905,8630.0,481546.52
073906,24585.11,573292.45
073907,64110.77,2479452.37
073908,2012824.61,1685966.62
073909,73156.24,3830490.18
073910,0.0,74226.95
073911,6168.61,160892.99
073912,202729.64,461908.22
073913,0.0,10717.0
073914,381907.11,17800.58
073915,848577.44,248623.08
073916,318799.52,1381654.93
073917,473697.57,5720689.15
073918,49790.24,2225291.46
073919,243228.35,1407734.25
073920,753517.89,4209990.56
073921,313350.69,3290081.62
073922,102451.87,696800.14
073923,3225488.88,10103472.48
073924,324861.17,2953533.59
073925,1085769.32,1879722.97
073926,581228.88,6409207.03
074001,23628.07,32132.83
074002,841147.93,220478.31
074003,5297.73,34938.21
074005,7807.36,253967.69
074006,0.0,196319.6
074007,3899.0,49611.11
074008,300113.94,664759.51
074009,131519.88,793430.61
074010,115331.97,910294.44
074011,2435416.3,17508675.55
074012,243266.62,1546375.36
074013,30382.64,151186.26
074014,238907.93,505231.08
074015,8043.0,317023.08
074016,724207.34,982258.37
074017,189890.92,116179.05
084101,4558508.47,1164944.71
084102,214618.54,20024.54
084103,333190.36,65006.0
084104,3974540.15,3885078.54
084105,5503.0,44968.99
084106,49703.0,1129.14
084107,241878.1,206459.73
084108,1330.0,9289.0
084109,0.0,165046.0
084110,0.0,160838.34
084111,7602.0,93006.6
084201,10031.27,11820.85
084202,763678.55,985259.42
084203,218060.16,652854.95
084204,0.0,55492.0
084205,600411.54,133368.77
084301,2098830.24,240394.73
084302,9531531.19,570877.95
084303,555652.4,160530.45
084304,0.0,134456.22
094401,9438442.51,327118.78
094402,960232.37,0.0
094403,86832060.0,2968506.2
094404,443339.79,3073.79
094406,12788193.3,209637.91
094407,203669326.98,650124.87
094408,10463085.73,1201845.16
094409,3784685.82,413040.88
094410,13796727.38,2134014.94
094411,7445282.03,948886.28
094412,51813672.43,802880.42
094413,701569.34,106864.32
094414,10278.26,29288.34
094415,2984844.51,297154.09
094416,6773.0,37290.46
094417,125021.34,21753.58
094418,5913237.69,2258399.83
094419,56423.46,59201.52
094420,531340.02,53295.32
094421,9193822.2,376138.02
094503,0.0,186891.26
094504,35774.77,333365.18
094601,0.0,8165.05
094602,24064.8,18535.62
104701,0.0,16524.78
104703,292462.78,0.0
104704,0.0,45871.92
104707,1624563.09,62074.0
104801,305384.85,1394505.46
104802,2440764.13,5332172.85
104803,2281.54,158313.69
104804,143132.5,1019851.37
104805,1104316.66,1868007.2
104806,17919.98,432101.96
104807,12013.86,152832.38
104808,716545.35,1833842.64
104809,86636.32,1250582.37
104810,307947.14,9977969.58
104811,6575864.51,17955186.25
104812,0.0,58635.14
104813,26971.65,206722.25
104814,976918.65,3408565.32
104815,1275.11,19686.0
104816,30701.88,365911.64
104817,31260.84,600448.77
104818,2302813.03,9350930.09
104819,5714540.39,13196754.79
104820,660531.62,2015411.29
104821,2432027.7,1627590.28
104822,13275.43,1067103.06
104823,4323149.12,4822106.23
104901,603138.11,2652654.85
104902,499870.92,2095846.24
104903,72760.26,79203.29
104904,17670.0,0.0
104905,67777.33,38593.3
104906,476227.2,231667.15
104907,803634.45,1108236.52
104908,48663.0,70104.1
104909,6131.4,199472.1
104910,13303.39,89121.28
104911,515622.03,1368332.95
115002,0.0,1150.0
115007,2649.0,50378.77
115101,404065.15,2892351.78
115102,0.0,99670.0
115103,315043.29,10188.34
115104,15598.16,14115.45
115105,795808.53,243406.0
115106,226131.65,168658.0
115107,3935642.99,185736.82
115108,121125.0,6644.09
115109,65408.0,148415.06
115110,0.0,6376.0
115111,162159.37,841291.21
115112,475933.45,1312454.62
115113,0.0,3986.0
115201,37409285.54,1223596.91
115202,217357.24,25688.0
115203,218517.63,1295999.93
115204,87880.98,141656.68
115205,8299575.25,3091837.72
115206,564773.36,399223.38
115207,8920.0,53698.08
115208,6399224.06,2853117.46
115209,841293.74,2544517.95
115210,2845.0,398506.97
115211,37857.0,1508489.73
115212,45759.0,789885.84
115301,152390.31,278037.98
115302,0.0,1221.0
115303,0.0,58111.12
115306,534077.58,9515.7
115308,0.0,1993.0
115309,747010.39,266003.6
115310,15135.0,35991.54
115401,87438.2,825811.57
115402,45247041.46,11382937.43
115403,135842.19,144050.46
115404,420307.81,265291.55
115405,0.0,3851.44
115406,241553.0,87600.36
115407,4798332.73,11011200.85
115408,335500.8,4070110.38
115501,27000.0,3265252.02
115502,0.0,125585.0
115503,1875693.94,114184.93
115504,0.0,36799.54
115505,994847.67,17319.29
115506,0.0,36183.46
115507,0.0,5382.0
115508,86397.03,596650.72
115509,3711389.5,582367.54
115510,175238.5,10636.0
115511,13199.0,88378.58
115512,237994.29,2312731.85
115513,105497.76,2099782.24
115514,179577.3,2579684.19
115515,187026.55,5589561.69
115516,113671.46,3775560.89
115601,857339.75,3787000.27
115602,30743.08,114429.39
115603,57059.67,519658.25
115604,57332.17,227781.27
115605,3000.0,16317.96
115606,8897.0,0.0
115607,486606.71,1194321.57
115608,266736.78,829045.83
115609,5917.57,42481.75
115701,32220.0,16271.51
115702,3885.0,229951.48
115703,30294.0,938329.07
115704,0.0,106480.8
115705,49529.6,84399.8
115801,64527.93,925691.22
115802,232646.0,30051.31
115803,0.0,17067.0
115804,131587.84,73932.5
115805,0.0,3117.0
115806,3196583.43,989852.85
115807,8864.61,518957.81
115808,106407.77,60651.1
115810,947592.79,238849.24
115811,2088.0,294912.39
115901,56068.0,5055.07
115902,13310683.45,8695.49
115903,444280.3,1730651.64
115904,511681.21,776157.73
115905,0.0,28090.0
115906,139038.14,368513.39
115907,5028.0,99743.72
115908,0.0,2315.71
115909,7000.0,18259.05
115910,69049.2,28138.88
115911,36699.77,604461.43
116001,1549612.53,1113578.25
116002,11862654.18,10578796.25
116101,37266.25,29008.67
116102,78845.0,95997.1
116103,1739339.85,638743.61
116104,11659826.73,1119776.22
116105,489321.61,298387.87
116106,1191813.71,415199.28
116107,3529557.27,612315.87
116108,4499292.95,3997375.96
116109,3502441.44,285755.17
116110,19093118.05,1886391.29
116111,1054206.16,346488.65
116112,91818.3,814521.45
116113,23259.0,1328.0
116114,605961.35,154508.42
116115,13114488.22,4301058.35
116116,17962.13,66779.83
116117,70630.07,6933115.43
116201,9282734.02,751168.22
116202,3000124.7,983825.46
116203,20183534.76,4932647.48
116204,34742094.44,4146933.06
116205,1220186.12,1497316.92
116206,6143998.04,733779.01
116207,234200.0,141630.5
116208,553443.24,165368.38
116209,476545.78,320651.9
116210,1045991.68,199794.91
116211,8738337.71,1953168.79
116212,19050493.64,4920239.8
116213,0.0,11784.27
116214,58605.71,78444.78
116215,2105.44,65639.33
116216,188103.0,66948.64
116217,494819.97,31458115.63
116301,3515904.54,183980.77
116302,14283495.17,2929949.11
116303,201804.98,484975.51
116304,72426.14,84880.43
116305,156165.1,452675.96
116306,52405.89,112402.31
116307,104395.28,476021.82
116308,0.0,7179.86
116309,125469.77,1418695.97
116310,37225.84,93576.12
126401,2426209.73,161077.38
126402,61177.71,967316.94
126403,2684312.54,9238286.05
126404,190552.74,1153628.11
126405,3055579.34,1694874.73
126406,1378354.37,2579139.4
126501,10782.45,9592.08
126503,19334.59,51533.98
126504,9848.0,47855.32
126505,95652.98,206974.24
126506,64210.0,91353.43
126507,10220.0,6881.0
126601,139887.0,185529.55
126603,1314.0,0.0
126701,0.0,7184.0
126702,2000.0,24814.6
126703,0.0,1466.0
126704,0.0,2370.0
136801,1800.97,133987.68
136802,13260.34,804239.78
136803,0.0,8314.0
136804,37655.0,563022.53
136805,63863.72,701375.89
136806,116946.31,3587667.02
136807,30844.56,1912203.18
136808,92360.92,31675.43
136809,200898.13,1585951.8
136810,786428.24,1603439.35
136811,401117.41,340850.48
136812,80716.48,612967.88
136813,18208.0,45509.1
136814,0.0,14174.67
136815,0.0,385656.37
136901,2464.62,9436.39
136902,146748.65,67926.51
136903,4673.0,74268.79
136904,1935098.96,689629.11
136905,86558.32,10783.86
136907,115840.75,353575.68
136908,180393.91,1957518.71
136909,0.0,53321.57
136910,76091.86,1651412.61
136911,941190.68,317227.32
136912,585313.07,224584.17
136913,47308.97,84594.36
136914,27083.48,118869.97
137001,167409.93,55402.81
137002,1114069.61,370811.16
137003,65058.84,65660.85
137004,64263.1,598736.22
137005,159119.92,2039258.03
137006,23561.96,43423.03
137007,44781.55,666374.36
137008,29515.68,50421.79
137009,200736.47,116678.91
137010,3393759.7,7669446.86
137011,7820.13,431207.77
137012,0.0,26732.0
137013,1236841.67,1190748.76
137014,3000.0,44990.32
137015,4176.0,0.0
137016,7375.56,108380.3
137017,10482.0,73093.19
137018,0.0,12530.13
137019,16876667.41,2159825.02
137020,29261.29,118705.27
147103,0.0,21177.0
147104,1004596.0,4159.0
147106,46002.6,6584.0
147108,107719.73,777194.28
147110,125921.0,101183.91
147112,2443106.19,20992.0
147113,289708.85,193188.26
147114,4300.0,55997.67
147115,466622.0,554527.14
147116,15120.0,41501.0
147117,14702.0,171264.27
147118,2715.0,60143.0
157201,23960199.48,27513.56
157202,14098889.43,1238063.36
157203,4031.63,2435.0
157204,15269012.25,6786820.99
157205,145757.53,35946.11
157206,108405.89,28732.93
157207,770343.16,30343.28
157208,19206488.86,3112426.61
157209,6600642.67,4756268.09
157210,3830296.84,13984241.55
157211,4729826.63,2302542.07
157212,404851.05,5968419.55
157213,37947275.95,151478.3
157214,18227691.03,685327.63
157215,3708128.4,551279.59
157216,1460123.95,4024212.29
157217,3741272.97,1169912.59
157218,8929.15,1280.07
157219,555511.24,479602.03
157220,53467.97,99388.58
157221,19126.0,0.0
157222,31809.54,52982.4
157223,7760.0,3828.01
157225,7243.91,30956.71
157226,63966.69,80549.0
157227,32199.0,75085.0
157228,1846351.26,1085477.94
157229,43160.49,330369.83
157301,95526.51,355477.56
157302,1938039.33,3142386.5
157303,395978.64,277861.61
157304,564310.02,3207554.72
157305,93693.66,1167397.33
157306,1224872.45,6080924.83
157307,611912.92,2135005.64
157308,2120458.76,8756765.34
157309,293575.18,1045369.88
157310,6374001.93,3232684.66
157311,110379.97,482774.24
157312,343946.95,523434.75
157313,6995.46,13247.55
157314,126056.65,340309.71
157315,13263831.61,294495.92
157316,28265.25,379312.56
157317,1694548.64,373390.7
157318,851649.96,2530930.51
157319,30219.69,71955.42
157320,80223.78,316260.6
157321,103719.04,1512685.68
157322,96535.64,975319.65
157323,2510560.14,1266038.76
157324,76869.8,3030819.12
157325,73213.48,1068721.18
157326,1180535.51,2501607.83
157402,11278.0,0.0
157403,429124.54,2996.0
157404,23896734.49,718915.62
157406,57354.0,14854.22
157407,114298.92,192365.11
157408,101383.0,95267.95
157409,110620.04,158084.76
157410,0.0,66413.08
157411,94166.44,520159.92
157412,21709.93,329746.02
157413,209905.55,391798.51
157414,0.0,36225.0
157415,8039.0,333354.81
157417,0.0,2185.59
157418,8777.0,364998.84
157419,293679.0,128941.11
157502,375682.0,10330.43
157503,634872.96,11178.0
157504,1993.0,0.0
157505,179808.0,2657.0
157506,74185.0,0.0
157507,47996.0,0.0
157508,208084.0,19178.0
157601,34482766.97,20568.33
157602,5180517.5,0.0
157603,48136.87,2137.0
157604,512197.4,1687702.16
157605,153498.33,964495.08
157606,168236.62,2722543.47
157607,282195.15,2145230.23
157608,211376.0,75834.53
157609,14186.0,62791.99
157610,725983.42,1065544.01
157611,5986.0,10656.0
157612,395124.38,149374.57
157613,352931.09,85658.65
157614,1250683.89,215925.04
157615,116518.15,390356.69
157616,313450.9,1059359.51
157801,465156.64,0.0
157802,327512.81,16395.51
157804,4281.0,18938.85
157806,29261.34,27694.47
157901,221420.8,156986.06
157902,15792.4,0.0
157903,3590.0,0.0
157904,10808.0,0.0
157905,0.0,11481.08
157906,4530.0,16426.45
157907,6245.64,26320.31
158001,147292.0,10406.0
158002,4757.71,0.0
158003,0.0,30892.82
158005,1899.0,0.0
158007,0.0,21390.0
158101,35886.0,4008.51
158102,190063.0,6203.07
158103,16613.0,0.0
158104,12164.91,4737.0
158105,2995581.0,6678.41
158106,0.0,1105.0
158108,195326.63,1417.0
158109,4097.0,0.0
158110,1038.0,0.0
158112,336099.2,43163.23
158113,280946.79,44873.27
158201,19355.0,284007.25
158202,1110018.06,1326629.01
158203,15795.84,244430.18
158204,41662.81,151401.69
158205,888900.19,2028443.9
158206,43644.01,535655.46
158207,449667.3,1147100.0
158208,106561.0,429732.51
158209,2133.0,89660.93
158210,5387.0,506715.68
158211,26350.68,254342.98
158212,65941.45,372999.45
158213,0.0,40805.21
158214,1461.0,129533.91
158215,17115.96,183290.26
158301,1050133.95,878051.51
158302,332142.6,5061143.72
158303,11824.31,236044.37
158304,3051.96,33233.73
158305,70768.87,85936.52
158306,99853.0,127827.27
158307,2699.0,121888.42
158308,1321519.13,169542.49
158309,66734.92,2533710.72
158310,0.0,46148.44
158311,61691.35,1226543.26
168401,0.0,1738.0
168402,39571.64,2686128.73
168403,153608.91,3408794.29
168404,14529.14,1089790.4
168405,1502.0,38898.76
168406,25243.0,53632.0
168407,277969.18,1217348.73
168408,1471601.47,1480714.31
168409,882361.64,2806221.37
168410,18943.0,3142.0
168411,718393.47,132703.22
168412,401415.2,405765.12
168413,2433579.73,7574893.34
168414,1747924.03,3449345.62
168415,27985.76,2085533.82
168416,0.0,720472.54
168417,29057.54,148148.21
168418,1112748.41,8403887.54
168419,440827.64,6901232.48
168420,13361.0,27638.77
168421,1117040.75,3807401.66
168422,491684.06,12337390.11
168423,92194.36,599160.76
168424,329281.72,2768280.15
168425,72974.83,508246.83
168426,215099.93,3483157.82
168427,101890.29,1916681.33
168428,497199.86,2512917.16
168429,109375.97,1460935.73
168430,136422.7,845922.96
168431,1875414.13,2863055.19
168432,1202071.62,2146340.61
168433,1108277.31,3056995.75
168434,1848271.83,853572.89
168435,0.0,151748.71
168436,797144.58,970121.71
168437,18666.66,309503.52
168438,716400.56,13615779.34
168439,222183.46,965885.17
168440,8970.8,296328.91
168441,64127.0,2094142.79
168442,70094.0,1456148.93
168443,283869.16,2980864.4
168444,0.0,147752.94
168445,387034.58,452756.84
168446,29000.44,80845.95
168447,77781.76,3306698.82
168448,127209.81,1036599.5
168449,0.0,296674.62
168450,539152.1,1505571.29
168451,109633.67,904826.75
168452,172568.01,1877861.66
168453,510005.51,89859.25
168454,0.0,123314.5
168455,975639.35,219116.37
168456,46502.0,63442.25
168457,0.0,16379.69
168458,60054.16,554660.58
168459,575044.79,467540.27
168460,152878.85,477839.76
168461,104338.84,870830.17
168462,2382714.33,910347.09
168463,106678.0,217942.7
168464,80432.58,184334.89
168465,2923847.03,12313601.04
168466,424835.02,3517510.97
168467,120591.13,3677336.73
168468,78254.35,305360.17
168469,14526.0,187091.27
168470,292302.2,1449358.97
168471,5441765.0,21184227.86
168472,219349.13,2358497.02
168473,3620288.49,31151222.09
168474,387380.63,681851.94
168475,4500.0,115305.0
168476,0.0,25773.79
168477,1343346.78,1452417.33
168478,660924.78,92464.02
168479,2104594.06,6268853.47
168480,749165.73,115116.51
168481,1046720.98,5859019.49
168482,54576.17,4600102.91
168483,505467.16,1617143.11
168484,41564.4,142696.31
168485,201623.5,774807.59
168501,4149441.87,1972303.99
168502,2644976.2,380897.64
168503,1201709.31,909316.53
168504,13652524.35,11843200.98
168505,22736.0,301236.35
168506,308841.65,1224561.57
168507,1758287.08,3096173.22
168508,29867056.24,4519244.37
168509,657376.28,1693022.66
168510,1562.0,284725.56
168511,371054.03,944455.01
168512,276467.79,833533.48
168513,36230.0,243850.11
168514,45442.76,417323.25
168515,308681.91,1154349.8
168516,594701.07,5087870.15
168517,11824027.51,24451089.43
168518,3654952.2,1075178.23
168519,76177.1,735416.78
168520,113377.37,537123.95
168521,155746.06,873454.32
168522,75025.27,401387.91
168523,43413.83,1333530.64
168524,985805.24,5067666.92
168525,372110.01,12244983.94
168526,56784.51,1814278.37
168527,642516.78,2388558.94
168528,1163230.74,4921386.0
168529,671011.19,6314546.53
168530,48268.15,304591.65
168531,942861.4,2276453.14
168532,79280.32,600040.46
168533,91025.13,145516.29
168534,79463.99,1375780.78
168535,226866.27,433396.53
168536,2536952.35,7789949.64
168537,569515.42,1514282.29
168538,788487.09,1970306.55
168539,3046951.9,2738049.67
168540,234287.0,123257.83
168541,238430.77,304497.46
168542,1169439.66,4154310.6
168543,606094.96,599678.27
168544,1035088.98,14712332.92
168545,29818.83,127821.32
168546,128255.98,159329.5
168547,1000.0,163046.65
168548,10288183.81,466175.77
178601,7800.0,0.0
178602,21589671.76,5687654.29
178603,26863999.17,7113079.0
178604,0.0,22487.0
178605,3267891.27,869351.46
178606,108978.06,1273870.85
178607,4360157.83,8211446.64
178608,199769.0,440750.01
178609,308079.06,276969.1
178701,913236.12,22556154.88
178702,7075945.83,1412578.04
178703,22824589.25,33395443.06
178704,1299854.08,28532483.05
178705,3013592.78,2832903.02
178706,2243.0,25131.85
178707,275226.81,65660.31
178708,6823177.73,23599182.32
178709,123242.97,772960.31
178711,565047.89,288935.08
178712,70865.49,518229.93
178713,5541.0,16852.79
178714,1450464.86,501063.87
178715,2386.0,51134.7
178716,5901537.1,8697385.72
178802,1985171.0,63861.82
178803,302603.51,308424.15
178805,2493.0,0.0
178901,9874742.99,10134048.0
178902,1988288.0,909314.46
178903,331534.98,572387.36
178905,0.0,9470.0
178906,13872.0,1469248.69
178907,28904.6,74899.41
178908,0.0,284130.94
189001,343169.04,847335.38
189002,40310.0,255525.15
189003,529891.12,668295.07
189004,25327.64,176390.0
189005,0.0,15877.22
189006,33062.0,787128.78
189007,36550.0,49968.14
189008,28420.38,196892.77
189009,178683.0,677591.98
189010,46121.76,1239995.04
189011,122005.0,67675.8
189012,9600.0,91454.0
189013,21847.0,41922.91
189014,110170.0,65087.39
189015,265908.35,590686.84
189016,8162.04,89068.16
189017,28433.04,189992.83
189018,1171970.97,13281029.46
189019,3082650.95,1063658.14
189020,58460.39,55352.87
189021,271828.79,1258433.24
189022,279005.96,3243445.36
189023,44601.15,69133.2
189024,11786.76,81187.78
189025,54359.1,451833.02
189026,753546.89,3192792.81
189027,340493.49,1465080.14
189028,344639.77,6316673.91
189029,165088.17,100699.54
189030,425371.7,1090970.88
189031,702978.05,1197837.24
189032,470296.28,2068606.31
189033,22064.0,93434.19
189101,7721.0,213709.93
189102,46666.0,304823.37
189103,0.0,26601.41
189104,2658.0,14058.0
189105,78618.74,255194.74
189106,0.0,122979.0
189107,0.0,20697.94
189112,150189.0,0.0
189113,0.0,2451.44
189114,0.0,2382.88
189201,53061.6,41238.0
189202,7171.67,117238.79
189203,0.0,30565.0
189205,0.0,14881.42
189206,5391.06,0.0
189207,49601.32,148373.24
189208,0.0,60157.0
189209,8388.59,81534.93
199301,0.0,50127.0
199302,20431.38,296432.8
199303,27834.1,171581.86
199304,16424.64,59871.85
199305,4803.0,26604.15
199306,103993.94,465872.15
209401,8041133.86,2745238.74
209402,153467.89,444299.15
209403,30726969.65,14258177.84
209404,513699.79,805349.6
209405,3037517.63,6104533.45
209406,2251763.72,5648739.44
209501,98808.88,10795.06
209502,591344.18,156100.44
209503,1792219.0,2263672.03
209504,224249.2,848840.7
209505,252587.44,637724.25
209506,428737.62,1452259.69
209507,1181061.94,621769.53
209508,1147520.1,7140.0
209602,39669.74,47131.0
209603,379117.17,1103949.33
209604,0.0,1177.0
209605,9828.0,49325.99
209606,47623.41,923856.52
209607,608186.7,1141683.12
209608,76860.72,779621.22
209609,0.0,162656.28
209610,0.0,57941.66
209611,5067.23,207405.46
209612,0.0,71570.29
209613,26633.65,127802.61
209614,0.0,39312.9
209615,119499.92,79189.0
209616,0.0,10079.05
209617,2300.0,114882.56
209618,0.0,30792.09
219701,81885.61,36311.0
219702,1982.0,0.0
219703,180787.0,15519.0
219704,363314.0,67111.0
219705,6593.0,0.0
219706,70672.0,0.0
