010101,552413.29,193278.48
010102,2506396.77,41555155.08
010103,3835960.26,47759131.76
010104,7791147.3,984973.31
010105,2280705.58,6418198.69
010106,1544886.77,3237216.41
010201,636556.29,242048482.63
010202,697328.15,23170673.05
010203,5756927.04,118486414.79
010204,379995.2,32160328.17
010205,38720.85,0.0
010206,1351684.93,12608382.37
010207,13569402.9,8215222.28
010208,224527.11,3339356.23
010209,123596.19,606448.29
010210,3179339.71,9355314.39
010301,4318751.84,2455373.94
010302,40421579.61,72151121.59
010303,63677401.58,163798151.61
010304,17573764.67,11542849.98
010305,12680431.52,320293556.25
010306,17609631.06,92903214.7
010307,25649914.26,40321496.93
010401,28860715.98,41900218.92
010402,25421225.03,18829881.74
010403,17309972.82,21477886.93
010404,1934849.35,3539581.28
010405,29819406.17,7324187.7
010406,21904732.67,42751862.2
010407,4581102.1,3005418.13
010408,69071.47,1462007.74
010409,552623.3,1035961.68
010410,48313.0,45033.96
010502,12066.0,859681.67
010504,25522688.02,33481677.46
010505,289084.13,113461.0
010506,11603.0,27184.75
010507,0.0,3146.01
010508,3965.38,216919.41
010509,0.0,55628.97
010510,276004.73,0.0
010511,250026.46,2001330.76
020601,292520.68,6444395.14
020602,9198781.55,18780540.16
020603,963892.99,6749985.13
020604,380157.78,1832829.06
020701,14043572.71,54730318.49
020702,3032553.23,7652483.87
020703,1016654.12,9826521.47
020704,4084233.34,1836697.89
020705,1445470.13,970867.31
020706,720878.01,2133609.74
020707,53590.03,431755.66
020708,923721.21,2854693.11
020709,6977263.19,6969804.87
020710,13645844.93,19276901.52
020711,8463487.79,1434053.08
020712,2693797.21,2942565.69
020713,5106373.31,27632068.61
020714,251769.34,567897.27
020801,146027.0,3479476.5
020802,18858634.93,16604883.04
020803,9579730.64,103849899.53
020804,619588.84,9758385.48
020805,5235394.04,15195641.49
020806,735888.86,17510325.54
020807,293337.57,11654207.52
020808,13620970.01,44371037.99
020809,1737863.6,13165373.32
020810,2966770.2,13854845.83
020811,4545063.12,791134.28
020812,232221.02,2985273.31
020813,1003486.15,1294077.29
020814,0.0,106328.14
020901,19414050.93,96743452.62
020902,258863.85,1756597.25
020903,0.0,48218.08
020904,437383.68,3124688.07
020905,4145.0,34399.16
020906,30002.2,342439.42
020907,13030.9,23576.46
020908,76193.69,111507.1
020909,119514.29,224313.38
020910,379083.31,1246408.58
021001,5474860.77,89691183.86
021002,5448.87,1157770.44
021003,1650797.94,28858505.07
021004,53847.49,3877728.62
021005,1057411.13,169849827.45
021006,7014108.74,76986383.57
021007,0.0,284242.92
021008,559543.07,2695105.52
021101,755878.03,2152659.52
021102,2209590.12,669725.34
021103,875735.88,1702168.92
021104,294835.72,2967464.54
021105,86545.84,2144658.23
021106,213965.17,608654.03
021107,2565351.13,7206319.43
021108,1348153.01,2572755.74
021109,158786.51,746015.67
021201,745629.58,77870568.57
021202,27552.27,2369347.87
021204,0.0,106050.97
021205,31388.97,668432.62
021206,315264.68,53619431.27
021207,70552.55,1306787.09
021208,989231.35,293757.8
021209,1595706.4,17105489.04
021210,63351.0,440332.76
021211,673420.81,2295933.2
021212,12491431.57,1789685.26
021213,86932.21,107762.33
021214,298515.97,10478245.24
021301,642301.73,3090999.27
021302,23077637.78,7639439.35
021401,137244.88,550162.12
021402,65315.07,40870.08
021403,0.0,190810.7
021404,851797.67,189052.67
031501,734136.89,1879627.76
031502,356300.04,2455217.48
031503,120843.43,326475.3
031504,4838675.73,805677.26
031505,100185.87,97104.45
031506,5823.52,76307.99
031507,51811688.21,2971416.21
031508,19333.77,204010.82
031509,63297263.1,144337745.41
031510,10647207.35,2231759.42
031511,51502.0,17127937.34
031512,11543520.3,17857187.71
031513,75521.95,5173850.83
031514,70031.0,441921.13
031515,11194039.73,1510558.63
031516,514499.55,3759405.4
031517,4833716.68,5068294.1
031518,917074.64,1707051.53
031519,1502689.01,6541962.58
031520,235669.86,3474565.21
031521,98022.0,209466.82
031522,69912.6,49775.34
041601,14307434.15,9449230.74
041602,7714391.19,21886804.42
041603,35986.26,567736.82
041604,133847250.38,30766046.13
041605,715130.43,4650722.51
041701,11289774.11,88333583.13
041702,465051.99,5087773.03
041703,17749.67,9436307.94
041704,3822481.72,31371177.2
041801,9519.66,247137.13
041802,2768.81,80919.0
041803,3519.0,1725552.75
041804,0.0,1463107.55
041805,15707.17,3372399.57
041806,1898219.23,87142895.94
041901,4914476.7,27181589.74
041902,1962466.01,14640024.42
041903,0.0,34739.98
041904,1347755.09,24173930.43
041905,50059063.46,82700344.02
042001,720308.91,2506740.95
042002,111720647.09,3480156.44
042003,218840.1,9382537.89
042004,329611.74,20494386.57
042005,22868131.69,11039209.4
042006,286385.52,379637.66
042007,1311401.34,6456249.91
042008,4309133.32,17282573.65
042009,6814287.3,37192338.01
042101,1279167.25,12867388.26
042102,9444970.22,4281867.98
042103,9754328.56,11602445.01
042104,9293204.13,5952896.18
042105,1120016.5,24678707.33
042106,5847342.41,56561849.88
042201,6000368.88,1048129.42
042202,9340285.35,52779181.42
042203,43433388.6,11993300.95
042204,509128069.12,66944595.68
042205,961101.82,7869072.58
042206,230972.32,460472.14
042207,3392159.48,10182343.69
042208,15574592.92,122281416.34
042209,948676.02,202834.71
042301,525615.32,2617194.11
042302,818614.48,2883986.44
042303,3097582.63,1724522.15
042304,3858551.24,17814001.65
042306,1796157.86,13238896.65
042307,749961.24,253594.33
042308,1227853.78,5403734.62
042309,6664042.67,74378876.47
042401,5147883.6,13944276.89
042402,6340960.74,47831578.14
042403,69516.57,886026.96
052501,751371.3,4926166.05
052502,2350.0,5233.88
052503,979052.06,535848.58
052504,36109.92,282312.47
052505,2859092.83,1778353.86
052506,1003012.33,54577.94
052507,348085.6,8690540.92
052508,187896.21,4288726.52
052509,109103.31,196177.54
052510,0.0,340813.95
052511,7190.12,398031.49
052512,190836.97,156844.58
052513,80397.24,434274.17
052514,2039040.72,41796.29
052515,33793065.23,664565.21
052516,27067273.04,6344743.49
052517,858491.24,1794845.52
052518,14728.0,457621.33
052519,0.0,1478984.55
052520,29914.94,9180673.82
052521,38040.77,2427.25
052522,455008.42,179962.68
052523,10082201.36,1423374.41
052524,20097.0,3055614.39
052525,3324.0,25527.0
052526,6036.83,1085789.54
052527,0.0,11513.87
052528,10951.0,203721.45
052529,217332.18,2910858.82
052530,194852.11,7366335.67
052601,811221.34,11851805.94
052602,8860340.01,217067.86
052603,238568545.56,30620.64
052605,0.0,5327.0
052606,0.0,332076.36
052607,0.0,232824.47
052608,97658.17,462509.0
052609,25612230.53,0.0
052610,0.0,229171.97
052611,12865568.49,126000.0
052612,1001291.0,0.0
052614,0.0,2732.09
052615,28154.66,2268634.97
052616,41681.61,0.0
052617,2049.0,24887.79
052618,0.0,112650.28
052619,0.0,185611.53
052620,879490.23,1615315.23
052621,39171.96,1013996.42
052701,179002.3,64899977.41
052703,17424.4,1809849.16
052704,1839296.21,2306743.88
052705,24000.0,0.0
052706,243046.99,72468.09
052707,56030792.84,36360321.65
052708,0.0,63674.12
052709,20503332.65,1014898800.06
052710,615061014.26,481979579.98
052711,51458626.6,130730169.77
052712,1237382.5,3321519.07
052713,5977987.27,35382429.57
052714,80106.11,7406.08
052715,578000.65,1329035.06
052716,184378.61,15042396.54
062801,260698.74,380456.7
062802,16350.0,16051.82
062803,11242614.78,2557308.42
062804,4527075.64,4294343.57
062805,118611.92,94028.06
062806,395053.55,237078.27
062807,400859.53,5306499.0
062808,545778.99,1884945.55
062809,76047.2,5781868.91
062810,2809.0,340085.74
062811,893797.42,5404417.11
062812,0.0,37747.91
062813,7149.0,30651.46
062814,11718132.63,14375.43
062815,1148756.34,12738416.73
062816,12894.0,125587.74
062817,7670083.43,1207305.22
062818,232534.99,4072823.47
062819,46089.0,374146.93
062820,0.0,77738.09
062821,136928.28,1985228.25
062822,0.0,327279.48
062823,222553.71,8545580.72
062824,2615045.28,557302.21
062825,16782.0,2180452.14
062826,37498.18,332080.28
062827,256641.56,2305119.35
062828,174287.32,2291888.61
062829,25436.88,3854768.18
062830,3366.67,2618276.59
062831,30977.28,1393872.29
062832,19009.41,1357825.95
062833,767378.42,10972991.62
062834,422172.55,1842045.47
062835,130259.88,17754915.26
062836,1225910.07,2963550.56
062837,0.0,342718.28
062838,0.0,18271.69
062839,168731.96,1728777.51
062840,182587.51,1817836.1
062841,1357888.28,643817.33
062842,346081.3,253183.59
062843,33563.22,1716838.92
062844,4084417.95,642736.18
062845,0.0,32130.92
062846,1575.0,132376.38
062847,104705.41,4227584.51
062848,0.0,31230.31
062849,107749.73,5020983.43
062850,26352.43,66562.0
062851,82691.92,121815.29
062901,103752586.69,2329969.47
062902,146301282.18,11795226.8
062903,4577567.72,53648268.41
062904,6462185.29,1236125.42
062905,541950.39,44030943.53
062906,445704.3,770673.7
062907,269809.03,2772102.61
062908,10577.0,1876777.16
062909,4101096.68,16788315.34
062910,22327.0,3659665.68
062911,511261.0,33955.01
062912,56576.03,1068028.44
062913,0.0,47878.0
062914,607321.19,10540332.64
062915,2689456.85,35413050.03
062916,550188.81,6485275.42
062917,12473525.38,35760476.45
062918,1957867.4,10335906.59
062919,2505.0,989023.84
062920,57166.82,1786365.19
062921,6676199.8,11488588.71
062922,312720.08,24407529.14
062923,101440.11,2372166.76
062924,2464791.88,8916276.49
062925,5125.94,867120.24
062926,73638.74,46534546.08
062927,0.0,147230.55
062928,39927.54,1048351.2
062929,828319.14,12979456.72
062930,723324.83,10534921.66
062931,51813.53,3208811.66
062932,1261066.01,11133685.57
062933,3409188.79,96641931.32
062934,33588505.13,21760625.33
062935,309560.0,10135016.2
062936,225212.26,15211590.12
062937,1460955.21,3728560.73
062938,2405.0,5327950.87
062939,295414.58,7833641.99
062940,0.0,979846.84
062941,27332372.66,41408649.14
062942,489837.21,608287.11
063001,1538423.0,2044467.29
063002,1260509.42,49488056.89
063003,16155988.58,16888186.91
063004,68130101.42,428987833.46
063005,22601848.51,10688513.97
063006,1590374.68,27943885.6
063101,150460.25,2211219.62
063102,14235610.87,18914354.3
063103,931037.02,5012028.27
063104,24294.01,9286266.76
063105,12167713.92,33689582.63
063201,13094.09,1791777.4
063202,163244.04,7606139.04
063203,38095.0,2501407.58
063204,7465964.47,119881592.8
063205,96005.0,234104.07
063206,4277378.2,36151601.14
063207,10282907.47,38229041.76
063208,18404482.21,59602723.97
063209,5340903.62,26295562.29
063210,3682345.19,3662313.71
063211,66255.09,552654.17
063212,720949.1,3842038.09
063213,11477.0,1350011.17
063214,1555925.55,20735462.24
063215,727305.57,26293771.73
063301,818196.17,1387215.95
063302,812602.33,31249538.94
063303,5907489.79,52213068.39
063304,4305883.72,68682673.6
063305,6921375.04,42244474.75
063306,727076.96,12317994.35
063307,14171606.09,35166321.0
063401,12324805.61,20695150.18
063402,28454215.84,114169990.44
063403,914191.84,18017744.79
063404,432664.55,5766584.65
063405,1751618.31,6816100.1
063406,21187704.14,2467133.89
063407,16262.67,520067.32
063501,2990778.24,4773088.84
063502,0.0,458895.2
063503,345045.54,2807328.12
063504,14048.0,2931969.37
063505,80203.75,21104789.27
063506,5524071.73,19032822.39
063507,176921.82,10372140.59
063601,491128.54,2202598.03
063602,91203.0,604866.01
063603,318694.95,1389981.93
063604,357752.68,876855.65
063605,758426.95,2484119.19
063606,42138.08,1199341.0
063701,718896.52,18392161.06
063702,809807.3,25392324.33
063703,409966.96,14215769.81
063704,494371.87,1261770.3
063705,284884.68,2292732.34
063706,134896.11,2149367.32
063707,1067696.86,25705894.57
063801,152892.95,1424851.54
063802,67058.87,1814193.42
063803,370321.64,150032.28
063804,220644.47,620485.19
063805,5419210.89,807118.15
063806,35783115.74,8472900.87
063807,59588.53,33747.96
063808,10485322.75,77288956.35
063809,947766.77,31345195.81
063810,773408.65,3414345.69
063811,1527065.61,31121459.4
063812,2094674.13,11928526.57
063813,108742.96,532312.39
063814,559338.24,5072216.67
063815,118371.42,4728948.52
063816,217488.05,3624229.34
063817,1555.16,6042779.69
063818,0.0,149802.26
063819,7506.0,2499616.34
063820,250614.71,1514191.0
063821,104560.0,1054488.58
063822,1058228.63,34933244.91
063823,87412019.33,60000419.85
073901,135537371.03,98582374.77
073902,2240919.6,95757165.39
073903,1385711.37,59027353.52
073904,52237895.8,68612230.71
073905,680785.67,8742359.96
073906,1770484.11,28815960.62
073907,26410805.42,83308344.48
073908,408690.16,19041189.66
073909,8510079.69,39204512.8
073910,849420.34,8053576.5
073911,1045536.76,8820536.6
073912,236849.08,10394214.06
073913,125427.28,1039675.69
073914,0.0,556474.68
073915,1452256.63,1888885.79
073916,4484036.53,7716368.33
073917,36120563.58,38305931.82
073918,3994089.25,9140704.37
073919,11333321.99,41032978.62
073920,44703667.92,109636207.87
073921,16675027.67,61095074.04
073922,11450345.27,11749639.69
073923,34125895.34,64879595.36
073924,57167998.87,24604954.26
073925,8160935.53,13203356.12
073926,65759539.63,173362813.3
074001,1302392.74,15558409.7
074002,1256384.24,53171359.71
074003,516152.7,979398.38
074004,321055.65,146056.32
074005,1684743.16,7009848.43
074006,971277.74,6814615.7
074007,556562.4,6575871.36
074008,4513075.76,24965191.83
074009,4084991.82,24819709.26
074010,892252.08,12902301.04
074011,108630514.84,184235776.63
074012,2520987.87,5738949.19
074013,545934.52,5578233.09
074014,2592147.72,2581309.32
074015,1516507.13,8353295.29
074016,14119761.34,52534452.87
074017,821060.51,1833068.98
084101,1560811.28,37667838.13
084102,4166932.52,6255957.72
084103,1118059.18,1104377.7
084104,47121226.95,436697888.27
084105,2895575.02,14525360.02
084106,440473.34,17338803.62
084107,809115.17,29659044.4
084108,1288995.57,5740782.49
084109,258570.73,13504105.41
084110,247875.19,200667.37
084111,1203572.18,3994986.89
084201,184586.46,1360918.55
084202,24254533.37,44465036.11
084203,12613922.83,24311416.61
084204,600763.89,262272.87
084205,2346563.82,2418178.07
084206,3119619.27,487580.97
084301,300130.34,533081.59
084302,22252407.72,6027534.8
084303,625966.96,1204768.48
084304,51517.0,156283.9
094401,3628405.51,6739866.74
094402,208291.44,651695.05
094403,61647032.32,179572601.2
094404,2617730.13,2170557.8
094405,9772.0,24260.87
094406,20537.23,74304.0
094407,95727872.14,60343962.3
094408,24324400.99,16796161.15
094409,4235332.39,21253375.44
094410,79451108.4,15009665.59
094411,88351183.73,18683118.47
094412,4394355.29,5447545.38
094413,209732.81,892695.12
094414,872202.33,5200843.84
094415,18195765.9,2705970.4
094416,1720811.97,110014.05
094417,2452385.95,517479.39
094418,28645656.28,23581891.92
094419,7726356.8,1872283.41
094420,6815859.6,4578499.15
094421,11399542.02,7462328.53
094501,40494153.24,36308821.05
094502,8423768.51,8605947.86
094503,393598807.08,9760804.25
094504,231210030.41,4911831.97
094601,531502.17,741044.23
094602,2716156.75,3603779.62
104701,516748.84,1289994.03
104702,4787742.01,79527.33
104703,711825568.5,66596451.35
104704,52137551.37,23465793.89
104705,0.0,44176.0
104706,5239819.32,162038.01
104707,7773107.75,6261770.79
104801,1104395.45,19019380.71
104802,333219775.59,41956334.66
104803,13883439.04,5511280.02
104804,132934087.59,32648254.73
104805,12970654.26,43509657.78
104806,147073.35,3041971.57
104807,578458.61,9506681.95
104808,4673404.59,9939246.51
104809,3190228.96,9415470.26
104810,19994516.99,111837827.48
104811,35256743.62,118630891.99
104812,486909.42,1316854.78
104813,127674.0,1114658.54
104814,67838.31,871192.66
104815,2193.0,6438.22
104816,2438359.09,4109081.69
104817,6364588.54,5444912.45
104818,19457370.68,125514681.6
104819,15014850.45,29908500.9
104820,14381690.5,10022448.13
104821,1475531.09,16897576.32
104822,110389.95,1029074.82
104823,47872920.38,32043988.31
104901,28226772.86,84966073.24
104902,7872495.08,73707052.71
104903,1008255.05,1228816.09
104904,0.0,1453159.11
104905,537177.6,487902.25
104906,69572.83,819469.19
104907,557185.29,7215208.59
104908,781299.6,8275184.61
104909,329034.31,2227408.87
104910,406688.2,458999.45
104911,8318940.28,34323026.86
115001,15622.0,0.0
115002,104405.0,16088.0
115003,0.0,3691.85
115004,1341.0,4867.0
115005,9822.0,171967.45
115006,49549.0,32656.24
115007,345873.0,8986006.71
115101,2927746.57,14500737.09
115102,875633.52,408452.3
115103,652079.66,1282888.49
115104,5716.58,0.0
115105,5763797.67,60044270.25
115106,3673756.77,19253974.54
115107,25704496.84,13464614.36
115108,77902.0,330839.95
115109,248062.0,905310.65
115110,69555.0,0.0
115111,11419824.76,35208392.5
115112,36106271.94,95030837.93
115113,145204.9,94280.84
115201,3024883.16,159617877.32
115202,2110579.31,606586.8
115203,1198833.3,3686175.28
115204,7479400.24,2004922.11
115205,47755743.51,147737356.7
115206,4843230.1,25980740.2
115207,4550560.55,9175998.19
115208,127050775.71,100040700.54
115209,35574143.16,117505320.62
115210,7187315.71,23340799.53
115211,4201063.08,20572182.81
115212,4796224.87,6349613.96
115301,152722.3,1000031.75
115302,12028.17,0.0
115303,58440.69,347093.6
115304,957046.34,15501631.43
115305,3457.0,788546.25
115306,222468.28,3114514.16
115307,4220.0,762036.99
115308,1279504.17,229485.44
115309,841199.61,24035663.02
115310,135678.99,555225.85
115311,65911.32,456519.2
115401,2063243.84,26178388.4
115402,15122558.5,127193717.35
115403,1154268.49,54733923.56
115404,4426963.92,5292816.13
115405,1154173.0,3489.62
115406,628725.33,434007.44
115407,34941909.57,130930987.34
115408,10168447.17,52998837.7
115501,28403429.68,7592911.62
115502,48422.0,3410403.8
115503,18500757.22,18939321.59
115504,59267.03,18984831.69
115505,617288.81,1115167.06
115506,3918060.74,6545073.57
115507,0.0,437183.27
115508,3070615.5,6244834.0
115509,25234132.02,97390881.87
115510,276287.47,7942844.55
115511,1271312.5,1094692.87
115512,5066952.11,16444164.89
115513,8267383.54,31555469.88
115514,7256596.98,25997567.71
115515,98378060.12,75334915.0
115516,25518592.25,78626829.49
115601,5122630.13,12540059.62
115602,1878216.92,8559474.49
115603,4447832.24,37439334.21
115604,596702.31,523458.26
115605,1400168.25,344464.14
115606,5078640.93,6614513.75
115607,103414193.59,3930875.91
115608,20453057.69,1423190.45
115609,1296435.54,308933.93
115701,784530.51,2549156.4
115702,29970726.01,19845709.3
115703,18450069.28,9314799.86
115704,165982.73,2334638.66
115705,2330791.64,6367952.16
115801,13966481.98,19013184.3
115802,6093215.09,634204.62
115803,100853.9,251436.86
115804,860245.37,5332301.74
115805,802676.03,280903.43
115806,2869756.5,23058692.34
115807,1591484.86,7528936.9
115808,423241.53,3098474.97
115809,43503.0,28505.46
115810,2445035.14,13348606.37
115811,161492.07,691453.85
115901,217535.14,3128588.15
115902,35716685.35,8074060.98
115903,23276065.52,123569160.04
115904,111565.16,2741807.09
115905,175290.0,96901.49
115906,1145224.41,7590458.01
115907,434495.62,4744226.72
115908,22759.0,496379.39
115909,67755.6,711869.24
115910,86733.69,444298.22
115911,4323118.18,16365058.65
116001,3417739.76,25202712.4
116002,27068766.45,100817751.39
116101,6529243.87,2554627.24
116102,7328491.52,1612584.73
116103,57637167.36,5984464.47
116104,179149168.07,27116202.37
116105,109045312.81,22531949.53
116106,36666125.52,6168474.07
116107,99812400.32,15753711.1
116108,104954848.23,30377118.64
116109,414672722.47,47559715.32
116110,570882158.09,107005193.57
116111,135204256.42,14989579.49
116112,50105445.05,15438984.37
116113,2005020.23,510714.95
116114,42164716.62,8411567.52
116115,177771471.29,43200342.41
116116,14962586.33,6567004.49
116117,4567922.22,5643612.96
116201,88843771.04,28914941.68
116202,62355247.19,17856080.23
116203,640343634.74,92364704.7
116204,264055108.01,114278220.04
116205,274503469.89,40659855.77
116206,101201947.18,26665481.25
116207,20200399.6,4147828.74
116208,25525277.7,8360299.23
116209,22063657.54,10197484.05
116210,41314254.38,7054492.31
116211,85477589.0,18552748.35
116212,44291925.97,24630594.81
116213,1152028.6,876089.3
116214,3038406.79,6668524.83
116215,2037891.19,5939854.3
116216,1355588.51,935432.51
116217,3333975.07,14712533.55
116301,10872583.37,2577504.62
116302,614595680.73,20753375.77
116303,10397230.93,6702093.24
116304,57952310.06,3545360.11
116305,15503886.89,6308531.06
116306,1489601.99,5035901.72
116307,18450083.41,9839268.7
116308,616237.8,258551.7
116309,509749.16,436168.65
116310,8085189.43,1155903.76
126401,5611452.41,2058349.11
126402,25754163.98,17199805.23
126403,1608607811.32,77259322.77
126404,53006272.66,54621139.59
126405,54367446.28,13748562.41
126406,146667590.27,133284805.43
126501,2723134.09,93689.81
126502,26227.02,1036.0
126503,354589.74,219398.42
126504,29599.96,484421.45
126505,2508769.85,6017523.31
126506,1842822.38,4507686.74
126507,121599.61,254370.76
126601,5590818.03,6604753.54
126602,17183.0,16349.06
126603,2389772.66,6124193.35
126701,501200.51,122399.29
126702,365197.59,10247851.25
126703,23803.0,11316.0
126704,37441.0,304936.69
136801,42307395.5,947600.26
136802,112059358.98,11565100.81
136803,3624176.28,174311.69
136804,2423886.57,16143333.85
136805,12623639.55,15390653.33
136806,661170.1,7575803.92
136807,85343.62,4294764.56
136808,1567496.14,329195.23
136809,344002.95,7359139.71
136810,9107151.46,4141381.53
136811,1413653.76,840748.47
136812,1436960.34,1032300.55
136813,174051.0,5423932.71
136814,41399.0,161986.62
136815,201880.8,4100442.88
136901,470040.14,328619.46
136902,1363837.54,20336107.43
136903,396647.61,6688190.83
136904,870595.28,1862595.03
136905,3237425.67,538037.5
136906,0.0,202014.82
136907,22126176.13,3182779.09
136908,99337076.74,79533060.76
136909,445050.74,2261341.98
136910,62982711.1,13416374.57
136911,49053631.86,12028853.22
136912,128806981.28,7511423.18
136913,161404650.75,17794967.23
136914,17380250.58,3296057.58
137001,22488.86,397871.05
137002,110020.12,1332635.02
137003,624292.04,4196541.78
137004,376154.85,927276.41
137005,15715260.49,18179023.29
137006,389712.57,1425529.08
137007,12865781.52,21761578.07
137008,327278.59,459981.64
137009,2063553.74,15065543.67
137010,130365149.19,7931333.24
137011,432334.51,81066.03
137012,33921.94,37368.23
137013,54532347.62,50379593.03
137014,16704.0,1109676.13
137015,109296.41,4096152.82
137016,112987.66,1626841.56
137017,1174893.2,2760858.01
137018,518534.32,1234183.32
137019,1431624.38,14152462.8
137020,10834367.93,2563736.6
147101,1629.0,755441.71
147102,64828851.97,56433302.16
147103,194677.45,1628229.82
147104,37460.49,541951.22
147105,264529.33,4084949.59
147106,502405.56,15544414.89
147107,27843.69,1578429.13
147108,750621.93,167805226.25
147109,0.0,937963.0
147110,5178.0,376004.83
147111,14851.0,69585.0
147112,4112896.8,62111.0
147113,18881315.77,52051462.27
147114,5787127.88,15132705.0
147115,1018893.08,2316132.54
147116,43847.0,1956916.38
147117,1211487.48,12468995.55
147118,80130.0,3074.0
157201,474741.69,886053.66
157202,338239.23,9768813.05
157203,7726.0,24651.45
157204,18404246.01,9055459.67
157205,241507.24,5108333.36
157206,66153.46,792415.15
157207,6248061.62,1035485.57
157208,9813837.61,255409741.5
157209,3698271.68,58520081.82
157210,64620989.34,131751767.68
157211,1073501.09,22113618.61
157212,4502621.52,14655282.5
157213,29770402.6,39641529.58
157214,24465195.64,125827520.8
157215,1560215.01,5977025.31
157216,11536514.82,54197966.77
157217,8934418.86,31550970.3
157218,29647.0,261339.54
157219,3336465.49,74999949.95
157220,222720.16,10520367.26
157221,0.0,8000.0
157222,355601.09,6516136.41
157223,391275.26,3026108.95
157224,1943.0,1289221.1
157225,248849.57,17566056.87
157226,226929.49,8073535.14
157227,3160326.13,518281.71
157228,5065569.38,30748969.04
157229,1211472.37,1499109.96
157301,3118781.35,12375136.67
157302,404357.94,13340272.57
157303,578345.53,10379185.64
157304,2099466.01,26895064.04
157305,345445.18,16460059.04
157306,8819854.41,53718903.13
157307,6657001.19,27595629.3
157308,85263238.28,88641506.91
157309,5494142.29,3843956.54
157310,29658847.0,13197604.26
157311,22265765.83,5523356.69
157312,11454556.71,20499739.18
157313,840543.2,1757551.94
157314,4064395.06,9540578.8
157315,7018658.01,6651007.29
157316,764443.74,195737.55
157317,7348064.37,11314135.17
157318,11930223.91,56964380.68
157319,54818.11,822910.88
157320,21157234.87,11908426.95
157321,14521991.71,30040817.98
157322,222479.48,3913809.49
157323,31077576.22,18640526.26
157324,23259099.24,8493198.46
157325,24120032.39,4868280.56
157326,37318636.27,58811882.23
157402,4046.0,4100.29
157403,2389840.07,4493865.5
157404,11425242.9,963684.19
157405,3326.0,29951.65
157406,2616.0,189374.52
157407,1584559.61,34985870.26
157408,3252875.89,107687502.28
157409,1069116.07,23617986.36
157410,44692.0,4180220.9
157411,388476.54,26954258.65
157412,1815504.31,7197698.19
157413,564583.13,5461363.19
157414,30763.0,100909.68
157415,223884.53,1371803.26
157416,8617.0,106768.41
157417,1383827.13,6072.0
157418,11074773.33,2418410.05
157419,4321892.35,3929724.19
157501,0.0,19230.0
157502,148999.0,1953184.51
157503,8048.82,33153.0
157504,2446.0,66677.94
157505,9720.0,513556.03
157506,4769.0,265292.62
157507,0.0,17112.81
157508,54329.28,1079520.7
157601,1303659.47,112927476.86
157602,8986057.15,364582.17
157603,10971.82,728124.75
157604,20246439.43,23079161.11
157605,1097943.56,4780265.78
157606,3563826.11,50537767.25
157607,1269550.32,26185671.15
157608,786752.36,3780404.4
157609,496830.28,2015569.93
157610,4125656.91,10673073.13
157611,1533524.4,238013.41
157612,2598328.41,27832824.94
157613,303647.0,180629.03
157614,15014372.64,1838644.26
157615,5891526.57,8338602.85
157616,12467854.27,20307434.79
157801,1605281.54,20891576.87
157802,749984.12,10042.71
157803,275017.29,91754.27
157804,76189.41,73964.35
157806,234410.57,252357.11
157901,452887.26,16500322.14
157902,16816.74,31138.17
157903,153516.02,492819.1
157904,204940.32,3566565.63
157905,407925.0,1547655.98
157906,28155.0,14855.0
157907,586425.57,1728811.91
158001,265849.0,5707314.29
158002,38678.41,16323.0
158003,36232.26,1187542.02
158004,225778.87,8868.0
158005,86457.0,8966.3
158007,1338959.98,297671.62
158101,939391.89,216816.66
158102,0.0,252501.97
158103,0.0,144929.63
158104,358456.09,283155.64
158105,79705.52,769518.44
158106,0.0,74213.22
158107,0.0,2415.67
158108,122811.0,2492936.57
158109,8008.0,44059.14
158110,0.0,265264.67
158111,0.0,21837.87
158112,13409.82,97644.49
158113,212921.0,230793.0
158201,5236217.4,3646175.64
158202,4206722.62,15852717.21
158203,14355769.32,6780345.03
158204,206387.79,4706308.92
158205,5299486.28,21410789.07
158206,715127.33,3907477.74
158207,16772244.41,33707083.67
158208,1624705.49,6164022.8
158209,6222982.26,3964906.33
158210,1027551.13,647667.11
158211,11761743.87,4492995.23
158212,1282350.78,14524133.56
158213,488284.23,1067052.3
158214,918148.61,2004347.12
158215,25480766.6,3656181.41
158301,37429621.95,34286828.49
158302,79422840.62,37878989.66
158303,330204.56,7347473.22
158304,113637.42,200808.35
158305,439848.83,3438663.41
158306,5790361.38,8946450.68
158307,425042.23,2227946.67
158308,1205375.48,16130205.44
158309,6224301.59,15277878.24
158310,385997.11,1754877.34
158311,5894879.68,5620283.6
168401,57962.0,28018.0
168402,667266.84,4728006.03
168403,441667.99,11590901.05
168404,35273.0,1267458.0
168405,59250.0,147866.35
168406,13953657.56,2867061.56
168407,271077797.82,119215841.56
168408,1495115.0,139420593.82
168409,64528669.99,256815001.19
168410,475064.0,279106.16
168411,45419873.82,40335795.75
168412,602672.0,6808893.32
168413,12349614.98,75966904.05
168414,14274475.17,100396956.92
168415,12690065.08,106346822.93
168416,869751.09,4082296.8
168417,5914920.76,14313583.64
168418,70855815.62,129677432.5
168419,66701605.79,80459807.69
168420,1940309.62,1228663.75
168421,7320358.38,70735444.98
168422,9773600.74,87663211.1
168423,1709839.34,15032272.83
168424,4117801.79,49159931.6
168425,5943116.27,13140431.28
168426,14370780.59,19734616.4
168427,1516591.66,33398455.22
168428,13006641.04,44333677.6
168429,7797433.52,97321466.49
168430,2757010.33,11971446.66
168431,20291966.32,80054191.3
168432,4764252.94,19577383.38
168433,2632601.27,18243622.13
168434,2017036.25,5349831.0
168435,553338.94,3203532.33
168436,1672519.38,8793760.35
168437,309100.02,3585292.87
168438,5264457.22,32801679.54
168439,4887582.14,24162521.37
168440,38694361.27,18835885.85
168441,5912495.29,19835118.65
168442,1851688.48,11966786.68
168443,3755358.24,58417014.65
168444,36284.35,647708.52
168445,873950.04,35678444.49
168446,654525.88,9934768.76
168447,2981442.7,38343832.67
168448,26662632.78,41154745.63
168449,8159032.6,478356.4
168450,4419048.48,74195831.39
168451,5167258.93,51055683.88
168452,24014184.92,41975797.36
168453,1935399.38,28697351.59
168454,3081618.07,3640905.47
168455,100355.0,2696614.22
168456,85994.0,3247605.63
168457,179337.0,3572218.2
168458,692902.2,3205936.34
168459,822247.36,15547172.94
168460,751457.74,14343388.27
168461,5124514.41,4911931.19
168462,19445625.42,25946619.84
168463,1858867.24,10737063.94
168464,2943225.39,17324701.66
168465,10023061.21,31942625.52
168466,9203325.91,36961860.55
168467,803064.25,23119435.5
168468,275719.41,2887888.26
168469,324727.0,3501364.86
168470,1062294.6,23144196.01
168471,20895180.14,493095886.8
168472,3748403.28,14901869.48
168473,19590787.23,188654361.18
168474,16915078.52,41489571.41
168475,3325805.95,5939230.26
168476,663057.59,7880319.97
168477,15268630.45,54754640.25
168478,409077.25,176495.78
168479,31185333.14,160856121.9
168480,172057014.03,38650991.21
168481,51341741.82,96697781.08
168482,46492576.12,37190077.73
168483,4940263.45,30640232.65
168484,275311.42,12019304.58
168485,6120511.71,21348293.59
168501,24804956.67,41697073.74
168502,2714494.95,13234529.83
168503,3257135.67,6439235.75
168504,185159527.56,111352907.87
168505,1114731.05,9340667.08
168506,1367280.61,15694607.48
168507,43121790.98,40022030.74
168508,2654941.06,30015698.75
168509,12811783.31,41151894.11
168510,1212818.05,7282006.58
168511,17307978.68,38635050.62
168512,2829741.81,43244281.22
168513,1053055.62,2426153.5
168514,1231426.5,7479765.4
168515,2943801.07,31614444.38
168516,94805235.73,118616576.72
168517,62303488.62,198920642.66
168518,21261445.87,41525743.51
168519,12054322.87,27409221.02
168520,15322055.68,10019312.27
168521,2208312.37,48874256.31
168522,13862114.5,89458169.99
168523,3731208.17,42135047.33
168524,14441979.92,91287979.51
168525,14089442.43,120142864.05
168526,2562398.13,6913479.86
168527,551692197.12,112450153.32
168528,17602698.01,170052661.57
168529,35039386.87,128685069.82
168530,783133.28,10869961.62
168531,4297801.72,38736036.79
168532,54474264.14,42201093.4
168533,23870408.37,34382461.21
168534,1336023.63,44529756.03
168535,13537735.52,25015669.61
168536,163057711.68,304087428.08
168537,3915965.45,17743124.79
168538,18876415.22,76562646.82
168539,4291466.39,40368408.51
168540,11013099.64,11895668.11
168541,6886224.65,56710595.93
168542,184467204.39,530470487.53
168543,48422833.76,33110060.47
168544,938218724.74,255995725.0
168545,333028.16,6897761.51
168546,3911097.73,26621900.57
168547,8314002.47,99156499.79
168548,558691.75,11155474.69
178602,0.0,1278606.0
178603,78697.0,21223280.0
178604,11000.0,1249808.0
178606,72606.15,170974.28
178607,19245106.73,49699851.6
178608,412169.0,2051931.94
178609,2793018.92,1014827.5
178701,6536992.78,137566687.88
178702,37606214.66,8708413.28
178703,922489114.91,2063395452.36
178704,411696393.12,486780975.86
178705,2458400.35,13289159.44
178706,155493.0,8207793.95
178707,1432111.01,5215574.52
178708,343115542.23,980712566.17
178709,260858.0,2570461.07
178711,6048370.77,95234826.8
178712,24610030.68,3330668.86
178713,137025.39,267280.88
178714,36468153.42,35297184.59
178715,13555276.97,1344661.23
178716,6424326.1,52582555.9
178801,15376.0,317714.0
178802,61342429.0,115325394.49
178803,23729025.52,35500324.37
178804,8515.0,79291.46
178805,0.0,6252957.0
178901,78054554.16,77265683.84
178902,5246127.0,479971.56
178903,3078534.36,20577143.87
178904,0.0,2467453.05
178905,15835.0,47140483.83
178906,32526.0,9336134.95
178907,323643.26,1889874.56
178908,124133.42,1766012.51
189001,10322363.95,27774102.07
189002,3019468.18,6660515.92
189003,4938357.47,17424276.27
189004,370465.08,13904269.24
189005,10020756.9,2895770.13
189006,15500826.48,26536552.64
189007,129659.0,1888900.9
189008,13840447.35,2739995.67
189009,3749819.59,75767666.17
189010,824390.94,12209637.68
189011,4870833.84,5074193.12
189012,35750.0,411584.63
189013,460681.37,13099445.48
189014,8047943.55,15041058.65
189015,792446.23,7297426.08
189016,142031.49,2533379.45
189017,1217370.66,8469418.06
189018,53978109.32,139028516.4
189019,857061.05,6071087.77
189020,178254.0,1344308.44
189021,8629042.22,29517178.17
189022,4092581.75,19699550.24
189023,867531.56,6971922.3
189024,1295936.45,5676657.12
189025,1207740.63,6286977.87
189026,19143101.78,23251377.9
189027,1821650.8,37765794.18
189028,5546288.4,9692102.06
189029,5548231.35,12148355.15
189030,7076608.07,28266240.14
189031,5367245.64,41127213.37
189032,24862526.58,33205730.74
189033,543644.53,4491796.54
189101,1935633.0,9315446.83
189102,1145411.95,55001754.37
189103,219874.93,895022.91
189104,435277.0,693191.29
189105,1006558.53,6019158.25
189106,28321.0,1211126.25
189107,33178.72,3452527.78
189108,2606.0,325306.37
189109,38326.0,861930.12
189110,17822.0,130610.68
189111,373329.0,849901.86
189112,73697.0,18728.64
189113,372538.0,2546419.98
189114,6922337.87,856761.97
189201,83537.0,1948491.29
189202,118831.62,1207939.14
189203,2929.0,1217290.0
189204,1242.0,430329.02
189205,92547.0,1360065.65
189206,3492.0,709009.59
189207,54767.24,5560498.89
189208,19048.9,800366.46
189209,478744.04,2501839.82
199301,1076138.96,35016.0
199302,4531918.7,1100190.89
199303,16796776.15,8585205.94
199304,21221.0,675193.12
199305,10276404.73,27433777.37
199306,10331675.32,5826691.13
199307,2605.0,91759.09
209401,129428113.02,75299903.24
209402,950017.22,2139348.76
209403,128121649.94,113567209.77
209404,15226521.71,10416786.66
209405,35484932.8,65188854.6
209406,10165462.58,17069293.87
209501,676655.66,1192292.21
209502,2106224.45,14588816.62
209503,24416788.52,68735907.41
209504,3197271.55,33004645.55
209505,1072839.26,10183477.26
209506,6150104.41,27342849.7
209507,4413503.16,7820850.64
209508,83328.0,803661.66
209601,12905.05,225449.33
209602,71168.15,2234317.44
209603,1679179.02,9680528.29
209604,21296.0,15608.11
209605,249485.15,850157.7
209606,1565045.06,25934574.69
209607,3596221.04,15632024.49
209608,2858980.11,17813081.57
209609,338276.21,3284457.24
209610,2321192.55,201450.37
209611,69667.22,902314.02
209612,7810599.32,9057625.18
209613,580928.59,5132121.6
209614,0.0,156653.19
209615,207573.32,1980680.71
209616,19828.0,294106.29
209617,1051814.33,1721536.37
209618,113964.0,797824.5
219701,828746.51,3001997.57
219702,2669224.0,2507599.9
219703,1333670.85,418739.82
219704,437703.54,160661.57
219705,83329.0,2877632.65
219706,1944994.71,317469.87
