010101,1819740.41,915552.34
010102,13266101.5,8624861.7
010103,21380423.24,146602562.87
010104,5904216.18,3401961.79
010105,12909718.37,22443162.98
010106,1854888.76,7487296.3
010201,10697021.8,332410910.04
010202,1352102.22,99129151.87
010203,26347111.89,324968564.36
010204,2734186.79,34520416.93
010205,2667.0,339337.72
010206,4054187.36,12300943.48
010207,105442096.16,80560205.72
010208,1831635.21,11526623.42
010209,493867.3,1486671.07
010210,24723864.07,44137854.92
010301,9031490.27,6440555.23
010302,133400831.08,291260520.51
010303,104988530.53,461945760.32
010304,29908415.35,77288611.2
010305,101656685.45,434568996.91
010306,49869390.83,175959763.42
010307,53812362.29,161964896.55
010401,148992387.81,96404563.34
010402,45124659.62,57894028.07
010403,12416470.19,201710662.48
010404,22122226.63,14393061.7
010405,66749069.19,39603696.77
010406,25149707.84,177840927.6
010407,13413392.36,18731616.48
010408,9307253.93,10235384.13
010409,3388068.54,4417910.41
010410,16200.39,287014.81
010501,0.0,63025.69
010502,0.0,1256750.47
010504,36242075.61,34797671.03
010505,1070293.28,595244.6
010506,662361.91,58454.47
010507,0.0,7662.0
010508,3000.0,333418.5
010510,720000.0,4505.24
010511,4848287.57,8887557.65
020601,1571615.0,11399248.11
020602,24286858.76,52231599.64
020603,9661722.82,24913312.09
020604,8528220.95,4082915.16
020701,18626061.98,112781107.56
020702,28033002.89,32762282.58
020703,4117406.61,38573506.23
020704,13569973.42,8493445.85
020705,15492496.15,3728134.94
020706,15339062.0,14859261.95
020707,80693.08,2369381.21
020708,1946945.74,18662343.76
020709,27714184.13,34717495.62
020710,57275077.38,41934340.93
020711,4384514.73,8252346.17
020712,14993135.15,6310227.8
020713,16281447.65,42672959.1
020714,366977.34,1866686.69
020801,720857.53,5920033.69
020802,54508080.51,30154167.79
020803,13731627.83,116139314.57
020804,11847672.98,74745220.14
020805,15418844.34,30998762.49
020806,1829313.61,37604902.03
020807,2016874.15,48505171.11
020808,55991869.1,84631958.72
020809,6430174.76,46703451.37
020810,27919093.79,43090477.28
020811,15060756.21,6616097.32
020812,634975.54,5120450.82
020813,2211406.6,3682023.15
020814,62918.28,105205.0
020901,35092506.13,98158777.59
020902,1335369.49,5676865.48
020903,16799.47,21800.9
020904,700062.8,5274848.6
020905,8675.51,15437.71
020906,273484.59,1096251.99
020907,23981.43,40820.52
020908,204381.77,547916.06
020909,151071.6,548169.14
020910,1786873.66,4584330.63
021001,18941584.94,128815630.34
021002,106454.38,5166806.11
021003,8263666.04,37615033.85
021004,399232.18,2960141.13
021005,23182782.69,316188351.3
021006,11800586.69,31420300.49
021007,287343.74,4243380.86
021008,662789.89,7496591.37
021101,11097499.31,12684604.35
021102,8754958.52,11006088.41
021103,4673168.48,5092775.33
021104,950277.55,2788846.79
021105,421395.64,3397948.3
021106,305173.03,4472426.88
021107,2921910.28,442756.14
021108,902986.9,5627743.54
021109,32078.45,1610156.21
021201,18507225.04,306120014.85
021202,38181.03,7219976.53
021204,40726.0,965787.33
021205,3287868.29,12262385.03
021206,130178.5,29956445.91
021207,2537573.41,3487707.64
021208,13866997.21,7610735.14
021209,7354383.84,36409925.82
021210,646070.0,375438.44
021211,777561.01,4070538.39
021212,8152182.94,3645462.16
021213,71139.13,4418103.3
021214,1153472.12,15360148.36
021301,1163590.36,5633392.56
021302,24983832.57,17997743.99
021401,361536.35,1450416.14
021402,0.0,11858.0
021403,0.0,9200.0
021404,8742536.42,1060255.41
031501,1624564.17,2242261.6
031502,1575618.31,212588.56
031503,465897.27,238445.34
031504,4282924.92,2619775.01
031506,1437231.0,22050.33
031507,73101426.25,19986961.63
031508,482867.14,807937.71
031509,159462536.64,238137812.02
031510,13977933.84,6092840.02
031511,2964816.83,31269597.65
031512,19391436.44,43897448.3
031513,11965.08,1547289.22
031514,157935.49,3438455.98
031515,9316331.35,13378349.3
031516,1517380.08,9250426.68
031517,17435882.06,21587266.95
031518,7319077.09,2469693.43
031519,7598153.27,17273703.92
031520,1824348.76,1473744.55
031521,11825.56,578098.15
031522,534481.81,3037.02
041601,66744328.59,44132563.78
041602,75254844.4,71625865.05
041603,1382.0,87705.77
041604,165978769.69,96931744.37
041605,3178424.65,16796400.85
041701,129453956.34,237657451.29
041702,1743640.52,12551372.76
041703,2356033.85,5206543.85
041704,12474828.61,53777023.86
041801,1977.62,125384.85
041803,9075.0,2032547.85
041804,6703.04,1118042.31
041805,574506.89,3723859.48
041806,18875905.33,215924516.96
041901,41756376.45,68897851.15
041902,11116429.31,37312565.22
041903,12253.97,53997.87
041904,10925621.35,97425982.7
041905,132019808.06,276057492.89
042001,2409255.91,6196765.13
042002,127367031.78,10825742.07
042003,805164.08,25563226.63
042004,2458665.6,52161743.66
042005,57578354.62,40959974.74
042006,770564.34,1057091.15
042007,4023304.62,18641421.22
042008,32915933.99,55802454.92
042009,90441473.75,74713919.78
042101,16961882.6,26146730.58
042102,18056022.22,17179020.52
042103,47455007.88,36525824.87
042104,28554484.46,20962728.46
042105,25011710.29,75923035.47
042106,25119386.25,209710474.89
042201,22240356.21,7130474.96
042202,74798467.48,154150245.45
042203,169854583.03,23531026.36
042204,823651403.67,87334545.08
042205,7981136.04,9466765.21
042206,601724.95,5350433.8
042207,10388021.33,32957184.68
042208,26721266.3,164913521.28
042209,2564322.14,2548842.48
042301,3941371.27,8336905.72
042302,1934412.29,8675145.12
042303,5659668.71,5760890.63
042304,22193343.1,36782978.0
042306,4933380.05,27324173.3
042307,1154593.24,70858.43
042308,439046.76,6641013.79
042309,32370754.13,192406237.1
042401,19301589.85,57149935.4
042402,447243084.83,53348316.43
042403,2636174.0,32191728.58
052501,4376203.06,12572508.17
052502,1270987.0,2643.79
052503,1347326.62,2174540.84
052504,246288.52,1670398.87
052505,9036827.07,6286001.41
052506,654828.22,992896.97
052507,9143779.52,21825171.08
052508,6382825.29,8262718.17
052509,1003675.75,421159.51
052510,482859.18,9025925.47
052511,15986.26,833233.38
052512,87259.02,463324.41
052513,46262.67,183730.34
052514,2103384.06,175814.13
052515,60045640.59,12860370.9
052516,49524590.04,16855868.86
052517,5330323.64,4011710.57
052518,187110.79,327587.12
052519,49718.09,2359462.64
052520,2632402.82,39660169.04
052521,448380.71,7685.77
052522,1663312.61,840347.52
052523,214322370.62,19602279.06
052525,171661.51,117448.33
052526,1271744.62,6611853.94
052528,0.0,436035.51
052529,790881.21,4545329.43
052530,3433663.06,8094881.98
052601,30463.12,10384082.97
052602,13414.0,23324.13
052603,597618357.82,151988.28
052604,0.0,120086.0
052605,11588.0,28494.48
052606,1027.0,1382750.19
052607,0.0,16938.45
052608,48318116.64,249437.15
052609,938835.16,10030.0
052610,43063.68,659784.06
052611,20958341.85,5138.45
052614,0.0,196031.17
052615,0.0,8569078.08
052616,1633238.0,2445.0
052617,58160.07,8626.0
052618,35326.09,1380256.97
052619,148914.0,351591.25
052620,27504792.02,1143947.01
052621,149549.97,3201667.61
052701,1643318.47,146317125.81
052702,7320.08,4117.0
052703,462816.9,6104388.8
052704,1403057.1,4799831.6
052705,8531.29,11649.0
052706,34388.0,602559.99
052707,194438901.99,182512750.66
052708,0.0,92143.11
052709,0.0,4719728516.95
052710,1802586994.54,1075449762.58
052711,67694223.1,1795939323.6
052712,7709204.06,15482170.18
052713,48681885.86,99090280.38
052714,2681433.15,296454.53
052715,2509160.38,8981518.36
052716,92858408.68,512688621.41
062801,1131572.8,1581269.22
062802,212204.36,280141.0
062803,1382987.7,10689016.1
062804,4383683.08,10765152.98
062805,79320.08,1751690.53
062806,2831334.01,463636.43
062807,131012.86,5346832.99
062808,3294547.58,266811.86
062809,26976.25,8431416.41
062810,110912.12,352234.01
062811,4142438.76,12146476.23
062812,0.0,160006.49
062813,0.0,51798.94
062814,26475323.15,3360214.35
062815,3410357.98,16672132.5
062816,226101.72,245315.11
062817,17214617.58,16716648.71
062818,72882.07,5429924.29
062819,53072.0,309337.57
062820,0.0,626725.31
062821,846024.9,3034888.65
062822,4632.25,84403.87
062823,1004533.14,2305203.0
062824,7212978.54,1154329.71
062825,373111.65,8075701.17
062826,0.0,220202.23
062827,1435577.49,5970610.38
062828,4895256.13,3600573.09
062829,549856.0,2847699.46
062830,65559.68,1513655.82
062831,4515.0,1149151.3
062832,56644.58,1089373.06
062833,1195995.14,14073255.43
062834,3614287.03,2364252.62
062835,877556.4,17123346.4
062836,8920201.11,8611375.42
062837,45990.0,508237.73
062839,421778.96,4970729.16
062840,396550.26,1945207.63
062841,58526.48,924945.0
062842,236544.88,2046910.33
062843,13062.9,1730827.01
062844,193621.67,2855573.33
062845,25069.0,22727.67
062846,7914.0,221926.02
062847,1796242.68,7651166.99
062849,689374.53,8544805.0
062850,8018.0,134323.46
062851,6187757.21,939285.18
062901,418171964.56,6669822.79
062902,279611928.75,80277205.16
062903,1791275.84,130856146.32
062904,17055127.65,6299430.43
062905,15287183.85,49930074.03
062906,739597.78,1781650.39
062907,127702.23,7506950.89
062908,5705.0,210369.29
062909,32892863.45,118494779.81
062910,31827.0,2950961.36
062911,1887.72,1651.44
062912,7043227.73,3276616.03
062913,1424.0,1000.0
062914,3472020.12,13883449.81
062915,5022704.38,46858354.81
062916,13307794.76,13648573.0
062917,4800079.18,95760616.93
062918,1928956.08,12758860.73
062919,260248.3,1711915.63
062920,244995.46,2069978.98
062921,52804762.21,13133166.15
062922,2386956.58,15870770.37
062923,447545.92,2882240.41
062924,20702036.28,5884739.53
062925,49954.55,2044333.45
062926,0.0,45360772.94
062927,136585.0,55047.68
062928,9293.0,647176.41
062929,2367356.75,17875498.26
062930,6740125.19,13215067.49
062931,4999599.21,13259967.74
062932,2703310.71,4886331.94
062933,10767970.83,60211823.69
062934,2599000.58,22107717.39
062935,1662792.48,4609395.82
062936,1014758.44,16689590.87
062937,15441348.0,3860158.62
062938,275904.15,16771250.17
062939,2128078.52,3939782.38
062940,2180963.6,1459185.72
062941,45200309.43,38136467.32
062942,352218.0,8175325.5
063001,448779.0,1318340.39
063002,6159942.18,262335251.43
063003,26953916.41,33527982.05
063004,540193660.36,2050900124.57
063005,14491978.75,29772593.97
063006,6533474.88,98655664.17
063101,1053598.74,14320612.66
063102,53837464.11,60297526.82
063103,2485394.26,775063.81
063104,49020.85,14812874.51
063105,40826288.87,49165684.35
063201,269509.86,1881140.26
063202,217794.16,3065861.44
063203,149714.54,3277790.1
063204,29525547.75,95208882.13
063205,81671.99,342086.67
063206,12783630.18,63619683.58
063207,13731463.04,55308834.92
063208,131835731.04,110511085.9
063209,23464392.24,45565142.66
063210,6647321.22,6377332.04
063211,300676.51,1527462.15
063212,3628339.11,13564070.57
063213,172050.44,5201161.43
063214,11205011.73,46911347.47
063215,19050434.16,144191631.4
063301,2189124.16,2181489.72
063302,16026640.63,82286174.9
063303,15994100.87,104048700.97
063304,20112403.71,209382628.18
063305,21437981.34,104603885.22
063306,2676992.65,38569267.42
063307,84420347.04,103647902.82
063401,15805404.46,52855060.13
063402,75384648.53,248368573.0
063403,3809889.35,37633515.57
063404,6900029.24,8579627.38
063405,19900701.78,10713687.89
063406,46985224.16,16825692.43
063407,60917.29,1806315.06
063501,690038.39,1834764.91
063502,12206.1,1547580.28
063503,503606.14,4220639.17
063504,321229.46,1572110.32
063505,662683.51,34854181.57
063506,48959137.57,42260389.26
063507,515982.89,16584847.43
063601,0.0,444490.21
063602,2022853.16,1221288.0
063603,337367.11,5132626.25
063604,605699.17,1316972.86
063605,140357.73,913830.53
063606,463344.12,4988565.38
063701,2241362.75,34341489.79
063702,870939.97,6788015.55
063703,1022744.11,9826806.37
063704,271586.84,322926.06
063705,801353.7,125012.27
063706,2125297.87,2088123.8
063707,7899524.61,49224299.05
063801,223125.73,2204802.18
063802,90307.86,4655355.1
063803,1061838.24,36482.54
063804,76030.15,1335258.27
063805,3114740.37,728066.5
063806,84545338.59,44504562.69
063807,238086.0,703348.38
063808,48613055.02,119096099.26
063809,14378492.31,42033004.07
063810,914553.85,5524216.5
063811,970172.62,13350969.12
063812,9997625.51,25361666.69
063813,333858.63,1009133.49
063814,4433526.4,8143861.64
063815,17623336.47,10178474.67
063816,4279683.58,11138197.79
063817,16123.0,12691299.85
063818,147820.0,1751628.07
063819,210010.73,2030458.03
063820,140792.39,3923859.68
063821,101581.88,1825788.76
063822,9856870.06,139572498.9
063823,144019131.31,152570825.77
073901,135821922.32,333911423.4
073902,8645677.18,287386698.02
073903,26226516.89,183160563.48
073904,184379342.13,111947086.77
073905,4577379.38,17359788.35
073906,3294611.67,53097060.1
073907,71718559.35,309525427.55
073908,1888914.91,43869621.22
073909,120307589.11,66949289.61
073910,3125935.96,16118732.72
073911,1459796.0,30207194.91
073912,1271841.81,16917539.91
073913,347632.19,1801378.37
073914,1644233.0,1548826.93
073915,11882759.47,9166324.81
073916,18002773.26,30610183.13
073917,167378970.17,112801576.74
073918,3641332.26,26514795.48
073919,29106859.85,83628860.61
073920,236725646.65,247200462.24
073921,128627018.71,139533480.43
073922,41903941.33,51063965.22
073923,151979911.15,200039542.12
073924,137366306.13,67971503.56
073925,29317486.2,49758167.68
073926,204718705.33,310947877.01
074001,607287.41,70785064.0
074002,21070807.34,109630124.55
074003,1864817.8,1300567.83
074004,3663094.72,1234575.39
074005,14328590.74,43401410.84
074006,6683268.54,5819616.64
074007,251058.25,1294721.69
074008,12474403.43,28355668.36
074009,44954362.01,59222664.74
074010,1858307.62,24363081.68
074011,640514980.06,399095794.97
074012,14094083.2,13734379.5
074013,471276.31,2726960.03
074014,1873526.92,10352133.54
074015,1630131.27,19665549.0
074016,64120014.63,82747865.19
074017,3205230.78,2939308.27
084101,8628302.95,23275137.98
084102,2297186.37,5905154.94
084103,680548.71,1751318.94
084104,45474390.8,335097040.05
084105,6406433.81,13140967.95
084106,1643825.7,33413134.94
084107,1835159.85,41960099.33
084108,1605293.76,7403086.87
084109,388499.83,15462490.54
084110,410344.47,43503.23
084111,194630.6,1027476.19
084201,441439.42,4207768.82
084202,22609248.17,176867830.19
084203,18620075.31,57532456.02
084204,18521.0,33885.0
084205,14931889.33,19587342.66
084206,4706561.32,1070784.07
084301,550992.0,1267630.31
084302,11867442.79,4326721.98
084303,1105418.77,4172413.85
084304,35093.77,1800162.29
094401,24508015.47,4607559.85
094402,1778871.37,9150772.62
094403,143461205.15,72631892.73
094404,4307532.41,6726547.38
094405,18587.36,16419.31
094406,122029.6,318654.0
094407,118944144.19,209453084.54
094408,36629556.8,80733413.84
094409,30284674.76,25951361.08
094410,131983660.44,30166834.89
094411,173607166.52,96633690.38
094412,12434462.61,44955024.05
094413,8064048.22,1878859.02
094414,1165207.0,4983242.47
094415,37488787.95,14171689.84
094416,4125111.18,3182323.8
094417,4700566.26,2272761.8
094418,129474878.37,87363124.82
094419,1564757.43,4934418.47
094420,7617197.68,10811651.44
094421,15105078.34,29754041.86
094501,80382866.05,107703801.08
094502,12543146.47,22809432.83
094503,643548556.29,28046125.44
094504,426832429.05,13470156.41
094601,294034.68,2359031.26
094602,1159038.11,7686353.71
104701,0.0,398805.37
104702,2063154.89,0.0
104703,674298718.3,49561665.64
104704,68804941.3,723155.57
104705,487449.59,65607.88
104706,1885428.34,266280.67
104707,59173636.8,2039939.77
104801,2963555.65,61808767.33
104802,857304050.8,105482675.53
104803,12004954.67,34280957.53
104804,203936186.54,51237680.64
104805,22814371.28,121740755.04
104806,537591.99,2635023.89
104807,2622109.59,6543510.42
104808,4551660.69,8764592.74
104809,2320882.26,12208801.53
104810,43403605.73,264902648.58
104811,32768689.66,217114176.54
104812,78240.0,1181652.28
104813,313140.72,11898750.22
104814,347058.7,3701253.9
104816,2190083.38,4860513.3
104817,6551217.81,10973491.04
104818,71111856.73,316995904.81
104819,99091692.5,92769820.99
104820,17193425.69,21575663.03
104821,17131153.1,31774713.23
104822,2789699.36,6498687.89
104823,21988299.21,31704011.23
104901,53642695.71,87546263.16
104902,8004063.52,123371327.91
104903,1776921.32,3324260.81
104904,1146.0,134531.09
104905,940808.76,983542.87
104906,346943.86,273027.05
104907,483594.17,1245837.08
104908,3214585.51,6328513.07
104909,560585.7,2452704.16
104910,1068353.58,724426.36
104911,8960356.83,54231135.08
115001,19902.0,0.0
115002,8110.0,317179.0
115003,2745.0,275572.14
115004,0.0,13990.0
115005,2511.0,94592.21
115006,93632.0,40465.75
115007,1232471.26,16020841.9
115101,7441855.17,17460388.28
115102,2340209.19,1279917.99
115103,217924.89,379680.42
115104,24705.0,0.0
115105,3062855.29,40243004.37
115106,11674815.71,20175091.85
115107,30506445.55,11482114.6
115108,21631.68,143715.37
115109,124752.45,1269920.22
115110,0.0,245673.0
115111,6197531.56,20215607.55
115112,38055416.75,79392309.78
115113,78603.67,101422.31
115201,853689.5,41219624.42
115202,5335084.93,3237363.52
115203,1047798.24,2921199.68
115204,5298977.67,1694768.73
115205,42857416.05,257879915.84
115206,3697678.62,23210103.12
115207,3938678.65,2151904.14
115208,127489833.61,146089855.6
115209,31484458.95,86530877.57
115210,10471049.46,33996595.63
115211,6256683.6,17833829.22
115212,9419404.36,23338498.08
115301,138303.96,704062.43
115302,0.0,13754.89
115303,66746.79,262099.61
115304,0.0,4439072.0
115305,52934.09,1872761.86
115306,548265.49,6006840.34
115307,147027.67,548402.18
115308,2377746.87,4938582.04
115309,4960199.08,17534053.6
115310,10672.94,560582.58
115311,453818.54,2027480.45
115401,4918709.94,13285112.33
115402,35513760.65,199978284.6
115403,2098183.13,11531660.33
115404,22261121.69,5334685.28
115405,36996.0,7475.81
115406,264816.48,565303.06
115407,39767543.46,116862697.59
115408,7642601.3,16426500.04
115501,72564034.73,6909246.03
115502,285803.0,433173.56
115503,50723479.58,24497793.39
115504,140569.28,12070086.78
115505,632362.8,934443.89
115506,17344926.88,5575148.76
115507,11509987.0,795881.28
115508,4348574.18,4334590.34
115509,45862115.13,57752524.97
115510,12555741.26,41744794.76
115511,563436.4,1310935.57
115512,6482801.29,12636040.83
115513,3730608.54,31301825.79
115514,6745959.52,20911575.89
115515,113568715.43,40353920.67
115516,3918692.29,16526411.82
115601,7046812.18,14050343.37
115602,10160425.97,10703816.73
115603,9734796.05,41286534.71
115604,8499054.14,1450703.61
115605,1504896.53,1795234.24
115606,1579619.94,2388154.84
115607,155801256.19,8988103.9
115608,31097935.35,6015644.01
115609,6785852.0,989271.17
115701,3105958.86,4870513.39
115702,49950466.59,31517046.67
115703,39655181.85,29200663.69
115704,255854.48,6393909.96
115705,5169807.57,9303973.53
115801,49203805.3,16714985.08
115802,1480146.01,817569.81
115803,797404.0,376303.34
115804,468589.48,4604990.94
115805,87236.14,1907992.32
115806,12364828.42,20158199.85
115807,10219433.54,17594066.41
115808,841085.24,3011867.39
115809,1899406.0,66379.25
115810,1761264.2,8853001.19
115811,877404.33,2933421.22
115901,10751641.23,7716677.87
115902,31647497.06,4504436.91
115903,69348343.42,88910290.03
115904,75175.01,1629416.72
115905,92676.09,315031.32
115906,39407689.81,4020971.43
115907,1504868.81,2320718.17
115908,30050.36,486203.86
115909,669264.09,1941240.12
115910,1124440.74,1084568.73
115911,35810667.51,60414683.04
116001,7691782.01,27447281.93
116002,53793230.56,89879632.2
116101,15286193.96,10589226.83
116102,26037784.13,12296589.73
116103,41536765.32,22810873.57
116104,168332424.46,80698598.25
116105,94701318.72,30148668.17
116106,94404694.84,29190316.26
116107,60365400.14,22853652.72
116108,71192495.74,44965944.82
116109,907341662.23,244113245.28
116110,375381323.21,283578283.43
116111,73988540.39,41266874.62
116112,27681347.19,28827681.92
116113,5906249.09,3034307.53
116114,45023020.63,32176738.29
116115,196803726.5,57901505.26
116116,16750795.91,12493789.13
116117,5925183.61,10808779.47
116201,44866021.01,51100436.28
116202,46847809.16,73848857.17
116203,361126326.35,227754932.49
116204,284206933.2,330529585.48
116205,157658721.78,66539813.62
116206,112030659.21,69971594.45
116207,18665622.47,7453268.48
116208,22873307.59,10202498.74
116209,25823092.61,27154533.99
116210,31436870.85,22031875.74
116211,76383438.14,35399424.35
116212,76103311.24,53653463.02
116213,246384.31,485441.31
116214,3985503.29,7593913.4
116215,1197957.07,8428276.03
116216,827998.93,2061083.81
116217,9998274.45,19100996.99
116301,20210915.99,8823933.87
116302,621466410.07,51917659.75
116303,20507324.65,22868225.46
116304,81722585.3,16816838.0
116305,6156567.98,14311254.08
116306,9932472.25,11173451.1
116307,26272264.38,42034257.93
116308,834287.71,891705.23
116309,4895553.97,741495.59
116310,7696041.64,1811146.13
126401,21752918.04,7737098.87
126402,55198031.83,103719054.4
126403,1583156533.56,298320926.73
126404,61588500.88,101878948.82
126405,52006239.46,19912789.12
126406,67103513.84,145150052.39
126501,8062569.26,37905.75
126502,45627.0,4467.0
126503,14774.0,1558.0
126504,197326.93,546748.15
126505,4616707.92,19708201.96
126506,24232634.27,9108036.85
126507,112776.78,681291.84
126601,4304132.18,15783835.29
126602,95199.86,155001.31
126603,2087604.34,1888025.83
126701,144194.0,1051484.74
126702,984766.75,10221828.25
126703,0.0,652534.0
126704,266077.0,1703928.71
136801,58636358.26,436121.08
136802,172884059.69,55088390.73
136803,4160237.21,2078661.63
136804,9975670.65,27827462.77
136805,36900673.53,27159068.49
136806,30785334.02,17866370.6
136807,3337389.7,18864899.85
136808,9241146.33,5350166.13
136809,10933805.33,50574063.67
136810,82523010.47,37057978.64
136811,5958526.69,2895041.24
136812,190061.13,501168.5
136813,958353.94,4555839.38
136814,11714.0,553443.25
136815,3620113.01,7429842.07
136901,1536389.4,591836.05
136902,8686616.82,16173032.94
136903,1729864.18,10231091.46
136904,5440085.87,2520313.98
136905,13073021.34,1684572.71
136906,664263.59,676637.63
136907,62419006.14,18721709.12
136908,250473613.33,99542556.93
136909,989604.27,1947356.79
136910,193292433.27,30256041.29
136911,55725362.98,24752003.18
136912,144747639.91,10270789.79
136913,61593435.22,11711814.64
136914,10704250.97,5970231.84
137001,3743436.12,14352782.21
137002,340589.0,885132.23
137003,2929600.27,10240879.14
137004,3103255.48,201912.81
137005,36012218.22,74114797.13
137006,1302800.1,10406618.88
137007,90732621.71,75481935.48
137008,1292061.6,4668198.14
137009,8850005.52,25793705.75
137010,308409261.98,75370996.2
137011,341595.96,211068.48
137012,1796.52,0.0
137013,69869441.83,60122281.58
137014,186877.98,4191311.6
137015,168174.0,800597.48
137016,828095.55,7294692.97
137017,2068629.16,7286973.17
137018,607889.22,6592197.82
137019,3967954.73,43511644.18
137020,11506634.94,8344862.38
147101,148167.0,999053.06
147102,488698.45,8063089.16
147103,7333.0,971806.25
147104,338612.0,335621.23
147105,0.0,880346.05
147106,709745.59,13312435.54
147107,27780.0,982659.0
147108,9029687.62,41437885.76
147109,2745.0,13722.0
147110,336824.0,1401392.82
147111,0.0,63777.68
147112,14347012.2,3845.0
147113,29572176.53,53457853.74
147114,2854124.51,14699106.19
147115,1007149.93,4390185.13
147116,104396.41,1095799.57
147117,5739964.69,38760137.31
147118,274183.0,1739618.03
157201,4409678.8,5938909.72
157202,1051012.67,24404094.23
157203,996105.56,1849072.22
157204,195778416.72,325611937.62
157205,341047.65,5649775.37
157206,1879952.88,272491.83
157207,73163191.52,9900683.48
157208,76530260.57,520367270.48
157209,10650013.5,186258725.73
157210,195622060.48,436118948.53
157211,4185171.91,49096024.44
157212,9469136.99,17920076.11
157213,293703738.71,132093203.51
157214,382773470.81,269010262.74
157215,7354506.47,8826508.63
157216,33248540.13,213851845.27
157217,48691344.24,66304620.79
157218,2875723.93,48853136.01
157219,6612778.13,196291115.75
157220,3114879.37,20934799.76
157221,142138.22,1507667.86
157222,61370275.25,43981778.82
157223,2226189.79,11356259.01
157224,4992977.39,3177400.88
157225,2628616.3,44469560.74
157226,4279680.03,17745828.09
157227,11066421.58,11340110.23
157228,5186584.53,72474717.54
157229,5200500.84,15336719.01
157301,4676161.89,6315993.84
157302,4036737.06,14554608.68
157303,4455580.0,42887684.63
157304,19586270.77,91462485.89
157305,3795980.76,4782357.37
157306,110079798.16,163726703.02
157307,19692514.36,65445783.51
157308,289115159.19,166213636.1
157309,28135166.53,8396988.94
157310,73192984.72,74510983.84
157311,77065149.32,8354670.57
157312,50638083.49,48705305.94
157313,3010570.86,2586392.8
157314,88241517.22,35500774.24
157315,14354473.39,10212306.46
157316,483315.4,79597.54
157317,8486701.12,12562156.25
157318,36434924.74,133102645.34
157319,1604377.7,874249.01
157320,87068640.66,24687022.21
157321,15270284.9,52622524.55
157322,1069795.78,14829493.9
157323,41638873.08,37310060.66
157324,69028238.33,22068996.28
157325,21439538.4,27010189.27
157326,118533452.66,166716079.14
157402,1325657.0,304980.96
157403,10524305.39,46690220.48
157404,111665468.58,55600057.39
157405,101487.0,1229733.39
157406,53690.0,130378.86
157407,33135815.83,50255653.3
157408,14262550.83,458931436.16
157409,4987651.18,77162686.89
157410,82961.0,4094777.33
157411,24705323.98,89076394.45
157412,7631025.31,32432442.37
157413,4495629.52,8953319.13
157414,32191.0,0.0
157415,2489766.34,16301983.54
157417,19937.0,0.0
157418,9770436.98,8357449.98
157419,8148645.55,8006825.87
157501,14581.2,0.0
157502,222057.04,15115497.47
157503,1330760.41,36455.0
157504,125918.34,794580.63
157505,260806.0,1557857.8
157506,15235.0,834202.31
157507,215149.0,628814.07
157508,436896.5,1533799.47
157601,256227710.44,699057195.04
157602,53494195.29,6319310.16
157603,0.0,304545.26
157604,131256658.16,90600975.61
157605,627316.35,45167153.65
157606,23622259.11,143620717.57
157607,6168334.07,43187674.63
157608,7795723.02,14255922.28
157609,2050770.61,3254580.92
157610,61313558.33,36679402.64
157611,1316119.93,636189.29
157612,11480278.84,86552953.81
157613,8548636.98,1164478.18
157614,21842399.55,12689757.27
157615,8347246.15,13627691.14
157616,84061251.15,73955695.02
157801,11303452.75,43235713.06
157802,7327619.36,2163096.76
157803,32123.0,0.0
157804,292724.0,194221.04
157806,1376786.4,2375799.45
157901,3099540.85,60128443.61
157902,2851176.34,537751.71
157903,268707.78,2665031.63
157904,364151.1,11163809.15
157905,922286.13,7768397.17
157907,3715698.85,10630292.47
158001,1051726.0,11839761.54
158002,143390.96,0.0
158003,316809.37,647741.73
158005,2285.0,0.0
158007,3168293.83,421398.62
158101,2646741.08,370761.27
158102,68119.0,620414.69
158103,3506086.78,29977394.37
158104,115810.13,2015938.21
158105,71999.9,1244175.31
158106,22253.0,192245.93
158107,0.0,3062.63
158108,549827.08,1151814.21
158109,0.0,17869.88
158110,809895.0,40362.38
158111,46654.0,62181.99
158112,1284526.0,325278.14
158113,1266906.75,95166.84
158201,6681955.85,6635290.17
158202,20019706.75,23583988.7
158203,22204602.71,9509164.73
158204,852554.68,8292290.71
158205,24073538.56,45283808.48
158206,8742743.24,6544421.69
158207,63195441.3,93135989.91
158208,4409544.31,11145924.33
158209,7404643.6,9891652.52
158210,5224848.66,1348192.3
158211,17134243.47,5427838.8
158212,1129530.28,13778615.22
158213,501126.57,2374192.27
158214,1501277.25,4693698.6
158215,19498275.27,11425785.63
158301,133055535.87,61132045.55
158302,146726630.6,152825242.49
158303,4574469.42,9406518.67
158304,1390103.2,1139754.84
158305,1297316.96,6860677.94
158306,4103695.34,9574334.23
158307,2751835.16,10962309.93
158308,12555203.69,14232427.67
158309,10980162.01,24692898.35
158310,1685076.49,2983425.79
158311,12229168.84,21819590.21
168401,657398.0,62760.3
168402,22569051.44,17725487.2
168403,65273337.47,40330097.25
168404,12179391.3,7806280.96
168405,1579595.47,6097390.88
168406,1284512.55,16751421.61
168407,5149441.69,196905943.21
168408,3239629.91,246467168.0
168409,232148058.38,171668925.3
168410,6739235.05,3581281.36
168411,45246418.38,252536898.66
168412,5276718.5,24584993.69
168413,92789384.81,155047084.18
168414,173044817.4,199426020.26
168415,66711342.3,293922799.84
168416,2824116.43,9387212.71
168417,12112481.55,34655792.01
168418,200855912.24,285369118.31
168419,236890575.8,144331985.38
168420,2130974.61,3390724.23
168421,57664713.59,255662652.57
168422,29835468.67,139556153.56
168423,5445032.17,25725217.82
168424,18336088.24,82048957.04
168425,6710070.26,28367484.49
168426,133764908.63,83008516.74
168427,11410649.91,101615377.73
168428,52028843.69,145579099.61
168429,125004112.99,289653049.4
168430,24521145.71,57528667.07
168431,81522113.3,176150053.39
168432,17763464.51,35569671.11
168433,5409896.45,33502814.47
168434,3167219.16,18313839.73
168435,1018758.67,6726727.77
168436,4644734.37,18781848.24
168437,1322871.45,3511403.0
168438,23126756.27,61722547.42
168439,2787998.76,27518694.46
168440,61164373.16,30027492.51
168441,13003709.74,29930098.64
168442,5393154.4,15307318.93
168443,177833528.46,348654125.68
168444,96761.0,476752.19
168445,4805948.22,7354228.2
168446,3151051.73,5320268.31
168447,4739580.93,13794417.42
168448,36509463.35,28830599.68
168449,29694553.0,266889.71
168450,4299989.68,103577872.49
168451,9919700.73,51009600.9
168452,32561047.56,22537622.15
168453,4968179.07,13259171.64
168454,3489593.0,6219612.49
168455,507157.62,6790414.48
168456,3999573.05,13505152.18
168457,1914334.81,15815549.38
168458,2462813.04,10716995.31
168459,5054222.05,12689196.36
168460,2281454.38,12128367.19
168461,3672246.58,9797345.8
168462,42472820.72,40075537.21
168463,4537469.85,15893854.22
168464,17691423.09,26627687.5
168465,22936191.74,71790633.27
168466,23750255.37,88741206.01
168467,7959221.77,43654156.56
168468,2409713.7,2613522.79
168469,31291.0,114753.05
168470,30563603.74,35339095.69
168471,145676270.23,1109133162.64
168472,9004504.1,34546297.61
168473,457881421.23,342954376.2
168474,105518509.34,115158257.99
168475,2977548.64,14135184.04
168476,3240881.17,15727901.01
168477,28841033.28,109179431.6
168478,362360.85,12508578.67
168479,115473990.49,349569667.08
168480,294258762.13,68991501.18
168481,418379411.04,342417089.9
168482,51853795.29,68643945.8
168483,60810284.31,80788179.64
168484,3343771.51,15210479.49
168485,31644930.0,17880391.28
168501,94469748.3,117493811.14
168502,56404229.34,154647586.47
168503,6740745.89,93644348.22
168504,187791958.24,183657335.91
168505,9090940.28,15279774.76
168506,1853752.7,30540808.78
168507,108853429.88,77701767.16
168508,9703600.0,56168073.37
168509,11302456.63,79735879.41
168510,297664.6,8131700.87
168511,70030030.4,66779448.04
168512,52255165.6,69112257.27
168513,325425.23,3945162.83
168514,4350564.65,10186179.63
168515,20365488.2,49068587.17
168516,161264935.21,253048807.04
168517,71880285.76,533699102.42
168518,20994088.92,57396341.83
168519,42303534.09,30953916.59
168520,57731.0,175165.38
168521,22955646.5,65166538.26
168522,11639284.46,111834085.69
168523,17228936.18,115144392.42
168524,18340428.52,243766348.85
168525,176236245.71,870223917.18
168526,11899173.23,132051321.53
168527,1112021064.69,72737034.99
168528,52326873.25,349659161.51
168529,161885983.5,253891816.17
168530,2436512.78,5510203.59
168531,24311108.27,117408417.88
168532,91816766.09,39754518.44
168533,25595305.35,17849988.96
168534,4732551.17,53449802.28
168535,13404207.89,25275621.09
168536,359830393.72,374834572.41
168537,130353447.22,63075562.65
168538,172938786.88,145343683.58
168539,14915424.53,81180638.13
168540,688370.25,4793059.54
168541,40428094.07,132778744.08
168542,1224630661.19,1915817663.9
168543,96079784.28,109155991.78
168544,886113910.31,368006401.09
168545,1427755.25,16511170.47
168546,16610523.04,31941893.74
168547,32251852.51,37373773.58
168548,6766797.36,5083765.01
178601,2736716.0,1357.0
178602,4845871.48,9001151.0
178603,4673115.13,18531608.0
178604,2612511.0,4869067.01
178605,1657361.65,23849.0
178606,23665729.09,28000.0
178607,2588462.31,20131054.83
178608,406993.38,1398561.16
178609,8796925.65,5136140.46
178701,39529859.69,382302001.01
178702,98262297.04,40751631.58
178703,2079549244.95,4201994765.5
178704,697423445.73,1042259203.51
178705,42825535.76,51878487.94
178706,46438319.74,73347375.03
178707,23665499.52,16993605.08
178708,1970367584.91,2123435846.3
178709,2391686.26,2978620.13
178710,0.0,47031.0
178711,7229643.42,85319852.54
178712,163457432.1,28715021.03
178713,7762621.51,3768015.29
178714,81952372.91,152253022.3
178715,26237151.98,15486346.79
178716,81399243.52,152045934.79
178801,201310.0,77954.69
178802,31606063.0,594072238.05
178803,128059197.23,123346014.74
178804,8217.63,218967.82
178805,14819.0,37323.16
178901,139366021.52,113048360.96
178902,19885427.0,508471.08
178903,75495343.91,80831802.22
178904,1292496.0,3398124.0
178905,3438181.0,681718.0
178906,1152140.1,3723455.5
178907,1303728.76,3481064.06
178908,220849.03,30377.34
189001,72873291.99,104430291.57
189002,3807827.89,16937130.14
189003,1360603.5,39516919.58
189004,1585765.73,49343285.9
189005,18692080.78,2185873.72
189006,4931497.25,13512440.42
189007,824003.21,3550869.76
189008,495468.21,5365504.97
189009,645958.0,2974941.0
189010,2218648.7,10174884.2
189011,2389292.68,7587181.67
189012,73413.0,2936934.94
189013,807677.83,11871494.75
189014,3213714.48,11248251.81
189015,7606749.22,15806582.49
189016,166338.42,1215246.95
189017,2139413.64,7883536.63
189018,95783666.0,330438913.78
189019,1987815.55,45310085.39
189020,147049.17,3098511.63
189021,12382041.8,161979142.72
189022,6166699.71,45482306.17
189023,2721417.27,3710655.65
189024,1217744.31,30806630.55
189025,1747136.67,11118671.23
189026,10121927.65,31682619.32
189027,14930386.08,101584624.81
189028,29256925.98,16687535.68
189029,54858818.3,26967145.82
189030,13461253.0,85909734.45
189031,33542273.94,58164510.55
189032,35461986.52,67782432.4
189033,3086921.03,15720943.14
189101,10915444.68,28422963.92
189102,8037587.27,99934003.66
189103,30365.78,842795.34
189104,8610.0,146577.86
189105,744872.77,2973206.4
189106,449166.86,2404870.33
189107,217225.02,2784262.84
189108,46089.22,256405.25
189109,1687800.18,187339.05
189110,0.0,49489.42
189111,3770079.05,1289780.54
189112,504313.37,6544.0
189113,4262373.2,7134625.27
189114,4454321.08,2087119.82
189201,50411.0,1944398.76
189202,193006.73,1998950.49
189205,66826.12,3284282.1
189206,191014.28,1498517.3
189207,87464.37,5505614.83
189208,45116.25,208078.3
189209,1932332.49,3912256.91
199301,2471.0,395112.0
199302,307279.57,329633.07
199303,22194672.42,2135645.02
199304,224048.04,813047.51
199305,3975960.99,22008040.9
199306,1179861.08,10227026.36
199307,22970.27,41878.39
209401,672068627.08,381301569.47
209402,10123211.23,15913944.1
209403,368289698.41,402392223.89
209404,67680604.75,53442583.35
209405,88495408.24,186258792.58
209406,46837837.4,35432108.24
209501,2458.0,0.0
209502,29853.0,0.0
209503,23978442.72,188166003.68
209504,6286160.4,129257079.65
209505,3546216.09,34164018.88
209506,19155265.3,90437253.93
209507,4200810.01,12635765.93
209508,335661.47,1906264.04
209601,73253.1,408401.51
209602,881564.47,3001290.11
209603,11808388.26,25918168.53
209604,100250.1,86814.71
209605,30978.92,597902.94
209606,16381031.11,16284854.23
209607,2340338.98,11284387.14
209608,3032226.07,28471862.13
209609,743633.56,7278040.94
209610,18451152.93,707686.29
209611,201990.55,1496422.52
209612,6076728.35,12296544.81
209613,931565.82,6487955.59
209614,15453.0,184122.63
209615,477106.13,4745500.52
209616,65154.19,624738.27
209617,959024.93,2250962.01
209618,420430.92,1796461.03
219701,8202726.87,27305734.7
219702,593281.16,576311.09
219703,630919.05,3293210.43
219704,1003113.62,781250.58
219705,102680.97,1521460.23
219706,1649230.53,1419734.87
