010101,18006.16,113980.11
010102,250136.58,589316.54
010103,1653.0,182018.67
010104,0.0,1250.0
010105,18005.0,1136035.84
010106,34083.34,17845.0
010201,6168721.38,817406.19
010202,8212808.6,269326.11
010203,28029.0,147472.36
010204,26078.0,6192.0
010205,32699.0,6979.24
010206,195582.1,369451.16
010207,26986.0,2629286.87
010209,0.0,34390.1
010210,69570.0,2737.57
010301,2005435.0,119821.03
010302,4104406.46,244348.07
010303,87276503.19,200636.58
010304,2006313.1,283895.88
010305,69971.09,300721.36
010306,119246687.96,6099870.41
010307,10718467.37,326234.87
010401,41644.87,407352.63
010402,794778.3,4603875.68
010403,28848.46,39102.42
010404,1670221.1,193650.01
010405,374077.3,2623661.43
010406,7569204.33,1707836.8
010407,81068.39,6149356.36
010409,25158.29,156391.36
010410,175620.0,166277.71
010501,4236.0,0.0
010504,250702.71,37951.09
010505,6315.0,0.0
010507,4591.0,0.0
010508,23333.36,0.0
010511,724941.7,562384.68
020601,11485.0,68714.0
020602,8204241.59,295265.65
020603,93608.76,53646.23
020604,704987.06,13234.59
020701,6065916.29,520648.44
020702,260431.38,8808.0
020703,1284289.38,780698.09
020704,17178.04,104294.59
020705,532569.24,190607.66
020706,4605.4,45802.34
020707,1308049.16,5488.59
020708,2303273.62,34392.57
020709,2028026.05,91767.46
020710,66616.45,757653.29
020711,2863415.3,219552.27
020712,28710.14,50160.25
020713,2646751.16,652591.65
020714,860335.87,12264.28
020801,933271.6,46358.15
020802,1824901.0,52874.76
020803,232002379.97,2102620.38
020804,20965094.83,406084.93
020805,10968353.94,47467.11
020806,70587.61,1219163.57
020807,45594527.85,21111.29
020808,59782.78,159917.94
020809,540243.26,73461.78
020810,90563.12,51249.17
020811,1699875.25,37753.99
020812,7064.73,0.0
020813,75512.98,36121.15
020814,3950.51,0.0
020901,687525370.12,130015.78
020902,0.0,36710.24
020904,1589195.54,300506.76
020905,4115.13,3904.0
020906,0.0,42318.75
020908,990072.82,33957.12
020909,20885.0,124564.54
020910,1802211.4,79072.37
021001,7910539.31,24843920.2
021004,0.0,33168.71
021005,575793.12,16170039.19
021006,277815.85,20077873.91
021007,44274.17,150045.7
021008,9447.69,7451.06
021101,70382.91,91909.0
021102,150398.11,1327527.36
021103,1579.55,521449.02
021104,56253.27,1119714.65
021105,28030.66,230900.77
021106,73986.0,0.0
021108,1482.82,142010.06
021201,0.0,40912.87
021202,610954.21,22792.52
021203,839366.0,0.0
021207,1750904.47,1155023.47
021209,647092.1,2737244.0
021210,0.0,34026.0
021211,15698.82,37966.07
021212,5931.9,1511.0
021214,0.0,15659.0
021301,1093658.67,984968.97
021302,429332.46,728015.98
021401,13393.49,221874.0
021403,0.0,2877.77
021404,1791.36,19138.78
031501,6446.71,0.0
031502,107245.4,51849.0
031503,18736.28,0.0
031504,1729.79,26621.0
031505,19802.0,2964.0
031506,10916.57,0.0
031507,4445533.37,929241.25
031508,19374.98,0.0
031509,115714.0,309290.4
031511,9776572.76,1544760.13
031512,25765.18,425181.61
031513,1048204.02,0.0
031515,64444.28,487055.99
031516,473404.37,1698717.68
031517,182960.97,314173.41
031518,233243.52,41120.92
031519,2583398.71,240853.87
031520,0.0,38839.54
031521,0.0,20959.0
031522,11122.36,0.0
041601,3115.0,403102.61
041602,5365.06,353364.88
041604,3653.0,1489290.57
041605,10006.0,34773.0
041701,29474913.89,212993.65
041702,20073.97,20598.51
041703,6157918.9,6721.24
041704,1830061.96,4629903.03
041801,2685147.01,199747.61
041803,160617.52,3687.97
041804,3484155.54,0.0
041805,37570.46,100294.85
041806,863809.48,2364531.15
041901,121797.02,3191208.6
041902,123953.54,2564837.24
041903,91614.14,0.0
041904,359758.96,3697552.96
041905,1031834.93,10568735.91
042001,17597.32,88841.0
042002,1203334.04,6704337.42
042003,0.0,5914.2
042004,556654.19,577378.24
042005,1788986.09,946099.43
042006,56950.0,7257.27
042007,9675591.22,1180398.37
042008,16614402.9,586046.88
042009,11713814.01,4433481.68
042101,4841.04,102113.0
042102,124990.0,931317.23
042103,8850092.71,5201958.89
042104,1011609.44,9585347.72
042105,0.0,421256.92
042106,743011.85,44993668.85
042201,5699.0,33635.01
042202,117270.76,2056914.25
042203,162776.18,966897.69
042204,397437.09,803553.66
042205,0.0,22302.67
042206,6319.14,6518.94
042208,269441.09,3322899.64
042209,185000.27,50085.76
042301,51316.19,98197.69
042302,143556.48,4847600.41
042304,13438.09,2383674.91
042306,581332.62,14688.04
042307,81896.0,1153.0
042308,35049.46,17449.0
042309,350833.17,7781512.81
042401,6828959.3,37388291.47
042402,87756367.28,8402977.2
042403,274957.37,778594.81
052501,9539.58,23775.8
052503,0.0,88728.51
052504,0.0,3983.3
052505,0.0,13674.36
052507,0.0,2700.86
052508,23067.09,98426.01
052509,0.0,5885.48
052512,0.0,5543.0
052513,0.0,51556.34
052515,10379.01,53030.58
052516,1062.23,4889.44
052517,20520.0,11534.0
052518,43552.04,0.0
052519,0.0,8227.12
052520,79231.03,20513.4
052521,91292.39,0.0
052522,73849.99,1397.53
052523,2377734.21,167701.08
052524,0.0,2527.0
052526,3137.5,46478.15
052529,3200.72,0.0
052530,491878.04,768727.47
052604,1750.0,0.0
052607,1715239.0,0.0
052608,27338380.03,0.0
052616,38341957.0,0.0
052617,11745.77,0.0
052620,704403.96,0.0
052701,0.0,1524364.0
052704,0.0,1079240.9
052706,3222.84,0.0
052707,0.0,21019.92
052708,38615.0,1365.16
052709,1518.06,6981731.59
052710,3988077.07,161893973.76
052711,4321656.88,467436.07
052712,90822.73,1011439.43
052713,474103.39,150819.84
052714,728128.68,217790.11
052715,1682266.0,1364269.06
052716,17945.0,0.0
062801,29280.3,1018468.14
062802,3027.42,1019.13
062803,0.0,18455.0
062804,39272.28,0.0
062805,3395.0,10456.12
062806,11146.2,13884.75
062807,35400.73,82538.07
062808,0.0,208906.76
062809,19989.07,74975.25
062810,8622.0,45920.97
062811,63401.88,1334006.1
062812,0.0,3778.59
062813,0.0,852871.2
062814,1260.0,21505.94
062815,79552.13,2145716.21
062816,0.0,41506.03
062817,0.0,26673.09
062818,37315.34,33436.85
062820,0.0,130930.41
062821,12266.58,139857.87
062823,50307.34,25963.75
062824,3573.0,4941.0
062825,39132.48,26717.61
062826,0.0,9209.4
062827,119328.21,487533.82
062828,808526.78,179404.34
062829,15525.45,94076.22
062830,1447.0,15773.47
062831,59604.43,157161.01
062832,0.0,1383.0
062833,63144.25,845767.51
062834,24723.79,259057.48
062835,153325.39,3451810.36
062836,115677.06,186115.62
062837,18344.63,0.0
062839,14131.68,70987.43
062840,0.0,7270.72
062841,0.0,15622.44
062842,0.0,41564.83
062843,0.0,3142.0
062844,21022.0,1336.39
062847,1855.68,42577.24
062848,1141.0,5190.0
062849,266491.0,38345.51
062851,0.0,9753.07
062901,15347.29,0.0
062902,211926.35,2798183.85
062903,23229.35,445807.12
062904,336764.62,2107567.06
062905,231490.32,1573826.9
062906,204007.0,140150.73
062907,69049.0,5152.64
062908,166538.87,108319.66
062909,62098.17,393529.09
062912,19462.55,17418.49
062914,44636.04,94961.86
062915,115229.24,601138.3
062916,1968.0,41858.97
062917,0.0,43064.01
062918,119169.66,242019.24
062919,20845.0,19583.31
062920,0.0,7031.58
062921,7129.0,44045.82
062922,7134.63,140930.9
062923,47195.26,66224.84
062924,0.0,116078.67
062925,0.0,15154.7
062926,1733.0,18609.31
062929,65434.0,298036.49
062930,0.0,149789.77
062931,2835.0,21778.04
062932,11939.0,27198.0
062933,115659.0,332100.69
062934,3331.0,230473.16
062935,30010.0,55721.49
062936,3598231.0,1446053.18
062937,0.0,65072.19
062938,2944.0,1109.03
062939,67956.0,73685.0
062941,235624.0,214087.76
062942,35712.0,41661.03
063002,551542.19,1836204.43
063003,1198383.4,5419543.53
063004,9693401.33,42318868.59
063005,55161.84,1016869.23
063006,17444.96,179262.19
063101,1129.0,80238.79
063102,613463.7,9896588.11
063103,61907.96,62779.65
063104,245266.54,2833724.58
063105,1162771.75,15292582.56
063201,0.0,65647.85
063202,0.0,123579.87
063203,34539.0,22106.47
063204,611934.33,1165808.16
063205,37352.13,214572.6
063206,17848.0,65317.07
063207,98123.62,26173.32
063208,350206.21,7751938.64
063209,4986198.34,480653.52
063210,146507.0,35911.11
063211,4314.08,8074.0
063212,13993.26,81117.06
063213,112166.79,92278.99
063214,153487.05,472659.97
063215,169440.0,3267309.99
063301,317276.25,3648923.78
063302,367730.64,2251188.58
063303,217976.8,3647721.59
063304,177797.78,2580294.29
063305,175558.0,3745086.03
063306,262239.54,4303990.57
063307,96336.8,1462330.75
063401,42373356.58,6620055.06
063402,7294718.65,7553166.72
063403,16079.2,134400.99
063404,17681.0,282412.06
063405,3568750.39,387218.54
063406,310088.2,305672.07
063407,0.0,16982.94
063501,5965.0,39336.0
063503,3322.0,64711.0
063504,1721.0,3091.57
063505,8208.07,8553.41
063506,1491829.5,1293216.06
063507,15040.53,245606.6
063602,25041.0,6606.55
063603,10306.0,27374.33
063604,45558.0,118516.17
063605,1990668.89,838641.12
063606,40164.0,15565.69
063701,6183.0,759429.92
063702,1365933.0,1897117.48
063703,4400.0,6901.01
063704,6043.0,0.0
063705,0.0,9444.0
063706,5475.0,15433.0
063707,29412.0,884014.71
063801,0.0,5760.63
063802,0.0,6033.86
063804,2697.0,0.0
063805,729173.08,35107.63
063806,8876726.26,42976.16
063807,865437.34,2144.84
063808,931645.47,39380407.08
063809,26246.0,466937.72
063810,21199.0,0.0
063811,273383.0,2310725.55
063812,7242.0,181629.23
063814,28826.65,241977.23
063815,22300.0,252875.78
063816,5843.79,47321.91
063819,5351.0,464981.7
063821,0.0,9050.06
063822,9467.06,479966.07
063823,88962.58,509355.4
073901,155714.91,19242956.01
073902,50102.96,171770.6
073903,3099.0,2259853.53
073904,104667.47,1315928.47
073905,49286.08,1594763.45
073906,24404.71,63167.05
073907,6627299.5,3291381.78
073908,0.0,11263.0
073909,106229.0,215710.56
073910,18789.0,62917.51
073911,68629.0,65411.42
073912,35407.22,112346.37
073913,36204.04,2883.0
073914,0.0,10554.42
073915,253431.7,360112.72
073916,12379.0,210521.72
073917,659917.24,5635033.95
073918,5178.0,48902.68
073919,87417.16,2552165.44
073920,798972.15,12227569.43
073921,452955.98,2808777.91
073922,67445.0,346337.67
073923,12203139.7,11893127.44
073924,841081.51,5745530.36
073925,206199.85,524890.1
073926,482738.52,6785232.49
074001,16871.0,246911.83
074002,181023.42,1433424.71
074003,443062.0,116072.19
074004,0.0,41644.0
074005,48193.0,707981.9
074006,76679.47,224278.84
074007,0.0,95397.08
074008,477216.13,79654.36
074009,1999.0,113368.76
074010,13862.0,73971.95
074011,300823.56,17403528.18
074012,18904.59,335402.98
074013,0.0,189154.58
074014,1952.0,25320.85
074015,64880.0,177715.32
074016,81964.46,1654637.81
074017,6984.0,13550.08
084101,2467653.11,143609.12
084102,39446.0,0.0
084103,11297.0,72243.0
084104,1080269.29,2047854.67
084107,11318.0,0.0
084108,0.0,2639.0
084109,0.0,119321.71
084110,0.0,4176.97
084201,0.0,32919.0
084202,1896156.87,1253274.44
084203,662436.0,378135.42
084204,0.0,7810.0
084205,28915.12,112947.44
084301,522251.0,6725858.0
084303,77626.0,60517.0
094401,491663.0,101595.57
094402,3152.38,0.0
094403,18551418.71,175293.4
094404,9017502.62,705762.45
094405,0.0,1085.0
094406,16110.22,106869.04
094407,22084595.36,5659461.66
094408,82374.21,316811.39
094409,6543404.04,76771.44
094410,81553.59,812698.2
094411,16274.56,1165772.96
094412,2167013.04,1280517.48
094413,3794450.39,149313.82
094414,36683.93,105057.87
094415,1210503.16,1314965.75
094416,542304.67,1681.16
094417,7879609.44,112520.75
094418,851536.73,439742.41
094419,508787.05,14526.53
094420,358806.42,83994.9
094421,8985364.17,695615.84
094503,0.0,27701.0
094504,0.0,24730.25
094601,3629.8,70502.87
094602,127707.58,28479.87
104701,39124.84,93119.79
104702,145220.5,0.0
104703,3493.44,128719.0
104704,43177.56,79493.58
104705,7311.7,149869.0
104706,0.0,213840.28
104707,1487068.69,178157.05
104801,40519.66,6953919.86
104802,92162.75,8954265.1
104803,30594.65,2755349.61
104804,374729.36,1662520.34
104805,62264.64,1211000.3
104806,0.0,149573.85
104807,112228.44,916370.11
104808,18862.33,94553.55
104809,50969.26,75250.28
104810,849521.77,627352.45
104811,310574.64,3023174.86
104812,57462.0,6510.0
104813,48023.72,764099.54
104814,40396.48,25222.0
104815,52047.0,20567.57
104816,664767.91,186432.91
104817,55416.0,77717.29
104818,2911571.38,9812559.65
104819,16513401.09,23224350.15
104820,1601607.5,1065119.39
104821,409536.53,4041163.79
104822,4047.08,1260.67
104823,280626.02,4650831.46
104901,306669.52,4530404.45
104902,22911.0,140610.61
104903,53227.0,143073.23
104904,0.0,1167.0
104905,0.0,213010.87
104906,2736.0,5767.0
104907,22432.0,559908.62
104908,0.0,80939.22
104909,2550.89,277630.61
104910,37591.92,36810.55
104911,746034.91,1133607.04
115001,10334572.0,0.0
115006,27177.0,0.0
115007,63055.0,151951.35
115101,2903999.0,0.0
115102,3577.0,0.0
115103,1331.0,0.0
115104,858399.0,0.0
115105,79931.27,180630.0
115108,0.0,236449.0
115109,22720.0,0.0
115111,3233.0,20407.0
115112,1945.0,9173.0
115201,1199244.38,23530.21
115202,442735.29,410682.02
115203,17734.0,168610.43
115204,1571451.18,1129809.64
115205,258762.73,18830510.11
115206,185373.74,0.0
115207,11632.0,3146.0
115208,1466977.13,15551506.52
115209,648744.76,6259479.63
115210,520293.0,3608709.57
115211,22472.0,181346.05
115212,109385.79,2222207.25
115303,4097.76,0.0
115309,4084.0,681337.0
115310,10143.0,0.0
115401,433924.52,2340158.66
115402,114203.0,1730753.34
115403,11526.0,5411.0
115404,0.0,73551.0
115406,0.0,57440.82
115407,532407.2,5520079.13
115408,135861.0,901052.51
115501,0.0,10526.43
115502,12302.0,0.0
115503,98337.0,2058035.25
115504,12060.0,0.0
115505,45921.42,0.0
115506,19374.78,3375.17
115507,176826.0,0.0
115508,589653.0,2364512.78
115509,306466.74,1447639.72
115510,1477.72,0.0
115511,0.0,45592.17
115512,35638.0,202432.65
115513,1649986.11,5726077.87
115514,242262.0,387910.71
115515,80347.66,772379.49
115516,364191.5,4434796.53
115601,807394.3,50345.75
115602,0.0,33882.07
115603,98092.0,102136.38
115604,262671.0,6697.71
115605,9205.0,0.0
115606,612722.16,0.0
115607,319629.78,560746.61
115608,10544.0,34544.0
115609,419679.02,41878.99
115702,0.0,13580.0
115703,0.0,1303.0
115801,102037.0,1430390.5
115803,7886.0,0.0
115804,26259.0,1148624.05
115805,2508.0,3750.0
115806,206671.8,2080183.77
115807,59175.0,1760458.75
115808,14078.0,111179.89
115810,19612.0,271917.71
115811,0.0,15305.37
115901,0.0,2000.0
115903,369429.0,539328.28
115905,46404.0,3219.0
115906,49127.23,76291.0
115907,7611.0,0.0
115908,129199.78,22198.01
115909,97658.0,43350.28
115910,0.0,18455.0
115911,0.0,149531.6
116001,13967.0,940644.0
116002,900270.43,35327550.33
116101,505524.0,60855.37
116102,3499787.0,733085.0
116103,33669018.27,3041923.76
116104,81550853.75,7976641.26
116105,120523169.67,16628515.2
116106,15298610.08,2087108.87
116107,107051434.25,6802441.09
116108,90047732.49,2714020.11
116109,389014991.27,44930935.98
116110,191129310.21,10915978.6
116111,23663555.0,3008602.46
116112,2651174.04,807119.99
116113,21016.0,1106.0
116114,3178172.0,99669.98
116115,1616139.29,3062404.45
116116,843814.0,79203.0
116117,9769.0,13042357.28
116201,3984455.0,44918.42
116202,10748640.68,34180.98
116203,169882443.7,17456626.45
116204,98872513.9,4783850.42
116205,140600709.61,27805384.39
116206,8254171.05,1390368.62
116207,33744767.75,1103264.89
116208,19801587.68,2763042.72
116209,12159841.0,527982.23
116210,30400327.0,650019.08
116211,11931765.0,363190.0
116212,119403791.72,25538103.53
116213,30954.0,15603.37
116214,15411.0,10510.0
116215,7831.0,17697.4
116217,874419.0,44176695.23
116301,0.0,326448.41
116302,124410.0,1784485.39
116303,2051.0,5986.75
116304,35205.0,23646.48
116305,1474241.43,952246.39
116306,320065.06,1510.0
116307,2818873.75,1642470.04
116309,104115.18,2505276.82
116310,117644.33,1546621.16
126401,27299.0,57027.01
126402,114017.51,3954848.36
126403,239692.24,3714466.33
126404,114811.0,1836347.5
126405,1427585.45,2350970.48
126406,21931141.83,7771286.98
126503,3483.0,11599.67
126504,37029.69,1187.94
126505,2680670.0,460122.38
126506,31104.0,80041.0
126507,16858.0,0.0
126601,45100.0,139105.53
126702,16723.05,5545.0
126703,21779.0,0.0
126704,0.0,10344.0
136801,2708.15,0.0
136802,1180871.92,28859.67
136803,41136.62,28460.0
136804,15118.21,445758.15
136805,54622.36,1469851.53
136806,4125.0,50439.69
136807,27503.15,122213.99
136808,503801.0,56788.62
136809,47622.24,1050.0
136810,349511.54,1424851.37
136811,854013.26,317237.92
136812,3679.0,80753.04
136813,0.0,423496.97
136815,5325.49,42021.49
136901,3099.65,37730.93
136902,3109.02,691006.92
136903,0.0,112478.3
136904,0.0,53388.33
136905,137220.04,18030.16
136907,23085.21,358044.44
136908,24304.64,5311252.67
136909,0.0,10860.12
136910,4679.0,1832079.08
136911,1555.0,841367.57
136912,116788.49,312643.36
136913,578723.6,168528.48
136914,26520.06,26513.46
137001,435700.93,0.0
137003,0.0,40120.07
137004,1275.38,131721.92
137005,0.0,240852.33
137006,1398.0,7350.0
137007,40047.0,465058.65
137009,58187.45,212700.36
137010,329008.02,12059816.02
137011,0.0,18686.34
137012,0.0,4330.19
137013,43938.88,1945998.12
137015,0.0,5457.0
137016,2403.75,56981.93
137017,26626.0,61127.69
137018,0.0,17568.0
137019,16438.54,901383.17
137020,10629.0,44686.74
147101,118109.0,0.0
147102,3127.0,1123.0
147104,0.0,1153.0
147105,5939.0,0.0
147106,4495.0,18436.0
147107,6489564.0,0.0
147108,264204.0,2883.0
147112,18709.0,0.0
147113,2895.0,410179.39
147114,0.0,16598.0
147115,0.0,4037.0
147116,0.0,1898.0
147117,69974.19,271115.52
157202,2395.0,61184.96
157204,1093754.45,129651.98
157206,143975.46,16415.46
157207,0.0,2464276.57
157208,62059.81,262748.61
157209,1029554.9,2942759.9
157210,136429.86,13231640.43
157211,0.0,512085.43
157212,0.0,245948.34
157213,48996.94,899794.07
157214,977333.11,10106679.53
157215,45876.6,468535.4
157216,23705.14,2514862.36
157217,5856812.12,889257.16
157218,3866.0,0.0
157219,1117.0,385245.69
157220,1032.0,5100.0
157221,0.0,2872.94
157222,0.0,15003.0
157223,120223.0,26188.8
157224,1488.0,113955.93
157225,0.0,53527.68
157226,3844.08,357133.91
157227,157467.26,16569.89
157228,0.0,44019.21
157229,27023.36,8074.0
157301,9316.32,24126.28
157302,0.0,7891.0
157303,131967.29,413400.69
157304,29121.89,935885.77
157305,3644.56,27466.89
157306,559689.61,5255811.67
157307,12976.0,1550929.31
157308,342077.59,1502073.73
157309,453744.0,760941.62
157310,21017.93,3719905.38
157311,271702.84,740089.73
157312,458192.2,726611.67
157313,3064532.65,705367.08
157314,1873303.15,1035381.98
157315,142364.0,1864986.19
157316,0.0,6501.94
157317,3207523.33,1148027.57
157318,15403.57,1200747.71
157319,0.0,52601.52
157320,18982.0,321689.14
157321,109049.81,795808.08
157322,0.0,17891.73
157323,144924.94,1309829.77
157324,23025.0,365101.57
157325,31852.87,821076.32
157326,125932.85,4896979.87
157403,99430.0,71785.34
157404,1682210.03,3636.68
157406,0.0,5222.98
157407,4958.0,114798.85
157408,2560.0,75397.74
157411,0.0,279421.89
157412,0.0,1544.09
157413,52108.0,16972.0
157414,12753.0,13586.3
157415,0.0,15406.04
157416,34737.0,0.0
157418,0.0,3318.0
157419,1587.0,63741.42
157505,0.0,9369.04
157507,0.0,20611.0
157508,1119.0,9028.09
157601,6525.96,106361.88
157602,2784207.92,10583.0
157603,0.0,15888.64
157604,7039.0,897471.35
157605,30751.0,758184.74
157606,9018.0,481711.97
157607,217152.97,5094247.78
157608,3718.0,23679.0
157609,17585.96,248712.41
157610,102651.74,319689.87
157612,10665.4,1030362.69
157613,0.0,57045.76
157614,952386.8,0.0
157615,19636.8,566333.12
157616,124736.0,1002620.56
157801,1914.27,109126.8
157802,192508.02,0.0
157804,989434.0,0.0
157806,1343.0,1550.57
157901,0.0,2468.0
157904,53167097.0,0.0
157907,720257.0,66641.45
158001,28590.49,0.0
158002,32922.56,1919.32
158003,5846.0,83219.36
158104,3019.54,0.0
158109,14529.0,0.0
158110,0.0,11679.23
158201,325426.16,2354606.99
158202,17654.0,1353673.5
158203,67145.0,884327.01
158204,7817.0,187617.36
158205,29989.95,1631053.18
158206,18938.0,318671.27
158207,13046.0,351987.15
158208,44593.0,687371.2
158209,0.0,22450.0
158210,451992.56,476476.97
158211,30504.0,334811.12
158212,18044.0,981667.22
158213,1025.0,141928.14
158214,0.0,115050.6
158215,3392.0,146507.97
158301,0.0,1033446.23
158302,86948.52,1150217.15
158303,0.0,216294.02
158304,45267.0,0.0
158305,17562.34,141310.68
158306,395081.0,188970.84
158308,16374.0,1498579.39
158309,995762.72,3163827.45
158310,57183.0,17603.83
158311,11369.37,157223.02
168401,0.0,6025.0
168402,17138.0,4339835.24
168404,1427.0,343846.26
168405,39901.0,1306188.21
168406,10689.0,161468.0
168407,1470.0,1390522.76
168408,134748.0,1680300.68
168409,205486.0,5054957.02
168410,0.0,6819.0
168411,5733.0,254251.19
168412,0.0,117414.67
168413,294440.0,8282419.06
168414,199847.6,9343275.9
168415,100166.48,5444834.57
168416,37277.0,47191.36
168417,123143.71,1047161.44
168418,138190.7,19509526.98
168419,112048.72,3816666.0
168420,0.0,2895.0
168421,93794.0,6255918.68
168422,125665.0,5834223.59
168423,14669.74,941677.41
168424,191032.95,3998180.46
168425,10234.0,506358.26
168426,715411.76,515237.44
168427,0.0,152162.59
168428,19598.0,3694409.96
168429,2823971.0,16042886.55
168430,717861.0,3750338.39
168431,77056.14,9794558.39
168432,48448.0,2157319.43
168433,156087.0,824297.21
168434,0.0,15415.0
168435,1239.0,355824.95
168436,39046.99,819000.88
168437,1731.0,369690.2
168438,151393.0,7124743.61
168439,25526.0,82312.84
168440,1440.0,10069.91
168441,64962.0,706887.42
168442,3877.69,1500408.84
168443,120780.0,3567549.04
168445,28515.0,230363.0
168446,0.0,178576.96
168447,1068478.0,2812982.24
168448,24594.0,322641.47
168449,0.0,2869.0
168450,30682.0,2229229.31
168451,103288.0,4191229.64
168452,945667.51,21283603.48
168453,9885.0,140577.7
168455,0.0,59833.0
168456,1715.0,39596.02
168457,0.0,5360.0
168458,5860.0,72542.7
168459,2000.0,209538.25
168460,0.0,110199.26
168461,38364.0,176244.63
168462,3917.0,912289.28
168463,6552.0,515170.6
168464,5784.0,117488.31
168465,88381.22,2713129.71
168466,9856.0,1360831.95
168467,3227.0,1088338.92
168468,3364.0,10424.0
168469,0.0,4103.0
168470,44677.0,1215947.46
168471,293861.87,22453828.54
168472,21768.0,1969809.09
168473,212255.89,12239842.02
168474,481115.0,6399190.18
168476,0.0,5781.0
168477,57483.72,1841790.0
168478,23247.0,2370478.72
168479,151331.35,16259782.73
168480,82972.0,483034.37
168481,60224.0,3433814.75
168482,9941.0,2882440.47
168483,74528.0,1857062.79
168484,1766.0,210685.25
168485,12902.0,274926.07
168501,137510.26,1209839.35
168502,89559.0,1304695.0
168503,46999.43,921720.49
168504,1796115.0,5939486.93
168505,0.0,4916.0
168506,1146890.48,2467507.16
168507,81218.2,2912151.22
168508,24469.0,131376.27
168509,62403.0,1319716.17
168510,19513.0,23250.0
168511,44957.0,1403132.66
168512,5064.0,140461.22
168513,10642.07,105276.49
168514,4489.0,49436.0
168515,14052.0,127920.88
168516,117161.75,6054169.38
168517,624516.1,7489725.85
168518,13751.0,1154122.03
168519,4686.0,961473.28
168520,1841.0,2438.0
168521,3305.0,915198.4
168523,527993.49,916857.37
168524,133403.09,2965108.42
168525,66475.0,10710868.39
168526,0.0,212942.0
168527,68589.0,5113301.33
168528,48478.0,7702175.19
168529,291734.05,3173306.58
168530,0.0,3112.0
168531,20618.0,1133595.28
168532,0.0,37532.93
168533,15034.0,69516.91
168534,7926.0,12862.86
168535,8862.0,2380553.6
168536,1948887.12,10450753.12
168537,27256.0,1051876.07
168538,41897.0,366599.69
168539,92867.45,4058153.34
168541,5406.0,13832.0
168542,204998.0,23224.0
168543,44306.0,84049.0
168544,22112479.4,11049386.95
168545,16409.0,13564.09
168546,11617.0,88001.35
168547,26393.0,274839.3
168548,0.0,38837.0
178604,146694.0,0.0
178608,119298.83,2357.8
178609,37240.44,622173.6
178701,1142370.72,24968048.17
178702,139799.0,8795173.51
178703,1269206.25,23057059.33
178704,2069806.84,50248670.71
178705,164277.0,3796541.75
178706,186486.0,1530263.34
178707,0.0,338323.12
178708,5029394.82,16053871.41
178709,0.0,76472.0
178710,0.0,2968.0
178711,83550.0,783450.31
178712,19164.0,2178453.78
178713,48990.0,28313.01
178714,41455.78,1223217.72
178715,0.0,11131.39
178716,70123.58,3442607.81
178801,0.0,2330.0
178802,2892497.0,1712553.93
178803,582136.0,492354.76
178901,7507592.14,2696754.12
178902,193945.0,7098.09
178903,706527.0,1127699.63
178905,7831.0,31161.46
178907,0.0,5259.0
178908,68710.86,0.0
189001,0.0,30454.96
189002,0.0,11534.0
189003,0.0,72668.89
189004,5478.0,171369.14
189006,4579.0,27617.44
189007,18040.0,440999.62
189008,0.0,6300.0
189009,8995.0,1576190.03
189010,0.0,23447.0
189011,0.0,16330.0
189012,0.0,3531.0
189014,0.0,41541.0
189015,34840.0,194406.42
189017,196578.94,578739.33
189018,734814.47,3357309.21
189019,19132.0,513290.8
189020,0.0,3717.0
189021,11981.0,130752.96
189022,70753.0,18285585.36
189023,81031.0,6368.94
189024,0.0,34223.57
189025,5196.0,279287.87
189026,14170.0,694380.36
189027,27426.63,327646.38
189028,2054.0,2946.61
189029,0.0,41830.89
189030,198433.0,71193.55
189031,2834.0,214275.46
189032,1620.0,64302.4
189033,0.0,66846.0
189101,0.0,7435.0
189102,22089.0,59984.69
189103,0.0,31810.91
189105,0.0,39727.32
189106,2927.0,68129.37
189107,3137.0,0.0
189112,0.0,4493.0
189202,43371.89,9846.36
189204,0.0,4515.68
189205,0.0,12942.25
189206,14725.0,19078.0
189207,8256.0,0.0
189208,0.0,1263.0
189209,16292.0,7794.0
199301,22229.0,32616.25
199302,0.0,126954.0
199303,0.0,372242.78
199304,0.0,11311.0
199306,0.0,9015.0
199307,0.0,1092.0
209401,5925130.3,3139388.02
209402,4074.0,266235.74
209403,40673676.28,9751515.81
209404,621429.54,539596.4
209405,226337.72,2547637.37
209406,68099.5,184727.54
209501,0.0,21339.26
209502,80986.0,413446.58
209503,467419.55,4132763.63
209504,15907.0,65111.42
209505,34554.32,644188.26
209506,6276858.0,2966895.06
209507,0.0,22183.0
209508,2665.55,5798.12
209601,2685.85,0.0
209602,0.0,124535.11
209603,8972170.6,1841841.48
209604,0.0,7923.0
209606,111137.15,943858.63
209607,479498.48,2566844.55
209608,9203.87,993019.37
209609,13739.0,338670.43
209610,2583.0,5738.03
209611,0.0,2306.0
209612,3044.0,52406.88
209613,5682.0,13113.0
209614,2698.0,77833.74
209615,44115.0,129281.34
209617,0.0,175214.21
209618,0.0,19828.0
219701,177238.94,538633.78
219703,0.0,2698.0
219704,31264.0,0.0
219706,17602.0,3620.0
