010101,61348.0,28211.0
010105,0.0,28155.0
010106,226564.0,0.0
010201,21729.38,11675.55
010202,0.0,418989.0
010203,0.0,770610.98
010204,8416.81,307386.43
010206,0.0,22700.0
010207,0.0,1674795.37
010209,0.0,32761.0
010210,0.0,152983.08
010301,21248.0,2742.0
010302,111020.55,43794.0
010303,2266166.8,188060.0
010304,42750.87,183091.0
010305,61021.69,17011.0
010306,94315.29,552593.0
010307,16500.49,7709.29
010401,6703.69,897900.79
010402,0.0,7144383.59
010403,17084.0,664745.74
010405,0.0,269016.54
010406,79604.42,541287.93
010407,41643.69,1703143.6
010409,0.0,85670.0
010410,0.0,12606.0
010504,0.0,555302.0
010508,45043.04,3362.0
010511,0.0,17359.0
020601,0.0,24184.0
020602,4585.76,91484.0
020603,6904.4,0.0
020604,1969.21,0.0
020701,0.0,297611.16
020702,1695.13,690884.0
020703,1889.78,1642474.89
020704,0.0,240009.12
020705,0.0,106386.0
020706,0.0,95443.0
020707,0.0,82032.0
020708,0.0,15092.66
020709,6855.7,188647.0
020710,7961.35,378136.0
020711,2765.3,6800.4
020712,0.0,62226.0
020713,120445.61,3072223.0
020714,3818.84,0.0
020801,25825.41,63703.0
020802,29708.0,6906.0
020803,0.0,162153.97
020804,139193.72,119654.0
020805,0.0,223275.0
020806,0.0,265316.0
020807,87431.13,32912.0
020808,0.0,601004.0
020809,0.0,27401.0
020810,0.0,21704.12
020811,0.0,3779.0
020813,0.0,17656.0
020901,37527762.42,141498.79
020902,417407.91,283580.46
020903,0.0,2069.0
020904,79491.61,111703.29
020906,6376.98,11338.0
020907,150761.88,30236.0
020908,0.0,228590.55
020909,0.0,32126.0
020910,22917.6,199661.35
021001,0.0,303955.0
021006,6233.51,11703853.7
021007,0.0,5460.0
021008,300186.0,2284071.28
021101,0.0,4227196.0
021102,8783.96,68701.96
021103,285153.04,13533.74
021104,2385.0,71167.94
021105,0.0,12142.76
021106,8481.0,0.0
021107,7688.0,471505.0
021108,0.0,8190.0
021109,0.0,36401.0
021202,0.0,80001.97
021204,0.0,2835.0
021205,155837.26,3640.0
021207,0.0,20194.0
021209,7232.11,595290.2
021210,172733.02,0.0
021211,18982.72,12740.0
021214,0.0,1820.0
021301,356664.98,6221.0
021302,0.0,271680.0
021401,0.0,6611.0
021403,119881.24,0.0
021404,10685.05,0.0
031504,85478.42,9426.0
031507,0.0,1006259.55
031508,0.0,10217.21
031509,0.0,15797.0
031510,0.0,79371.0
031511,154342.99,767759.0
031512,0.0,89445.0
031513,9182.0,851803.0
031514,0.0,247238.0
031515,41490.45,1020523.77
031516,16506.14,283684.11
031517,5964.0,1150877.47
031519,1542.26,8936.68
031520,0.0,3520.0
041601,19449.66,220694.24
041602,0.0,1733878.76
041604,6543.4,2164240.6
041605,673563.82,73412.29
041701,80861.3,3276981.89
041702,0.0,546830.2
041704,9992.44,960339.88
041801,4800214.16,0.0
041803,0.0,42071.0
041805,0.0,51282.7
041806,14186.45,956632.94
041901,0.0,903431.0
041902,7996.18,97413.12
041903,0.0,2834.0
041904,109438.47,230258.72
041905,97446.85,1210113.62
042001,0.0,133898.34
042002,37456.41,208502.26
042003,0.0,13777.16
042004,22592.59,29815.0
042005,69155.3,902354.41
042006,0.0,6010.22
042007,0.0,240993.15
042008,62543.45,168183.98
042009,2198.38,952238.99
042101,14152.0,73015.0
042102,32927.7,209637.6
042103,6202.05,588728.84
042104,0.0,1124573.97
042105,0.0,139810.9
042106,5203.9,1677090.51
042201,6695.09,197748.47
042202,8266.47,1444297.27
042203,0.0,2720276.0
042204,62438.74,267460.79
042205,1521.87,63194.93
042206,0.0,71268.6
042207,1784.0,285596.44
042208,8137565.52,1241061.41
042209,0.0,3756.0
042301,0.0,775973.09
042302,358307.13,0.0
042303,0.0,37450.55
042306,1361.77,0.0
042308,0.0,1820.0
042309,110369.61,454469.31
042401,0.0,316636.39
042402,144390.0,7503380.0
042403,23006.0,47030.0
052501,3816.0,424290.54
052503,0.0,26391.0
052504,4289.99,0.0
052505,0.0,10133.0
052506,0.0,4550.0
052507,0.0,6370.0
052508,0.0,56142.0
052509,0.0,50706.29
052513,0.0,4772.0
052515,0.0,79344.0
052516,1108.22,0.0
052517,0.0,7694.45
052519,0.0,26391.0
052520,0.0,755673.42
052521,0.0,380209.45
052522,0.0,91867.74
052523,143913.59,1644542.02
052525,0.0,8635.0
052529,0.0,7280.0
052530,0.0,64589.0
052606,0.0,22751.0
052615,41096.81,0.0
052619,0.0,2007.14
052620,180684.33,0.0
052621,0.0,9698.0
052703,2957.77,56491.0
052704,0.0,56000.0
052706,0.0,1620.0
052707,0.0,49012.0
052709,0.0,841732.0
052710,3309.72,29745265.09
052711,0.0,208645.23
052712,0.0,1158210.27
052713,0.0,486275.0
052715,0.0,26970.0
062801,0.0,33992.79
062803,0.0,15996.52
062804,0.0,9699.79
062806,0.0,12283.0
062807,0.0,47703.33
062809,0.0,1820.0
062811,0.0,67423.9
062814,0.0,2963.0
062815,0.0,836659.8
062817,42191.56,0.0
062818,87425.05,10010.0
062820,0.0,2730.0
062821,0.0,12520.22
062823,13521.23,0.0
062824,65398.35,0.0
062826,0.0,9100.0
062827,0.0,13999.82
062828,0.0,25084.23
062833,0.0,18200.0
062834,0.0,12624.0
062835,0.0,233861.71
062836,7129.95,52582.57
062839,13501.53,45415.29
062840,12149.02,0.0
062841,6763.84,4043.86
062842,15879.7,0.0
062844,0.0,8503.0
062846,0.0,7092.0
062847,0.0,1889.0
062849,53050.17,44689.05
062851,0.0,52946.42
062901,0.0,13228.0
062902,0.0,353036.31
062903,0.0,75643.32
062904,0.0,2517.0
062905,0.0,45790.0
062906,0.0,4000.0
062909,0.0,13053.0
062912,2729.0,3428.0
062914,0.0,21941.89
062915,0.0,67017.54
062916,0.0,10067.45
062917,0.0,26816.0
062918,23990.2,61556.0
062921,0.0,80573.0
062922,41513.0,2572559.57
062923,46831.49,4735.0
062924,0.0,8126.0
062925,2895.0,0.0
062926,0.0,49134.0
062927,0.0,1790.0
062928,0.0,4645.0
062929,0.0,224035.0
062930,48966.08,6690.0
062932,209510.0,2834.0
062933,76854.05,123444.0
062934,0.0,9100.0
062935,0.0,5300.0
062936,0.0,82567.0
062937,0.0,6370.0
062939,1819.0,8091.0
062940,0.0,8778.0
062941,256335.0,137798.0
062942,0.0,71844.37
063001,0.0,27180.0
063002,0.0,702010.0
063003,0.0,346518.0
063004,774333.0,5254993.25
063005,0.0,783063.76
063006,0.0,301119.0
063101,0.0,1783.62
063102,3183.58,16816.89
063103,0.0,8861.0
063105,0.0,23435.72
063201,17171.79,0.0
063202,0.0,19216.57
063203,0.0,16573.0
063204,1613.0,237685.0
063205,0.0,80080.0
063206,2645494.97,171637.43
063207,0.0,58197.0
063208,48444.33,836241.9
063209,0.0,468647.74
063210,8452.29,164737.04
063211,1557.64,20296.46
063212,167940.0,200571.94
063213,0.0,15851.0
063214,15963.9,162117.88
063215,0.0,270511.42
063301,0.0,33280.9
063302,2729.0,368127.0
063303,0.0,297403.0
063304,12491.0,714878.4
063305,4044.0,395220.43
063306,0.0,584511.57
063307,1884.61,393022.96
063401,14078.01,909664.37
063402,1116.06,489865.73
063403,7108.34,170805.44
063404,0.0,44581.39
063405,0.0,218213.36
063406,0.0,102989.26
063407,0.0,6370.0
063501,0.0,21187.39
063503,0.0,9000.0
063504,3595.6,3450.0
063505,5283.32,22607.46
063506,13359.91,533403.45
063507,0.0,14232.0
063601,43673.0,0.0
063605,0.0,16020.0
063701,0.0,94636.0
063702,0.0,182241.0
063703,0.0,261989.0
063705,0.0,6682.0
063706,0.0,26963.0
063707,0.0,605383.0
063801,3555.23,2567.0
063802,0.0,18403.0
063807,0.0,15760.57
063808,5440.36,814401.07
063809,0.0,58112.0
063810,11988.26,15470.0
063811,0.0,1970.0
063812,33304.54,45502.0
063814,5079.31,72655.26
063815,1366.0,94642.0
063816,0.0,54602.0
063819,0.0,57867.0
063820,1720.83,12740.0
063821,0.0,12903.0
063822,0.0,367331.0
063823,267526.12,342797.0
073901,280088.96,893455.49
073902,25214.73,577881.31
073903,0.0,196199.21
073904,0.0,234070.0
073905,61628.67,62559.8
073906,14963.04,628660.36
073907,27455.77,708074.82
073908,0.0,166636.0
073909,34056.29,225397.0
073910,2083.0,20242.55
073911,9554.79,283024.0
073912,8707.59,58500.67
073913,0.0,1079.0
073914,0.0,40042.0
073915,30845.77,40347.6
073916,0.0,567109.0
073917,10984.0,619091.95
073918,82164.85,278707.55
073919,5813.0,396182.2
073920,91089.38,2163213.3
073921,135814.89,1068873.05
073922,9476.0,120502.58
073923,549266.36,1853047.65
073924,296171.0,604187.09
073925,5166.07,369167.66
073926,140059.73,5029290.86
074001,48083.98,1035733.0
074002,33557.11,178137.0
074005,0.0,218410.0
074006,0.0,48059.0
074008,569420.92,88273.0
074009,2422.13,64534.92
074010,58356.85,157931.0
074011,735063.9,1815657.33
074012,55585.34,279544.98
074013,0.0,143028.84
074014,0.0,34636.0
074015,88308.0,189881.65
074016,175091.0,461591.98
074017,4540.58,45048.0
084101,88403.41,0.0
084103,0.0,73425.0
084104,54978.6,189189.0
084105,0.0,19761.0
084106,0.0,9086.0
084107,44883.0,15470.0
084111,0.0,3640.0
084201,0.0,33118.0
084202,29562.0,2534898.99
084203,2502.0,19432.0
084205,1457989.0,5796.0
084302,101894.0,0.0
084303,0.0,712566.0
094401,41840.29,0.0
094402,7750.31,0.0
094403,195201.21,12065.89
094405,0.0,2730.0
094407,111064.46,214491.39
094408,61397.14,147427.0
094409,33693.38,45502.0
094410,15414.0,179277.0
094411,112572.93,1186303.24
094412,7310.0,553371.43
094413,0.0,47322.0
094414,0.0,10010.0
094415,0.0,70124.0
094417,22409.25,20750.69
094418,176436.0,429986.12
094419,28605.23,7578.0
094420,0.0,1118.0
094421,112194.22,98242.09
094504,0.0,4550.0
094601,0.0,532079.78
104702,4012.16,0.0
104703,0.0,123766.0
104704,797884.72,9100.0
104706,0.0,7280.0
104707,193597.83,444544.28
104801,110143.2,40042.0
104802,41748.96,711100.3
104803,0.0,107901.0
104804,68009.63,239353.8
104805,24440.94,135130.12
104806,0.0,10920.0
104807,0.0,11830.0
104808,0.0,86368.25
104809,2997.95,264029.14
104810,49080.92,450963.37
104811,121224.29,477345.87
104812,0.0,2730.0
104813,0.0,127496.36
104814,0.0,2730.0
104816,0.0,4126.0
104817,38016.89,192602.29
104818,310380.11,331391.5
104819,73180.2,1195297.06
104820,30103.5,964679.08
104821,13992.03,224786.81
104822,0.0,7280.0
104823,74232.55,1705286.53
104901,115659.78,1246789.71
104902,9446.0,36750.0
104903,0.0,26612.0
104904,0.0,3400.0
104905,0.0,13087.0
104907,0.0,107787.0
104908,0.0,24571.0
104909,0.0,40757.0
104910,0.0,29315.64
104911,4853.0,359994.0
115007,0.0,14560.0
115101,0.0,3554.0
115102,0.0,1820.0
115106,0.0,19110.0
115107,0.0,72423.0
115111,0.0,45835.0
115112,0.0,428034.0
115201,0.0,238599.34
115202,0.0,18060.11
115204,0.0,14836.0
115205,348675.23,32615.0
115206,0.0,2730.0
115207,21725.0,1072.0
115208,37773.0,1685211.0
115209,0.0,406379.32
115210,0.0,39007.0
115211,0.0,112297.95
115212,0.0,79470.0
115305,49921.76,0.0
115309,6729.0,22390.0
115310,0.0,3640.0
115401,87471.0,279280.7
115402,82854.35,275211.63
115407,6346.0,404955.44
115408,6665.0,321135.0
115504,0.0,114665.0
115508,0.0,115924.11
115509,10176.14,50174.0
115510,0.0,2919.24
115511,0.0,6372.0
115512,7077.0,15104.0
115513,3773.0,1089726.0
115514,0.0,63334.0
115515,2729.0,248892.0
115516,0.0,321330.47
115601,2789.0,99649.0
115602,0.0,58842.39
115603,24599.39,2426392.43
115604,0.0,82336.0
115605,0.0,1820.0
115606,0.0,55049.0
115607,0.0,85992.17
115608,14152.0,118754.61
115609,0.0,48232.0
115701,0.0,29090.13
115702,0.0,4092.43
115703,0.0,85340.54
115704,0.0,1919.14
115705,0.0,55859.0
115801,0.0,4550.0
115802,0.0,17125.0
115804,0.0,50366.0
115806,0.0,283697.0
115807,0.0,179880.0
115808,0.0,126540.0
115810,0.0,28223.0
115902,0.0,4289.46
115903,0.0,1902581.53
115906,0.0,20723.0
115907,0.0,23001.0
115908,3639.0,13963.0
115909,0.0,10010.0
115910,21000.0,19110.0
115911,3639.0,461407.0
116001,0.0,116657.0
116002,95538.56,1398166.0
116101,0.0,7022.0
116102,0.0,1820.0
116103,9092.0,35875.0
116104,98762.0,84986.0
116105,402391.0,40059.0
116106,0.0,518910.0
116107,0.0,343143.0
116108,1819.0,693631.0
116109,821024.0,890144.0
116110,52882.0,65619.0
116111,1819.0,66811.0
116112,1095.0,49127.0
116113,21836.0,17624.0
116114,0.0,12103.0
116115,74334.0,100463.0
116116,25374.0,0.0
116117,0.0,68026.0
116201,154962.0,119330.0
116202,115151.0,37623.0
116203,185812.0,595561.0
116204,684193.0,297311.0
116205,93410.0,85282.0
116206,103763.0,101459.0
116207,44582.0,3507.0
116208,0.0,27967.0
116209,16594.0,130160.0
116210,4389.0,183663.0
116211,0.0,130980.0
116212,12769.0,162486.0
116213,0.0,11765.0
116214,0.0,1820.0
116215,0.0,3496.0
116216,0.0,1889.0
116217,2554.0,33570.0
116301,5960.0,173997.0
116302,194965.0,632248.11
116303,0.0,89995.0
116304,0.0,25420.16
116305,103097.7,312064.19
116306,27682.0,360127.14
116307,0.0,492885.0
116308,0.0,7147.0
116309,102695.44,2329543.74
116310,0.0,8740.18
126401,0.0,448305.19
126402,96557.0,3208048.0
126403,607289.0,447140.0
126404,9147.0,1435317.0
126405,26410.0,513134.0
126406,148571.0,831566.0
126501,0.0,12842.0
126503,0.0,68366.0
126505,2157.0,166992.0
126506,3639.0,92338.0
126601,20756.0,219776.2
126603,11597.04,0.0
126702,29248.0,3238.0
126703,0.0,6199.0
126704,16809.0,89955.0
136802,43844.03,237200.06
136803,31347.2,2730.0
136804,31485.0,105497.99
136805,1096.0,208007.51
136806,50408.42,27381.0
136807,0.0,39723.0
136809,0.0,5336.07
136810,0.0,143937.0
136811,25460.0,232058.0
136812,0.0,3895.0
136813,0.0,52865.25
136815,12738.0,47965.0
136901,0.0,250619.03
136902,5099.51,55512.0
136903,19953.39,272952.25
136904,0.0,28546.89
136905,0.0,28923.69
136906,0.0,5774.0
136907,6128.48,221084.35
136908,11063.01,1210406.7
136909,0.0,12740.0
136910,3019.74,222655.61
136911,1882.18,157634.03
136912,51521.52,28558.0
136913,0.0,36976.39
136914,0.0,34337.0
137001,0.0,5857.0
137002,0.0,5460.0
137003,0.0,29562.0
137004,0.0,45463.21
137005,0.0,421791.72
137006,0.0,120775.0
137007,1817.49,165639.97
137009,0.0,100792.84
137010,12718.07,803487.0
137011,0.0,1753.0
137013,463585.77,153914.0
137014,0.0,92824.0
137015,0.0,9479.0
137016,15477.46,12086.42
137017,0.0,74841.0
137018,0.0,14820.73
137019,7603.0,499885.0
137020,0.0,79590.0
147101,0.0,8190.0
147102,43631891.2,232404.0
147103,61369.0,119022.0
147106,0.0,2730.0
147108,3211.0,28211.0
147110,0.0,14560.0
147112,44582.0,0.0
147113,4122.0,37156.0
147115,0.0,1224445.0
147117,3036.0,24493.0
157202,76783.5,23314.0
157204,215298.52,158348.0
157206,48729.0,20050.55
157207,3878.56,0.0
157208,0.0,115757.95
157209,0.0,183699.33
157210,160511.85,1289137.57
157211,0.0,313552.29
157212,4207.86,54518.78
157213,0.0,135472.31
157214,18230.88,482299.36
157215,0.0,175927.67
157216,0.0,103577.22
157217,0.0,377138.13
157218,0.0,9252.0
157219,312984.93,96074.0
157220,0.0,57859.3
157222,0.0,60601.0
157223,0.0,10578.74
157224,13229.52,0.0
157225,27511.29,44592.0
157226,18716.12,144696.0
157227,72214.0,0.0
157228,18243.18,127383.86
157229,0.0,13650.0
157301,0.0,26549.0
157303,0.0,3180.64
157304,9245.97,187008.0
157306,18455.16,644170.02
157307,27446.94,95901.25
157308,54994.43,952608.38
157309,10815.02,473706.0
157310,18129.0,277459.78
157312,0.0,55459.51
157313,0.0,6058.41
157314,14677.56,273371.71
157315,0.0,108203.0
157317,1741.92,309530.78
157318,22436.36,322412.0
157319,0.0,6021.27
157320,0.0,448382.8
157321,1961.0,288328.82
157322,0.0,51552.0
157323,8789.0,1232428.45
157324,50224.0,86261.45
157325,11425.18,122614.0
157326,56699.73,953531.84
157403,60806.6,145983.0
157404,353850.58,70246.0
157405,0.0,33671.0
157406,0.0,11830.0
157407,35126.6,250416.55
157408,631148.1,754579.5
157409,2369.0,368568.0
157411,0.0,216434.31
157412,0.0,31781.0
157413,0.0,32703.0
157414,0.0,6123.12
157415,0.0,31533.0
157418,0.0,9370.0
157419,1819.0,122190.0
157502,11902.0,30284.0
157504,0.0,33378.0
157505,0.0,68253.0
157507,0.0,2970.0
157508,0.0,1025.0
157601,102764.29,203850.0
157602,44401.18,1563461.0
157603,0.0,116486.0
157604,45886.8,597091.09
157605,0.0,1086.0
157606,51542.05,1735204.97
157607,24117.94,1246359.62
157608,0.0,26097.0
157609,0.0,64049.37
157610,0.0,282171.71
157612,100953.0,23742.0
157613,0.0,1492.0
157614,0.0,12106.27
157615,8027.0,1360597.21
157616,18967.0,406295.71
157802,11765.0,0.0
157806,0.0,4550.0
157902,3428.0,0.0
157905,2464.17,6766.0
157907,0.0,27598.0
158003,0.0,48232.0
158005,0.0,1820.0
158007,0.0,2730.0
158101,0.0,2730.0
158104,0.0,88197.0
158105,0.0,1820.0
158108,0.0,103752.0
158109,0.0,8867.0
158201,53217.57,666480.79
158202,66733.0,60876.0
158203,1825.0,150856.0
158204,14151.0,148246.0
158205,31724.8,498291.86
158206,0.0,106281.0
158207,57172.0,1353818.0
158208,113233.0,113094.0
158209,5511.0,52142.0
158210,0.0,77638.57
158211,0.0,45266.0
158212,0.0,138513.0
158213,0.0,39425.0
158214,0.0,28251.0
158215,5093.0,188098.88
158301,1120.0,405787.47
158302,259805.87,893659.34
158303,0.0,31720.71
158304,0.0,74905.98
158305,0.0,33655.98
158306,3206.0,8955.08
158307,0.0,6893.79
158308,8289.0,109204.0
158309,0.0,373189.0
158310,0.0,51072.0
158311,18464.4,90235.65
168401,0.0,1748.0
168402,0.0,82603.0
168403,0.0,142872.0
168405,0.0,71281.0
168407,194164.0,240051.86
168408,0.0,113918.0
168409,64957.0,1053523.0
168411,413019.0,5316786.0
168412,473511.0,140606.0
168413,353734.0,2027046.27
168414,100598.0,2954522.55
168415,486632.0,794354.26
168416,0.0,87093.0
168417,0.0,186230.0
168418,730088.56,2410387.61
168419,384755.0,532523.0
168420,2729.0,1500.0
168421,238211.66,883314.0
168422,282390.0,4713462.19
168423,4439.0,68588.31
168424,125535.0,562033.0
168425,0.0,580216.86
168426,28219.0,115051.0
168427,13812.0,1070012.0
168428,5936.0,751827.0
168429,0.0,1222876.05
168430,0.0,78247.0
168431,337588.0,947613.0
168432,4670.63,157827.27
168433,10791.0,1243635.66
168434,2830.0,362384.0
168435,0.0,5898.0
168436,0.0,48020.0
168437,43216.0,14015.0
168438,41491.0,818529.29
168439,11828.0,441663.0
168440,9794.0,39907.0
168441,149216.0,882897.0
168442,28205.0,361274.0
168443,12738.0,488950.0
168446,0.0,3640.0
168447,37304.0,94989.0
168448,2729.0,51482.0
168450,2809902.28,81972.76
168451,4549.0,229147.0
168452,2575.0,1604977.22
168453,0.0,6370.0
168454,0.0,16380.0
168455,30939.53,232768.85
168456,12458.0,236022.0
168458,7298.66,7785.0
168459,0.0,42367.0
168460,50888.0,258453.0
168461,0.0,19012.0
168462,35252.0,259213.0
168463,16377.0,1820.0
168464,1886.0,46738.0
168465,43192.0,320829.0
168466,222136.0,940104.0
168467,15769.0,413738.0
168468,0.0,85398.0
168469,3130.0,45831.0
168470,0.0,90012.0
168471,193308.0,3759555.75
168472,0.0,200850.21
168473,140916.0,2515401.0
168474,80343.0,475642.66
168475,0.0,12740.0
168476,0.0,22968.0
168477,574393.0,2102313.19
168479,25141.0,1805251.0
168480,628830.0,64948.0
168481,498311.0,946543.0
168482,10510.0,172494.0
168483,39964.0,231511.0
168484,2729.0,87654.0
168485,8467.0,804559.0
168501,642119.2,831857.26
168502,338920.0,6187084.17
168503,412506.0,306946.0
168504,1163263.0,913709.58
168505,1886.0,239843.0
168506,0.0,4433511.34
168507,61522.01,785547.42
168508,4001.0,52587.0
168509,2912475.0,668426.0
168510,77108.0,20724.0
168511,2421054.0,258861.0
168512,120358.0,584498.0
168513,0.0,356721.0
168514,4549.0,66868.0
168515,28274.0,352767.0
168516,49409.0,758433.37
168517,23389.0,2198962.0
168518,0.0,303697.0
168519,45031.0,133620.0
168520,0.0,57784.0
168521,2550.0,492689.0
168522,0.0,52838.0
168523,1615.0,426988.9
168524,747869.0,1033326.0
168525,101518.0,1877613.0
168526,184930.0,79146.0
168527,8757.0,769188.0
168528,515754.0,1066476.0
168529,57659.0,1346407.05
168530,0.0,4775.0
168531,40485.0,687645.0
168532,90738.0,44220.0
168533,5102930.0,110112.0
168534,63283.0,465952.0
168535,12823.0,172398.0
168536,73730.0,1539146.45
168537,22265.0,612519.0
168538,14844.0,698832.13
168539,45480.0,239703.95
168540,0.0,2403207.0
168541,148046.0,335165.0
168542,32740.0,310571.0
168543,12786.0,361463.0
168544,1003221.5,1172671.23
168545,18344.64,19983.0
168546,0.0,16175.0
168547,0.0,74726.0
168548,12738.0,334811.0
178602,0.0,47322.0
178603,0.0,6655.8
178607,0.0,300314.0
178609,0.0,77525.0
178701,87071.0,886874.5
178702,0.0,1063131.0
178703,182386.0,15651626.31
178704,41027.0,5669988.42
178705,1904902.0,645551.0
178706,48222.0,0.0
178707,126470.0,10974.4
178708,1332605.0,5915459.51
178709,0.0,59744.12
178710,16760144.0,0.0
178711,0.0,1041596.98
178712,58736.0,299583.68
178713,0.0,171127.0
178714,3519.0,1194062.17
178715,0.0,81686.6
178716,393148.45,1565119.73
178802,285250.0,858322.0
178803,212068.0,474960.31
178804,1889.0,0.0
178901,0.0,1035611.0
178903,467070.0,1448544.0
178904,0.0,940761.0
178905,0.0,2899.12
178906,0.0,51023.0
178907,0.0,22420.0
189001,0.0,44379.0
189002,0.0,53103.0
189003,0.0,2730.0
189004,0.0,28221.0
189005,0.0,21919.0
189006,0.0,88509.0
189007,0.0,51019.0
189008,1000.0,6147.0
189009,26523.0,1878734.0
189010,0.0,54522.0
189013,18490.0,10643.0
189014,116621.0,30376.0
189015,1886.0,66956.0
189017,2175.0,131856.0
189018,10422.0,1117053.0
189019,0.0,68849.0
189020,0.0,328777.0
189021,2084.0,122847.0
189022,0.0,254592.0
189023,1886.0,10871.0
189024,0.0,74106.0
189025,5459.0,55826.0
189026,1549.0,210326.0
189027,46141.0,251269.0
189028,13291.0,139004.0
189029,10405.0,64227.0
189030,207416.0,806453.0
189031,32890.0,382641.0
189032,189196.0,554526.0
189033,0.0,58317.0
189102,119675.0,68514.0
189103,0.0,5109.46
189105,0.0,52621.6
189106,0.0,4724.0
189107,0.0,1820.0
189113,0.0,4550.0
189114,0.0,14560.0
189201,0.0,24570.0
189202,2565.0,0.0
189203,0.0,12451.0
189204,3724.0,0.0
189205,0.0,6898.0
189207,0.0,6051.0
189208,0.0,1454.0
189209,20288.0,20335.0
199301,1273710.0,0.0
199304,0.0,10010.0
199306,0.0,6370.0
199307,0.0,108209.0
209401,30199445.63,611578.12
209402,0.0,64276.0
209403,911675.55,1880531.23
209404,15634.1,95377.07
209405,144551.0,1133799.77
209406,0.0,21085.0
209501,0.0,35445.14
209502,0.0,6625.0
209503,80247.0,217746.84
209504,2729.0,101530.94
209505,7612.0,29177.0
209506,82532.0,326525.64
209507,2814.0,63642.0
209508,0.0,1469.0
209601,0.0,1820.0
209602,0.0,1350.0
209603,22947.0,184272.94
209605,24856.0,0.0
209606,0.0,139351.0
209607,1343.0,132580.0
209608,20926.0,206308.0
209609,0.0,149079.14
209610,0.0,81850.13
209612,0.0,76484.0
209613,76831.0,88438.0
209615,0.0,59450.0
209616,0.0,14897.0
209617,0.0,94075.84
209618,0.0,3000.0
219701,16817.19,3640.0
219702,0.0,2395.0
219704,2729.0,0.0
219705,1639.0,0.0
219706,19477.0,0.0
