010101,1520.0,2281.0
010102,0.0,35000.0
010105,0.0,14852.0
010106,49832.0,2940.0
010202,0.0,294188.0
010203,0.0,755113.0
010204,0.0,256218.0
010206,12823.33,3647.0
010207,38037.07,1459399.0
010210,0.0,101084.0
010301,19589.0,1541.0
010302,311146.64,56373.0
010303,322288.08,630920.0
010304,2261.0,101416.0
010305,49823.22,17587.0
010306,188171.65,190656.0
010307,137246.68,0.0
010401,0.0,954940.0
010402,0.0,3354685.0
010403,0.0,401953.0
010404,0.0,91014.0
010405,0.0,202765.0
010406,96862.96,656747.0
010407,0.0,650734.0
010409,0.0,4527.0
010503,0.0,2000.0
010504,0.0,306000.0
010508,125547.05,1000.0
010509,1130.0,0.0
010511,53888.96,7000.0
020601,0.0,30561.0
020602,5900.0,206156.0
020603,1130.0,1000.0
020604,6012.29,13153.0
020701,0.0,259893.0
020702,35146.74,481000.0
020703,0.0,785538.0
020704,0.0,106935.0
020705,0.0,28296.0
020706,15827.03,161848.0
020707,0.0,4498.0
020708,1331.59,14839.0
020709,179408.33,257032.0
020710,21348.23,164482.0
020712,0.0,43721.0
020713,0.0,177133.0
020801,27511.53,54567.0
020802,77000.0,16884.0
020803,0.0,25901.0
020804,106608.26,79072.0
020805,0.0,185630.0
020806,4377.78,148171.0
020807,85131.93,27164.0
020808,0.0,434894.0
020809,0.0,20372.0
020810,0.0,19242.0
020813,0.0,31425.0
020901,1463497.45,81309.0
020902,211568.28,363844.0
020904,0.0,30399.0
020906,0.0,2263.0
020907,49964.33,5659.0
020908,0.0,11187.0
020909,0.0,6658.0
020910,25169.88,120356.0
021001,0.0,835000.0
021005,0.0,7076.0
021006,59243.77,1632910.0
021007,0.0,7000.0
021101,0.0,348791.0
021102,8893.42,12450.0
021103,0.0,39242.0
021104,0.0,75296.0
021105,0.0,3943.0
021107,0.0,8000.0
021108,0.0,4551.0
021202,231488.34,0.0
021206,42363.04,0.0
021207,0.0,47000.0
021208,0.0,1131.0
021209,0.0,594826.0
021211,34840.61,16000.0
021212,0.0,2000.0
021213,0.0,2000.0
021214,0.0,5000.0
021301,0.0,3131.0
021302,0.0,77000.0
021403,63944.82,6000.0
021404,18661.7,0.0
031501,0.0,11000.0
031502,14928.37,0.0
031505,0.0,1400.0
031507,0.0,743861.0
031508,5989.15,5659.0
031509,0.0,19259.0
031510,0.0,130447.0
031511,93608.78,1276828.0
031512,0.0,65705.0
031514,0.0,276689.0
031515,0.0,80749.0
031516,0.0,564763.0
031517,0.0,1290661.0
031518,0.0,1000.0
031519,0.0,1000.0
031520,0.0,13524.0
031521,0.0,1000.0
041601,0.0,95776.0
041602,22046.06,1069136.0
041604,27918.99,2122864.0
041605,1714484.0,4526.0
041701,0.0,1604108.0
041702,0.0,403015.0
041704,0.0,735741.0
041801,6732488.66,0.0
041802,161267.39,0.0
041805,0.0,42244.0
041806,16141.16,918168.0
041901,16654.72,577010.0
041902,0.0,112806.0
041903,0.0,3395.0
041904,0.0,320462.0
041905,0.0,978219.0
042001,0.0,72283.0
042002,0.0,185047.0
042003,0.0,6814.0
042004,0.0,81985.0
042005,27422.95,2571276.0
042006,0.0,3871.0
042007,0.0,53541.0
042008,0.0,156876.0
042009,2834.57,697450.0
042101,0.0,92340.0
042102,37545.72,92947.0
042103,2575.26,533749.0
042104,1504.02,1144105.0
042105,0.0,74574.0
042106,3266.11,1406460.0
042201,3620.18,230530.0
042202,144546.99,1256048.0
042203,2109.34,2880394.0
042204,45460.69,83330.0
042205,0.0,76203.0
042206,0.0,34449.0
042207,0.0,226380.0
042208,8695324.99,806200.0
042209,0.0,1131.0
042301,150868.34,357418.0
042302,609676.96,0.0
042304,0.0,2294.0
042309,1195.47,312622.0
042401,41898.35,296350.0
042402,0.0,7926090.0
042403,0.0,37896.0
052501,0.0,233358.0
052502,0.0,1000.0
052505,0.0,63000.0
052507,0.0,3000.0
052508,0.0,30958.0
052509,0.0,5629.0
052511,0.0,2647.0
052512,0.0,4462.0
052515,0.0,157067.0
052517,4423.56,8366.0
052519,924604.61,66000.0
052520,0.0,83079.0
052522,0.0,57073.0
052523,89027.0,2102590.0
052525,0.0,4000.0
052526,0.0,4811.0
052529,0.0,5000.0
052530,14972.79,5000.0
052606,0.0,49000.0
052620,426066.42,0.0
052701,0.0,3000.0
052703,0.0,113000.0
052707,0.0,108014.0
052710,0.0,35851241.0
052711,0.0,134362.0
052712,0.0,780258.0
052713,0.0,23000.0
052715,0.0,50682.0
062801,0.0,47813.0
062803,0.0,4420.0
062806,0.0,11319.0
062807,0.0,39616.0
062811,0.0,14304.0
062814,0.0,1477.0
062815,0.0,5263.0
062818,89478.0,0.0
062819,0.0,3013.0
062821,0.0,27806.0
062823,0.0,1716.0
062824,138313.77,0.0
062826,0.0,18000.0
062827,0.0,16827.0
062828,0.0,9272.0
062829,0.0,35285.0
062830,0.0,45000.0
062832,0.0,19000.0
062833,0.0,8243.0
062834,0.0,13150.0
062835,0.0,78742.0
062836,0.0,104531.0
062839,18113.06,37263.0
062841,0.0,1000.0
062842,0.0,2000.0
062843,5654.0,171496.0
062844,0.0,7936.0
062846,0.0,16508.0
062847,0.0,9164.0
062849,0.0,27554.0
062850,1131.0,0.0
062901,0.0,9055.0
062902,0.0,4527.0
062903,10379.61,31631.0
062904,0.0,4845.0
062905,0.0,70397.0
062907,0.0,4025.0
062908,0.0,1431.0
062909,0.0,10429.0
062910,127104.83,0.0
062912,0.0,7922.0
062914,0.0,5395.0
062915,4899.79,116583.0
062916,0.0,40273.0
062917,13070.82,16978.0
062918,0.0,29696.0
062920,0.0,24463.0
062921,0.0,335609.0
062922,274067.35,1323953.0
062925,0.0,1000.0
062926,0.0,65650.0
062927,0.0,1205.0
062928,0.0,14194.0
062929,39474.86,217509.0
062930,0.0,9055.0
062932,290648.0,10053.0
062933,59916.28,192794.0
062934,0.0,9000.0
062935,0.0,8000.0
062936,0.0,24678.0
062937,0.0,17146.0
062938,1223.0,0.0
062939,10000.0,1062.0
062940,0.0,1000.0
062941,355821.0,165680.0
062942,50159.25,10791.0
063002,0.0,794384.0
063003,0.0,211759.0
063004,249788.0,3552549.0
063005,0.0,428108.0
063006,0.0,254938.0
063102,0.0,55354.0
063103,0.0,8000.0
063104,82836.75,4275.0
063105,0.0,74939.0
063201,12065.13,0.0
063203,0.0,6506.0
063204,35068.0,370093.0
063205,3000.0,24457.0
063206,0.0,217048.0
063207,21530.83,5062.0
063208,0.0,721658.0
063209,0.0,478662.0
063210,1145.36,38360.0
063211,0.0,16321.0
063212,32846.81,141942.0
063213,1237.0,7000.0
063214,0.0,113399.0
063215,24022.0,288955.0
063301,6719.0,13585.0
063302,8962.0,1037257.0
063303,1189.0,417392.0
063304,4107.0,1059008.0
063305,1198.0,337322.0
063306,0.0,573497.0
063307,58808.0,410117.0
063401,6574.52,548019.0
063402,7974.62,962744.0
063403,0.0,93354.0
063404,0.0,21000.0
063405,2644.02,181070.0
063406,3527.0,117340.0
063407,0.0,33000.0
063503,0.0,2186.0
063504,0.0,48669.0
063505,12759.25,3088.0
063506,14623.28,275717.0
063507,0.0,32052.0
063602,135857.18,0.0
063605,0.0,5892.0
063701,3000.0,57572.0
063702,0.0,51839.0
063703,0.0,350744.0
063705,0.0,6120.0
063706,0.0,6553.0
063707,0.0,194954.0
063802,0.0,10277.0
063806,0.0,9077.0
063807,0.0,19824.0
063808,1783984.0,875325.0
063809,4506.36,249630.0
063810,1110.88,22497.0
063811,0.0,6584.0
063812,36294.48,152000.0
063814,0.0,78638.0
063815,0.0,169055.0
063816,0.0,31110.0
063819,0.0,37997.0
063820,0.0,37000.0
063821,0.0,2320.0
063822,73859.0,302170.0
063823,4922.19,668793.0
073901,0.0,917358.0
073902,0.0,663119.0
073903,0.0,46704.0
073904,0.0,208000.0
073905,0.0,63291.0
073906,2194.11,1214720.0
073907,10719.98,986436.0
073909,48980.72,226589.0
073910,145054.0,3887.0
073911,0.0,234658.0
073912,50080.97,12710.0
073914,0.0,24000.0
073915,68393.22,0.0
073916,0.0,647311.0
073917,119544.68,881361.0
073918,0.0,46745.0
073919,0.0,212022.0
073920,124348.23,3585203.0
073921,2245.0,1300279.0
073922,23700.0,163297.0
073923,66307.06,2067139.0
073924,19199.69,1039998.0
073925,6130.0,486342.0
073926,63283.54,3056126.0
074001,154734.41,1201371.0
074002,16876.0,51281.0
074004,0.0,16000.0
074005,0.0,59000.0
074006,6785.0,7000.0
074008,14215.79,103551.0
074009,1741.0,44002.0
074010,13590.0,136459.0
074011,350408.45,1279495.0
074012,3904.49,100339.0
074013,1008.42,59765.0
074014,0.0,65108.0
074015,23152.97,34778.0
074016,145453.4,465853.0
084102,0.0,40743.0
084104,2198.0,1130.0
084107,20099.0,0.0
084108,89343.0,0.0
084111,0.0,3000.0
084201,0.0,68000.0
084202,12342.0,1406231.0
084203,11613.0,61332.0
084204,0.0,3000.0
084205,13571.0,1044.0
084301,128925.0,0.0
084302,161721.0,0.0
084303,0.0,2000.0
094401,0.0,12601.0
094403,78874.25,43304.0
094406,4324.19,0.0
094407,78449.71,168265.0
094408,25560.02,211179.0
094409,0.0,25000.0
094410,0.0,493129.0
094411,68070.26,1053241.0
094412,0.0,432010.0
094413,0.0,96451.0
094414,0.0,1168.0
094415,2981.72,43496.0
094417,0.0,48000.0
094418,41393.07,210397.0
094419,31408.42,3329.0
094420,0.0,47325.0
094421,70465.18,127726.0
094503,0.0,1000.0
094601,0.0,83223.0
094602,0.0,4395.0
104703,0.0,126000.0
104704,406623.31,109000.0
104707,133692.32,270510.0
104801,296230.83,15000.0
104802,22512.6,620408.0
104803,0.0,41454.0
104804,15091.89,36103.0
104805,28979.61,478472.0
104806,0.0,3000.0
104807,0.0,45000.0
104808,0.0,42134.0
104809,0.0,30681.0
104810,245359.54,195735.0
104811,0.0,799480.0
104812,0.0,4226.0
104813,0.0,125051.0
104814,0.0,4000.0
104816,0.0,58880.0
104817,11130.15,237174.0
104818,652718.73,325910.0
104819,135119.01,1225636.0
104820,12323.85,607103.0
104821,9341.87,76111.0
104822,5101.12,7000.0
104823,51650.93,1108789.0
104901,211067.0,909117.0
104902,0.0,21809.0
104903,0.0,19997.0
104904,0.0,1000.0
104905,1130.0,1699.0
104907,2000.0,21442.0
104908,13711.0,26000.0
104909,0.0,13584.0
104910,1454.0,158136.0
104911,97000.0,305092.0
115007,0.0,29000.0
115107,0.0,58000.0
115111,0.0,44636.0
115112,25350.0,431426.0
115201,115106.94,28000.0
115202,121829.41,651011.0
115205,122568.32,57031.0
115208,27926.0,860777.0
115209,39573.0,132881.0
115210,0.0,186779.0
115211,0.0,2625.0
115304,0.0,3216.0
115305,36456.48,0.0
115309,0.0,145682.0
115401,32613.0,56953.0
115402,306281.38,215086.0
115404,0.0,19494.0
115407,30865.0,217675.0
115408,6003.0,55000.0
115503,0.0,24874.0
115504,0.0,106000.0
115505,16433.59,0.0
115506,0.0,41748.0
115508,0.0,96072.0
115509,39868.94,43239.0
115512,11278.0,61415.0
115513,0.0,1132633.0
115514,0.0,108460.0
115515,19047.0,160561.0
115516,19210.0,24121.0
115601,4578.0,78387.0
115602,0.0,139846.0
115603,28836.37,2251632.0
115604,0.0,67852.0
115606,0.0,11000.0
115607,0.0,68510.0
115608,19225.0,280103.0
115609,0.0,31156.0
115701,0.0,54000.0
115702,0.0,59730.0
115703,0.0,64272.0
115704,0.0,159000.0
115705,0.0,16746.0
115801,0.0,10261.0
115804,0.0,9853.0
115806,38005.0,103618.0
115807,13863.0,19075.0
115808,1487.0,51774.0
115810,0.0,28375.0
115811,0.0,4000.0
115901,0.0,19294.0
115903,27142.0,1367100.0
115906,0.0,235000.0
115907,0.0,46968.0
115908,3000.0,38612.0
115909,0.0,1093.0
115910,0.0,10000.0
115911,2000.0,1074685.0
116001,1130.0,471092.0
116002,30092.0,1077429.0
116102,0.0,2000.0
116103,0.0,166534.0
116104,119409.0,33446.0
116105,1858841.0,25064.0
116106,116511.0,368802.0
116107,0.0,300253.0
116108,1333.0,308617.0
116109,1556972.0,473803.0
116110,1154507.0,78549.0
116111,67468.0,7995.0
116112,19737.0,64426.0
116114,20929.0,43095.0
116115,114834.0,104279.0
116116,12041.0,1000.0
116117,3262.0,127923.0
116201,20313.0,98052.0
116202,61508.0,67823.0
116203,275110.0,248963.0
116204,514744.0,210715.0
116205,94500.0,58743.0
116206,142592.0,63014.0
116207,3186.0,3334.0
116208,0.0,30542.0
116209,8736.0,152954.0
116210,0.0,65414.0
116211,3511.0,221506.0
116212,157261.0,248441.0
116213,0.0,8160.0
116214,2260.0,40692.0
116215,0.0,2920.0
116216,0.0,3131.0
116217,17606.0,24891.0
116301,0.0,104338.0
116302,116523.0,544822.0
116303,0.0,78000.0
116304,0.0,62542.0
116305,15854.59,155856.0
116306,10099.0,68591.0
116307,0.0,126195.0
116308,0.0,10817.0
116309,37102.62,2507563.0
116310,0.0,20842.0
126401,0.0,107891.0
126402,30371.56,3022596.0
126403,418411.0,213927.0
126404,1372.0,582401.0
126405,0.0,662678.0
126406,11125.0,81000.0
126503,0.0,38301.0
126505,1000.0,89170.0
126506,1089.0,29850.0
126601,38451.0,395248.0
126603,0.0,1800.0
126702,22618.0,26355.0
126704,0.0,55542.0
136802,23785.59,35970.0
136803,41366.62,4000.0
136804,35346.0,112944.0
136805,0.0,79281.0
136806,13464.44,68684.0
136807,0.0,4221.0
136809,0.0,15253.0
136810,0.0,308453.0
136811,0.0,466651.0
136812,43339.4,1961.0
136814,0.0,10000.0
136815,0.0,27693.0
136902,26482.06,83000.0
136903,0.0,346822.0
136904,0.0,15635.0
136905,0.0,46000.0
136907,0.0,166041.0
136908,11695.77,735136.0
136909,0.0,49017.0
136910,85446.93,105416.0
136911,28962.82,57353.0
136912,0.0,20388.0
136913,3346.96,32000.0
136914,0.0,96263.0
137003,0.0,11847.0
137004,0.0,19220.0
137005,0.0,406804.0
137006,0.0,135912.0
137007,0.0,156406.0
137009,0.0,87074.0
137010,55954.0,236512.0
137013,1302226.2,249694.0
137014,0.0,13000.0
137015,0.0,1428.0
137016,14633.28,14804.0
137017,0.0,18271.0
137018,6456.0,6000.0
137019,0.0,257670.0
137020,0.0,10000.0
147101,0.0,22000.0
147102,96341798.0,805157.0
147103,79028.49,31871.0
147104,5146.0,0.0
147106,4132188.0,0.0
147107,0.0,38896.0
147108,27433.0,27000.0
147110,0.0,115201.0
147112,25000.0,0.0
147113,15571.0,63085.0
147117,0.0,29683.0
147118,7000.0,0.0
157202,0.0,6490.0
157204,1021001.59,454000.0
157205,0.0,8000.0
157207,0.0,1000.0
157208,0.0,74554.0
157209,1337.93,232997.0
157210,0.0,497199.0
157211,13917.17,447173.0
157212,0.0,124000.0
157213,0.0,12981.0
157214,0.0,668647.0
157215,0.0,38000.0
157216,0.0,65917.0
157217,0.0,169812.0
157219,63899.61,741000.0
157220,0.0,231000.0
157222,39444.49,36871.0
157223,0.0,26395.0
157225,0.0,99000.0
157226,11847.31,140500.0
157228,10805.51,304358.0
157229,1766.0,6791.0
157301,0.0,17075.0
157302,0.0,37904.0
157304,0.0,306162.0
157305,0.0,8202.0
157306,0.0,566104.0
157307,45790.58,183474.0
157308,40747.79,2312075.0
157309,3990.87,12113.0
157310,0.0,403483.0
157311,3590.74,0.0
157312,0.0,275141.0
157313,0.0,11074.0
157314,0.0,349980.0
157315,0.0,216372.0
157317,0.0,298832.0
157318,58986.83,547300.0
157319,0.0,8053.0
157320,0.0,457689.0
157321,12571.0,395179.0
157322,0.0,68000.0
157323,21955.77,783430.0
157324,0.0,108396.0
157325,0.0,309076.0
157326,107348.38,1039524.0
157403,1765758.56,0.0
157404,351286.03,0.0
157406,0.0,10000.0
157407,1049710.95,437000.0
157408,106066.35,127317.0
157409,0.0,537000.0
157410,0.0,1000.0
157411,63331.0,141000.0
157412,0.0,29000.0
157413,0.0,32000.0
157415,0.0,94684.0
157416,0.0,19000.0
157418,6000.0,0.0
157419,0.0,155064.0
157502,0.0,26000.0
157504,0.0,152718.0
157505,0.0,1000.0
157506,0.0,13188.0
157508,0.0,4473.0
157601,145453.46,342815.0
157602,89397.89,95330.0
157603,40251.4,1662000.0
157604,0.0,446399.0
157605,0.0,5000.0
157606,342537.0,2497467.0
157607,158766.05,1858499.0
157608,0.0,36649.0
157609,0.0,12000.0
157610,17050.0,444988.0
157611,0.0,152000.0
157612,21487.0,103865.0
157614,0.0,187084.0
157615,0.0,75273.0
157616,728046.0,194063.0
157801,43477.04,4000.0
157802,3391.59,0.0
157804,0.0,12000.0
157806,0.0,3650.0
157901,0.0,9636.0
157907,26523.0,15000.0
158003,0.0,28000.0
158007,0.0,1000.0
158102,0.0,12203.0
158105,0.0,146089.0
158109,0.0,46963.0
158201,3391.04,491189.0
158202,0.0,60434.0
158203,8458.0,69374.0
158204,0.0,2000.0
158205,17813.51,656969.0
158206,4215.0,50913.0
158207,78539.0,3187200.0
158208,17375.0,124231.0
158209,0.0,55000.0
158210,0.0,32940.0
158211,0.0,60610.0
158212,0.0,41177.0
158213,0.0,38539.0
158214,0.0,14045.0
158215,1035.0,40845.0
158301,0.0,365680.0
158302,12128.89,979415.0
158303,0.0,46863.0
158304,0.0,96372.0
158305,0.0,32000.0
158306,0.0,9263.0
158307,9000.0,53000.0
158308,0.0,34307.0
158309,1130.0,415223.0
158310,0.0,13445.0
158311,0.0,49900.0
168401,0.0,14017.0
168402,2374.0,370527.0
168403,0.0,304409.0
168404,0.0,137583.0
168405,0.0,41669.0
168406,0.0,5630.0
168407,0.0,306978.0
168408,10802.0,399087.0
168409,56079.0,1000021.0
168410,0.0,23336.0
168411,3710.0,3940144.0
168412,12773.0,88510.0
168413,156872.0,2037627.0
168414,33159.0,2493673.0
168415,681051.0,403305.0
168416,0.0,26170.0
168417,0.0,11789.0
168418,207620.77,1997242.0
168419,52131.0,1509440.0
168421,4791.0,2735382.0
168422,31220.0,1978960.0
168423,6388.0,86395.0
168424,0.0,1505246.0
168425,0.0,102000.0
168426,54536.0,1955.0
168427,0.0,1819656.0
168428,0.0,1081498.0
168429,0.0,1528221.0
168430,2911.0,638160.0
168431,87016.0,2789246.0
168432,3000.0,191301.0
168433,133000.0,438440.0
168434,0.0,28116.0
168435,0.0,23246.0
168436,0.0,213742.0
168437,0.0,77667.0
168438,545968.0,1562934.0
168439,11760.0,111120.0
168440,0.0,8000.0
168441,12770.0,173503.0
168442,6000.0,343278.0
168443,131833.0,354068.0
168444,1569.0,0.0
168447,18835.0,42000.0
168448,0.0,39520.0
168449,0.0,9000.0
168450,113991.79,94047.0
168451,49293.0,80860.0
168452,7000.0,1916826.0
168453,0.0,22185.0
168454,187986.0,234000.0
168455,222876.29,150000.0
168456,0.0,52000.0
168457,0.0,39000.0
168458,11768.0,20314.0
168459,0.0,18000.0
168460,0.0,228000.0
168461,0.0,3382.0
168462,17501.0,111897.0
168464,310000.0,12000.0
168465,90626.0,948600.0
168466,561104.0,929227.0
168467,58096.0,142893.0
168468,0.0,91135.0
168469,25766.0,16557.0
168470,11315.0,41208.0
168471,124102.0,4696264.0
168472,0.0,301547.0
168473,9215148.0,3124647.0
168474,0.0,609263.0
168475,0.0,299988.0
168476,0.0,1026.0
168477,94656.0,2049266.0
168478,0.0,25457.0
168479,34138.0,1463821.0
168480,34000.0,44153.0
168481,172681.0,842025.0
168482,387501.0,136518.0
168483,46679.0,659772.0
168484,6187.0,103611.0
168485,0.0,883921.0
168501,183527.0,392201.0
168502,97715.0,2900200.0
168503,23563.0,829668.0
168504,1391159.0,1613060.0
168505,0.0,199770.0
168506,3688.0,3909471.0
168507,27606.81,542819.0
168508,198754.0,403647.0
168509,2988654.0,1109971.0
168510,0.0,1131.0
168511,2429537.0,125101.0
168512,109697.0,445790.0
168513,0.0,334677.0
168514,0.0,288436.0
168515,16792.0,367914.0
168516,120267.0,813872.0
168517,53336.0,2390855.0
168518,17139.0,221496.0
168519,0.0,9916.0
168520,0.0,40610.0
168521,56789.0,245634.0
168522,0.0,38693.0
168523,1688.0,399756.0
168524,9179.0,600431.0
168525,14010.0,952434.0
168526,40569.0,158937.0
168527,11893.0,548795.0
168528,47785.0,353959.0
168529,136510.0,1021994.0
168530,0.0,2000.0
168531,1803.0,194924.0
168532,45916.0,25526.0
168533,1959456.0,474000.0
168534,12100.0,37000.0
168535,17013.0,233018.0
168536,76197.0,1262504.0
168537,33348.0,535913.0
168538,14000.0,688938.0
168539,12218.0,281931.0
168540,95934.0,0.0
168541,100903.0,129503.0
168542,10881.0,214286.0
168543,2261.0,367319.0
168544,284737.0,3955634.0
168545,0.0,1000.0
168546,0.0,7532.0
168547,0.0,78000.0
168548,4523.0,281852.0
178606,53448.9,0.0
178607,0.0,271000.0
178609,5664.72,463136.0
178701,34332.0,1558688.0
178702,0.0,3430759.0
178703,318071.0,44742518.0
178704,20727.0,8973581.0
178705,0.0,391847.0
178706,0.0,50742.0
178707,588000.0,0.0
178708,466708.0,7321663.0
178709,0.0,3118.0
178711,0.0,1529958.0
178712,55000.0,171301.0
178713,0.0,79211.0
178714,33550.48,305838.0
178715,0.0,6000.0
178716,132221.97,1494761.0
178802,0.0,5225342.0
178803,283611.0,1095277.0
178901,0.0,1135846.0
178903,1131.0,1033065.0
178905,0.0,62268.0
178906,0.0,6537.0
178907,0.0,11288.0
189001,1000.0,103000.0
189002,8929.0,25738.0
189003,0.0,3586.0
189004,0.0,43000.0
189006,0.0,46777.0
189007,0.0,23049.0
189008,1361.0,6000.0
189009,47606.0,598870.0
189010,0.0,84912.0
189011,0.0,60000.0
189013,25880.0,22052.0
189014,171421.0,64103.0
189015,0.0,19210.0
189016,0.0,41506.0
189017,0.0,124028.0
189018,41441.0,1296777.0
189019,0.0,34115.0
189021,0.0,215566.0
189022,107564.0,597786.0
189023,0.0,32700.0
189024,0.0,113253.0
189025,40156.0,31770.0
189026,36261.0,524819.0
189027,10916.0,301595.0
189028,6084.0,42688.0
189029,0.0,61619.0
189030,13537.0,250835.0
189031,65992.0,662875.0
189032,44776.0,1141236.0
189033,20168.0,91331.0
189101,0.0,9224.0
189102,73573.0,26572.0
189104,0.0,16000.0
189105,0.0,33767.0
189106,2371.0,0.0
189107,0.0,109000.0
189112,0.0,3000.0
189113,0.0,3000.0
189114,0.0,42000.0
189202,2428.0,2000.0
189207,2479.0,6085.0
189208,3620.0,1000.0
189209,0.0,10000.0
199303,0.0,3000.0
199304,0.0,10000.0
199306,0.0,57000.0
209401,20378064.03,1065985.0
209402,0.0,152191.0
209403,496089.42,2251026.0
209404,8949.62,129227.0
209405,26351.0,1148162.0
209406,31523.18,116200.0
209501,0.0,7769.0
209502,0.0,3197.0
209503,22047.0,241046.0
209504,22237.0,53151.0
209505,7437.0,21326.0
209506,121008.0,205816.0
209507,3691.0,120016.0
209602,0.0,2000.0
209603,13670.16,174446.0
209604,0.0,4000.0
209605,0.0,1131.0
209606,7916.0,54448.0
209607,11883.0,18606.0
209608,12000.0,180895.0
209609,0.0,54958.0
209610,0.0,31000.0
209611,0.0,3000.0
209612,0.0,77042.0
209613,0.0,20211.0
209615,0.0,32027.0
209616,0.0,11772.0
209617,0.0,81765.0
219701,0.0,564752.0
219702,0.0,6373.0
219706,165759.0,12072.0
