010105,0.0,4976.0
010106,53290.0,0.0
010201,0.0,5117.0
010202,0.0,69861.0
010203,0.0,54046.0
010204,0.0,140487.0
010206,0.0,5244.0
010207,0.0,613143.0
010210,0.0,121734.0
010301,10524.0,0.0
010302,4392.68,0.0
010303,730634.32,464678.0
010304,0.0,106994.0
010305,29341.0,6102.0
010306,48803.02,71100.0
010307,80303.84,0.0
010401,21830.04,441227.0
010402,0.0,4798335.0
010403,0.0,273662.0
010405,0.0,156950.0
010406,204223.77,859472.0
010407,106903.5,692894.0
010409,0.0,7976.0
010503,0.0,1000.0
010504,0.0,209050.0
010506,0.0,1468.0
010508,58728.89,3000.0
010511,60086.94,5000.0
020602,4913.5,164273.0
020604,13105.64,0.0
020701,0.0,304487.0
020702,10826.12,463904.0
020703,0.0,474048.0
020704,0.0,77004.0
020705,0.0,7465.0
020706,0.0,41058.0
020709,266342.59,172446.0
020710,93186.06,149028.0
020712,95069.0,1105.0
020713,18751.03,1173298.0
020801,25791.62,153360.0
020802,4664.0,34234.0
020803,0.0,32349.0
020804,92899.4,44791.0
020805,0.0,131881.0
020806,0.0,98804.0
020807,35613.48,22394.0
020808,0.0,354904.0
020809,0.0,3732.0
020810,94249.23,17418.0
020813,0.0,1756.0
020901,989801.88,196437.0
020902,351600.73,560163.0
020903,0.0,1000.0
020904,0.0,12332.0
020906,5926.09,0.0
020907,0.0,3244.0
020908,0.0,2488.0
020909,1275.0,11732.0
020910,0.0,85100.0
021001,0.0,144040.0
021004,3219.03,0.0
021005,0.0,35263.0
021006,0.0,1609845.0
021101,0.0,848063.0
021102,0.0,3732.0
021103,0.0,281225.0
021104,0.0,39340.0
021107,0.0,35000.0
021108,0.0,3576.0
021207,0.0,15000.0
021208,0.0,2488.0
021209,2875.0,438086.0
021211,24414.4,22520.0
021302,0.0,2249.0
021403,203042.45,2000.0
021404,7505.34,0.0
031501,0.0,34000.0
031507,0.0,1432392.0
031508,0.0,7221.0
031509,0.0,19280.0
031510,0.0,157638.0
031511,20396.68,3088948.0
031512,0.0,238288.0
031513,0.0,50924.0
031514,0.0,743708.0
031515,0.0,44233.0
031516,0.0,266103.0
031517,0.0,1388590.0
031518,0.0,4000.0
031519,0.0,27751.0
031520,0.0,7102.0
041601,0.0,107584.0
041602,0.0,1082869.0
041604,0.0,938412.0
041605,4212683.0,1068.0
041701,0.0,5396784.0
041702,0.0,327310.0
041703,0.0,100751.0
041704,212743.74,933577.0
041801,10822591.41,0.0
041805,0.0,63949.0
041806,1871848.2,788773.0
041901,0.0,1126527.0
041902,0.0,95333.0
041903,0.0,6976.0
041904,8422.65,261122.0
041905,8698.55,897500.0
042001,0.0,42073.0
042002,0.0,55649.0
042003,1187.63,3000.0
042004,0.0,120506.0
042005,0.0,937789.0
042006,0.0,1000.0
042007,0.0,41177.0
042008,59375.91,76310.0
042009,0.0,464423.0
042101,5019.54,83947.0
042102,0.0,118587.0
042103,30274.0,695713.0
042104,4785.4,848647.0
042105,0.0,58311.0
042106,611138.4,2782695.0
042201,2718.65,230722.0
042202,41614.81,1682818.0
042203,4630.32,2885641.0
042204,38740.53,152594.0
042205,0.0,45375.0
042206,0.0,67212.0
042207,0.0,448298.0
042208,0.0,879853.0
042209,0.0,2085.0
042301,50654.54,76000.0
042302,312246.08,0.0
042304,0.0,263838.0
042306,0.0,2131.0
042309,122721.25,305065.0
042401,0.0,1134246.0
042402,4938.0,8044261.0
042403,1234.0,5000.0
052501,0.0,330086.0
052503,0.0,6265.0
052505,7392.37,78358.0
052507,0.0,8000.0
052508,0.0,12286.0
052509,0.0,3566.0
052515,0.0,362440.0
052517,1313.87,6235.0
052519,0.0,47000.0
052520,0.0,109848.0
052522,0.0,61273.0
052523,3165.04,815354.0
052524,0.0,6217.0
052525,0.0,3000.0
052526,0.0,5259.0
052530,55873.37,5000.0
052606,0.0,45000.0
052615,1412961.04,0.0
052617,0.0,1693.0
052620,174645.22,0.0
052621,0.0,13862.0
052701,0.0,3674858.0
052703,5525.0,122000.0
052704,0.0,4566.0
052707,0.0,75752.0
052709,0.0,650805.0
052710,6177743.1,44598742.0
052712,0.0,717892.0
052714,0.0,2184.0
052715,0.0,23939.0
062801,0.0,40831.0
062803,0.0,43945.0
062804,0.0,4134.0
062806,0.0,3732.0
062807,0.0,14930.0
062808,0.0,2488.0
062809,0.0,14641.0
062811,0.0,111199.0
062814,0.0,1000.0
062815,0.0,35616.0
062818,294659.54,48000.0
062819,7856.77,0.0
062821,0.0,8000.0
062825,0.0,5325.0
062827,0.0,2854.0
062828,0.0,8240.0
062829,0.0,4000.0
062830,0.0,2000.0
062833,0.0,5952.0
062834,0.0,8923.0
062835,16100.99,8010.0
062836,0.0,45335.0
062839,13870.98,19000.0
062841,9372.74,9981.0
062843,0.0,2756.0
062845,0.0,8000.0
062847,0.0,4976.0
062849,0.0,23253.0
062850,0.0,1000.0
062851,0.0,12840.0
062901,0.0,1244.0
062902,0.0,31732.0
062903,8051.5,18715.0
062905,2000.0,19967.0
062907,0.0,1301.0
062908,4668.38,0.0
062909,0.0,3732.0
062912,0.0,3299.0
062914,0.0,2244.0
062915,0.0,18850.0
062916,0.0,41066.0
062917,0.0,9507.0
062918,0.0,14950.0
062921,24287.96,65239.0
062922,215712.0,1808596.0
062925,2254.0,0.0
062926,0.0,23640.0
062928,0.0,4000.0
062929,0.0,362342.0
062932,201250.0,6000.0
062933,10204.0,27892.0
062934,0.0,4000.0
062935,0.0,6000.0
062936,0.0,8340.0
062937,0.0,3000.0
062939,0.0,96000.0
062941,68391.0,76514.0
062942,0.0,15360.0
063002,10152.0,90558.0
063003,25197.0,150461.0
063004,878171.0,3588068.0
063005,91776.0,2303549.0
063006,14177.0,159417.0
063101,0.0,6244.0
063102,0.0,244370.0
063105,0.0,196079.0
063203,0.0,1534.0
063204,9738.0,229359.0
063206,6504.88,138513.0
063207,0.0,6000.0
063208,2469.0,463051.0
063209,0.0,249046.0
063210,0.0,31356.0
063211,0.0,17956.0
063212,0.0,192474.0
063213,0.0,8000.0
063214,5788.98,206438.0
063215,2700.0,2006010.0
063301,12346.0,60190.0
063302,7000.0,736343.0
063303,0.0,421718.0
063304,0.0,1052137.0
063305,27497.0,782865.0
063306,0.0,515795.0
063307,24697.0,103797.0
063401,4806.4,1367968.0
063402,60280.24,852801.0
063403,0.0,144152.0
063404,1211.01,54536.0
063405,0.0,166494.0
063406,0.0,3244.0
063501,0.0,65440.0
063506,0.0,104172.0
063507,0.0,8125.0
063605,0.0,1142.0
063701,0.0,24878.0
063702,0.0,709486.0
063703,0.0,225890.0
063705,0.0,20000.0
063706,0.0,1374.0
063707,5974.0,158754.0
063801,7257.48,5000.0
063802,0.0,26155.0
063806,0.0,27644.0
063807,0.0,28104.0
063808,225230.0,787848.0
063809,0.0,42244.0
063810,2591.55,0.0
063811,0.0,11391.0
063812,0.0,8000.0
063814,0.0,121950.0
063815,0.0,58686.0
063816,0.0,67799.0
063818,14804.0,0.0
063819,0.0,19176.0
063821,0.0,1242.0
063822,4083.0,122133.0
063823,225423.5,393787.0
073901,0.0,677803.0
073902,55177.31,107139.0
073903,15134.41,8674.0
073904,28605.61,91296.0
073905,0.0,61636.0
073906,6042.11,371747.0
073907,153236.51,861107.0
073909,2457.56,68219.0
073911,0.0,37107.0
073912,0.0,32343.0
073913,0.0,3000.0
073914,0.0,3000.0
073915,20505.87,12000.0
073916,4659.0,225334.0
073917,0.0,687001.0
073918,6285.05,4462.0
073919,21680.0,129578.0
073920,210600.87,708649.0
073921,22989.0,641779.0
073922,0.0,129908.0
073923,80616.89,1327882.0
073924,3498.0,477158.0
073925,16659.0,314525.0
073926,198240.0,3037834.0
074001,358420.29,696126.0
074002,0.0,24000.0
074005,0.0,9000.0
074007,0.0,1000.0
074008,35926.84,41734.0
074009,16740.0,41393.0
074010,8298.0,23598.0
074011,305522.53,1621404.0
074012,331606.63,232026.0
074013,0.0,48968.0
074014,2140.0,5743.0
074015,2726.14,8976.0
074016,30793.85,253170.0
084101,13006.14,0.0
084104,0.0,19726.0
084107,0.0,25000.0
084111,0.0,4000.0
084201,0.0,16000.0
084202,4920.0,1343316.0
084203,0.0,49319.0
084204,0.0,22293.0
084205,2740.0,5339.0
084301,12346.0,0.0
084302,282737.0,0.0
094401,0.0,3343.0
094403,188089.41,7231.0
094405,37875.88,0.0
094407,227671.3,393765.0
094408,34262.76,105567.0
094409,0.0,8127.0
094410,22627.9,128000.0
094411,55737.97,576138.0
094412,10388.06,354133.0
094413,0.0,1000.0
094415,7143.82,74903.0
094417,16836.06,3627.0
094418,289956.0,46776.0
094419,63584.1,26090.0
094420,3704.0,2488.0
094421,54919.99,68714.0
094503,0.0,1000.0
094504,0.0,11929.0
094602,0.0,1244.0
104703,0.0,304000.0
104704,68632.6,23000.0
104707,0.0,163198.0
104801,184580.59,7880.0
104802,101518.76,537760.0
104803,0.0,138903.0
104804,8694.22,162000.0
104805,7088.23,486000.0
104806,0.0,16602.0
104807,0.0,26000.0
104808,0.0,28000.0
104809,0.0,3000.0
104810,123887.41,306631.0
104811,2631.27,421498.0
104812,0.0,19000.0
104813,0.0,76674.0
104816,0.0,11000.0
104817,4882.62,480880.0
104818,702342.41,223990.0
104819,196767.16,846255.0
104820,2327.55,769243.0
104821,4684.0,16139.0
104822,0.0,43000.0
104823,19568.75,146795.0
104901,10845.0,2177399.0
104902,0.0,84822.0
104903,6173.0,152283.0
104907,0.0,57471.0
104908,24454.0,22173.0
104909,0.0,7704.0
104910,0.0,115086.0
104911,41704.0,430763.0
115007,0.0,5000.0
115111,0.0,2119.0
115112,84833.0,17837.0
115202,15301.89,0.0
115204,3731.0,0.0
115205,45184.57,40676.0
115207,25646.63,0.0
115208,17185.0,1550770.0
115209,10842.0,130250.0
115210,0.0,128162.0
115211,0.0,37762.0
115212,0.0,26034.0
115305,217023.91,0.0
115401,1059.0,8000.0
115402,558493.75,160000.0
115403,0.0,29246.0
115406,0.0,3000.0
115407,17894.0,203504.0
115408,6800.0,62170.0
115504,0.0,28000.0
115506,0.0,82217.0
115508,0.0,47200.0
115509,211351.11,150987.0
115511,0.0,3543.0
115512,0.0,11000.0
115513,1234.0,1120585.0
115514,1234.0,146135.0
115515,8827.0,33295.0
115516,0.0,43471.0
115601,0.0,21873.0
115602,0.0,117896.0
115603,433160.0,1469237.0
115604,0.0,2428.0
115606,0.0,5382.0
115607,0.0,38449.0
115608,0.0,41436.0
115701,0.0,20818.0
115702,10660.0,91571.0
115703,0.0,136049.0
115704,0.0,18000.0
115705,0.0,10651.0
115801,0.0,26011.0
115804,5309.0,2549.0
115806,15356.0,42283.0
115807,63157.0,47584.0
115808,0.0,19679.0
115810,1000.0,28561.0
115811,0.0,3099.0
115903,80783.0,388653.0
115904,0.0,38570.0
115906,0.0,206000.0
115908,8000.0,23200.0
115909,0.0,12000.0
115910,1133.0,10442.0
115911,32212.0,225404.0
116001,0.0,5000.0
116002,124994.0,195818.0
116102,0.0,9953.0
116103,34635.0,13909.0
116104,17946.0,63512.0
116105,421897.0,139286.0
116106,0.0,394261.0
116107,126907.0,206039.0
116108,137000.0,163407.0
116109,316600.0,413933.0
116110,158973.0,52025.0
116111,21472.0,0.0
116112,8637.0,33925.0
116114,2660.0,100871.0
116115,82254.0,65397.0
116116,28934.0,0.0
116201,27988.0,35789.0
116202,195378.0,19756.0
116203,83813.0,430307.0
116204,1114129.0,79745.0
116205,226139.0,57724.0
116206,67134.0,9336.0
116207,9027.0,0.0
116209,3000.0,221444.0
116210,337588.0,92169.0
116211,7579.0,73999.0
116212,7786.0,32210.0
116213,0.0,16618.0
116214,0.0,18367.0
116215,0.0,4156.0
116216,0.0,1000.0
116217,11269.0,65864.0
116301,6352.0,15197.0
116302,65437.0,571443.0
116303,0.0,125668.0
116304,0.0,160308.0
116305,0.0,245604.0
116306,1511.0,58970.0
116307,0.0,19041.0
116309,32393.56,3678809.0
116310,0.0,7422.0
126401,2512.0,786530.0
126402,3414.0,3857947.0
126403,344450.0,335705.0
126404,13308.0,276087.0
126405,0.0,142649.0
126406,1000.0,31080.0
126503,0.0,62587.0
126504,31084.0,50419.0
126505,11620.0,148646.0
126506,27008.0,38009.0
126507,9740.0,0.0
126601,0.0,206926.0
126702,28397.0,19902.0
126704,0.0,213984.0
136802,0.0,16937.0
136804,191488.83,55246.0
136805,47509.0,20267.0
136806,16638.38,87995.0
136807,0.0,4716.0
136808,0.0,214243.0
136809,0.0,27534.0
136810,3027520.62,257560.0
136811,0.0,425828.0
136812,50133.04,0.0
136813,0.0,12850.0
136814,0.0,3000.0
136815,43266.0,54000.0
136901,0.0,2028.0
136902,0.0,22592.0
136903,42998.31,212000.0
136905,29356.1,10000.0
136907,0.0,24448.0
136908,0.0,572213.0
136909,0.0,19764.0
136910,0.0,250225.0
136911,0.0,7414.0
136912,4118.32,13125.0
136913,59278.6,32000.0
136914,6446.4,62315.0
137001,0.0,7167.0
137002,32000.0,0.0
137003,0.0,32565.0
137004,0.0,120288.0
137005,0.0,308726.0
137006,0.0,23440.0
137007,0.0,118726.0
137008,0.0,8476.0
137009,18166.0,62031.0
137010,8144.7,181440.0
137013,169139.61,70513.0
137014,0.0,10000.0
137016,0.0,25428.0
137017,19396.0,5134.0
137018,0.0,2000.0
137019,18232.0,145589.0
137020,3000.0,17637.0
147102,127087592.92,85814.0
147103,103468.52,1093.0
147104,1998.0,0.0
147105,0.0,1000.0
147106,0.0,3000.0
147107,0.0,31386.0
147108,251547.0,5000.0
147113,57720.0,44313.0
147117,9877.0,17000.0
147118,2209.0,614433.0
157202,66473.8,166853.0
157204,1984388.12,38419.0
157205,0.0,2000.0
157206,0.0,13000.0
157207,0.0,23000.0
157208,33108.66,116109.0
157209,108024.02,166122.0
157210,371685.92,1256688.0
157211,0.0,161127.0
157212,0.0,254509.0
157213,0.0,59129.0
157214,0.0,432893.0
157215,0.0,10707.0
157216,0.0,69406.0
157217,0.0,77265.0
157219,22418.03,569000.0
157220,0.0,806567.0
157222,9833.0,22178.0
157223,13000.0,27221.0
157225,70039.66,102000.0
157226,80989.53,62000.0
157228,66116.87,7000.0
157229,0.0,3732.0
157301,22781.15,56809.0
157302,3628.6,0.0
157303,0.0,51145.0
157304,0.0,254385.0
157305,0.0,4000.0
157306,10268.69,571821.0
157307,202287.43,188705.0
157308,105290.87,2150715.0
157309,7407.0,21779.0
157310,3680.12,145270.0
157311,4029.0,217136.0
157312,0.0,166309.0
157313,0.0,30456.0
157314,0.0,463039.0
157315,0.0,94490.0
157317,0.0,750967.0
157318,217035.14,309376.0
157319,0.0,5110.0
157320,2000.0,88265.0
157321,0.0,60472.0
157322,0.0,32458.0
157323,4770.0,898991.0
157324,0.0,14516.0
157325,0.0,65731.0
157326,249763.15,429337.0
157404,386154.08,51000.0
157405,0.0,37000.0
157406,0.0,5452.0
157407,58828.0,36000.0
157408,22036.0,80636.0
157409,0.0,79363.0
157410,0.0,1000.0
157411,0.0,104000.0
157412,0.0,8465.0
157413,0.0,7519.0
157414,0.0,3000.0
157415,0.0,24444.0
157418,0.0,1508.0
157419,0.0,34180.0
157504,0.0,34866.0
157505,0.0,16000.0
157601,31855.67,0.0
157602,48131.12,177000.0
157603,0.0,1903000.0
157604,467007.94,517187.0
157605,0.0,23673.0
157606,751662.04,812592.0
157607,0.0,1817472.0
157608,123000.0,0.0
157610,22000.0,299833.0
157611,0.0,11000.0
157612,0.0,15000.0
157615,3385.0,181525.0
157616,60376.0,169057.0
157802,11596.87,0.0
157806,0.0,12000.0
157901,0.0,36000.0
157907,2469.0,3000.0
158003,0.0,7000.0
158007,0.0,1000.0
158102,0.0,3922.0
158105,0.0,2000.0
158201,0.0,332565.0
158202,0.0,52349.0
158203,3629.0,12839.0
158204,10802.0,56136.0
158205,74667.46,398395.0
158206,2647.0,42804.0
158207,67075.0,218387.0
158208,94179.0,22229.0
158209,6134.0,78000.0
158210,14459.0,29302.0
158211,0.0,53415.0
158212,0.0,17172.0
158213,0.0,18272.0
158214,0.0,7786.0
158215,0.0,21489.0
158301,19468.0,373413.0
158302,53097.0,384911.0
158303,3572.41,89905.0
158304,0.0,197301.0
158305,16087.63,52134.0
158306,0.0,23433.0
158307,0.0,10000.0
158308,0.0,8000.0
158309,0.0,11432.0
158310,0.0,142602.0
158311,1093.22,246654.0
168402,3036.0,119786.0
168403,0.0,173000.0
168404,0.0,123053.0
168405,1244.0,496784.0
168406,45000.0,52148.0
168407,0.0,213506.0
168408,0.0,32714.0
168409,136448.0,861227.0
168410,1030.0,8681.0
168411,181182.0,882000.0
168412,30617.0,105899.0
168413,79528.0,1946583.0
168414,80140.0,1175337.0
168415,780456.0,692713.0
168416,0.0,178375.0
168417,0.0,16306.0
168418,856867.24,2204413.0
168419,382154.0,274240.0
168420,241000.0,18900.0
168421,156131.0,570625.0
168422,261721.0,3160176.0
168423,0.0,222402.0
168424,35067.0,988277.0
168425,173483.0,40195.0
168426,62968.0,155767.0
168427,48152.0,383356.0
168428,0.0,369728.0
168429,0.0,1432773.0
168430,0.0,63888.0
168431,557151.0,1503035.0
168432,0.0,151161.0
168433,77610.0,384066.0
168434,0.0,48000.0
168435,0.0,1602.0
168436,0.0,132707.0
168437,0.0,3876.0
168438,11798.0,791200.0
168439,0.0,4000.0
168440,0.0,61279.0
168441,4000.0,46076.0
168442,15000.0,61114.0
168443,116469.0,247269.0
168448,0.0,59000.0
168450,199132.02,56220.0
168451,80507.0,26276.0
168452,0.0,1239855.0
168453,0.0,10000.0
168454,0.0,44000.0
168455,79173.3,31325.0
168456,0.0,13208.0
168458,136247.0,149516.0
168459,0.0,18780.0
168460,0.0,694083.0
168461,21000.0,85036.0
168462,34570.0,473048.0
168463,0.0,84000.0
168464,0.0,24300.0
168465,69933.0,218530.0
168466,80280.0,361681.0
168467,21736.0,238508.0
168468,3000.0,45422.0
168469,0.0,54672.0
168470,0.0,13686.0
168471,170581.0,2697844.0
168472,0.0,60013.0
168473,324053.0,1720424.0
168474,27123.0,885629.0
168477,153899.0,1152493.0
168479,109403.0,1905802.0
168480,48932.0,110434.0
168481,34380.0,642378.0
168482,748165.0,160587.0
168483,216717.0,268979.0
168484,68608.0,27297.0
168485,1234.0,376271.0
168501,112401.0,457949.0
168502,0.0,5099495.0
168503,221629.0,417193.0
168504,1895634.0,727155.0
168505,83537.0,73267.0
168506,81000.0,4732451.0
168507,28987.71,1007652.0
168508,8498.0,86677.0
168509,3643597.0,396086.0
168510,6032.0,6732.0
168511,1850188.0,350521.0
168512,30922.0,123904.0
168513,0.0,319829.0
168514,0.0,406212.0
168515,43618.0,193629.0
168516,170190.0,123953.0
168517,517425.0,3532468.0
168518,1069.0,228495.0
168519,0.0,13762.0
168520,6779.0,41998.0
168521,0.0,307601.0
168522,0.0,12925.0
168523,0.0,226008.0
168524,17232.0,104636.0
168525,27553.0,5618650.0
168526,26994.0,84198.0
168527,4124.0,342413.0
168528,48924.0,581745.0
168529,176791.0,2045282.0
168530,0.0,18401.0
168531,46742.0,280413.0
168532,86133.0,87516.0
168533,1466794.0,90622.0
168534,7000.0,77514.0
168535,2000.0,51574.0
168536,305489.0,942914.0
168537,154796.0,486290.0
168538,8661.0,384729.0
168539,65401.0,92579.0
168540,0.0,6725.0
168541,66990.0,557692.0
168542,147340.0,1623463.0
168543,87471.0,608439.0
168544,49622.0,921660.0
168545,44915.08,27000.0
168546,81356.0,2749.0
168547,5000.0,69000.0
168548,2000.0,122673.0
178602,0.0,15000.0
178603,0.0,3482.0
178606,5650.94,147000.0
178607,35136.4,86000.0
178609,2520098.95,37199.0
178701,2273.0,1937049.0
178702,135128.0,623037.0
178703,66337.0,8572767.0
178704,27775.0,7562343.0
178705,214664.0,1585159.0
178706,0.0,159304.0
178707,0.0,38278.0
178708,2044198.0,3718705.0
178709,0.0,8177.0
178711,1594.0,1267452.0
178712,0.0,227117.0
178713,0.0,37000.0
178714,17661.0,112479.0
178715,0.0,13000.0
178716,7696084.09,1001160.0
178801,2555.0,0.0
178802,115880.0,321561.0
178803,978960.0,342222.0
178804,1581.0,0.0
178901,0.0,1603856.0
178903,447381.0,912343.0
178907,0.0,12828.0
189001,3039.0,56331.0
189002,0.0,40000.0
189004,0.0,16414.0
189005,1577.0,10244.0
189006,1502.0,14751.0
189007,23874.0,0.0
189008,0.0,1000.0
189009,2640.0,128490.0
189010,45279.0,18000.0
189011,4000.0,6137.0
189013,18835.0,7412.0
189014,26490.0,5393.0
189015,0.0,184455.0
189016,3340.0,2296.0
189017,3000.0,125320.0
189018,194255.0,1027875.0
189019,13581.0,45991.0
189020,0.0,1237.0
189021,0.0,86129.0
189022,0.0,1662406.0
189023,5553.0,41003.0
189024,0.0,49012.0
189025,0.0,63234.0
189026,0.0,150155.0
189027,92000.0,317963.0
189028,0.0,67369.0
189029,57699.0,11440.0
189030,161616.0,123282.0
189031,19597.0,350964.0
189032,221612.0,487200.0
189033,16000.0,44877.0
189102,897779.0,14930.0
189105,0.0,7244.0
189107,0.0,92000.0
189113,0.0,3000.0
189114,0.0,7000.0
189201,0.0,8675.0
189203,0.0,64139.0
189207,0.0,27488.0
189208,8498.0,0.0
189209,0.0,12000.0
199306,1342451.0,0.0
209401,11498369.71,557733.0
209402,2675.0,330613.0
209403,428510.72,1603080.0
209404,2483.0,106295.0
209405,50814.0,971408.0
209406,52802.66,73921.0
209501,0.0,5000.0
209502,21211.0,5930.0
209503,47221.0,56355.0
209504,0.0,48644.0
209505,0.0,4000.0
209506,138465.0,182768.0
209507,1000.0,42972.0
209508,4194.0,0.0
209602,0.0,2000.0
209603,9366.73,269586.0
209605,0.0,9919.0
209606,11012.0,8915.0
209607,1379.0,5616.0
209608,2039.0,186996.0
209609,0.0,67247.0
209610,0.0,26194.0
209611,2002.0,3000.0
209612,0.0,45423.0
209613,0.0,139116.0
209615,0.0,14315.0
209616,7407.0,11105.0
209617,0.0,138453.0
209618,0.0,3620.0
219701,0.0,997920.0
219702,6506.0,0.0
219705,17085.0,316954.0
219706,21303.0,0.0
