010105,0.0,94488.0
010106,9200.0,0.0
010201,9732.98,6957.0
010202,0.0,1543242.0
010203,0.0,88755.0
010204,0.0,236260.0
010206,0.0,881537.0
010207,6947.5,1281736.0
010210,0.0,210531.0
010302,2388.0,147853.0
010303,868231.3,492594.64
010304,4509.0,5403.0
010305,290647.74,13130.0
010306,409179.34,1333.0
010307,61416.97,0.0
010401,0.0,63310.0
010402,359373.0,4832486.0
010403,0.0,9969.0
010405,0.0,333921.0
010406,38913.99,140677.0
010407,0.0,2575706.0
010409,0.0,5318.0
010504,0.0,14095.0
020603,0.0,9397.0
020604,8349.0,0.0
020701,33730.43,600148.0
020703,4606.4,4462329.0
020704,0.0,10170.0
020705,0.0,7354.0
020709,2196.72,1579.0
020710,42579.17,22837.0
020712,9625.98,3179.0
020713,100435.61,286926.7
020714,4602.29,0.0
020801,15746.64,0.0
020802,350588.39,254379.59
020804,15736.0,33085.0
020805,4302.5,6224.0
020806,3090.72,66158.0
020807,2173.41,0.0
020808,0.0,293342.0
020810,163883.42,4161.0
020811,27879.79,0.0
020813,5250.0,6292.0
020901,5599207.57,1724481.54
020902,313966.29,517073.0
020903,0.0,2047.0
020904,0.0,6093.0
020910,38747.69,44704.0
021001,0.0,6157164.0
021005,0.0,90547.0
021006,0.0,50033432.0
021008,0.0,3183.0
021101,0.0,10500677.0
021102,0.0,382118.0
021103,0.0,1252.0
021104,0.0,96132.0
021105,0.0,6271.0
021106,51433.18,0.0
021107,0.0,695793.0
021108,0.0,12493.0
021201,0.0,3775.0
021202,0.0,204919.0
021208,0.0,70110.0
021209,0.0,624511.0
021211,0.0,12666.0
021212,1201.54,1916.0
021301,0.0,28134.0
021302,27829.0,761077.0
021404,168999.95,1165.0
031505,0.0,5384.0
031507,0.0,37283.0
031509,0.0,81338.0
031510,0.0,22892.0
031511,46466.69,13011087.81
031513,5320.0,0.0
031515,0.0,81822.0
031516,0.0,964729.0
031517,1723.07,2958192.0
031518,32748.28,0.0
031519,0.0,6279.0
031520,0.0,36567.0
041601,0.0,1469547.0
041602,159648.66,827414.0
041604,6542.65,759399.0
041605,0.0,10158.0
041701,1399627.82,14790221.0
041702,33898.52,392750.0
041703,0.0,4469.0
041704,0.0,955060.0
041801,65431614.62,0.0
041802,0.0,26817.0
041805,0.0,1081713.0
041806,0.0,1918526.0
041901,11328.87,6008712.31
041902,0.0,1069209.0
041903,0.0,103236.0
041904,0.0,2880535.0
041905,0.0,3058627.0
042001,0.0,27545.0
042002,0.0,2699716.0
042003,0.0,3790.0
042004,0.0,178197.0
042005,0.0,1287440.0
042007,0.0,55071.0
042008,0.0,113298.0
042009,9924.18,173148.0
042101,0.0,651220.0
042102,0.0,496418.0
042103,0.0,1459668.0
042104,0.0,3049136.0
042105,0.0,49915.0
042106,0.0,3819027.0
042201,5696.3,206851.0
042202,14275.56,4770806.56
042203,6885.76,5641963.43
042204,3152.4,413921.0
042205,0.0,105148.0
042206,0.0,923092.0
042207,0.0,3507455.0
042208,115570.05,342372.0
042209,0.0,2225.0
042302,103581.72,0.0
042309,0.0,59449.0
042401,231518.37,26071.0
042402,4207.0,12530374.0
042403,0.0,180878.0
052501,13221.62,973556.0
052503,0.0,31050.0
052504,0.0,1413.0
052505,5859.94,13689.0
052508,2019.12,22185.0
052512,0.0,8348.0
052517,23041.13,50316.0
052518,0.0,111208.0
052520,0.0,324641.0
052521,0.0,490347.0
052522,0.0,89977.0
052523,0.0,12640164.0
052525,0.0,3066.0
052526,0.0,5220.0
052530,0.0,173081.0
052601,5579046.91,8856753.0
052606,53203554.98,0.0
052608,0.0,1380.0
052614,23003647.5,0.0
052615,30429172.21,285502.0
052616,469980.12,0.0
052617,58934.51,0.0
052618,2760.07,0.0
052701,0.0,7172251.0
052703,1096.5,0.0
052707,0.0,47300.0
052709,0.0,42363.0
052710,26170.43,69733553.0
052711,0.0,202681.0
052712,0.0,834021.0
052713,0.0,1462863.0
052714,15571.81,1979628.0
062801,0.0,27502.0
062803,0.0,8756.0
062804,0.0,45661.0
062806,93059.9,0.0
062807,0.0,69779.0
062808,0.0,5352.0
062809,0.0,18695.0
062810,0.0,6285.0
062811,0.0,29529.0
062814,0.0,9606.0
062815,0.0,194182.0
062818,116607.02,0.0
062821,0.0,41115.0
062823,112944.64,0.0
062827,0.0,20814.0
062828,0.0,14491.0
062831,0.0,28085.0
062833,0.0,556519.0
062834,1970.58,103694.0
062835,0.0,4853.0
062836,0.0,200355.0
062839,0.0,2311.0
062840,0.0,14321.0
062841,0.0,6968.0
062842,0.0,48800.0
062844,0.0,10757.0
062846,0.0,15861.0
062848,0.0,3955.0
062849,0.0,348025.0
062850,0.0,3597.0
062851,0.0,11409.0
062902,0.0,2120.0
062903,0.0,102033.0
062905,0.0,40906.0
062906,0.0,85452.0
062907,0.0,26827.0
062909,0.0,11913.0
062914,0.0,11603.0
062915,32537.07,113195.0
062916,0.0,1771.0
062917,0.0,2974.0
062918,0.0,69481.0
062922,10672.0,185895.0
062923,0.0,6737.0
062924,0.0,65537.0
062925,0.0,11785.0
062928,0.0,15511.0
062929,52589.08,515353.0
062930,0.0,40678.0
062931,0.0,14311.0
062932,108674.0,1244.0
062933,0.0,13684.0
062935,0.0,2110.0
062936,0.0,51159.0
062939,0.0,3263.0
062940,0.0,5742.0
062941,0.0,16034.0
062942,0.0,32559.0
063001,1419.0,3451.0
063002,0.0,6168579.0
063003,43638.0,574672.0
063004,254384.0,25443419.0
063005,1668.0,255062.0
063006,1277.0,450375.0
063102,0.0,738650.0
063105,3439.44,934132.0
063204,43908.0,180176.0
063206,124601.2,331171.76
063207,0.0,4904.0
063208,173928.0,515310.0
063209,0.0,92777.0
063210,0.0,180790.0
063211,0.0,95953.0
063212,0.0,23066.0
063214,7918.98,235607.0
063215,4316.84,154543.0
063301,73952.0,106402.0
063302,10845.0,2298290.0
063303,26876.0,926717.0
063304,148764.0,501177.0
063305,5980.86,1621146.0
063306,22638.81,992608.0
063307,1238.0,258040.0
063401,1074.19,3101113.0
063402,34520.61,408083.42
063403,3447.0,175150.0
063404,0.0,5913.0
063405,0.0,313211.0
063406,0.0,232451.0
063501,0.0,82459.0
063505,21118.28,27331.0
063506,0.0,191480.0
063507,0.0,12958.0
063602,0.0,518458.0
063603,0.0,1432758.0
063605,0.0,333178.0
063701,0.0,43307.0
063703,0.0,389620.0
063707,0.0,39562.0
063801,140813.48,1504.0
063802,1048134.34,49004.0
063806,0.0,2647.0
063808,53213.62,825826.0
063810,0.0,104166.0
063811,0.0,253257.0
063814,0.0,301650.0
063815,0.0,5908.0
063816,0.0,12126.0
063817,0.0,33617.0
063818,0.0,1868.0
063819,0.0,155732.0
063820,0.0,112987.0
063821,133668.0,0.0
063822,0.0,860713.0
063823,37615.41,3369903.0
073901,0.0,1688840.0
073902,74407.8,731108.0
073903,0.0,247041.0
073904,0.0,146243.0
073905,58965.68,138982.0
073906,160161.36,184757.0
073907,167770.21,3771060.27
073909,1587.0,16359254.0
073910,0.0,166110.0
073911,0.0,5019.0
073912,0.0,41204.0
073913,1266.0,3859.0
073915,473569.96,1303.0
073916,21973.05,1140.0
073917,29119.0,3526085.0
073918,67718.8,1737063.0
073919,1331.0,725557.0
073920,61845.42,643785.18
073921,24022.08,66569.0
073922,12523.0,29336.0
073923,689167.32,1732839.32
073924,18549.02,1534443.0
073925,15105.0,234787.0
073926,488719.09,1252805.09
074001,128062.87,408928.0
074002,70876.85,0.0
074005,109709.02,51848.0
074006,0.0,13079.0
074007,0.0,146989.0
074008,4970.0,208148.0
074009,67825.0,231179.0
074010,204845.0,1792794.0
074011,5023619.64,9219375.93
074012,30898.01,173898.0
074013,0.0,79317.0
074014,0.0,152687.0
074015,105807.25,148975.78
074016,187844.0,495268.0
074017,0.0,8738.0
084101,0.0,64861.0
084102,76450.3,0.0
084103,47262.6,0.0
084104,163044.0,0.0
084105,78913.0,0.0
084106,0.0,352325.0
084202,39089.0,933148.0
084203,18424.0,76593.0
084205,0.0,3215.0
094402,0.0,1200.0
094403,5896035.49,5170.0
094404,30550.14,9415.0
094406,0.0,37947.0
094407,135188.69,10846.0
094408,104432.37,16981.0
094409,121833.9,4315.0
094410,174175.68,8820.0
094411,0.0,2019536.0
094412,0.0,1503951.0
094415,0.0,1222.0
094416,8109.07,0.0
094417,37066.03,2221.0
094418,58515.41,88104.0
094419,40058.0,1720.0
094420,10242.0,11696.0
094421,4125.45,90033.0
094601,3101.39,10662.0
104801,0.0,145435.0
104802,0.0,1690770.0
104803,0.0,23180.0
104804,0.0,185057.0
104805,0.0,187620.0
104808,0.0,48389.0
104809,0.0,83216.0
104810,377674.62,233401.27
104811,0.0,142205.0
104812,0.0,6152.0
104813,0.0,388434.0
104814,5681.78,0.0
104816,0.0,32571.0
104817,48450.58,42575.0
104818,314869.91,377382.0
104819,32069.63,1427837.12
104820,1024.0,800224.0
104821,181583.0,216412.0
104822,0.0,1002.0
104823,0.0,78778.0
104901,179360.44,907138.0
104902,1391.0,0.0
104903,5566.0,1100.0
104905,0.0,4979.0
104907,0.0,20764.0
104909,0.0,30589.0
104910,0.0,119864.0
104911,1062.0,54910.0
115005,0.0,9150.0
115007,0.0,5208.0
115202,0.0,3274.0
115204,0.0,22924.0
115205,72651.0,14203.0
115206,1515.0,0.0
115207,11695.0,0.0
115208,0.0,389736.0
115209,1261.0,0.0
115210,0.0,3307.0
115303,0.0,25712.0
115305,27898.89,113383.0
115310,0.0,6941.0
115401,0.0,1444.0
115402,103264.0,122537.0
115407,0.0,42258.0
115408,0.0,8585.0
115506,0.0,327317.0
115508,0.0,162250.0
115509,11131.0,15187.0
115511,0.0,78859.0
115512,0.0,122645.0
115513,0.0,479430.0
115514,0.0,51565.0
115515,1250.0,97790.0
115601,0.0,13282.0
115602,519675.36,7905.0
115603,159654.0,137180.0
115604,0.0,7303.0
115607,12355.0,182754.0
115608,0.0,935334.0
115609,0.0,68977.0
115701,0.0,3201.0
115702,0.0,20306.0
115703,0.0,46063.0
115705,0.0,61094.0
115801,0.0,174620.0
115804,0.0,86066.0
115806,0.0,25573.0
115807,0.0,7049.0
115808,0.0,28798.0
115810,0.0,75200.0
115811,0.0,6622.0
115903,27829.0,65210.0
115904,0.0,18861.0
115906,0.0,31634.0
115907,0.0,31729.0
115908,0.0,27383.0
115909,0.0,96324.0
115910,0.0,191724.0
115911,10317.0,57995.0
116001,0.0,11584.0
116002,0.0,86891.0
116101,0.0,21222.0
116103,27427.0,70540.0
116104,24634.0,43228.0
116105,5300.0,192421.0
116106,22317.0,11486.0
116107,8624.0,46256.0
116108,36630.0,50513.0
116109,58206.0,1044455.0
116110,182016.0,107004.0
116111,5389.0,91753.0
116112,50061.0,25269.0
116113,0.0,2065.0
116114,30206.0,21205.0
116115,3197.0,19071.0
116116,659172.0,36016.0
116117,0.0,32719.0
116201,5337.0,166034.0
116202,74545.0,27845.0
116203,241016.0,301586.0
116204,563518.0,498564.0
116205,64317.0,90312.0
116206,42880.0,33874.0
116207,0.0,9189.0
116208,89741.0,0.0
116209,50108.0,193719.0
116210,0.0,46422.0
116211,89593.0,219906.0
116212,18815.0,115746.0
116213,0.0,48646.0
116214,0.0,19617.0
116215,0.0,22837.0
116216,0.0,41542.0
116217,0.0,65395.0
116301,0.0,61501.0
116302,0.0,94191.0
116303,1057.0,41500.0
116304,0.0,60284.0
116305,4152.12,1098780.12
116306,11345.0,110237.0
116307,49375.0,79842.0
116309,84566.79,16587240.69
116310,0.0,48328.0
126401,0.0,179412.0
126402,198723.39,83138.0
126403,1620522.0,629970.0
126404,158734.0,1250455.0
126405,9207.0,165365.0
126406,82860.0,6814.0
126504,0.0,1647.0
126505,0.0,312587.0
126506,0.0,221815.0
126601,0.0,90809.0
126702,0.0,95175.0
126703,0.0,37827.0
126704,0.0,527356.0
136802,9222.85,303480.0
136804,114102.4,64369.0
136805,1866.0,7065.0
136806,67139.46,112588.0
136807,0.0,45085.0
136808,1306.15,0.0
136809,0.0,56674.0
136810,0.0,11679936.0
136811,0.0,19650.0
136812,0.0,697427.0
136813,0.0,33233.0
136815,3344.0,0.0
136901,0.0,6703.0
136902,0.0,23527.0
136903,3198.04,2014.0
136904,0.0,7939.0
136905,0.0,40611.0
136907,3635.68,194968.0
136908,0.0,3267063.0
136910,0.0,46715.0
136911,18942.0,94658.0
136912,0.0,16728.0
136913,0.0,24225.0
137003,1333.78,5627.0
137004,0.0,33617.0
137005,0.0,122742.0
137006,0.0,50074.0
137007,0.0,73553.0
137009,0.0,129203.0
137010,49978308.21,51306646.82
137011,0.0,3111.0
137013,460368.05,256449.29
137016,0.0,37593.0
137017,5283.0,58035.0
137018,0.0,18772.0
137019,0.0,83900.0
137020,3230.6,50415.0
147102,112218619.0,111050022.0
147103,221782.0,26414.0
147108,4337302.0,664715.0
147112,36808.0,0.0
147113,59155.0,36649.0
147114,0.0,14694.0
147117,6531.0,41764.0
157202,0.0,438551.0
157204,9042940.5,508121.66
157206,0.0,29121.0
157207,0.0,136015.0
157208,112586.49,284472.0
157209,0.0,134061.0
157210,0.0,10302808.0
157211,0.0,266603.0
157212,0.0,36655.0
157213,0.0,226181.0
157214,46670.45,10546189.0
157215,210274.01,674125.0
157216,260980.31,513281.91
157217,26308.22,47959.0
157218,0.0,53707.0
157219,14773.99,13499.0
157220,15516.21,25439.0
157221,0.0,3342.0
157222,20620.16,5852.0
157223,3911.35,6407.0
157224,0.0,7589.0
157225,0.0,26631.0
157226,0.0,481365.0
157228,310680.11,209985.63
157229,0.0,61401.0
157301,0.0,3312061.0
157302,0.0,13980238.0
157303,0.0,6935672.0
157304,1581096.19,2578634.07
157305,0.0,122267.0
157306,2076376.44,4468667.84
157307,24485.0,2628639.0
157308,409929.39,1588861.0
157309,233759.0,1566648.0
157310,1210.57,179020.57
157311,15386.83,973102.0
157312,369987.86,575819.0
157313,0.0,138732.0
157314,0.0,416092.0
157315,1376.0,86202.0
157316,0.0,34423.0
157317,0.0,1729183.0
157318,84351.59,482810.0
157319,0.0,3916.0
157320,1901.83,67573.0
157321,32234.53,285007.0
157322,0.0,7298.0
157323,0.0,224686.0
157324,0.0,42719.0
157325,0.0,89603.0
157326,95508.17,2128951.17
157403,0.0,3713.0
157404,3736720.81,39230.0
157408,0.0,74046.0
157411,0.0,5408.0
157412,0.0,29067.0
157413,0.0,40623.0
157415,0.0,14040.0
157418,0.0,53575.0
157419,0.0,47598.0
157508,0.0,13208.0
157601,0.0,6007.0
157602,1208479.89,0.0
157604,183940.7,1158868.0
157606,0.0,305550.0
157607,0.0,13435.0
157608,0.0,56861.0
157609,0.0,433261.0
157610,40351.0,443901.0
157611,0.0,979153.0
157612,7635.0,66200.0
157613,1562.0,22473.0
157614,0.0,37026.0
157615,4993.0,433243.0
157616,25315.0,153163.0
157804,0.0,54000.0
157806,0.0,32800.0
157901,1702.79,0.0
157907,13020.34,24058.0
158003,0.0,18707.0
158007,0.0,2209.0
158101,0.0,4193.0
158201,2336.0,459053.0
158202,21091.0,266548.0
158203,15222.0,69834.0
158204,2781.0,106141.0
158205,20378.0,238978.0
158206,7228.0,283732.0
158207,188856.0,9094045.0
158208,21483.0,51880.0
158209,0.0,20719.0
158210,0.0,10377.0
158211,0.0,63069.0
158212,0.0,97189.0
158213,0.0,24476.0
158214,0.0,17585.0
158215,0.0,20495.0
158301,0.0,365095.0
158302,282233.17,135139.0
158303,0.0,82494.0
158304,1901.0,94734.0
158305,76060.0,18436.0
158306,0.0,1669491.0
158307,0.0,162740.0
158308,0.0,35512.0
158309,0.0,840667.0
158310,0.0,462930.0
158311,0.0,450268.0
168402,0.0,70830.0
168403,0.0,15169.0
168404,0.0,102345.0
168405,0.0,464740.0
168406,0.0,1935.0
168407,0.0,894672.0
168408,89511.0,938412.0
168409,173921.0,953796.0
168410,0.0,451011.0
168411,0.0,17094.0
168412,132086.0,1034945.0
168413,776170.0,1751810.0
168414,236821.0,387887.0
168415,0.0,1497019.0
168416,7150.0,10645.0
168417,0.0,142090.0
168418,146625.66,559083.66
168419,215750.0,419757.0
168420,0.0,56021.0
168421,395675.0,830564.0
168422,171588.0,1449326.0
168423,11415.0,127332.0
168424,20073.48,1327915.0
168425,214680.0,508994.0
168426,0.0,1837710.0
168427,0.0,3924391.0
168428,0.0,14102909.0
168429,37405.0,4424487.0
168430,1317015.0,11772038.0
168431,719604.0,3337850.0
168432,0.0,666967.0
168433,702337.0,298246.0
168434,16078.0,0.0
168435,0.0,66371.0
168436,0.0,400381.0
168437,0.0,945285.0
168438,2472.0,2462227.0
168439,0.0,107523.0
168440,0.0,2790.0
168441,0.0,71312.0
168442,10477.0,74725.0
168443,173114.0,452050.0
168448,0.0,9400.0
168450,1041455.0,84470.0
168451,1591.0,75158.0
168452,0.0,74669.0
168454,26603.0,0.0
168455,126620.0,0.0
168456,0.0,31733.0
168458,0.0,61338.0
168459,78745.0,77695.0
168460,0.0,94893.0
168461,2077.0,23085.0
168462,0.0,325953.0
168463,0.0,16325.0
168464,0.0,30431.0
168465,30157.0,104938.0
168466,45875.0,148800.0
168467,11787.0,89426.0
168468,0.0,327210.0
168470,0.0,98799.0
168471,142926.0,712753.0
168472,0.0,43987.0
168473,48180.0,1452094.0
168474,164317.23,12251368.23
168476,1815.0,13689.0
168477,9061.0,445352.0
168478,0.0,28255.0
168479,158880.0,2908438.0
168480,44033.0,57733.0
168481,74530.0,1330473.0
168482,373670.0,547817.0
168483,254623.0,432750.0
168484,12961.0,143577.0
168485,5069.0,931838.0
168501,1594313.0,2124909.0
168502,19187.0,6901761.0
168503,27094.0,1638843.0
168504,842503.2,2319621.0
168505,0.0,121291.0
168506,286005.0,11024671.0
168507,432080.0,715135.0
168508,96229.0,121937.0
168509,382556.0,251854.0
168510,0.0,7275.0
168511,182983.0,253648.0
168512,117761.0,186963.0
168513,2678.0,788328.0
168514,0.0,86575.0
168515,0.0,173768.0
168516,424531.0,744242.0
168517,367402.0,4449082.0
168518,0.0,33225.0
168519,0.0,84641.0
168520,0.0,2825.0
168521,4846.0,3676449.0
168522,2653.0,6231.0
168523,17758.0,151165.0
168524,1400.0,920826.0
168525,98839.0,2866503.0
168526,0.0,343239.0
168527,3728.0,377354.0
168528,326370.0,2985237.0
168529,37956.0,25260942.0
168530,6695.0,156004.0
168531,2860.0,265336.0
168532,46751.0,31511.0
168533,53226.0,503633.0
168534,14181.0,60225.0
168535,43724.0,240499.0
168536,471211.0,1205542.0
168537,0.0,1809681.0
168538,62742.0,357246.0
168539,1486488.0,729019.0
168540,2783.0,17687.0
168541,32640.0,385882.0
168542,1572868.0,923064.0
168543,4344.0,179954.0
168544,110620.0,1376580.0
168545,0.0,7376.0
168546,0.0,3801.0
168547,29434.0,314826.0
168548,0.0,1906.0
178602,0.0,35642266.0
178604,0.0,3895534.0
178606,0.0,31242333.0
178607,0.0,149082.0
178608,0.0,1234178.0
178609,3442.17,3258283.0
178701,0.0,22115818.0
178702,4173.0,2769907.0
178703,1990207.0,3914612.0
178704,1188392.0,13682030.0
178705,500275.0,13940331.0
178706,0.0,51863.0
178707,0.0,1206191.0
178708,323467.0,1468991.0
178709,62200.0,167041.0
178711,0.0,6459390.0
178712,107566.0,257086.0
178713,0.0,24660.0
178714,81517.0,404929.0
178716,60528.63,1269610.0
178803,65861.0,209574.0
178804,1669.0,0.0
178901,0.0,3540354.0
178902,0.0,8985.0
178903,1935655.0,317945.0
178904,75622.0,2886393.0
178905,0.0,21258105.0
178906,15172.0,223546.0
178907,0.0,257282.0
178908,19890790.48,29967.0
189001,0.0,29954.0
189002,1417.0,20224.0
189003,0.0,213843.0
189004,33275.0,83334.0
189006,5997.0,6947.0
189007,0.0,14815.0
189008,0.0,4339.0
189010,0.0,25138.0
189011,1570.0,65154.0
189012,0.0,1690.0
189013,7089.0,42936.0
189014,11152.0,1385259.0
189015,81847.0,405528.0
189016,0.0,25858.0
189017,4851.0,120348.0
189018,112922.0,600864.0
189019,0.0,30700.0
189020,0.0,48790.0
189021,27395.0,115822.0
189022,0.0,7090697.0
189023,0.0,177790.0
189024,2631.0,439414.0
189025,0.0,26851.0
189026,43911.0,354071.0
189027,48383.0,309705.0
189028,109250.0,1142398.0
189029,21261.0,50775.0
189030,125548.0,252180.0
189031,364852.0,183460.0
189032,125878.0,235908.0
189033,18152.0,79941.0
189102,0.0,27016.0
189105,0.0,34543.0
189106,0.0,27590.0
189107,2768.0,0.0
189202,1088.0,0.0
189208,0.0,5712.0
209401,129899.13,288992.0
209402,5524.0,190754.0
209403,630745.38,914692.07
209404,2589.0,1968836.0
209405,27083.83,797231.83
209406,146428.47,10520281.0
209503,21367.0,59916.0
209504,109643.0,83722.0
209505,20337.53,98490.0
209506,54301.0,134642.0
209507,11048.0,32711.0
209508,3473.0,1391.0
209602,0.0,11403.0
209603,0.0,80979.0
209604,0.0,33046.0
209605,2015.0,30820.0
209606,0.0,9446.0
209607,4878.0,12788.0
209608,6192.0,300687.0
209609,0.0,41472.0
209610,0.0,21425.0
209611,0.0,2048.0
209612,4022.0,60981.0
209613,0.0,16359.0
209614,0.0,1625.0
209615,1692.0,39658.0
209616,0.0,118000.0
209617,0.0,884501.0
209618,0.0,3097.0
219701,8017.0,46423.0
219703,5566.0,0.0
219704,0.0,1666.0
219706,95237.0,34805.0
