010105,0.0,8998.0
010201,0.0,156382.0
010202,0.0,2081827.98
010203,0.0,498062.35
010204,0.0,666011.95
010206,0.0,3439.24
010207,0.0,2146002.82
010208,0.0,42746.22
010209,0.0,1664.0
010210,0.0,194786.28
010301,1582992.81,10773.09
010302,23063374.06,98105.37
010303,52456575.21,660130.48
010304,17825513.36,205181.02
010305,10887266.42,269969.43
010306,3489.0,1443594.24
010307,2198133.6,557698.22
010401,0.0,408098.3
010402,55023.34,1724288.32
010403,0.0,633219.74
010404,0.0,300789.64
010405,0.0,309123.18
010406,0.0,1372729.9
010407,0.0,873128.5
010408,0.0,22537.56
010409,0.0,112400.86
010508,5383.63,0.0
010511,0.0,1098.0
020602,0.0,239866.83
020603,0.0,37937.48
020604,0.0,18573.49
020701,0.0,136218.11
020702,0.0,915206.61
020703,0.0,410621.64
020704,0.0,527386.61
020705,0.0,794108.36
020706,0.0,700521.92
020707,0.0,231581.38
020708,0.0,458685.03
020709,0.0,2003314.39
020710,7601.61,75386.93
020711,0.0,148210.93
020712,0.0,85398.89
020713,0.0,207171.05
020714,0.0,66292.42
020801,0.0,138494.84
020802,2112.0,214446.37
020803,0.0,92301.14
020804,0.0,1935634.4
020805,19223.54,1304560.66
020806,0.0,299274.43
020807,0.0,918357.26
020808,0.0,413642.11
020809,0.0,153429.14
020810,7878.61,535626.15
020811,0.0,39021.77
020812,0.0,3099.87
020813,0.0,147438.92
020814,0.0,7997.21
020901,0.0,160930.96
020902,0.0,507459.2
020904,0.0,85602.62
020906,0.0,15410.3
020907,0.0,48450.07
020908,0.0,52512.01
020909,0.0,41801.0
020910,30844.64,297566.08
021001,0.0,1955.27
021004,0.0,6600.36
021005,1244.36,11692.16
021006,0.0,406639.06
021008,0.0,5200.46
021101,0.0,2543821.63
021102,0.0,66891.27
021103,0.0,15323.66
021104,0.0,1827.0
021105,0.0,7636.09
021106,0.0,39035.58
021206,0.0,3778.11
021207,0.0,7418.86
021209,0.0,15194.29
021211,0.0,68731.04
021212,0.0,48327.02
021301,0.0,5346.0
021302,0.0,28496.79
021401,0.0,28438.6
031504,25698.0,0.0
031509,0.0,287481.56
031510,0.0,22561.0
031511,14552.95,718063.0
031512,0.0,1337.86
031513,0.0,1292.76
031514,0.0,1722.57
031515,0.0,750944.3
031516,0.0,39328.94
031517,0.0,144415.11
031518,0.0,10304.0
041601,0.0,429381.6
041602,0.0,315464.85
041603,0.0,4043.0
041604,18093682.77,117289.67
041605,0.0,31796.0
041701,16860.62,812039.51
041702,0.0,92460.5
041704,0.0,458518.0
041805,0.0,13351.22
041806,0.0,2425728.82
041901,6809.0,626327.33
041902,0.0,320406.95
041903,0.0,6127.75
041904,0.0,332632.77
041905,8071.0,1712023.05
042001,0.0,99733.34
042002,0.0,441487.19
042003,0.0,9960.0
042004,0.0,331201.71
042005,0.0,538995.74
042006,0.0,15743.65
042007,0.0,382494.14
042008,0.0,751064.92
042009,0.0,2024902.34
042101,0.0,588612.5
042102,0.0,97915.08
042103,0.0,450219.6
042104,2361.09,40885.91
042105,0.0,550435.94
042106,277568.83,771336.8
042201,0.0,468594.12
042202,0.0,932156.24
042203,15107.34,823030.29
042204,209392.69,2397050.99
042206,0.0,82158.6
042208,177955.77,909556.68
042209,0.0,62112.05
042301,1401644.49,24421.0
042304,6615.72,0.0
042306,3223.72,1001.0
042309,0.0,105841.59
042401,0.0,3989.0
042402,108305.0,5573974.74
042403,0.0,22114.07
052501,0.0,29937.46
052505,0.0,11097.27
052508,0.0,7805.0
052509,2165.42,0.0
052512,0.0,2370.39
052515,0.0,60196.54
052516,0.0,1852.0
052517,0.0,24154.49
052520,0.0,2190.0
052523,3004308.62,1767128.01
052526,0.0,2150.84
052530,0.0,9091.0
052618,0.0,2692.0
052703,0.0,6339.57
052706,0.0,12595.87
052707,0.0,4797.0
052710,37250856.07,76625327.7
052711,0.0,9378017.89
052712,0.0,17384.92
052714,0.0,1398.64
062801,0.0,72261.37
062803,0.0,1370.15
062804,2659.0,103082.02
062806,0.0,8029.27
062807,0.0,8586.72
062811,0.0,34602.6
062812,0.0,1202.34
062814,0.0,1287.81
062815,0.0,6053.48
062821,0.0,28223.0
062827,0.0,1070.0
062828,1354.66,27043.94
062829,0.0,1120.0
062833,0.0,3693.4
062835,0.0,2265.0
062836,0.0,2015.46
062843,0.0,1022.0
062851,0.0,96674.01
062901,0.0,40807.5
062903,73822.0,46026.39
062904,0.0,10795.0
062905,0.0,184321.49
062912,0.0,1379.63
062914,0.0,16579.31
062915,3148914.17,0.0
062917,0.0,9558.87
062918,0.0,3634.7
062923,0.0,4849.0
062927,0.0,2051.0
062929,0.0,21962.0
062936,0.0,90446.0
062941,11395.0,0.0
063002,0.0,122798.17
063003,0.0,72728.0
063004,31107.0,1099529.91
063005,0.0,12674.51
063006,0.0,48788.41
063101,0.0,185156.42
063102,0.0,74848.76
063103,0.0,4104.57
063104,0.0,12204.9
063105,0.0,93044.62
063203,0.0,21313.61
063204,0.0,17770.0
063205,0.0,1562.44
063206,10579.0,36153.0
063207,0.0,2750.44
063208,36656.35,1357537.17
063209,1367.0,607919.91
063210,0.0,559236.0
063212,0.0,4252.0
063213,0.0,69449.9
063214,22216.97,182148.05
063215,3298.0,290544.02
063301,6121.0,293057.86
063302,0.0,122400.62
063303,0.0,868477.81
063304,0.0,1029222.86
063305,2033.66,788321.75
063306,0.0,197181.7
063307,0.0,874571.35
063401,0.0,714266.09
063402,3926.0,1210308.09
063403,10743.0,200380.19
063404,0.0,21735.91
063405,0.0,66395.37
063406,2318.16,121771.49
063407,0.0,3547.0
063502,0.0,1457.0
063505,0.0,21600.0
063506,0.0,347159.46
063507,3715.0,0.0
063604,0.0,4834.29
063605,0.0,34605.64
063606,0.0,1634.0
063701,0.0,44842.25
063702,0.0,21633.0
063703,0.0,13779.54
063704,8000.0,0.0
063705,0.0,1154.0
063707,0.0,12265.55
063801,0.0,1702.0
063802,0.0,5288.0
063805,0.0,1754.21
063806,0.0,4065.0
063807,0.0,65983.29
063808,16184.0,344507.27
063811,0.0,36673.04
063812,0.0,3615.0
063814,0.0,79609.11
063815,0.0,7849.22
063816,0.0,89180.03
063817,0.0,2274.0
063819,0.0,8267.36
063820,0.0,8885.7
063822,1205.0,318948.37
063823,85303.22,210229.39
073901,0.0,27151.16
073902,20447.02,0.0
073903,0.0,35554.0
073906,0.0,4000.0
073907,0.0,735254.87
073909,386983.93,4234.2
073911,0.0,10919.0
073913,0.0,3645.0
073915,16655.43,0.0
073916,0.0,6458.0
073917,9066.23,490880.98
073918,0.0,40460.97
073919,6100.88,47273.32
073920,9681.17,260886.13
073921,0.0,115516.83
073922,0.0,158093.42
073923,58519.72,1761409.62
073924,5181.32,444885.27
073925,2480.0,254235.77
073926,20696.68,738707.27
074001,0.0,1575.0
074002,47965.46,12308.0
074005,0.0,30000.0
074008,0.0,25342.95
074009,0.0,102228.82
074010,0.0,458182.63
074011,1606.0,176583.96
074012,0.0,93812.04
074013,0.0,21853.37
074014,0.0,4169.0
074015,64563.0,134300.25
074016,2389.0,367987.6
074017,0.0,8727.71
084103,14185.0,0.0
084104,9954.0,0.0
084111,0.0,2000.0
084202,2000.0,405588.44
084203,0.0,23207.0
084204,0.0,1000.0
084205,0.0,14792.47
084206,0.0,8750.0
084303,0.0,1823.0
094401,0.0,184670.55
094402,0.0,24716.58
094403,151839.3,16534.16
094404,0.0,11601.64
094407,40845.46,346922.3
094408,0.0,3075.0
094409,0.0,352760.94
094410,0.0,81109.54
094411,0.0,25785.71
094412,7956.59,411366.69
094414,0.0,28369.12
094415,0.0,46582.89
094417,0.0,15560.0
094418,383316.96,912662.61
094419,0.0,125811.63
094420,4710.0,216646.15
094421,2690.83,360166.87
094504,0.0,5382.38
094601,0.0,77479.41
094602,0.0,123552.54
104801,0.0,55945.23
104802,72663.04,477095.62
104803,0.0,147320.0
104804,0.0,63234.0
104805,1330.65,43574.95
104806,0.0,1015.0
104808,0.0,13546.0
104809,0.0,8522.58
104810,1402.0,125091.19
104811,0.0,109273.78
104814,0.0,10175.15
104816,0.0,13040.97
104817,1639.0,270921.66
104818,0.0,1090587.38
104819,12460.0,621768.01
104820,0.0,326197.66
104821,33472.46,7654.91
104822,0.0,241304.0
104823,60403.0,340385.39
104901,16083.0,926427.94
104902,0.0,62274.03
104903,0.0,1181.0
104905,0.0,28843.67
104907,3468224.0,1342354.0
104908,0.0,2000.0
104909,1287.0,113019.33
104910,1000.0,29239.89
104911,2006821.85,378647.37
115006,0.0,2070.0
115007,0.0,1488.12
115109,0.0,1038.0
115110,0.0,1345.0
115202,0.0,2986.0
115203,0.0,11533.18
115204,0.0,29544.0
115205,0.0,1864.0
115208,39561.0,1158079.29
115209,0.0,51789.0
115210,0.0,82804.44
115211,0.0,44480.46
115212,0.0,12190.0
115305,0.0,27462.0
115308,3072.0,3817.09
115401,0.0,4109.34
115402,2261.0,108842.0
115403,0.0,1600.0
115404,0.0,9633.0
115407,0.0,3594372.55
115408,0.0,5628.22
115503,0.0,1868.61
115512,0.0,11595.0
115513,16529.0,50704.0
115514,0.0,216302.0
115516,0.0,4210.0
115601,4280.0,17210.81
115602,0.0,28800.85
115603,0.0,10656.0
115604,14472.0,20722.55
115607,1861.0,133283.89
115608,1945.0,57352.01
115609,0.0,3956.94
115701,0.0,3133.0
115702,0.0,119262.03
115703,0.0,139504.0
115704,0.0,39776.21
115705,0.0,14119.0
115801,0.0,12254.0
115802,0.0,28212.0
115804,0.0,9681.0
115806,29206.0,27220.0
115807,2360.0,37088.28
115808,0.0,23210.0
115810,0.0,10440.0
115902,0.0,49124.97
115903,0.0,1648.0
115904,0.0,2899.3
115906,0.0,12593.19
115907,0.0,147758.0
115908,0.0,5168.0
115909,0.0,6702.0
115910,0.0,2000.0
115911,0.0,74768.0
116001,0.0,104116.0
116002,74372.0,7741.0
116101,0.0,1157.0
116102,0.0,2158.0
116103,6216.0,243278.89
116104,33729.0,233379.92
116105,6874.0,78589.95
116106,2155.0,82600.57
116107,7484.63,289295.35
116108,4045794.3,29185.98
116109,38145.75,143948.37
116110,34587.0,5553.0
116111,0.0,36531.44
116112,2486.0,44106.0
116113,0.0,10603.0
116114,14660.0,27276.0
116115,0.0,32010.96
116116,1212.0,27710.0
116117,2027.0,53962.39
116201,19551.0,8816.0
116202,31782.0,18522.0
116203,60924.0,99119.76
116204,278865.0,94321.3
116205,36832.0,12836.09
116206,10007.0,15625.2
116207,0.0,14215.0
116208,9361.0,226994.57
116209,63520.0,0.0
116210,0.0,165165.42
116211,1309.0,119496.83
116212,4034.0,40780.51
116213,0.0,1463.0
116214,1008.0,5435.0
116216,0.0,1974.0
116217,0.0,15721.43
116301,0.0,251114.73
116302,6348.09,633309.17
116303,0.0,337629.13
116304,0.0,109080.62
116305,0.0,440401.53
116306,3697.0,185041.73
116307,6000.0,220425.91
116308,0.0,5310.0
116309,1511.09,20668.0
126401,0.0,169724.68
126402,17201.0,225264.0
126403,178094.0,112271.4
126404,12984.0,51160.11
126405,0.0,663429.26
126406,0.0,22181.0
126505,2788.0,22821.01
126506,0.0,58843.53
126507,0.0,1720.0
126601,5000.0,170163.67
126603,0.0,3797.93
126702,0.0,16889.0
136801,0.0,1041.0
136802,0.0,1400619.52
136803,0.0,5901.52
136804,4787.0,73678.0
136805,0.0,121828.23
136806,3727.0,119340.26
136807,90352.0,15348.0
136808,0.0,54551.49
136809,0.0,143388.15
136810,0.0,592014.48
136811,0.0,35786.5
136812,0.0,42125.61
136813,0.0,2000.0
136814,0.0,3182.0
136901,0.0,1025.0
136902,0.0,336417.0
136903,0.0,1010.0
136904,0.0,152844.0
136905,0.0,11343.11
136907,0.0,189797.4
136908,0.0,1076417.32
136909,0.0,6483.0
136910,0.0,810869.42
136911,0.0,159324.91
136912,0.0,487983.57
136913,0.0,58865.64
136914,0.0,1375.0
137003,0.0,9534.0
137005,0.0,215600.0
137006,0.0,157112.67
137007,0.0,13110.0
137008,0.0,6000.0
137009,0.0,173580.39
137010,0.0,49750.78
137011,0.0,5184.0
137013,1211.65,436406.21
137016,0.0,21732.65
137017,0.0,146145.36
137018,0.0,3089.0
137019,0.0,1118273.63
137020,0.0,244675.01
147102,0.0,19614.0
147103,0.0,21219.38
147108,0.0,19570.0
147111,0.0,3178.0
147112,36500.0,0.0
147113,57725.0,159796.9
147116,0.0,201082.0
147117,49615.0,46847.37
147118,0.0,349198.0
157201,0.0,2600.0
157203,0.0,44535.0
157204,1190811.59,0.0
157206,0.0,6780.0
157209,0.0,1273.0
157210,3619.0,1531879.73
157212,0.0,31581.45
157213,234625.39,53006.05
157214,3235617.0,16031.4
157215,1144.0,13715.01
157216,34421.67,730792.69
157217,0.0,52876.63
157220,0.0,439581.0
157222,6135.0,112262.05
157223,0.0,2773.0
157224,0.0,3789.42
157226,17321.66,0.0
157228,1899.71,0.0
157301,13149.72,60891.28
157302,0.0,7194.24
157303,42715.82,13292.0
157304,47827.92,1712467.93
157305,0.0,2160.0
157306,0.0,168279.26
157307,6905.0,202106.14
157308,85526.03,10575195.47
157309,11859.0,254554.1
157310,295900.98,170208.19
157311,54768.13,825678.3
157312,14811.26,51973.35
157313,0.0,16516.48
157314,0.0,229928.93
157315,2522.0,18131.01
157316,4715.97,19578.0
157317,4271.53,70618.41
157318,4000.0,579165.94
157319,0.0,5516.79
157320,0.0,8491.0
157321,0.0,388239.67
157322,1243.0,17878.26
157323,4228.75,466886.32
157324,6512.0,173574.78
157325,0.0,5724.09
157326,10108.07,546714.13
157404,364390.82,0.0
157407,0.0,60142.75
157408,0.0,1009.0
157409,0.0,13439.0
157411,1205.0,19257.28
157412,0.0,17630.4
157413,0.0,22435.0
157415,0.0,18832.46
157417,0.0,15887.47
157418,0.0,25629.72
157419,0.0,51959.71
157602,176325.78,0.0
157604,9862.0,452460.97
157606,2317.0,1280806.96
157607,0.0,135795.92
157609,0.0,11097.0
157610,1472.0,287716.17
157612,50037.0,4917.0
157613,3229.0,79127.42
157614,0.0,1577.0
157615,0.0,74702.05
157616,5220.05,249087.57
157905,0.0,1246.0
157907,1801.0,3047.01
158001,27602.0,0.0
158201,0.0,63268.92
158202,24583.58,56011.91
158203,0.0,77219.0
158204,9211.16,49747.98
158205,17878.66,545508.13
158206,2510.0,35159.7
158207,1498.52,47563.84
158208,1262.0,109440.13
158210,0.0,16161.54
158211,0.0,56877.81
158212,0.0,274935.12
158213,0.0,31982.69
158214,0.0,36364.8
158215,2486.0,135069.48
158301,0.0,338614.68
158302,7349.2,411720.07
158303,4393.26,30633.46
158304,1826.0,11609.12
158305,0.0,1628.03
158306,0.0,14740.8
158307,0.0,51184.0
158308,0.0,18341.98
158309,0.0,162939.43
158310,0.0,17355.0
158311,4135.0,10103.69
168402,1923.0,11405.0
168405,0.0,19575.0
168407,164335.0,3072859.79
168408,21332.88,3303914.96
168409,15340.21,3049615.75
168410,2298.0,91334.29
168411,47493.0,1878999.0
168412,10938.0,340488.59
168413,65480.25,4442387.15
168414,61617.66,1414964.34
168415,31696.69,1419533.13
168416,0.0,12951.43
168417,1454.0,1295.0
168418,6939.0,1434138.81
168419,281895.0,1363595.56
168420,0.0,2000.0
168421,102446.01,6500740.44
168422,0.0,3395455.5
168423,0.0,125722.13
168424,3204.89,269288.38
168425,22062.69,247913.21
168426,244839.0,1191073.69
168427,192707.22,1907461.81
168428,0.0,473326.81
168429,646548.87,3168002.88
168430,40465.84,63391.0
168431,27204.64,1747626.3
168432,0.0,75457.38
168433,5679.0,43983.04
168435,0.0,16828.0
168436,0.0,40072.66
168437,0.0,64558.0
168438,54348.0,102878.92
168440,13753.93,14024.67
168441,63242.4,46513.26
168442,4202.02,21157.38
168443,40508.28,258328.73
168444,10240.0,0.0
168445,2259.0,0.0
168448,0.0,28417.0
168450,0.0,1056645.82
168451,6436.38,217160.6
168452,78890.27,435642.08
168454,0.0,1363.0
168456,6133.0,0.0
168458,0.0,14938.0
168459,80600.72,81061.89
168460,0.0,1903.0
168461,1663.0,12025.81
168462,30762.0,40078.75
168463,7630.0,1381.0
168464,2364.0,32351.91
168465,23009.0,105920.91
168466,12512.0,63135.19
168467,44607.54,190606.92
168468,9720.32,6132.13
168470,0.0,166782.63
168471,102786.93,14131675.31
168472,6912.0,146586.83
168473,55427.1,1900829.23
168474,159159.24,432446.18
168476,0.0,14413.0
168477,0.0,514059.61
168479,6676.0,892205.07
168480,6335.0,33104.06
168481,24599.0,1153327.95
168482,2923.0,120728.92
168483,0.0,101971.88
168484,0.0,23564.8
168485,14134.0,1935335.03
168501,130275.84,1288987.22
168502,59277.8,2977342.65
168503,18093.09,2208414.81
168504,12796.0,3479244.22
168505,0.0,32575.03
168506,1266.0,233402.34
168507,11218.0,571300.84
168508,88322.14,484384.12
168509,0.0,72258.44
168510,0.0,18148.0
168511,13173.95,61261.93
168512,0.0,28080.99
168513,1748.45,96897.64
168514,0.0,14719.0
168515,100106.37,63125.34
168516,26200.95,2052698.58
168517,118084.55,35047623.86
168518,57227.0,450008.94
168519,2037.0,81510.85
168520,21288.09,39754.8
168521,65893.95,307911.98
168522,3708.0,26444.07
168523,0.0,151571.94
168524,9396.0,2642312.74
168525,157179.75,10319520.97
168526,2008.0,827525.0
168527,4241.0,165268.41
168528,56587.19,568298.55
168529,38167.0,2320473.63
168530,0.0,77829.0
168531,0.0,237639.23
168532,0.0,27902.5
168533,0.0,39223.0
168534,0.0,11420.76
168535,0.0,261045.13
168536,55182.35,3364748.49
168537,15812.84,776877.39
168538,1506.0,288020.58
168539,0.0,1041653.89
168540,28499.0,1375.0
168541,4528.0,333140.89
168542,242515.0,81412.16
168543,5584.0,348031.37
168544,63729.57,2054805.68
168545,0.0,5268.94
168546,1051.0,0.0
168547,2088.0,65915.78
168548,0.0,79974.0
178608,8192.0,0.0
178609,4483.93,93347.54
178701,34602.1,1393919.64
178702,2008.0,171245.0
178703,0.0,1277005.73
178704,257428.95,1619992.98
178705,184924.89,1549394.84
178707,0.0,27843.0
178708,13585.08,1382445.59
178709,96752.0,151802.01
178711,16836.2,552555.92
178712,0.0,240117.6
178713,0.0,18121.0
178714,0.0,78051.3
178715,0.0,15754.0
178716,3560.92,516833.42
178802,0.0,10438034.0
178803,79075.84,5403639.28
178804,2300.0,5964.0
178901,1594269.09,4439345.35
178902,0.0,8595.0
178903,557555.74,4430688.17
178904,113815.0,0.0
178905,0.0,19020.27
178906,0.0,2748.0
178907,104570.0,621233.79
189001,0.0,128399.18
189002,21304.0,17247.0
189003,0.0,109626.62
189004,0.0,130019.77
189005,0.0,24580.5
189006,10752.0,347161.28
189007,0.0,2354.0
189008,0.0,17196.61
189009,21858.56,328421.1
189010,12854.0,20097.11
189011,0.0,16193.26
189012,0.0,15253.0
189013,2670.0,0.0
189014,1405.0,961804.35
189015,5446.0,334258.27
189016,0.0,3092.0
189017,1241.0,94922.78
189018,87160.0,930854.98
189019,0.0,39723.79
189020,0.0,137804.59
189021,0.0,8311.0
189022,0.0,864410.28
189023,0.0,18157.8
189024,0.0,17874.0
189025,0.0,63821.56
189026,4218.0,156020.24
189027,38641.0,444977.78
189028,1406.0,145308.84
189029,0.0,32883.0
189030,0.0,169215.5
189031,4367.0,57070.61
189032,4969.0,77509.32
189033,2629.0,145660.68
189101,1000.0,6969.0
189102,3501.0,1273556.3
189105,0.0,82877.0
189106,0.0,15198.37
189107,0.0,2392.0
189113,3596.0,0.0
189114,1205.0,4343.0
189201,3390.0,0.0
189202,0.0,17544.84
189203,0.0,3393.0
189206,0.0,5114.0
189207,13644.0,38458.39
189209,0.0,28358.82
209401,45084.03,2404983.29
209402,0.0,49373.83
209403,61075.62,7208527.5
209404,1382.0,579352.09
209405,18171.78,3584241.89
209406,23842.82,2345208.84
209501,0.0,19037.42
209502,0.0,10530.0
209503,1271.0,284926.14
209504,0.0,127780.06
209505,1178.0,59968.02
209506,5156.62,347207.31
209507,0.0,96659.25
209508,1004.0,9050.67
209601,0.0,9778.0
209602,0.0,100422.55
209603,20078.0,387996.93
209604,1263.0,25902.4
209605,0.0,63762.97
209606,1460.0,5631.0
209607,0.0,7390.58
209608,3000.0,170959.31
209609,0.0,63952.51
209610,2053.19,13704.0
209611,0.0,31721.0
209612,0.0,12561.65
209613,0.0,23129.0
209614,0.0,7000.0
209615,0.0,12929.0
209616,0.0,1367.0
209617,0.0,50129.3
209618,0.0,5485.0
219701,0.0,8337.3
