010101,0.0,15268.0
010104,0.0,188200.88
010105,0.0,68200.18
010106,33071.0,72561.48
010201,0.0,306256.85
010202,0.0,1684216.42
010203,0.0,455753.9
010204,0.0,248108.94
010205,0.0,1840.13
010206,0.0,16536.67
010207,0.0,7142075.58
010208,0.0,45274.4
010210,0.0,175356.98
010301,1647822.21,766677.18
010302,35705677.62,24229125.23
010303,42529570.55,32690258.65
010304,56658454.41,28575286.12
010305,14839908.1,14375653.37
010306,1391.0,1689846.48
010307,3526989.02,759907.68
010401,0.0,2069917.04
010402,0.0,5826838.96
010403,0.0,2345243.31
010404,0.0,640736.0
010405,0.0,1944549.07
010406,0.0,3764850.89
010407,0.0,7771554.74
010408,0.0,54286.97
010409,0.0,366122.82
010501,0.0,1043.0
010504,0.0,91322.1
010508,0.0,1084.08
020601,0.0,4121.0
020602,0.0,167890.78
020603,0.0,459188.85
020604,0.0,78707.05
020701,0.0,424715.73
020702,0.0,3137060.58
020703,0.0,3473631.05
020704,0.0,1101404.68
020705,9498.05,2454899.82
020706,0.0,1334100.64
020707,0.0,673177.64
020708,0.0,497550.69
020709,12136.44,547458.36
020710,0.0,592923.94
020711,0.0,358783.83
020712,0.0,110231.08
020713,265442.71,161530.6
020714,0.0,73928.73
020801,148239.0,156573.75
020802,0.0,139413.22
020803,0.0,533511.02
020804,29816.48,690487.01
020805,0.0,1899735.82
020806,0.0,920747.83
020807,0.0,2304590.26
020808,0.0,1988751.24
020809,0.0,73382.03
020810,10961.11,699573.15
020811,0.0,140107.38
020812,0.0,27706.36
020813,0.0,250189.84
020814,0.0,6577.58
020901,0.0,331382.88
020902,8893.03,118855.76
020904,0.0,205523.53
020905,0.0,21842.0
020906,0.0,35040.05
020907,0.0,153247.4
020908,0.0,46873.77
020909,0.0,90492.33
020910,0.0,381198.49
021001,0.0,3951.62
021002,0.0,4429.19
021003,0.0,2749.63
021004,0.0,34527.61
021005,0.0,57721.25
021006,0.0,13342987.82
021008,0.0,87717.98
021101,0.0,10329330.84
021102,0.0,74717.4
021103,0.0,93911.58
021104,0.0,36422.53
021105,0.0,3474.88
021106,0.0,35188.78
021108,0.0,15487.38
021201,0.0,8302.07
021202,0.0,21683.91
021204,0.0,2534.12
021206,0.0,14844.47
021207,0.0,31896.65
021209,0.0,93975.37
021211,0.0,290527.94
021212,0.0,256088.18
021301,0.0,4384.57
021302,0.0,670383.03
021401,0.0,151555.16
021404,0.0,68612.8
031504,0.0,9663.0
031506,0.0,1850.0
031507,0.0,379419.94
031509,0.0,204614.53
031510,0.0,421038.0
031511,0.0,1248780.04
031512,0.0,245363.99
031513,0.0,24038.39
031514,0.0,16124.67
031515,0.0,2046522.43
031516,0.0,128219.3
031517,0.0,702866.22
031519,0.0,79715.0
031521,0.0,2705.0
041601,53202.0,2575293.15
041602,0.0,397926.52
041603,0.0,25427.06
041604,9143589.08,2805548.2
041605,12700.0,93816.26
041701,0.0,772331.3
041702,0.0,157173.77
041703,0.0,8229.0
041704,0.0,499906.57
041802,0.0,1669.0
041804,0.0,13904.03
041805,0.0,96070.99
041806,0.0,2690834.8
041901,0.0,946540.36
041902,0.0,376789.96
041903,0.0,21204.78
041904,0.0,1277766.87
041905,0.0,2463549.64
042001,0.0,181450.91
042002,0.0,186916.59
042003,0.0,202016.24
042004,0.0,1046864.69
042005,0.0,394839.18
042006,0.0,355990.78
042007,0.0,829763.21
042008,0.0,747679.26
042009,0.0,1719638.14
042101,0.0,3407172.79
042102,0.0,168074.09
042103,0.0,357348.37
042104,0.0,311890.63
042105,0.0,1456803.98
042106,8744.9,2614905.6
042201,0.0,979005.98
042202,0.0,7094257.55
042203,10292.96,2114400.68
042204,45059.52,2485807.34
042205,0.0,33745.82
042206,0.0,136348.31
042207,0.0,1607.0
042208,71016.0,410529.18
042209,0.0,266225.64
042301,953780.11,0.0
042306,0.0,1001.0
042309,2792.64,129558.83
042401,85792.15,16901.79
042402,331145.0,9786188.07
042403,0.0,57912.9
052501,0.0,516057.52
052505,0.0,2595899.83
052507,0.0,3427.0
052508,0.0,9763.52
052512,0.0,2501.42
052513,0.0,10559.32
052514,0.0,2392.0
052515,0.0,957384.07
052516,0.0,47114.95
052517,0.0,10946997.1
052518,0.0,1155.0
052520,0.0,25382.16
052521,0.0,18946.23
052523,0.0,1369903.91
052526,0.0,14222.13
052528,0.0,2220.35
052530,0.0,3099.0
052620,0.0,13892.62
052701,0.0,2583.0
052703,0.0,7187.1
052706,0.0,635793.53
052707,0.0,25702207.0
052710,75634.0,293076381.27
052711,11443047.95,41681199.73
052712,0.0,134797.24
052713,0.0,326162.0
052714,0.0,280616.0
052715,0.0,3001.0
062801,0.0,196166.04
062803,0.0,4138.0
062804,2921.15,108735.56
062805,0.0,1100.0
062806,0.0,32406.27
062807,0.0,30637.78
062808,0.0,1555.0
062809,0.0,12840.42
062811,0.0,104635.12
062814,0.0,20753.34
062815,0.0,15446.29
062818,0.0,1027.44
062821,0.0,1979.65
062822,0.0,2959.0
062823,0.0,10124.75
062827,0.0,19908.55
062828,0.0,197796.29
062829,0.0,3163.86
062831,0.0,2482.42
062832,0.0,34703.75
062833,0.0,12556.53
062834,0.0,2134.26
062835,0.0,26694.97
062836,0.0,30429.77
062840,0.0,2019.0
062841,0.0,1857.34
062844,2236.0,30606.0
062846,0.0,1071.0
062847,0.0,1730.84
062849,35701.68,0.0
062851,0.0,26019.82
062901,0.0,101517.27
062902,0.0,3415.56
062903,0.0,35367.79
062904,0.0,1007.0
062905,0.0,12225.16
062906,0.0,89473.0
062907,0.0,3078.0
062909,0.0,3102.71
062912,0.0,3516.24
062914,0.0,49062.41
062915,0.0,27995.55
062916,0.0,223258.0
062917,0.0,34935.85
062918,0.0,7284.37
062921,0.0,10722.62
062922,0.0,291975.5
062924,0.0,3237.0
062925,0.0,23628.0
062929,0.0,3582.0
062930,0.0,9318.0
062931,0.0,51579.0
062932,0.0,4966.0
062933,0.0,57929.0
062934,0.0,3899.0
062937,0.0,1391.0
062940,0.0,35657.0
062942,0.0,19855.0
063001,0.0,1717.0
063002,0.0,443555.97
063003,0.0,36050.0
063004,0.0,1497321.24
063005,0.0,234400.68
063006,0.0,40417.54
063101,0.0,740296.67
063102,0.0,99790.82
063103,0.0,5312.73
063104,0.0,3019.79
063105,0.0,226257.46
063201,0.0,2175.0
063203,0.0,111620.29
063204,0.0,129354.0
063205,0.0,50323.0
063206,0.0,165379.0
063207,0.0,50337.31
063208,0.0,1085050.13
063209,0.0,980880.61
063210,0.0,1217377.0
063212,0.0,40505.0
063213,0.0,123549.11
063214,0.0,869440.56
063215,2957.0,1171579.63
063301,53582.0,409567.43
063302,0.0,1109678.98
063303,0.0,5191673.64
063304,7582.0,260341.17
063305,0.0,1299491.08
063306,0.0,823968.81
063307,0.0,509671.46
063401,0.0,823972.45
063402,118848.0,1528664.27
063403,0.0,196751.71
063404,0.0,114566.06
063405,0.0,51582.57
063406,0.0,573695.81
063407,0.0,27579.07
063502,0.0,22537.29
063503,0.0,15239.05
063504,0.0,6347.0
063505,0.0,21598.21
063506,0.0,654791.38
063507,0.0,5007.87
063604,0.0,120356.05
063605,0.0,82801.54
063606,0.0,80298.52
063701,0.0,158290.48
063702,0.0,30670.0
063703,0.0,65746.39
063704,0.0,1801.0
063705,0.0,27163.0
063706,0.0,12704.0
063707,0.0,112914.56
063801,0.0,4034.0
063802,0.0,33729.43
063805,0.0,7083.04
063806,0.0,13355.0
063807,0.0,292823.04
063808,0.0,860075.0
063809,0.0,73539.0
063810,0.0,6036.0
063811,0.0,746334.25
063812,0.0,1265.0
063813,0.0,67286.09
063814,0.0,535071.92
063815,0.0,14923.0
063816,0.0,431547.64
063817,0.0,6813.0
063819,0.0,30842.89
063820,1373.09,126362.52
063821,0.0,62835.76
063822,0.0,2062111.49
063823,0.0,864547.76
073901,0.0,621186.5
073902,0.0,627740.0
073903,0.0,5156.0
073904,0.0,7900.0
073905,0.0,10625.88
073906,0.0,271516.75
073907,0.0,1651414.02
073909,0.0,1114991.76
073910,0.0,32829.13
073911,0.0,146246.0
073912,0.0,49447.0
073913,0.0,1531.0
073914,0.0,2466.0
073915,78985.97,0.0
073916,0.0,218501.86
073917,0.0,1225318.62
073918,7265.0,180971.57
073919,0.0,295903.73
073920,0.0,478110.2
073921,0.0,467919.42
073922,0.0,75540.21
073923,5283.16,2418751.1
073924,0.0,1163565.45
073925,2653.0,380249.73
073926,3101.0,1148615.09
074002,0.0,10935.94
074003,0.0,30874.0
074004,0.0,1150.0
074005,0.0,6607.0
074007,0.0,5832.0
074008,0.0,88400.61
074009,0.0,314924.38
074010,1094.0,153901.64
074011,2391.0,310545.35
074012,0.0,128319.33
074013,0.0,2879729.06
074014,0.0,75916.44
074015,6918.0,258958.1
074016,0.0,470321.34
074017,0.0,108506.13
084104,0.0,13272.0
084111,0.0,29152.84
084201,0.0,8114.0
084202,18116.0,967062.16
084203,1112.0,23709.03
084205,0.0,262281.67
084304,0.0,7177.0
094401,0.0,113631.16
094402,0.0,192429.09
094403,34795.42,260325.4
094404,0.0,675191.63
094407,19917.4,4867155.11
094408,0.0,90429.0
094409,23318.97,3226654.92
094410,0.0,407996.56
094411,0.0,144300.94
094412,0.0,744727.64
094413,0.0,194018.04
094414,0.0,121222.98
094415,0.0,333566.54
094416,0.0,20808.15
094417,0.0,10283.0
094418,0.0,3236972.31
094419,0.0,345633.05
094420,0.0,525952.01
094421,0.0,330133.27
094503,0.0,2818.0
094504,0.0,12593.0
094601,0.0,214818.64
094602,0.0,317057.74
104703,0.0,3408.0
104707,35797.87,3817.0
104801,0.0,181213.09
104802,0.0,133642.66
104803,0.0,134064.0
104804,0.0,449270.0
104805,0.0,61618.03
104806,0.0,37183.95
104807,0.0,2596.0
104808,0.0,308836.96
104809,0.0,58055.93
104810,5897.96,239587.92
104811,0.0,288594.85
104812,0.0,2053.0
104813,0.0,8348.0
104814,0.0,237609.59
104816,0.0,25086.4
104817,0.0,416456.17
104818,0.0,1385180.04
104819,4990.02,1100524.05
104820,0.0,634957.9
104821,8642.0,217145.87
104823,9993.0,117379.27
104901,25853.0,666536.23
104902,0.0,128694.14
104903,0.0,32877.16
104905,0.0,74220.4
104906,0.0,4638.0
104907,0.0,693737.92
104908,0.0,10470.0
104909,0.0,370682.27
104910,0.0,136654.18
104911,10411.0,547869.89
115006,0.0,1459.0
115007,0.0,41187.47
115109,0.0,4383.0
115111,0.0,8101.0
115112,0.0,2048.0
115201,0.0,18334.0
115202,0.0,18659.74
115203,0.0,103211.44
115204,0.0,27941.52
115205,0.0,94500.0
115207,0.0,2274.0
115208,0.0,160309.0
115209,0.0,63322.0
115210,0.0,150116.87
115211,0.0,108814.94
115212,0.0,24530.0
115305,0.0,45443.0
115306,0.0,18345.0
115308,0.0,12957.96
115309,0.0,99109.81
115310,0.0,18430.0
115311,0.0,5177.0
115401,0.0,7448.17
115402,0.0,152168.27
115403,0.0,5006.0
115404,0.0,77699.0
115406,0.0,6000.0
115407,42221.0,206419.83
115408,0.0,16392.0
115503,0.0,22416.57
115504,0.0,7615.0
115512,0.0,141522.6
115513,0.0,56830.0
115514,0.0,49058.0
115515,0.0,59086.0
115516,0.0,13524.0
115601,0.0,104583.0
115602,0.0,187491.85
115603,0.0,476866.0
115604,0.0,16731.0
115605,0.0,2362.0
115607,0.0,169728.68
115608,0.0,237887.6
115609,0.0,50973.05
115701,0.0,76130.68
115702,0.0,233519.73
115703,0.0,395686.15
115704,0.0,89669.04
115705,0.0,133011.59
115801,0.0,210259.0
115802,0.0,126526.24
115803,0.0,7262.0
115804,0.0,8528.73
115806,0.0,11649.0
115807,0.0,134445.74
115808,4602.0,86851.71
115810,0.0,39609.0
115901,0.0,47796.0
115902,0.0,132000.67
115903,0.0,137914.75
115904,0.0,90661.19
115905,0.0,37416.0
115906,1607.0,45817.17
115907,0.0,62351.25
115908,0.0,8218.0
115909,0.0,12624.56
115911,0.0,43045.0
116001,0.0,22407.0
116002,0.0,226868.0
116101,42685.0,32595.13
116102,3062.0,6388.0
116103,4347.0,293000.07
116104,148745.0,545285.38
116105,9933.0,452876.02
116106,9582.0,208033.14
116107,0.0,140922.76
116108,0.0,52325.84
116109,169505.0,959955.73
116110,195434.0,259640.71
116111,0.0,190877.11
116112,0.0,101403.76
116113,0.0,73440.0
116114,0.0,489424.62
116115,0.0,110239.05
116116,0.0,100125.6
116117,14456.0,320639.63
116201,75836.0,123452.01
116202,49714.0,11390.0
116203,50247.0,86341.78
116204,77634.0,149218.25
116205,1352.0,143196.08
116206,28465.0,53391.97
116207,1803.0,85607.45
116208,0.0,77861.05
116209,0.0,12235.81
116210,0.0,422054.72
116211,2733.0,276742.98
116212,0.0,188506.82
116213,0.0,25084.26
116214,0.0,105091.67
116215,0.0,49391.3
116216,0.0,10797.42
116217,0.0,167492.47
116301,0.0,88818.25
116302,0.0,403671.97
116303,0.0,328657.57
116304,0.0,232853.99
116305,0.0,298229.15
116306,0.0,172616.81
116307,13800.0,247341.25
116308,0.0,218175.0
116309,14213.97,27721.0
116310,3365.78,12236.0
126401,0.0,210710.14
126402,32089.0,495345.0
126403,1369.0,104099.78
126404,0.0,388418.73
126405,0.0,671644.68
126406,0.0,128925.56
126501,0.0,2825.0
126504,0.0,21642.0
126505,0.0,175473.43
126506,0.0,146502.21
126601,0.0,377735.8
126602,0.0,32234.0
126603,0.0,75158.89
126701,0.0,7005.0
126702,0.0,61920.64
126704,0.0,3015.0
136801,0.0,41952.0
136802,0.0,1305703.97
136803,0.0,36100.8
136804,0.0,71018.34
136805,0.0,184498.47
136806,0.0,218348.38
136807,0.0,58811.8
136808,0.0,277234.18
136809,0.0,812506.0
136810,0.0,2763573.12
136811,0.0,400492.17
136812,0.0,263497.0
136813,0.0,5096.0
136815,0.0,301117.0
136901,0.0,155037.0
136902,0.0,12191.27
136903,0.0,1190.0
136904,0.0,3616989.13
136905,0.0,30574.54
136906,0.0,7757.0
136907,0.0,193826.96
136908,0.0,1226864.23
136909,0.0,39959.29
136910,0.0,294997.97
136911,0.0,860199.54
136912,0.0,1409962.6
136913,0.0,142285.93
136914,10469.41,25160.95
137002,0.0,34138.0
137003,0.0,32652.0
137004,0.0,33551.1
137005,0.0,159570.0
137006,0.0,1910576.69
137007,0.0,289343.0
137008,0.0,203752.0
137009,0.0,203883.91
137010,0.0,317339.17
137011,0.0,122619.0
137013,0.0,344859.97
137014,0.0,2070.0
137015,0.0,9270.0
137016,0.0,560960.83
137017,0.0,63581.97
137018,0.0,35657.84
137019,0.0,420145.61
137020,0.0,440998.39
147101,0.0,13248.0
147102,72245.0,108000.0
147103,0.0,190817.0
147105,0.0,3057.0
147108,0.0,2274.0
147113,25993.0,323702.94
147114,0.0,2725.0
147115,0.0,1664.0
147116,0.0,369295.0
147117,4189.0,286633.37
147118,0.0,1605.0
157202,0.0,4460.0
157203,0.0,3136.0
157204,3777612.22,2508072.8
157205,0.0,2835.0
157206,0.0,1148.0
157207,0.0,3934.0
157208,0.0,130584.0
157209,0.0,395403.0
157210,0.0,3403559.68
157211,0.0,100721.0
157212,0.0,16208.54
157213,0.0,9897135.09
157214,0.0,2255111.91
157215,0.0,573242.15
157216,0.0,590416.87
157217,0.0,87779.69
157218,0.0,12464.0
157219,49344.84,33946.24
157220,0.0,5757.74
157221,0.0,53654.0
157222,0.0,205245.68
157223,0.0,112500.89
157224,0.0,18793.46
157225,0.0,154995.0
157226,0.0,20359.0
157227,0.0,396163.0
157228,0.0,26439.0
157229,0.0,161616.0
157301,0.0,639991.72
157302,0.0,100698.59
157303,0.0,87621.0
157304,0.0,314936.41
157305,0.0,2037792.99
157306,0.0,520804.31
157307,1299.0,243911.37
157308,5985.07,1616460.53
157309,0.0,695152.42
157310,42495.31,496747.04
157311,77180.47,1019400.3
157312,0.0,150645.5
157313,0.0,11751.92
157314,0.0,32648.53
157315,0.0,125877.33
157316,0.0,81826.54
157317,0.0,363091.5
157318,1342.0,838102.58
157319,0.0,48051.33
157320,0.0,102700.96
157321,0.0,724559.5
157322,0.0,127779.45
157323,0.0,472277.99
157324,0.0,1363273.98
157325,0.0,1191418.73
157326,3271.0,3003794.23
157401,0.0,4647.0
157403,0.0,2901.0
157404,1078221.0,0.0
157405,1215025.0,0.0
157407,0.0,162647.57
157408,0.0,209640.8
157409,5950.0,35623.07
157411,0.0,360060.38
157412,0.0,77886.37
157413,0.0,264231.1
157415,0.0,44512.02
157418,0.0,153963.93
157419,0.0,157714.24
157505,13785.0,0.0
157508,0.0,4818.0
157602,332565.97,0.0
157603,0.0,10061.0
157604,0.0,509771.98
157605,0.0,39228.0
157606,0.0,246962.3
157607,0.0,176355.49
157608,0.0,100533.5
157609,0.0,55766.44
157610,16300.0,3516076.99
157611,0.0,71576.0
157612,0.0,50859.9
157613,0.0,57458.0
157614,0.0,9031.0
157615,0.0,398219.15
157616,2508.0,221134.16
157801,0.0,4332.44
157802,0.0,4137.0
157804,0.0,2492.75
157806,0.0,10872.77
157901,0.0,18741.0
157904,0.0,5878.0
157905,0.0,2290.02
157907,0.0,206194.49
158001,0.0,2982.0
158007,0.0,26994.0
158101,0.0,2319.0
158108,0.0,5085.0
158112,0.0,1181.0
158201,0.0,23525.41
158202,0.0,122404.8
158203,0.0,34987.55
158204,1070.0,42163.19
158205,0.0,245106.06
158206,0.0,751277.57
158207,0.0,163509.99
158208,0.0,24952.38
158210,0.0,131602.67
158211,0.0,132389.08
158212,0.0,299036.16
158213,0.0,42677.11
158214,0.0,65329.88
158215,0.0,238528.81
158301,1309.0,296983.4
158302,5065.69,807653.28
158303,0.0,355272.93
158304,0.0,41511.91
158305,0.0,57183.02
158306,2693.0,406949.32
158307,0.0,32991.77
158308,0.0,127589.64
158309,0.0,189156.39
158310,0.0,83415.97
158311,0.0,272347.84
168402,0.0,392353.0
168403,0.0,19672.0
168405,0.0,236851.78
168406,0.0,92312.0
168407,10900.0,7569312.26
168408,5940.0,8959659.06
168409,3734.0,1403511.62
168410,0.0,212608.87
168411,94979.0,4017591.0
168412,12818.0,98557.0
168413,89180.0,498559.9
168414,21758.0,572744.32
168415,9935.0,6079885.76
168416,0.0,28168.81
168417,0.0,325011.78
168418,1901.0,678969.6
168419,6440.0,567236.32
168420,0.0,20355.0
168421,11922.0,1767613.87
168422,0.0,495523.64
168423,0.0,84910.74
168424,0.0,619035.44
168425,8499.0,256693.61
168426,289018.0,590520.27
168427,0.0,268449.16
168428,0.0,1787299.65
168429,179192.0,329368.01
168430,1280.0,160241.0
168431,9501.0,408575.88
168432,10442.0,27673.0
168433,0.0,13201.58
168434,0.0,1440.0
168435,0.0,108805.08
168436,0.0,75135.0
168437,0.0,12727.0
168438,0.0,201611.61
168439,0.0,4270.0
168440,0.0,17381.0
168441,1858.0,14468.68
168442,0.0,110288.47
168443,4541.0,1144305.81
168447,0.0,3687.0
168448,0.0,232946.0
168450,48272.0,304320.97
168451,0.0,289651.03
168452,0.0,305437.82
168453,0.0,4633.0
168455,0.0,35698.0
168456,0.0,14775.11
168458,0.0,28025.42
168459,15145.0,254650.97
168460,0.0,61532.0
168461,0.0,58779.0
168462,0.0,42056.23
168463,0.0,20570.89
168464,0.0,34021.89
168465,0.0,66597.72
168466,2381.0,42923.99
168467,1625.0,189441.62
168468,1068.0,110006.67
168469,0.0,1102.61
168470,0.0,196238.41
168471,513927.0,7749013.25
168472,0.0,300374.66
168473,34745.0,921905.45
168474,0.0,165320.02
168475,0.0,2567.0
168476,0.0,38076.0
168477,0.0,2011208.45
168479,18596.0,1335843.79
168480,0.0,363851.99
168481,117455.0,555695.09
168482,3077.0,242086.26
168483,0.0,337505.19
168484,0.0,121431.61
168485,0.0,459447.34
168501,29812.0,279740.93
168502,28855.0,401190.55
168503,1433.0,4625147.67
168504,13101.0,446911.64
168505,0.0,149613.27
168506,1328.0,918085.6
168507,0.0,861031.99
168508,0.0,389240.84
168509,0.0,244483.06
168510,0.0,45501.03
168511,0.0,189410.17
168512,0.0,103434.55
168513,0.0,438232.16
168514,0.0,724865.19
168515,5359.0,88604.45
168516,0.0,898602.86
168517,705502.0,3657684.51
168518,44971.0,182118.38
168519,5668.0,1702873.46
168520,0.0,5738.0
168521,0.0,246328.6
168522,0.0,284695.68
168523,1316.0,214913.54
168524,0.0,2831186.33
168525,144988.0,2099373.8
168526,1226.0,385286.08
168527,0.0,215645.6
168528,0.0,7276409.73
168529,12567.0,968048.77
168530,0.0,273560.44
168531,3864.0,603013.99
168532,0.0,74667.37
168533,0.0,187706.35
168534,25222.0,429511.12
168535,0.0,1490458.58
168536,9733.0,315394.98
168537,14228.0,2462838.28
168538,61534.0,130961.1
168539,0.0,189821.71
168540,0.0,43327.0
168541,53013.0,1275582.27
168542,1647693.0,365690.57
168543,38478.0,535813.88
168544,5568.0,1157359.25
168545,0.0,107113.78
168546,0.0,13140.85
168547,0.0,1068456.89
168548,0.0,169777.0
178607,0.0,6606.0
178608,0.0,6880.0
178609,0.0,200307.57
178701,10805.0,580256.76
178702,361690.0,720387.69
178703,0.0,1002360.4
178704,0.0,1000448.71
178705,0.0,572585.05
178707,0.0,13339.0
178708,31487.0,164881.48
178709,0.0,2564061.66
178711,0.0,842486.93
178712,25753.0,526900.34
178713,0.0,42971.33
178714,0.0,618908.0
178715,0.0,34213.71
178716,0.0,1647578.04
178802,0.0,25668230.0
178803,441596.0,3881949.05
178804,0.0,51364.73
178805,0.0,22606.0
178901,0.0,1592715.32
178902,0.0,269733.0
178903,30611.0,1363877.47
178904,0.0,10273.0
178905,0.0,3433498.67
178906,0.0,292352.42
178907,6571.0,883760.03
189001,0.0,115097.59
189002,19887.0,65267.0
189003,0.0,154091.83
189004,1291.0,622469.36
189005,0.0,67798.57
189006,16252.0,359978.2
189007,0.0,39103.51
189008,0.0,13484.04
189010,15056.0,45428.99
189011,0.0,8409.37
189012,0.0,10721.0
189013,0.0,25330.38
189014,45193.0,195588.96
189015,0.0,135196.53
189016,0.0,60860.74
189017,0.0,86271.33
189018,213752.0,668947.93
189019,0.0,501261.45
189020,0.0,970220.33
189021,0.0,445818.57
189022,0.0,702032.45
189023,0.0,100991.61
189024,2737.0,146449.51
189025,8152.0,99857.47
189026,10310.0,299569.26
189027,1948.0,203963.6
189028,0.0,277944.79
189029,3497.0,159089.88
189030,0.0,478780.61
189031,20855.0,114125.95
189032,17871.0,116825.58
189033,9631.0,127329.73
189101,8341.0,64155.0
189102,45520.0,684478.55
189105,0.0,40622.03
189106,0.0,101842.87
189107,0.0,31008.18
189108,0.0,1211.0
189110,0.0,55490.0
189111,0.0,2189.0
189113,0.0,3373.0
189114,0.0,14471.11
189201,1699.0,9631.0
189202,0.0,15231.63
189205,0.0,21215.84
189206,0.0,21894.16
189207,2973.0,30513.5
189208,0.0,30817.0
189209,0.0,23655.62
199301,0.0,157781.0
199304,0.0,11638.0
199305,0.0,8650.0
199306,0.0,1403.0
209401,1458.0,396050.35
209402,0.0,251130.56
209403,15012.0,650022.05
209404,0.0,526213.38
209405,61648.0,3014809.55
209406,0.0,2403776.52
209503,1079.0,1375186.54
209504,0.0,205509.28
209505,0.0,362374.51
209506,11496.0,389758.14
209507,0.0,155984.94
209508,1378.0,37722.88
209601,0.0,107203.96
209602,0.0,339466.27
209603,0.0,557513.41
209604,0.0,51410.22
209605,0.0,111595.31
209606,0.0,16301.53
209607,0.0,55659.6
209608,7448.0,353812.43
209609,0.0,368103.35
209610,0.0,47228.71
209611,0.0,81192.55
209612,0.0,147994.14
209613,0.0,69723.49
209614,0.0,30980.24
209615,0.0,52847.82
209616,0.0,64352.0
209617,0.0,77857.95
209618,0.0,39208.89
219701,0.0,19524.09
219702,0.0,9100.0
219703,0.0,34173.0
219704,0.0,64013.0
219705,100017.0,0.0
219706,0.0,1324.0
