010101,36662.82,1189773.8
010104,0.0,31328.13
010105,9552.7,14609.0
010106,13992.84,13301.0
010201,0.0,194744.0
010202,103785.0,951635.14
010203,83425.0,2882644.65
010204,14494.0,7344368.02
010206,0.0,1960550.03
010207,797566.1,788441.81
010209,0.0,18891.0
010210,34693.5,1998049.44
010301,405596.17,62205.05
010302,15637155.84,471613.82
010303,8097240.44,4086900.62
010304,1595005.17,2020895.26
010305,798047.23,7324301.23
010306,374517.16,1692785.65
010307,220571.61,740941.15
010401,2327933.6,750443.1
010402,4537903.08,45188399.09
010403,40760.0,2401207.81
010404,0.0,35886.98
010405,260058.34,2867217.27
010406,137388.24,24454892.54
010407,30682.0,227848.85
010408,0.0,256168.18
010504,31559.72,5000.0
010508,0.0,2717.15
010511,11930.0,159598.75
020601,0.0,2695.41
020602,7495.0,68124.6
020603,878130.25,746422.87
020604,7021.0,69247.68
020701,341293.37,7156129.67
020702,165430.2,0.0
020703,479283.43,5167789.65
020704,173528.98,522880.77
020706,46497.26,2642288.74
020707,76388.72,0.0
020708,166838.86,55430.65
020709,3628330.3,500843.89
020710,30458.91,593337.76
020711,6436.18,0.0
020712,72482.58,177499.13
020713,456511.71,7052929.81
020714,87210.18,11449.97
020801,540156.43,170634.93
020802,87935.95,458406.44
020803,8825.92,199961.13
020804,229315.84,96717.78
020805,765087.07,0.0
020806,55164.4,581446.3
020807,544917.9,3886.46
020808,38817.02,261605.71
020809,1368.0,35948.72
020810,1684196.47,323598.73
020811,3963.0,110569.42
020812,1097.82,63501.6
020813,6257.0,702799.05
020814,0.0,3770.11
020901,312444.79,352286.88
020902,871521.28,2647440.61
020904,494469.56,920477.52
020906,0.0,104612.79
020907,4035.27,56570.49
020908,25154.35,332355.74
020909,106980.45,1565628.48
020910,994837.29,1008209.62
021001,112097.81,3733.67
021002,0.0,3813.0
021003,0.0,9764.63
021004,5240.0,91667.64
021005,558195.88,117348.91
021006,1146749.46,14797860.97
021008,150963.88,131704.48
021101,7790114.89,213753.36
021102,144506.48,496852.38
021103,126143.84,3988190.46
021104,20229.11,374561.57
021105,0.0,7451.34
021106,28627.59,156748.7
021107,36892.0,4567421.74
021108,3336.81,202632.59
021109,0.0,193723.04
021201,61983.27,79307.61
021202,25194.41,4717511.8
021203,0.0,560315.0
021204,3791.0,22144.64
021206,0.0,122896.43
021207,0.0,90257.87
021208,289000.0,29470.71
021209,67131.24,474088.98
021211,12023.55,286708.21
021212,3795.0,255397.55
021213,0.0,1000.0
021214,0.0,6577.0
021301,8560.0,157424.07
021302,19369.0,318441.72
021401,0.0,16050.0
021404,0.0,21479.59
031501,8242.0,0.0
031502,9552.43,0.0
031503,0.0,2531.0
031504,0.0,277271.33
031507,391450.6,7868885.3
031509,14742.63,218296.92
031511,0.0,5768834.24
031512,54390.85,924600.23
031513,1403891.27,1701111.99
031514,0.0,414643.31
031515,549827.39,1637201.05
031516,4099.26,2547672.14
031517,5179986.88,5881349.79
031518,0.0,17615.91
031519,155225.96,324319.38
031520,1073.41,4804.0
031521,0.0,42017.86
041601,1365756.07,752394.36
041602,1069421.83,4208001.24
041604,16694192.64,8247126.97
041605,16936.0,293149.91
041701,21488190.23,39186368.48
041702,60555.9,2581602.73
041703,68101.14,5193388.47
041704,5248542.86,3703252.68
041801,3023898.51,0.0
041803,0.0,249334.26
041804,2134.0,590989.71
041805,0.0,347300.09
041806,9919645.71,6470265.94
041901,1120326.5,18285347.62
041902,1947926.72,2536460.99
041903,17743.43,30111.68
041904,17988490.68,4780005.61
041905,29377186.79,10748345.77
042001,9490.1,152574.73
042002,330331.94,2206216.21
042003,12530.68,314378.28
042004,472588.64,7946339.04
042005,4082062.81,7457324.91
042006,34702.13,195266.34
042007,223536.94,792965.8
042008,9115193.14,4184322.54
042009,24037955.49,22713682.18
042101,346283.31,3959955.23
042102,636430.35,1332588.06
042103,9991138.67,5198359.67
042104,321177.71,1545287.17
042105,1834693.04,785468.95
042106,3521997.34,28765950.39
042201,6241663.98,602440.33
042202,56626165.36,19517011.43
042203,11036719.18,6643760.51
042204,170229.34,3091472.4
042205,106173.85,420385.0
042206,1195907.72,1749353.37
042207,96608377.21,65641919.8
042208,41223628.37,13970977.18
042209,283665.86,19638.46
042301,122975.91,0.0
042302,93851.25,345435.14
042304,1082484.13,28015.86
042306,0.0,63974.37
042308,0.0,23367.55
042309,3052124.82,2125991.67
042401,1150.0,4416923.62
042402,32126573.68,727239.44
042403,4848.0,5758.0
052501,599474.11,1012734.48
052503,1293161.5,2734.99
052505,161612.81,1213701.35
052507,0.0,19885.96
052508,30765.16,932074.79
052509,6104.0,166162.0
052511,61715.47,1164429.98
052512,0.0,58644.14
052513,7390.79,28246.67
052514,0.0,13869.0
052515,0.0,17062.44
052516,4386.29,90812.41
052517,10348.0,14808969.75
052518,0.0,704910.0
052519,0.0,657136.0
052520,54394.95,723814.91
052521,0.0,1322634.83
052522,0.0,1110255.89
052523,21848926.35,6759223.93
052525,0.0,62010.66
052526,16253.0,20652.13
052528,126242.17,0.0
052529,0.0,117705.28
052530,14125.46,2458541.0
052601,351466774.8,385745197.25
052606,0.0,16129.57
052610,0.0,8340.31
052617,5712593.0,0.0
052619,2271859.0,0.0
052620,1744878.47,17408.7
052621,0.0,246412.94
052701,0.0,1336892.25
052703,9168.71,365190.5
052704,0.0,961664.89
052705,0.0,1405.0
052706,8915.42,0.0
052707,3156.7,86321.5
052708,2992.13,0.0
052709,1771598436.02,1660667455.53
052710,2401842879.35,161008050.41
052711,5062796811.12,938277.81
052712,63062.73,234876.51
052713,414893.51,401766.17
052714,13650292.5,0.0
052715,498916.38,164632.96
062801,105726.93,293061.04
062802,652211.0,4294.27
062803,0.0,23489.06
062804,463332.65,578691.15
062805,0.0,31249.0
062806,5720.43,131139.08
062807,0.0,281323.2
062808,0.0,58749.35
062809,2261.0,156699.19
062810,0.0,13247.27
062811,1272435.86,543481.81
062814,1256605963.36,22105.06
062815,479556.38,195081.53
062817,0.0,8342.51
062818,44101701.92,569639.33
062821,0.0,50074.55
062823,0.0,228875.33
062825,60762.0,1296301.4
062826,0.0,12452.29
062827,3917.0,4433930.25
062828,108858.76,426379.82
062829,2931.0,45607.65
062832,0.0,5500.0
062833,80949.06,2922540.46
062834,0.0,12510.83
062835,421680.53,4371482.4
062836,91925.9,3236509.49
062837,0.0,1423.0
062839,7411.0,372873.13
062841,0.0,22262.84
062842,0.0,42664.21
062843,0.0,7185.34
062844,27021.0,322121.59
062845,2788.51,41037.78
062847,1923.58,29147.5
062848,0.0,36549.0
062849,45350.24,168522.67
062851,75321.31,22184.98
062901,265443.18,2011281.45
062902,0.0,922875.7
062903,179697.29,1804852.93
062904,5915.66,4186386.08
062905,1041133960.45,1939826.94
062906,0.0,93920.68
062907,0.0,124075.39
062909,9560.0,493731.84
062912,15812.57,59247.55
062913,0.0,6642.0
062914,4139.0,391609.54
062915,4567.0,617892.23
062916,13299.45,181030.05
062917,6499.0,63179.95
062918,17658.78,606656.54
062919,0.0,1475.26
062920,5827.0,12877.0
062921,4355.0,1114870.53
062922,21841.51,692724.5
062923,7133.0,233522.33
062924,4478.0,31536.16
062925,0.0,55412.98
062926,0.0,33794.0
062929,0.0,528273.69
062930,54422.0,637944.93
062931,90000.0,22434.41
062932,0.0,7532.32
062933,1521.0,252366.86
062934,1866.0,32536.26
062935,0.0,11603.76
062936,9385.0,603567.6
062937,0.0,7806.56
062938,0.0,268939.0
062939,0.0,10795.0
062940,0.0,27255.0
062941,3221.0,13912.0
062942,5738.0,92874.11
063001,0.0,394019.0
063002,72634.47,1088226.42
063003,22140.87,249086.94
063004,1146547.71,59015418.38
063005,73067.43,1096995.14
063006,71453.02,3652698.06
063101,10571.98,16751.79
063102,234054969.25,701271.59
063103,2391702.85,40065.92
063104,1101.75,511986.83
063105,172557.54,1061307.76
063201,0.0,30721.39
063203,0.0,48796.92
063204,13535.0,475639.28
063206,12033.0,1856394.4
063207,47349.02,765025.3
063208,3994212.82,4747124.67
063209,616625.33,753003.16
063210,1806281.51,818740.68
063211,29640.78,78264.61
063212,232645.25,4194170.8
063213,6342.04,132018.37
063214,873922.46,6194495.47
063215,425554.42,553894.87
063301,567059.44,1427433.28
063302,6194694.34,4740278.23
063303,86370.65,1788072.24
063304,1350054.2,9206522.63
063305,824811.78,8409853.43
063306,902149.04,5125105.16
063307,1394553.05,9581971.08
063401,2710986.93,5297893.97
063402,27781834.66,13743123.33
063403,28005.58,123355.49
063404,1727.0,202187.52
063405,474279.21,1583960.57
063406,385921.23,651110.96
063407,16862.0,108300.02
063501,1030.0,26975.0
063502,0.0,37022.32
063503,1508.0,74402.24
063504,0.0,9864.56
063505,18968.63,176286.48
063506,895779.63,4285811.22
063507,17008.0,257394.67
063602,0.0,120187.68
063603,0.0,135264.52
063604,14114.63,314718.7
063605,1230676.07,0.0
063606,8878.41,2425.79
063701,37821.9,1021387.4
063702,14449.0,51211.91
063703,2303.0,137685.66
063704,14840.28,0.0
063706,5481.0,9854.0
063707,26511.75,180082.84
063801,10066.0,43195.92
063802,7179.0,54493.4
063804,2427.13,74230.64
063805,7237.66,18167.43
063806,0.0,62319.81
063807,0.0,7730.57
063808,5233695.09,9529135.3
063809,406453.51,937845.18
063810,5158.03,124646.76
063811,331409.55,32237276.48
063812,1449.0,633043.85
063813,18026.0,21933.21
063814,643802.81,124544.0
063815,417120.5,22543818.63
063816,70885.13,4241352.96
063817,0.0,1480.0
063818,27161.0,0.0
063819,490276.67,579552.43
063820,4291.53,60677.63
063821,3054.0,59393.91
063822,83772.67,1487556.91
063823,3213252.7,38753346.64
073901,330777.87,12535131.93
073902,82581.48,1795170.31
073903,194674.56,3983836.29
073904,1373.0,15886085.35
073905,36188.0,1099740.94
073906,15736.0,2257804.79
073907,1280733.68,22763598.44
073908,0.0,44954.23
073909,1219194.47,6031859.03
073910,2685.98,23925.57
073911,4157648.7,8097002.93
073912,22043.0,1341072.96
073913,71260.0,145569.44
073914,2468.0,52216.31
073915,194353.72,141470.13
073916,26076.66,420301.84
073917,9152566.39,12872363.94
073918,16425.39,1468652.8
073919,529241.1,3676716.22
073920,262019842.17,18146199.96
073921,2382639.11,8380382.36
073922,31404.66,1190561.22
073923,15068276.38,36819769.39
073924,1085125.1,9457794.05
073925,4602842.5,5819625.16
073926,1402709.4,13093470.32
074001,0.0,330044.55
074002,47523.19,127560.76
074004,2766.26,4118.0
074005,0.0,485588.43
074006,0.0,208819.82
074008,7745.02,258294.1
074009,288795.5,6469255.28
074010,24557.85,1239173.43
074011,219204.19,17765893.65
074012,216690.49,2455567.73
074013,0.0,225184.81
074014,51762.96,386924.2
074015,258100.82,1021893.89
074016,204072.02,6119960.77
074017,2966.0,16669.77
084101,0.0,7000.0
084104,69240.0,125803.41
084105,0.0,2952.0
084107,1373.0,0.0
084108,0.0,3524.0
084111,1347.0,13083.0
084201,0.0,102302.91
084202,521863.1,5780334.53
084203,15761.61,989061.15
084205,0.0,23869.97
084301,0.0,25653.0
084303,0.0,37290.0
084304,36410.0,17516.0
094401,1824.0,28670.99
094402,6082.0,94346.41
094403,92906.82,1177668.7
094404,37077.0,189029.78
094405,0.0,231925.54
094406,0.0,9474.0
094407,224555.69,18727416.11
094408,29034.0,122337.98
094409,163558.5,2962085.58
094410,2264.85,731823.0
094411,71204.9,7059334.59
094412,216502.43,13756109.01
094413,159929.45,175600.09
094414,8462.18,49822.37
094415,99193.62,300886.19
094416,5678.08,12542.04
094417,10259.7,386510.48
094418,4156859.76,7067570.15
094419,3191.3,71441.75
094420,113059.52,313609.0
094421,346345.28,1016918.53
094503,0.0,72278.66
094504,2718.0,117858.06
094601,1925.0,30451.79
094602,2966.0,167743.28
104703,0.0,2583180.19
104704,0.0,615396.07
104706,0.0,328000.0
104707,1613814.06,9893851.72
104801,54187.59,17522648.58
104802,414814.85,10850738.17
104803,7371052.84,1787994.87
104804,126642.66,7578595.12
104805,4682.72,3600051.23
104806,88609.98,832484.19
104807,9921.97,43780.62
104808,411837.18,906616.46
104809,30368.54,628555.06
104810,260715.33,7171452.47
104811,771417.81,10448045.27
104812,0.0,15933.0
104813,4292.0,555343.29
104814,3037.01,9273.73
104816,29167.73,42552.12
104817,1178775.41,218772.07
104818,35419161.17,17651565.91
104819,21092234.91,9727110.92
104820,4050074.52,2600703.68
104821,5813745.33,2006778.54
104822,0.0,2323.0
104823,3832814.32,7558638.65
104901,8418174.54,28678411.79
104902,206593.94,1142057.08
104903,46058.33,92882.61
104904,2361.0,24243.26
104905,52942.02,198498.13
104906,0.0,62964.0
104907,322495.12,3130870.61
104908,7003.0,19997.96
104909,676467.41,204290.4
104910,562620.01,127968.09
104911,893396.72,2669050.38
115007,3791.0,124773.0
115107,0.0,12000.0
115111,0.0,4776.0
115112,0.0,4611.0
115201,0.0,27039.38
115202,0.0,21028.0
115203,2737.0,65093.74
115204,10824.65,26763.44
115205,113898.48,38622.0
115207,0.0,2776.0
115208,994889.91,1811036.62
115209,23344.0,356592.81
115210,77555.44,1434823.75
115211,4982.0,208461.0
115212,46652.0,447141.0
115303,26911.0,0.0
115309,0.0,72037.86
115310,2413.04,20425.0
115311,0.0,51058.0
115401,11572.07,76567.18
115402,9416.62,409041.14
115404,1738.0,100895.94
115406,0.0,34052.35
115407,183964.0,2681536.99
115408,33840.0,15568.0
115501,0.0,4069.0
115502,0.0,17280.0
115503,19742.0,25874.76
115504,0.0,94822.64
115506,55894.0,159165.15
115507,0.0,17199.0
115508,48632.43,109237.25
115509,19794.0,261955.0
115510,0.0,366118.0
115511,0.0,30650.0
115512,2422806.94,4554807.12
115513,1117865.38,3806535.68
115514,80515.38,917539.55
115515,74586.58,1204439.77
115516,203456.0,458124.36
115601,171978.66,718403.58
115602,33112.9,4100.0
115603,5519.74,2475241.07
115604,1268.0,140926.83
115605,0.0,32081.0
115606,0.0,1823.0
115607,1343235.58,2054858.41
115608,9248.63,406386.12
115609,193396.52,133464.63
115701,0.0,79538.32
115702,16059.61,819937.25
115703,29111.33,158143.7
115705,38236.43,553244.18
115801,723762.36,1796573.75
115802,9400.0,181403.65
115803,1100.0,0.0
115804,132268.45,215037.38
115805,0.0,41114.0
115806,11615.0,1689887.24
115807,0.0,25267.17
115808,18391.25,266428.36
115809,32535.98,272802.91
115810,100218.86,362509.97
115811,24364.64,673481.0
115901,1561.0,120396.53
115902,1887.0,2612.0
115903,81906.14,487802.24
115904,0.0,92583.0
115905,0.0,2033.0
115906,2951.0,96919.37
115907,5210.0,135063.88
115908,1356.0,47134.79
115909,7371.0,29877.02
115910,0.0,143253.11
115911,84547.25,474998.59
116001,2032.0,83155.0
116002,116255.92,1521091.46
116101,6075.0,58794.0
116102,19933.0,60547.0
116103,146125.26,445501.28
116104,177596.89,578960.31
116105,146899.67,859183.48
116106,141692.82,618778.64
116107,1302.0,219931.33
116108,52914.26,412568.12
116109,1366091.85,4817770.28
116110,472697.54,1707942.33
116111,25858.98,171871.2
116112,103760.31,146310.83
116113,0.0,2579.0
116114,11979.0,223958.66
116115,41289.56,762257.03
116116,2113.0,79145.66
116117,30502.0,59903.14
116201,26931.21,196535.0
116202,67473.03,91587.38
116203,1216087.77,4395687.23
116204,1387736.94,3721107.45
116205,1437106.46,2451444.87
116206,544427.79,2661356.3
116207,37554.11,691415.71
116208,63259.72,512979.53
116209,5756.34,313310.75
116210,6129.0,239853.17
116211,132902.7,910894.21
116212,1202.0,501154.53
116213,43480.26,46306.98
116214,10653.91,52873.96
116215,16350.91,54814.28
116216,5736.28,271384.43
116217,21872.68,243179.9
116301,8649.22,293017.33
116302,214558.48,4204107.73
116303,285541.58,4850803.2
116304,17814.98,566323.35
116305,544659.62,608674.39
116306,339404.42,1972702.27
116307,301621.45,3398172.2
116308,2202.0,6576.41
116309,38606.74,192391.0
116310,36769.58,112883.43
126401,9664.15,784270.12
126402,45750.53,6839978.78
126403,93222.53,6360412.5
126404,26631.0,2113260.79
126405,46487.11,1197326.31
126406,0.0,95089.39
126502,0.0,2129.0
126504,39375.85,77740.96
126505,115724.12,364276.62
126506,75310.77,452826.63
126507,15079.1,109126.22
126601,134847.83,450379.47
126602,1155.0,4905.05
126603,0.0,2494.16
126702,0.0,622089.62
126703,0.0,23576.0
126704,28880.0,72010.39
136801,13037.0,116666.07
136802,34188.8,1542315.37
136803,0.0,227021.4
136804,14594.82,941627.51
136805,142650.02,1151063.21
136806,47673.97,3924063.35
136807,182932.96,118172.9
136808,31180.28,297543.84
136809,6566.5,1842117.07
136810,2827490.32,2284969.18
136811,11601.72,767457.61
136812,5256.0,21549.94
136813,2947.0,314430.91
136814,0.0,8144.0
136815,47641.0,2005739.97
136901,3650.0,10599.56
136902,324582.92,7724588.32
136903,4694.0,2440773.59
136904,113418.17,106041.6
136905,2121146.0,122262.85
136907,738884.31,1510862.65
136908,558739.73,14826613.95
136909,16951.0,232938.6
136910,348966.24,2968889.3
136911,7293.85,378656.03
136912,50730.72,996176.02
136913,17969.09,295869.06
136914,11419.0,289720.08
137001,0.0,49253.03
137002,1481.0,0.0
137003,0.0,120439.6
137004,9861.61,48790.0
137005,79048.59,1712444.38
137006,0.0,608550.77
137007,111178.48,3573716.86
137008,0.0,1643096.01
137009,34337.53,618265.0
137010,7746275.34,2686805.24
137011,0.0,66348.0
137013,81969.56,2141352.4
137014,0.0,20847.0
137015,0.0,3672.0
137016,49281.65,745235.24
137017,36020.76,517160.47
137018,6329.0,61208.24
137019,132971.04,2859393.77
137020,24523.0,303889.31
147101,55327.0,8030.0
147103,0.0,43837.0
147104,7663.0,2350.0
147106,0.0,236743.0
147107,0.0,22000.0
147108,10350.0,1150015.6
147112,22181528.61,25010.0
147113,564928.0,563178.81
147114,51620.0,8449.0
147115,0.0,10666.0
147116,0.0,1894.0
147117,60487.66,1084077.6
147118,0.0,5498297.0
157201,11492154.7,0.0
157202,0.0,13724449.72
157203,324856437.42,104394.0
157204,16083267.35,902109.08
157206,0.0,17961.55
157207,29304997.06,5098958.15
157208,951440.77,7105133.81
157209,27372.25,3272301.85
157210,2796157.64,31575925.66
157211,18287.96,891733.11
157212,764770.1,5172336.58
157213,317798950.96,73636.58
157214,23498553.91,4516114.93
157215,96382.86,913163.29
157216,3872777.15,53392585.22
157217,1054361.45,1688008.79
157218,0.0,261478.35
157219,262840.23,722337.1
157220,1057.0,68802.62
157221,0.0,44455.0
157222,1841490.36,753541.97
157223,41233.0,37066.17
157224,0.0,4304607.49
157225,178179.0,2009379.11
157226,140308.77,256803.85
157227,25175548.88,1188103.94
157228,1789504.5,1847003.62
157229,22279.66,103429.28
157301,71269.62,290218.5
157302,8657.0,103773.92
157303,29925.61,1389495.55
157304,942808.03,71588436.61
157305,186490.8,5023560.59
157306,2883494.5,86081363.52
157307,793120.97,32575719.61
157308,9497794.79,53314332.28
157309,124613.44,4504084.0
157310,2546399.6,6620223.85
157311,2003698.2,4045637.62
157312,241245.41,7931506.87
157313,46944.54,328352.71
157314,3863000.82,1321518.66
157315,319938.61,5260326.69
157316,20024.78,107287.17
157317,1316133.22,519135.33
157318,299341.16,13035086.62
157319,0.0,36111.27
157320,43110.77,1247826.41
157321,1990197.38,6002337.54
157322,7839.0,35609.73
157323,215730.4,2539293.24
157324,41314.52,2209003.2
157325,16112.0,553865.43
157326,2728372.71,14452654.24
157403,1600534.48,18513.71
157404,1570021.43,7092.25
157407,3306.0,21390258.05
157408,196036.0,18622388.22
157409,11493.0,56334.0
157410,46412.0,176027.54
157411,60053.31,2162754.3
157412,6468.0,221316.0
157413,79536.0,739391.44
157414,0.0,43155.0
157415,17171.0,119492.97
157418,0.0,52017.48
157419,64968.85,1846604.52
157501,5852.0,0.0
157503,1835946.53,0.0
157505,0.0,9434.0
157507,2702.29,118639.1
157508,0.0,66976.44
157601,182884.0,2195952.12
157602,2359051.79,154906.18
157604,1450217.13,8135316.78
157605,0.0,13015.0
157606,258657.52,3583937.12
157607,117894.92,1292775.42
157608,49719.0,85303.39
157609,3567.82,53063.05
157610,4403131.64,10012699.66
157611,31736.45,230224.34
157612,46751.45,14086685.97
157613,26605.0,76933.43
157614,0.0,3652734.89
157615,59855.18,1233075.07
157616,1505947.32,5589552.75
157801,0.0,117918.0
157802,97001.44,0.0
157804,0.0,8492.91
157806,1234.0,5613844.99
157902,88605.0,0.0
157903,2899.0,14315.82
157904,0.0,7202.38
157905,0.0,98267.75
157906,3554.0,0.0
157907,18236.0,133875.73
158001,0.0,37000.0
158002,0.0,29227.39
158003,0.0,55284.0
158004,4406879.39,0.0
158005,1895.0,0.0
158007,4072501.0,172949.0
158102,13956.0,2995.0
158104,0.0,14802.0
158108,0.0,80033.82
158109,0.0,5855.0
158113,0.0,58000.0
158201,42060.32,1053405.39
158202,78606.61,757830.66
158203,48500.69,1081496.27
158204,39854.94,1681456.59
158205,797716.33,3824657.36
158206,115347.6,503746.71
158207,1725007.08,6236100.62
158208,40619.59,1115985.13
158209,1504.0,78649.49
158210,4312.0,169737.3
158211,8767.0,252171.96
158212,87401.91,903466.73
158213,0.0,69957.84
158214,8897.3,139503.83
158215,12026.0,509341.43
158301,81934.76,3540231.12
158302,111291.43,6576599.93
158303,31675.16,447578.26
158304,24437.1,841161.93
158305,68117.72,283141.16
158306,13784.0,147042.07
158307,6016.7,209503.67
158308,32435.0,151980.49
158309,129961.54,2215606.73
158310,335185.46,168111.07
158311,1597770.6,2935940.4
168402,803198.0,1722370.98
168403,10980.0,486240.88
168404,1465240.0,1336997.5
168405,363622.0,6099.68
168406,758534.66,8256248.03
168407,395844.95,4400184.71
168408,131562.4,3347435.8
168409,307982.35,8509311.83
168410,11586.0,39034.67
168411,17140492.07,70295454.29
168412,570350.38,1624318.32
168413,1697339.16,42252590.39
168414,2036989.48,51504552.35
168415,5057730.57,17058153.38
168416,10024.0,4046986.52
168417,15937.04,466026.22
168418,4910998.29,31994891.34
168419,665297.58,80731746.44
168420,10910.0,453692.54
168421,973090.61,21612665.64
168422,175496.54,16302002.48
168423,35707.82,1553703.95
168424,248007.71,8435393.67
168425,2307336.02,5491716.64
168426,8796020.0,32398107.98
168427,373020.27,11379894.5
168428,283963.05,16961660.04
168429,996903.0,45853339.8
168430,41049086.0,13649214.67
168431,17588716.8,90213294.94
168432,63774.85,979790.85
168433,11036.54,281246.08
168434,0.0,136325.0
168435,40630.0,21956.0
168436,15489.84,444321.49
168437,334982.79,421997.3
168438,111128.09,9923615.29
168439,82550.51,277590.72
168440,15944.91,193426.43
168441,90438.0,4389745.8
168442,57883.84,8658035.39
168443,619514.4,30669952.55
168444,0.0,3850.0
168447,0.0,120262.0
168448,26337.0,62652.0
168450,199027.4,2781240.59
168451,15281.0,157290.0
168452,22149.09,433362.42
168453,8235.0,0.0
168454,0.0,390010.32
168455,10697.0,2244882.79
168456,0.0,87263.82
168457,0.0,1505.0
168458,0.0,581345.56
168459,290268.0,1516141.98
168460,316089.0,300402.56
168461,127588.0,754160.73
168462,100302.45,5285952.46
168463,0.0,2587423.06
168464,38109.0,252279.46
168465,46433.45,574535.93
168466,318551.21,2071303.49
168467,489271.74,6937935.94
168468,80612.0,2636350.44
168469,4966.0,31194.0
168470,295919.86,2241654.22
168471,1230697.55,61765000.99
168472,39576.95,998606.61
168473,1174372.84,10588491.79
168474,820194.86,19821172.76
168475,1664.0,4716673.31
168476,0.0,17286.77
168477,150862.09,8895450.61
168478,1875575.0,238809.74
168479,964441.22,29852231.46
168480,33832.23,4880258.34
168481,63099061.2,71574182.42
168482,149719.07,7593211.83
168483,828284.01,13758594.0
168484,44057.53,5455440.35
168485,261595.62,7857615.15
168501,2189752.75,10176510.59
168502,4816460.03,14756795.97
168503,201742.87,1162772.92
168504,1328843.26,42545307.99
168505,35854.0,596980.39
168506,27947.08,2333187.69
168507,11288031.02,4698202.04
168508,148605.96,5129122.26
168509,52319.37,4149699.79
168510,0.0,115543.72
168511,35669.71,3138333.09
168512,113757.15,2451604.92
168513,20342.89,777097.64
168514,4879.0,3428252.45
168515,159328.93,7026693.55
168516,87389.36,12210987.61
168517,1831786.27,41517846.07
168518,83388.2,4407372.84
168519,6561.01,116075.03
168520,0.0,40555.0
168521,127374.45,3365724.13
168522,9408.0,62943.66
168523,20153.95,2656483.5
168524,104552.22,4541427.45
168525,15795433.07,37095323.22
168526,47464.9,2575797.63
168527,228669.11,5439190.45
168528,999588.81,17103147.06
168529,1703691.26,5156257.81
168530,0.0,287218.43
168531,123422.77,5565886.19
168532,6844.0,174905.64
168533,0.0,48044.72
168534,34740.57,532102.89
168535,44282.03,8611182.05
168536,2206317.14,27203399.81
168537,1329103.2,7772524.55
168538,193173.72,2676372.95
168539,65608.3,8514010.05
168540,4771.0,70292.21
168541,85238.31,898879.31
168542,200379.44,2877278.94
168543,185884.01,3478882.8
168544,20571030.7,47683741.05
168545,2128.0,2238693.53
168546,2738.0,266819.7
168547,23678.0,571524.63
168548,0.0,158673.0
178606,0.0,12145.68
178607,1017.0,17600.0
178608,24004.0,14860.0
178609,134642.16,1827230.17
178701,1637750.0,6375542.34
178702,70899.0,16689227.09
178703,3218751.64,253720802.48
178704,2037053.59,121280152.75
178705,1706516.0,18124113.71
178706,2425.0,5041001.64
178707,672594.99,4297035.54
178708,1038017.29,30613882.06
178709,1707.0,939637.71
178711,23967.0,773291.46
178712,2414.98,732733.88
178713,0.0,53440.78
178714,2968.0,191324.33
178715,0.0,95007.86
178716,1813545.28,7924534.42
178802,17711867.0,0.0
178803,6146541.37,5428651.46
178901,2314462.52,1284372.31
178902,343148.29,306796.36
178903,2641167.35,1233831.44
178904,7513815.0,3889266.95
178905,16809434.0,74742994.35
178906,3188375.0,471330.52
178907,233767.87,2180060.91
178908,2385.0,18540.0
189001,100669.0,1930906.67
189002,0.0,58032.64
189003,4539.0,577917.18
189004,14549.0,309783.35
189005,3333.0,66588.8
189006,58260.0,868734.52
189007,0.0,36838.0
189008,1810.0,265470.25
189009,18666.0,38075.0
189010,1247.0,209888.94
189011,3010.0,599578.52
189012,39848.64,113524.24
189013,882837.0,168158.33
189014,368609.41,1374026.63
189015,5718850.73,11846762.05
189016,29314.0,13481.01
189017,38297.06,1372387.32
189018,875630.81,17790099.17
189019,63721.72,633901.72
189020,21278.71,272589.43
189021,3387698.81,2227752.38
189022,158965.0,15312411.56
189023,104880.1,3391980.8
189024,4654.0,703900.82
189025,58478.76,1169180.8
189026,862588.83,14181584.44
189027,920553.97,14121628.2
189028,52731.0,3782235.75
189029,67447.0,83591.74
189030,1485779.59,9843867.8
189031,566430.18,7577365.09
189032,74524.99,4971172.5
189033,44663.07,566308.08
189101,8268.0,100886.0
189102,21537.0,281314.16
189103,3722.0,46607.32
189104,0.0,3287.72
189105,41898.61,254565.16
189106,0.0,79356.71
189107,0.0,9784.65
189108,0.0,2504.0
189110,0.0,1088.0
189112,0.0,1649.0
189113,0.0,13347.0
189114,0.0,1536.0
189201,1905.0,12282.0
189202,7781.0,132437.27
189204,1147.0,0.0
189205,1624.0,11449.0
189206,549213.88,179064.41
189207,177578.54,328086.65
189208,6643.51,6750.94
189209,32703.0,143087.6
199302,0.0,108799.0
199303,0.0,35294.96
199304,0.0,1438722.21
199305,0.0,309135.8
199306,0.0,78001.79
199307,0.0,3986.0
209401,2963663.79,12376208.95
209402,3401.0,756836.52
209403,6675743.96,37534865.48
209404,4400621.24,2848621.93
209405,8351873.57,15357555.59
209406,818231.28,10994034.61
209503,146721.96,3904696.68
209504,46361.51,532518.08
209505,343473.55,2283273.7
209506,182492.9,3462451.88
209507,49608.56,168008.11
209508,98020.0,143799.0
209601,0.0,215207.71
209602,0.0,1342.0
209603,838950.24,2072574.6
209604,0.0,1188.0
209605,0.0,31612.44
209606,6777.0,140978.13
209607,329973.82,176547.74
209608,208420.1,1291200.7
209609,64722.36,461757.07
209610,11458.0,75191.66
209611,11615.72,142243.07
209612,11057.83,191243.13
209613,2909.0,200247.18
209614,0.0,1255.76
209615,3111.15,189692.75
209616,0.0,106112.91
209617,9080.0,59302.57
209618,6973.0,159185.7
219701,860751.79,314890.81
219703,0.0,18242.75
219704,0.0,10000.0
219705,2710.0,13000.0
