010101,1422683.82,1899499.39
010102,4812506.2,293928936.08
010103,546209.0,80849001.86
010104,400885.45,673388.23
010105,5955132.3,49380486.43
010106,3372250.78,7501706.84
010201,553900.0,109058139.74
010202,1474044.67,593539040.59
010203,911429.66,95631090.1
010204,312274.91,4147349.84
010205,618400.0,78867888.49
010206,1345584.63,44725724.48
010207,47673377.25,161811570.52
010208,3784230.84,4080613.36
010209,494565.57,415016235.32
010210,6062092.0,10761094.13
010301,154510.82,7097743.82
010302,5152920.6,131592923.67
010303,2259443349.19,2281926521.97
010304,410099284.18,442749517.81
010305,65891561.78,49587690.14
010306,654851093.3,580701874.39
010307,130634682.66,141109626.55
010401,19206937.0,23137232.71
010402,59304767.18,313175539.54
010403,95176924.07,110166604.66
010404,1639552.62,112979962.03
010405,14765200.23,604601304.14
010406,87221915.11,344394471.24
010407,29553064.51,158028933.99
010408,851058.52,5536266.79
010409,1144634.41,6337708.56
010410,38721.0,153126.8
010501,7033.0,38391.0
010502,12746.0,2237506.0
010504,995817.23,96005219.42
010505,25238566.84,9457013.56
010506,8254.89,1147604.28
010507,21872308.88,5224801.71
010508,40497.24,293661.92
010510,4735435.68,1471387.49
010511,16789660.22,16542597.87
020601,19000.0,45377563.54
020602,1323623.06,3930905.07
020603,291598.0,604042859.24
020604,550742.48,13898593.7
020701,7166363.41,199390883.83
020702,1332617.78,480659214.72
020703,1341887.19,176488599.03
020704,194902.23,30203620.79
020705,627849.8,32226947.02
020706,186318.61,124421563.44
020707,81716.15,211249425.27
020708,1191391.63,1330062.21
020709,19451279.03,33944308.82
020710,7558518.38,14919777.84
020711,5400554.48,10412425.35
020712,5693079.61,17015832.35
020713,165794874.08,99939792.81
020714,243198.03,314330.67
020801,606618.2,34789512.0
020802,4688855.41,19975529.5
020803,10053078.2,613482549.31
020804,439716.62,59379438.23
020805,4083638.36,391759234.59
020806,882953.97,295967717.43
020807,2022353.27,14314522.81
020808,2157055.0,692589922.03
020809,561621.1,63523995.38
020810,2707403.17,131410762.99
020811,43772128.13,59304625.99
020812,217997.32,349690.98
020813,666909.06,44386510.14
020814,8647.32,1120163.47
020901,46913988.66,421903672.68
020902,96480821.55,123315920.09
020903,14292.37,301591.09
020904,3961348.81,28148306.46
020905,23860.81,423287.24
020906,226030.47,663289.36
020907,169152.49,1787399.0
020908,238333.89,2102482.48
020909,1028453.95,1719034.85
020910,2449514.49,15069691.29
021001,5164422228.96,2024525217.43
021002,21460854.26,2347675.44
021003,485055275.84,141411047.57
021004,1741890.71,1414434.84
021005,137804559.42,102056941.25
021006,87727489.37,101263827.07
021007,0.0,152036.6
021008,11839538.13,13870026.27
021101,204801947.99,11763392.12
021102,2269047.54,20145322.88
021103,17177079.48,18358793.87
021104,60363472.9,91952049.96
021105,873062.96,4665124.14
021106,61568.3,2768262.93
021107,12788901.53,48141949.59
021108,4058737.41,17464108.92
021109,15271950.07,3245930.77
021201,1174715.29,237434336.75
021202,494230.23,15323264.88
021203,0.0,28541.45
021204,136411139.32,72718513.76
021205,21876240.12,36804652.74
021206,55386903.88,103075358.1
021207,19250712.74,15772786.06
021208,2634197.18,3741929.17
021209,4046844.32,132002649.24
021210,109870.0,914648.33
021211,3029795.99,26918063.63
021212,578423.76,12358812.13
021213,418022.49,343206.93
021214,67337.32,1093282.16
021301,440433.5,12057548.19
021302,7149848.81,32657049.39
021401,828959.34,1317392.43
021404,8369302.71,4567397.4
031501,9967.57,9921535.72
031502,85000.04,16392258.9
031503,0.0,148998.17
031504,1682291.08,2705760.08
031505,91800.0,2385105.55
031506,16204.0,257054.32
031507,172529041.8,117640573.86
031508,1162.86,198998.06
031509,335692.31,60665428.86
031510,8642.03,11689076.87
031511,8160490.39,21473149.35
031512,681383587.62,356795060.81
031513,247792.87,47872859.06
031514,174047665.43,101471554.32
031515,5306939.86,40529160.34
031516,6853048.69,167416178.06
031517,165752892.55,216167163.47
031518,9576749.59,10633632.15
031519,12619174.61,35721484.18
031520,915754.46,23891371.28
031521,8597.0,1025539.78
031522,2598455.84,95591.11
041601,75659707.41,145761031.39
041602,44744192.1,58136866.0
041603,18954.0,281269.31
041604,96949879.62,139954334.85
041605,14508970.69,40244929.86
041701,138140573.0,2152009018.33
041702,6870780.49,36129970.0
041703,35343099.32,4785386.88
041704,166996863.8,205470523.26
041801,3976045.2,321279218.68
041802,12927.39,3081378.52
041803,278444.88,137976391.24
041804,67979.0,149858720.49
041805,3312145.43,140604768.69
041806,472201942.45,466286763.72
041901,63114152.19,260354199.6
041902,111058243.48,109988227.96
041903,74957.75,21685.2
041904,18262847.18,27051422.19
041905,253110967.73,269833125.36
042001,7287569.96,57720673.92
042002,1215269.98,25745525.24
042003,1190022.02,65489684.49
042004,277837.28,68707706.93
042005,43286567.76,72055944.17
042006,276570.93,14447840.75
042007,22408269.33,61316454.87
042008,49223666.65,103736919.8
042009,44054850.15,80628982.26
042101,74730204.88,499598196.94
042102,18263787.48,26852419.37
042103,134545716.05,171170047.95
042104,25522712.28,25023830.45
042105,31813301.21,34146707.03
042106,277968671.72,357399010.34
042201,11485271.89,56653563.55
042202,91583999.47,134515890.18
042203,168633819.67,247602655.15
042204,2573051.91,197837637.28
042205,40522.71,58626094.57
042206,524781.44,41411336.64
042207,55788035.58,24016670.92
042208,260919132.61,619433464.25
042209,780041.84,7773755.03
042301,38506899.53,94948899.57
042302,64127403.28,57333091.05
042303,87922869.84,62551150.42
042304,22976624.52,207021297.4
042305,0.0,16378.0
042306,176125160.25,54209476.28
042307,0.0,4395.65
042308,4655927.88,1190512.62
042309,98480111.2,242581963.64
042401,40359852.84,322233873.42
042402,388111552.84,77736108.08
042403,144501431.94,119365675.5
052501,6955346.88,61848452.26
052502,2963137.11,3081309.18
052503,644611213.16,90806267.91
052504,4190286.31,9695584.48
052505,5994715.26,9339796.39
052506,13252039.68,11918489.36
052507,550821.07,8974991.57
052508,4223035.5,22557318.25
052509,4476414.89,4504699.52
052510,428794692.05,188052494.7
052511,2475365.84,5952333.68
052512,624437.62,5466441.71
052513,242686.66,1386170.49
052514,1369028.04,2884457.01
052515,729509.35,1803833.55
052516,2380746.77,5179902.94
052517,11377623.64,84432112.25
052518,6701502.4,6189160.33
052519,87974812.66,84293385.01
052520,4830111.65,9440316.15
052521,3454448.66,331020.75
052522,8180057.83,26251507.4
052523,164534180.71,133425409.62
052524,294086979.71,7400.0
052525,1256788.74,833381.98
052526,1383835.27,3824184.78
052528,1578063.7,2867117.85
052529,13608321.41,85219705.33
052530,66329193.59,43587938.02
052601,3630003255.37,2571438332.05
052602,820251.26,125997106.35
052603,41476180.09,243333623.41
052604,20867948.92,6811.0
052605,49544795.0,1516.0
052606,73040.34,12090153.8
052607,494206912.89,3460.08
052608,24998296.8,81268943.23
052609,0.0,5300055.0
052610,1650579.18,377696581.19
052611,73991602.28,324576.0
052612,0.0,2563723.56
052613,1573549.0,36724914.93
052614,6447282.64,27704597.33
052615,44199415.12,49848438.15
052616,82699268.87,124017216.83
052617,57400262.88,10696674.29
052618,524228.96,1202117.86
052619,100291727.65,1212554.51
052620,19214949.48,16179198.96
052621,4380854.01,8071940.44
052701,13205335010.45,12502932870.3
052702,38268759.26,48015453.71
052703,7141307.48,3559008.44
052704,814859336.75,308517742.44
052705,110192.51,0.0
052706,54205017.85,2182431.2
052707,333335863.41,296271447.32
052708,285210.95,103043843.87
052709,184775336504.31,2304107045.0
052710,86086172415.14,52299467083.99
052711,66806651698.83,46428981099.89
052712,182758195.16,184837955.5
052713,331893588.42,288442962.44
052714,888929.26,866073.63
052715,41857252.37,9434692.78
052716,1395083935.31,903874091.11
062801,7046229.95,8858624.33
062802,312662.73,177323.3
062803,613442017.77,430855590.7
062804,195658259.15,173071328.04
062805,27578878.03,28529448.34
062806,9150634.79,9116553.83
062807,21302829.37,22186134.93
062808,7279217.75,1150469.9
062809,1612333.37,7983122.13
062810,62947406.6,30762780.21
062811,15059124.7,22633071.45
062812,14195212.0,13055527.93
062813,10678390.58,4181122.18
062814,2216570124.85,190405177.14
062815,105878192.16,102300184.28
062816,1281779.89,164012.83
062817,16749121.26,15309788.07
062818,23631309.96,783712461.71
062819,15234031.48,23672785.43
062820,55671.15,5378609.02
062821,1800397.78,31878461.67
062822,1156009.24,2464752.85
062823,350010.3,7766090.2
062824,1185498.2,1437788.67
062825,176295840.51,198647853.62
062826,5476342.47,10074639.25
062827,21429533.14,19461614.95
062828,4243428.8,26496028.12
062829,1665526.37,17745199.12
062830,2415092.12,7654482.16
062831,50465.68,10493702.52
062832,1146484.36,5965941.77
062833,153340209.98,82665217.13
062834,10882594.11,16082491.02
062835,237546728.75,178006560.45
062836,169367045.59,83568781.78
062837,1220661.99,48988925.42
062839,4088483.92,12606464.68
062840,3282214.25,2664110.77
062841,93236631.28,42590949.5
062842,2698924.09,5105811.51
062843,992123009.09,617999171.98
062844,3398890204.34,2012336225.53
062845,70298680.66,43123408.96
062846,75631704.95,79429691.07
062847,2350728.78,19176669.38
062848,48500.62,28208.0
062849,73108610.64,70468027.27
062850,3314107.45,4515198.23
062851,3170641.35,10654163.87
062901,1466012790.95,580927339.23
062902,653221553.71,597165382.36
062903,61417693.07,36991019.96
062904,5616736.59,3976911.25
062905,782533414.7,716946433.88
062906,2021161.44,4560960.26
062907,201889759.5,206460034.99
062908,155584.57,577590.15
062909,205518614.96,244281767.47
062910,14490674.11,13247770.41
062911,101519.74,147470.96
062912,17987253.42,4003442.12
062913,14539.43,140126.3
062914,53189203.65,41381740.64
062915,114659786.72,101945642.45
062916,74479385.5,79493994.4
062917,72473817.08,59163148.85
062918,6140203.13,16311195.43
062919,12323370.97,11527122.7
062920,3462713.2,13406297.67
062921,41499014.3,54675659.91
062922,47081961.75,87779210.12
062923,4975093.83,19848385.0
062924,3134622.55,21351340.58
062925,8658690.26,10792049.84
062926,341747464.62,266065433.33
062927,225861.25,10450859.87
062928,1073270.56,5040541.05
062929,65032431.71,262244150.31
062930,59479748.61,58652247.52
062931,21085292.54,69999590.65
062932,1328189.67,6409890.56
062933,691695296.72,686295274.69
062934,2839853.77,29436379.88
062935,1203261.71,39863439.97
062936,1606507.55,43959451.41
062937,1679863.65,9464188.93
062938,1117.0,7706655.24
062939,211682.0,8583051.0
062940,155792.03,23911177.84
062941,6628476.97,33169346.88
062942,2197022.06,2784598.41
063001,12815916.1,11922430.94
063002,97899000.89,815991092.98
063003,5462698.0,9669990.49
063004,331499674.48,625108188.07
063005,39235927.3,58713287.48
063006,4451379.78,51544755.61
063101,5653094.34,3217809.18
063102,3873639712.62,2166172866.02
063103,18146410.72,26940.88
063104,2948468558.34,399619154.91
063105,4237483166.68,2975946534.7
063201,643485.47,4201830.43
063202,1194654.27,5393779.54
063203,2827412.24,23962880.73
063204,17932965.87,24546604.15
063205,27581.0,4457622.79
063206,6551897.46,155784365.03
063207,55818728.13,53289213.78
063208,120845182.43,273765750.91
063209,15404552.46,116911180.33
063210,5914575.06,30570266.66
063211,761586.0,2810070.91
063212,22278145.76,36081473.67
063213,11568703.65,11670317.02
063214,32169273.98,438823206.03
063215,5228453.78,34375222.5
063301,11112893.86,7746300.99
063302,15731632.45,357087104.11
063303,23594907.55,667054345.46
063304,134389380.19,259499189.12
063305,143686301.04,239019425.2
063306,43660633.06,134669202.9
063307,72084257.34,111634781.68
063401,59421707.54,94189454.15
063402,387474784.14,397003153.34
063403,24591000.38,80783290.65
063404,1631237.62,6655514.21
063405,17181147.38,34432944.52
063406,2003959.49,19538626.24
063407,3981617.07,29199221.39
063501,4605086.6,8343691.48
063502,801824.04,10523358.71
063503,327442.53,28430007.78
063504,1539173.81,133062034.13
063505,4721143.16,88549003.02
063506,20708584.46,92146767.63
063507,3862509.7,50098716.18
063601,10391064.0,4155904.41
063602,34471655.56,2683682.18
063603,19681256.49,6725108.64
063604,22097718.66,29959433.43
063605,20752250.95,4857942.95
063606,692362.22,2882397.59
063701,1221329.75,62594724.5
063702,412903.93,14923469.09
063703,714827.52,9090555.21
063704,1100.0,100858.0
063705,100224.12,1282064.68
063706,4869297.32,642937.43
063707,3733948.41,32084564.7
063801,12749031.62,33486411.19
063802,5824098.75,40189934.94
063803,12907609.81,13842412.88
063804,40566873.42,10407886.21
063805,8861872.61,5562365.3
063806,25109705.87,23704771.21
063807,1643113.76,1349608.56
063808,111830853.6,179996020.32
063809,2920766.65,12926097.66
063810,2764303.44,14907607.86
063811,41199898.73,89094673.88
063812,22210590.39,37646245.51
063813,3195993.1,13934025.98
063814,33176056.94,64231834.98
063815,24465286.98,46535771.23
063816,23795582.05,178984402.7
063817,13582443.91,15113950.31
063818,16116167.42,22710541.98
063819,14259553.37,23988413.55
063820,61632183.05,63560386.52
063821,1393087.93,13565977.46
063822,37535534.93,177468499.92
063823,117213086.91,124752770.85
073901,521852367.19,855864198.07
073902,129732113.23,240323747.48
073903,92561881.51,227402513.24
073904,169411067.05,535124861.34
073905,4925255.69,31184992.22
073906,10218917.1,61224175.09
073907,282211358.61,284561378.28
073908,335049305.33,272722776.16
073909,93055595.65,93312771.62
073910,2790196.7,73493209.88
073911,8447976.92,19257208.51
073912,5604660.68,21791138.83
073913,1707721.9,9783522.64
073914,3278844.55,45646168.93
073915,7370878.1,11229600.44
073916,72274255.84,80962527.27
073917,148152056.85,260685831.46
073918,36620612.9,102469873.7
073919,27600113.24,112018277.29
073920,152826911.98,398212184.94
073921,113663198.88,136868900.59
073922,14980424.63,39024157.77
073923,191426373.81,304558892.6
073924,33095330.6,104649404.17
073925,64141266.47,73665378.76
073926,82412029.09,122463742.22
074001,1607827.12,31404512.76
074002,3179597065.22,3027385826.9
074003,1171057.05,3015009.54
074004,356377.32,1985347.88
074005,25544546.33,65024931.16
074006,2716541.68,2266099.86
074007,185222.68,3804419.91
074008,11495638.42,25567400.63
074009,77232799.09,75199300.95
074010,68154623.24,106680208.73
074011,1079066932.88,2043862903.87
074012,2265116.38,19707054.02
074013,8583625.88,14135361.05
074014,6746002.31,26338506.91
074015,4390547.68,30725265.46
074016,71195476.83,75062649.9
074017,1102947.39,4199555.02
084101,10119992.44,9887803.41
084102,33121.0,26578090.43
084103,684707.63,107171.8
084104,219238225.2,230687887.72
084105,513783.5,2989782.03
084106,199767.77,1297703.81
084107,3542455.04,8558136.67
084108,5065.57,786091.98
084109,22320.58,650531.45
084110,116934.9,40995.65
084111,189855.76,2431754.71
084201,564950.0,12792513.29
084202,19526050.52,44246970.46
084203,4632589.96,136718448.94
084205,4343086.36,19003135.33
084206,0.0,337570.99
084301,84957909.37,93628984.21
084302,15320484.92,44748737.09
084303,9853615.49,311967925.48
084304,2108578.62,7107408.42
094401,253546169.12,237077911.33
094402,2396193.71,4845937.84
094403,2028870069.36,501425570.27
094404,1581614.54,416809.8
094405,2791583.68,917891.71
094406,38697723.14,9231183.65
094407,3581922888.05,1925291681.33
094408,104407912.08,111637489.03
094409,52557260.59,45975059.7
094410,220496232.33,334286387.81
094411,138300303.11,234936589.54
094412,1013101095.58,758906115.99
094413,14315401.67,15483250.34
094414,315983.45,11817944.04
094415,11694829.37,11442496.99
094416,1321024.12,1574583.97
094417,1286340.46,1529512.79
094418,127655641.04,162792353.65
094419,2237192.71,21774758.5
094420,8557592.43,11628030.68
094421,64100864.45,58572534.04
094501,0.0,146593.83
094502,0.0,102722.47
094503,39976.0,2796434.23
094504,139268.11,49436759.93
094601,7644.0,4083354.79
094602,140938.45,11894306.44
104701,1465812.74,335169.37
104702,82748701.29,86052.23
104703,1232181101.41,1094408856.83
104704,29265255.19,26399311.06
104705,90770190.06,2117419.89
104706,3952706.03,7881408.14
104707,85357897.25,44470775.2
104801,794637280.32,154818039.96
104802,319196445.17,266077794.02
104803,7496608.72,42148109.77
104804,487145516.66,429349473.07
104805,238363824.98,220497126.94
104806,18935886.27,14502657.38
104807,3323315.06,21029174.28
104808,9123402.21,22315507.75
104809,897833.42,13600718.54
104810,29485536.75,313588530.42
104811,112834994.55,180887053.16
104812,294266.16,19977244.16
104813,195270.11,14631176.05
104814,40630309.16,86929911.59
104816,537390.4,4935177.21
104817,841030.17,4903199.92
104818,83831187.84,113111869.86
104819,95298853.22,144554957.4
104820,17315457.22,53199671.71
104821,12280460.48,50146922.0
104822,1288782.88,2484876.6
104823,25009140.55,68793095.62
104901,176972407.33,200515587.32
104902,62610438.34,122257767.52
104903,5571296.79,21946163.57
104904,338607.31,214437.87
104905,887642.23,2345088.1
104906,5722440.93,26164450.03
104907,17810681.58,6982819.36
104908,499072.11,2235111.55
104909,3572676.58,4319307.51
104910,1092534.01,6069721.71
104911,68400689.5,213962908.23
115001,28400.0,0.0
115002,87842.0,47964.0
115003,0.0,9281.0
115004,2401.0,152878.23
115005,0.0,36381.14
115006,53376.0,85143.31
115007,134727.0,3266607.35
115101,46652097.73,50613055.72
115102,759728.32,585711.32
115103,770082.81,677637.34
115105,1676104.96,2751823.92
115106,23236.0,1004498.91
115107,352378.04,2068523.72
115108,0.0,690686.76
115109,1411172.8,5348057.86
115111,8250833.93,11723838.16
115112,4459541.81,10624598.51
115113,34100.0,46034.19
115201,12042776.45,212242252.92
115202,289289.19,28619635.11
115203,2054434.52,10954087.01
115204,450694.84,1813558.13
115205,17354664.19,37850321.1
115206,43300.0,31583015.35
115207,907965.46,5065007.18
115208,40732398.85,41310471.86
115209,11301202.51,11597675.17
115210,3290759.87,5027940.56
115211,9885430.05,9557443.07
115212,3764355.97,4126811.18
115301,1219578.39,2506597.88
115302,0.0,77673.0
115303,116607.08,3907809.18
115305,16853.14,2748308.71
115306,191902.66,8410289.26
115307,112986.29,6262238.93
115308,23143.48,4931188.0
115309,21799447.36,20431513.59
115310,991099.08,1046788.77
115311,0.0,461377.29
115401,4064542.87,16842852.89
115402,53540375.66,105542803.54
115403,2647368.48,10127137.46
115404,289145.88,12490988.18
115405,0.0,3818738.0
115406,4379.12,507340.62
115407,16266023.47,35728998.87
115408,636674.0,3829737.59
115501,788260.58,2613259.04
115502,13353741.84,161047884.85
115503,8679746.97,72073131.98
115504,7592.0,15416161.91
115505,5391554.07,1452015.34
115506,683931.96,1253849.51
115507,0.0,465654.0
115508,339617.14,19166715.32
115509,724208.75,4284297.3
115510,89138.02,1389141.36
115511,929526.4,6448452.1
115512,3083736.67,8887055.11
115513,1878560.56,10184376.2
115514,4645630.57,8068161.3
115515,9200318.65,46955865.07
115516,1089263.0,2133735.41
115601,52094930.41,89546368.87
115602,4320803.47,19568624.99
115603,28544402.25,233486589.46
115604,812868.68,8794814.77
115605,4057.0,1163112.65
115606,6700.0,6802040.68
115607,11886724.67,16121085.79
115608,13968505.45,25115819.39
115609,654032.65,9508554.91
115701,466181.0,4058749.45
115702,1489029.12,3557561.02
115703,5324423.33,30680757.96
115704,88762.24,1650624.07
115705,290130.32,23257101.49
115801,3181469.34,7725950.05
115802,35400.0,7849512.58
115803,11508.0,583576.33
115804,1784045.2,16718664.69
115805,4638.0,546064.06
115806,2964593.06,7761685.72
115807,1222381.61,4054378.49
115808,547247.95,3564813.36
115809,95904.0,137133.52
115810,1360485.91,2608177.04
115811,2235547.12,8257943.79
115901,77515.08,1998888.93
115902,11840992.13,69589949.23
115903,7187309.78,81124052.17
115904,24247100.01,20505344.33
115905,25716.0,6491801.85
115906,5094656.46,9703521.01
115907,1072011.85,34779638.36
115908,6382.41,338351.72
115909,3246962.34,16281061.79
115910,683435.9,11610223.83
115911,18574223.15,23669218.08
116001,2403903.95,28492242.61
116002,4305990.63,15281336.24
116101,1386474.2,20075846.11
116102,1444589.5,10971523.02
116103,2887664.57,7601651.59
116104,9105944.0,11548785.61
116105,486738.22,58131046.99
116106,396842.46,54716036.25
116107,661419.11,63468119.42
116108,1552813.44,13653316.22
116109,20275491.25,342293698.58
116110,7852405.03,135637544.67
116111,1164207.11,86906485.95
116112,1313536.79,15795030.5
116113,27635.0,5764739.25
116114,611968.99,10932968.51
116115,3284298.4,188059483.13
116116,4700162.67,41345773.4
116117,4439578.58,47117087.0
116201,9335843.54,40354960.79
116202,21250863.02,80235049.76
116203,24049495.31,80904293.23
116204,13972542.83,17912302.43
116205,1773830.59,200601361.84
116206,1941043.46,25162268.32
116207,286753.39,4243960.22
116208,205139.61,2010039.63
116209,600488.1,28811560.75
116210,1581156.82,21222173.14
116211,11333143.01,12616920.17
116212,2125704.47,197509872.43
116213,82888.0,3279870.49
116214,1349405.72,14424962.67
116215,78966.33,9622342.23
116216,1484260.55,19385855.96
116217,3561481.89,18818442.21
116301,818878.44,2927834.35
116302,14474954.76,21431110.8
116303,6145106.83,24015812.77
116304,5100534.14,13861990.74
116305,9392816.15,28110093.18
116306,4033397.44,22011421.14
116307,19905320.39,50792733.69
116308,460312.58,2724742.15
116309,610191.53,122174378.75
116310,527530.28,2753363.85
126401,13356407.51,14837243.53
126402,6707618.71,41774844.95
126403,30536050.12,41329429.21
126404,12806615.58,81679229.9
126405,6658972.11,15784486.55
126406,12428977.23,169534226.94
126501,112500.0,359945.54
126502,1900.0,115464.43
126504,183568.16,6065162.7
126505,2751400.91,49111112.6
126506,4771026.95,32314396.55
126507,107398.78,1233564.41
126601,148044.28,8065554.31
126602,13632.67,1736587.5
126603,253386.86,314132.43
126701,0.0,671824.09
126702,294817.0,13937930.64
126703,160383.65,615930.44
126704,75780.21,2807589.77
136801,3312771.16,18596019.27
136802,8853576.0,10981809.8
136803,2532673.11,5351767.03
136804,44206972.31,49840211.59
136805,6313702.83,22851070.33
136806,62872590.12,167896947.03
136807,135204639.11,100373788.86
136808,1452396.28,17846096.28
136809,10910461.65,36880837.59
136810,24681931.87,74387738.62
136811,68490337.75,34958716.72
136812,17849488.09,16296589.11
136813,9001621.34,28112391.71
136814,12013859.97,22012308.54
136815,40154728.05,65193979.31
136901,2408455.34,967428.66
136902,79812329.81,123266681.81
136903,14493558.79,24713422.3
136904,5236722.91,35223037.24
136905,64166.81,9763691.87
136906,82432.97,472217.88
136907,14896689.25,40879137.16
136908,77390132.19,73629704.28
136909,126828317.98,130428114.11
136910,19355720.53,76186539.98
136911,7466655.07,148723984.26
136912,869465.52,81080279.55
136913,945581.36,15683920.91
136914,8350886.73,7763173.18
137001,1310007.75,3529055.76
137002,5545467.82,4897166.02
137003,337037.64,7528556.4
137004,606485.1,774645.27
137005,85099109.44,99576558.8
137006,2323372.74,14339096.7
137007,28654052.52,67911707.07
137008,1954492.5,17214339.73
137009,15340493.67,73703908.79
137010,186241938.56,169290631.91
137011,455051.23,821566.09
137013,36362851.32,48717715.1
137014,5321081.93,8706241.03
137015,295009.97,1344494.26
137016,1928091.69,30844964.03
137017,5427080.87,5281973.62
137018,4143779.92,13923431.49
137019,141450225.83,193200472.25
137020,9176715.99,30263155.79
147101,7096.0,2122049.0
147102,4908843577.12,4892429754.08
147103,10376780.48,12468208.0
147104,75622130.0,74160863.0
147105,6552651.62,2150368.62
147106,1216728859.0,620240139.0
147107,63413.41,21880.0
147108,385121005.0,281338005.0
147109,0.0,12721.0
147110,3799302446.0,3415535442.0
147111,0.0,23452.0
147112,5052979.0,16171079.0
147113,139944010.0,212953059.0
147114,1517215.0,8654898.0
147115,568664846.0,5195371.0
147116,5829296.0,6790799.0
147117,1769916.79,10613731.66
147118,1473078.0,6625143.0
157201,1899797531.76,325230721.31
157202,1992176151.27,1973739208.51
157203,996666003.96,106451768.61
157204,2393894332.37,2333163731.04
157205,17473279.43,24455624.94
157206,180413398.66,432854.82
157207,7368659854.2,5497994696.68
157208,4039644005.98,3964420724.4
157209,847028405.07,830545011.0
157210,359574960.18,476329814.69
157211,265264466.4,256690461.92
157212,31852452.2,33641364.48
157213,595214963.41,368293055.23
157214,760021421.22,887922939.72
157215,301611314.33,231394441.18
157216,420079549.44,423428330.27
157217,148214433.52,146522783.86
157218,12639625.6,15696098.8
157219,51218208.25,71679818.91
157220,3295816.73,26612466.84
157221,179577.66,249130.18
157222,37668816.23,33745806.14
157223,3647239.95,16675780.32
157224,223064523.67,110262354.47
157225,946070658.64,713319552.44
157226,200932063.96,130127833.36
157227,16252737.39,18296246.2
157228,927491874.89,884959094.67
157229,10806830.26,60001044.16
157301,11163298.95,84126405.34
157302,196453665.14,293463035.5
157303,21950752.84,17530972.67
157304,824252512.35,818399466.21
157305,557920778.2,1615798506.73
157306,446235614.68,426530891.9
157307,91901815.35,97740192.47
157308,278043101.59,265645239.42
157309,22998479.21,65123684.79
157310,29839960.52,42867948.59
157311,20347630.38,60183771.18
157312,62567980.95,164947542.17
157313,2679043.44,981233.86
157314,13970869.57,17175218.63
157315,23688765.5,50872747.98
157316,328087.85,2089766.65
157317,25955718.67,65244391.88
157318,92303396.34,104029740.65
157319,274052.55,637655.58
157320,54272446.09,91278525.95
157321,12143042.16,328134654.62
157322,24780416.55,69405283.28
157323,26448633.32,34380918.94
157324,16454437.46,55971820.11
157325,42570017.75,81301342.91
157326,452199541.38,431392267.02
157401,438421.71,89214685.37
157402,14719765.2,54396047.74
157403,2063434388.83,1909733619.05
157404,84842786.44,113283813.9
157405,991396.83,1848001.28
157406,103409768.78,88281634.71
157407,383982714.23,112287831.26
157408,3293117727.61,1508584524.49
157409,51736126.78,65650128.0
157410,22858672.43,37171483.49
157411,28132163.75,192197653.08
157412,2019640.04,28652457.77
157413,2139683.91,4665470.14
157415,1936846.92,3863506.53
157418,261570.27,2337140.24
157419,49445608.2,32142934.35
157501,3413634.0,126360436.42
157502,3988588568.31,2510655313.4
157503,24477527.19,13187709.4
157504,118372530.74,42017409.31
157505,34996360.16,14281686.26
157506,133801209.21,125358331.76
157507,360750.2,3226382.52
157508,79760933.16,5225379.89
157601,7583133443.58,4150631993.32
157602,40914666.74,25499678.96
157603,65015522.26,54854609.67
157604,263266189.9,260316470.24
157605,281526608.16,204519098.48
157606,466165236.13,453455301.66
157607,133823524.48,174229213.04
157608,30812145.6,37346333.71
157609,1388394.82,7075813.53
157610,17489169.76,32410949.29
157611,1317174.0,5020018.37
157612,21280247.19,41835451.78
157613,332466.2,1887754.39
157614,5026876.32,5133721.81
157615,26572457.62,132147027.05
157616,65231531.43,72370925.46
157801,254873049.8,103197328.94
157802,561033.11,409000.0
157804,1233958.4,2462546.73
157806,1936857.49,3222810.94
157901,133456248.23,76324133.57
157902,81785.78,93600.0
157903,105992.84,6300342.19
157904,31065.22,793496.52
157905,302238.45,2277922.51
157907,1779361.66,8215752.0
158001,9188133.85,45342324.83
158002,0.0,3340.0
158003,810247.37,4270565.28
158007,2565855.66,2986076.22
158101,13721258.68,15788406.2
158102,8758179.16,21653954.26
158103,12023614.39,22059953.68
158104,24766497.65,13959380.96
158105,107417664.75,27557939.82
158106,93288.06,550717.31
158107,2105983.11,31135.91
158108,492608387.34,437753154.1
158109,8677857.78,8326234.31
158110,2172026.57,10301014.64
158111,5656915.84,55111840.15
158112,154433612.32,128285908.83
158113,2275105.09,7787489.39
158201,13675671.27,19434011.52
158202,2548538.17,17830869.52
158203,4153151.29,12042141.28
158204,10386848.03,39543585.27
158205,19304381.49,22447192.17
158206,3499332.45,51831312.27
158207,145210559.91,157983839.57
158208,5967131.2,20677546.69
158209,30881925.56,103851115.6
158210,1291540.9,15459772.8
158211,1628319.72,20737862.7
158212,71325081.84,114685246.64
158213,183625.4,11131139.06
158214,1092335.14,8364773.69
158215,1252565.45,7165651.15
158301,26211662.91,58139624.7
158302,23713553.48,197366763.93
158303,1874598.59,17314645.66
158304,263023.4,2221267.06
158305,903353.39,7439639.19
158306,1916326.17,3063883.72
158307,11862296.58,31219109.47
158308,2358792.68,8845164.92
158309,24169124.06,95259161.67
158310,1424776.7,6935798.17
158311,38799230.63,82155979.53
168401,1324293128.12,229136095.26
168402,122716333.78,148579901.95
168403,20511739.03,316944048.0
168404,101578688.97,88585419.69
168405,11004910.38,23701280.23
168406,123720544.3,95228033.23
168407,30774538.9,495054997.48
168408,333617515.82,554961041.48
168409,160683517.26,228269104.92
168410,5922178.27,22934156.44
168411,1025511138.62,934640176.65
168412,310284332.91,245132703.66
168413,330904790.29,353553965.35
168414,261977477.38,309961025.97
168415,24669167.2,871403426.14
168416,11252704.84,24916924.75
168417,23403352.11,76152743.76
168418,315053802.56,749306026.74
168419,252071652.59,311339024.93
168420,3276046.36,35124996.17
168421,134083466.16,164602758.54
168422,25268481.7,174891618.84
168423,11743053.56,44774163.66
168424,34600240.55,54354519.9
168425,47581261.98,90796898.98
168426,53049309.32,136410191.87
168427,4790681.03,203611527.36
168428,85528050.93,417749487.07
168429,165135936.86,749158379.87
168430,95316317.1,122833790.4
168431,206568390.76,216603133.78
168432,23505491.77,55667424.45
168433,115128768.15,180290587.07
168434,4198677.61,52872720.34
168435,254472.88,4293663.47
168436,9723743.81,64134252.87
168437,13112063.08,31268339.93
168438,23356053.71,150070546.62
168439,8995280.37,47947991.6
168440,1738263.17,37378991.01
168441,4756631.61,45654961.03
168442,3972204.36,24252222.45
168443,28438167.47,86790379.12
168444,42084.0,32649667.88
168445,2120482.61,9093543.26
168446,8337461.65,17005313.82
168447,643185.91,18192280.34
168448,6886906.51,9258960.19
168449,760604.02,58803692.71
168450,134010441.13,492765433.27
168451,3620081.19,10187697.97
168452,1763048.51,47432268.01
168453,776235.82,7571094.29
168454,13494815.46,48420364.68
168455,48187640.19,150399740.93
168456,6822357.72,83941427.17
168457,1814071.44,274919892.19
168458,23079909.09,161357314.45
168459,19687696.89,24391139.95
168460,6645225.17,14287077.57
168461,9226802.46,23177090.03
168462,75338170.78,126129610.77
168463,2099310.48,36450229.02
168464,1380849.94,29371568.05
168465,6538973.05,153658901.36
168466,35260765.67,80021152.06
168467,10201507.31,29099115.47
168468,4523033.91,18752168.13
168469,180000.0,203279.89
168470,17622319.98,38491402.03
168471,214177194.52,3508726768.91
168472,12000056.33,154769965.08
168473,25088305.88,26010356.33
168474,170199316.86,226027901.58
168475,4100779.86,84624393.04
168476,1405976.87,15687495.63
168477,29743267.59,190260769.88
168478,5610652.3,81359612.15
168479,137976147.51,391228060.42
168480,13887888.43,37866570.27
168481,319870344.26,360507812.95
168482,158581020.83,255384447.81
168483,214070887.58,276975118.61
168484,8317719.84,27628944.73
168485,19073385.41,19153460.01
168501,353659971.34,390553824.53
168502,133534421.53,223619946.42
168503,79336283.21,171725431.3
168504,208840490.28,276688557.68
168505,28255072.32,45289416.38
168506,1339018.58,125909626.75
168507,51963097.56,280724445.36
168508,66022521.39,303203546.73
168509,16913289.38,406418906.88
168510,1763881.18,47209537.52
168511,110681061.0,193031667.77
168512,38548823.76,129056641.93
168513,1776633.21,40938995.6
168514,75250547.81,156760726.54
168515,19039910.81,26006372.73
168516,88445834.29,219056626.96
168517,131149594.67,263145618.61
168518,7571417.64,22290240.78
168519,14152895.59,17656467.66
168520,0.0,72410.0
168521,11152472.41,59694896.13
168522,806061.23,3303249.9
168523,37005323.86,53493996.27
168524,86039436.93,370709177.34
168525,50015014.01,1018306622.85
168526,408758229.04,119565426.0
168527,3757441.89,100568392.91
168528,479729149.02,1057035755.09
168529,242429744.31,254150449.48
168530,48200653.77,73803612.53
168531,60421812.3,91641623.97
168532,15314590.92,26945945.5
168533,10280054.84,15334220.99
168534,18718605.06,81847203.0
168535,82740640.65,83135283.27
168536,180708961.59,193762247.38
168537,195107631.91,859849213.24
168538,50445838.15,166682908.75
168539,43525892.43,47166992.85
168540,63899706.14,70888499.85
168541,71603459.34,91470378.04
168542,84470426.14,400678583.78
168543,97214502.78,113894884.53
168544,639900364.64,685627385.68
168545,198733063.76,235430765.11
168546,59072889.02,52538189.01
168547,10308508.07,24149011.54
168548,629836.0,7807788.14
178601,11706647.98,9731791.76
178602,162383176.3,174738283.07
178603,23338911.37,888340.0
178604,35229924.31,29036712.7
178605,7384709.98,6201522.88
178606,631228470.04,651900115.16
178607,520182585.89,506319943.06
178608,48680679.06,65816167.91
178609,11252690.57,64801113.03
178701,89772709.42,1713943086.49
178702,103109567.97,514158694.86
178703,658198840.87,896308080.32
178704,471471333.79,952434119.45
178705,533235725.16,784206552.41
178706,2230233.6,78636853.21
178707,16181290.21,1644467247.28
178708,452524340.49,607653876.44
178709,3109124.76,16292761.25
178710,1364073.0,0.0
178711,7204334.8,72951930.97
178712,2410641.6,120971052.7
178713,230357.17,26893830.61
178714,6073350.37,8740269.14
178715,575404.41,137758746.23
178716,119436952.71,115586712.4
178801,2308.0,540318.0
178802,309365543.0,234315415.0
178803,454392869.0,422887045.0
178804,3349720.0,2590938.0
178805,1979664.0,24160171.0
178901,487388930.77,900710477.96
178902,47840988.27,69270850.27
178903,12096444.68,31631860.49
178904,250564912.95,663895370.48
178905,150558611.2,147946470.31
178906,5106568.0,25846574.99
178907,6209199.12,8403452.87
178908,5394938.54,71819.0
189001,67115005.33,127182339.52
189002,7104950.02,53128562.36
189003,362233.0,16397738.29
189004,2820237.39,96978230.3
189005,19391380.02,28058567.63
189006,10176479.96,12306884.65
189007,305538.72,3272606.98
189008,514267.07,1783390.58
189009,0.0,21382.0
189010,312513.07,7667714.29
189011,2389515.56,22094666.16
189012,11596801.5,47987561.48
189013,149765892.42,121801268.83
189014,107333120.05,104239219.8
189015,60953333.55,78650068.1
189016,815165.58,10232360.14
189017,971184060.47,972075956.67
189018,66407941.27,82538621.18
189019,8301578.37,139845378.89
189020,8270072.51,17170258.77
189021,37008772.81,103808194.28
189022,48128122.54,447661311.0
189023,99951417.3,38807510.9
189024,6112521.15,20465750.8
189025,22653213.86,27487831.49
189026,68002522.69,161727141.03
189027,39425723.79,105955129.13
189028,44657951.19,93960485.99
189029,9378497.02,23426992.82
189030,105753456.2,118676643.4
189031,252073686.39,251320283.05
189032,167366717.3,218786801.76
189033,5352605.43,20804023.25
189101,4836237.05,16691793.16
189102,3952797.91,54429753.78
189103,19418.18,1423569.21
189104,569931.5,1218030.93
189105,1292536.42,4279059.27
189106,813667.8,2449491.62
189107,116494.33,4626515.48
189108,1344253.03,1553956.92
189109,146637.91,741118.33
189110,201857.0,2278473.76
189111,95462.0,389036.8
189112,2100.0,3598384.27
189113,394483.09,1410426.87
189114,453678.06,729566.84
189201,725083.92,7358671.87
189202,178886.0,6072317.07
189205,454290.93,3245236.92
189206,72448.95,4165334.78
189207,115791.0,39339656.3
189208,55234.43,1535213.92
189209,216086.84,1435646.07
199301,7681773.0,145497.0
199302,2220648.0,2787495.0
199303,55707864.25,36702882.04
199304,3488651.13,15533272.32
199305,1301999.0,1157281.0
199306,86604436.8,90376994.0
199307,254364.04,982724.74
209401,65065247.15,165596461.11
209402,2871090.07,8667987.37
209403,270705399.6,301612974.03
209404,24909519.74,28519801.27
209405,53422978.36,421344472.32
209406,50403949.11,385483954.75
209503,23587885.59,519893114.75
209504,59769240.94,219405748.78
209505,3027452.73,77821848.05
209506,20442532.79,59321732.78
209507,5257961.04,38724190.61
209508,4139853.12,21047013.09
209601,734758.0,1288116.87
209602,2505000.24,8844656.74
209603,6815604.16,22621737.81
209604,203804.0,455081.26
209605,99779.61,2674464.8
209606,1794388.27,6703320.64
209607,2168848.03,7513935.51
209608,1736107.94,42123840.19
209609,1379687.37,15920339.61
209610,393314.96,10032146.57
209611,150013.0,10232151.3
209612,227528.99,17359037.09
209613,476045.92,36922804.74
209614,12770.0,3908712.62
209615,853210.42,11815889.71
209616,749116.41,22549720.77
209617,752873.61,23679112.97
209618,114626.66,17974486.54
219701,108261420.98,21991863.59
219702,231937.0,1196039.43
219703,3060405.9,28915568.21
219704,1822974.73,1959314.88
219705,2783079.49,25342516.96
219706,61466144.0,55929691.17
