010101,1126682.6,55159.0
010102,3664177.26,225313.0
010104,12263396.83,0.0
010105,38682.0,0.0
010106,116887.0,0.0
010201,1000.0,0.0
010202,474286.29,9657333.0
010203,538033.82,24404.0
010204,6827749.8,25121.0
010206,25272.12,40164.0
010207,22972569.18,1445063.0
010208,1056838.0,0.0
010210,55380.46,5816.0
010301,468084.21,38016.0
010302,10654.0,0.0
010303,1499985.67,91929.0
010304,10662.62,0.0
010305,103519.0,23404.0
010306,373205.41,249158.0
010307,6583340.66,1051017.0
010402,1926718.36,207031.0
010404,0.0,47023.0
010405,46909.74,0.0
010406,18706122.9,7902798.0
010407,741695.1,44621.0
010408,1817266.0,41963.0
010409,1982671.77,30472.0
010410,2569.0,0.0
010504,133015.36,0.0
010505,454645.52,0.0
010507,55872.0,0.0
010508,287641.34,347624.0
010510,95716.06,0.0
010511,11822.08,0.0
020601,74757.0,311030.0
020602,1433155.78,593608.0
020603,66619.0,16700.0
020604,187802.41,17060.0
020701,1430659.65,160020.0
020702,220814.93,31434.0
020703,225072.81,537942.0
020704,11489.84,7547.0
020705,8919.36,0.0
020707,5587810.89,114656.0
020708,23258.43,0.0
020709,12551498.08,310612.0
020710,7678686.73,78513.0
020711,1726051.58,227660.0
020712,3024292.14,404273.0
020713,6681956.12,1863417.0
020802,1640583.88,856684.0
020803,684819.11,12202402.0
020804,41267.43,0.0
020805,126954.19,13583015.0
020806,81663.88,953521.0
020807,774342.41,179122.0
020808,6637.74,1565429.0
020809,1681616.6,1656985.0
020810,749410.08,445235.0
020811,6872211.37,28461.0
020812,5124114.81,1277.0
020813,1640854.8,78110.0
020901,340156.95,392904.0
020902,88278.53,3472.0
020904,686802.78,717718.0
020906,9783.36,0.0
020909,2582598.34,12038.0
020910,46138.21,196314.0
021001,79370246.9,0.0
021002,17729.51,0.0
021003,10506547.24,0.0
021004,373265.99,0.0
021005,534559.6,2480.0
021006,220318.51,53541.0
021008,599247.97,13007.0
021101,3729887.98,203112.0
021102,4005.11,0.0
021103,979335.92,0.0
021104,302220.54,0.0
021106,26739.56,0.0
021107,291351.19,0.0
021108,377742.37,2000.0
021109,33391.28,0.0
021202,59415.24,0.0
021204,12920.64,0.0
021205,19480.71,0.0
021206,43639301.14,40584.0
021207,949739.52,612423.0
021208,353205.88,0.0
021209,2716274.94,552660.0
021210,1432563.0,872235.0
021211,16392164.41,153901.0
021212,285763.28,5959.0
021213,2484.03,0.0
021214,10408.81,0.0
021301,2358.0,0.0
021302,69767.0,160453.0
021403,732016.92,12109.0
021404,6948.61,0.0
031501,183486.13,0.0
031502,235590.11,16190.0
031504,10917.93,0.0
031505,7426.0,1488.0
031506,7475.28,0.0
031507,169491.89,0.0
031512,14953080.32,624692.0
031514,0.0,3769.0
031515,694725.94,172585.0
031517,13297.9,1437069.0
031518,125794.6,0.0
031519,397925.81,1826993.0
031520,127865.02,353262.0
031521,126378.29,0.0
031522,113748.75,0.0
041601,61889.29,4248014.0
041602,976118.04,4307004.0
041604,106777.0,2807.0
041605,10077756.32,139123.0
041701,18166049.88,10843.0
041702,404660.8,68386.0
041703,164571.59,0.0
041704,365929.88,1963961.0
041801,169225.36,0.0
041805,6808.12,0.0
041806,231099.3,10787817.0
041901,57786.0,19038.0
041902,46254.64,24899.0
041904,190002.96,0.0
041905,172863.77,352692.0
042001,1993278.78,136441.0
042002,852744.56,10333.0
042003,899601.85,8000.0
042004,64167.56,45000.0
042005,2768564.84,4809788.0
042007,2635631.85,609029.0
042008,13507602.54,7358140.0
042009,3271611.76,2588780.0
042101,104822.0,70038.0
042102,129230.81,43659.0
042103,951625.6,653538.0
042105,949106.46,0.0
042106,452807.53,1986575.0
042201,75082.18,3188.0
042202,1094087.07,698549.0
042203,406255.2,864547.0
042204,106389021.26,8535753.0
042205,2124409.21,0.0
042206,3754.2,0.0
042207,224155.81,54909.0
042208,3849910.77,1920623.0
042209,68801.37,0.0
042301,1005656.81,8928.0
042302,14122159.53,5342.0
042303,769846.91,59138.0
042304,498164.51,5556408.0
042306,11137714.78,5560.0
042307,115446.07,0.0
042308,98071.9,0.0
042309,8560221.8,3345408.0
042401,52468555.29,13898829.0
042402,7565557.0,106824897.0
042403,473544.0,0.0
052501,683557.93,931721.0
052505,835356.97,55988.0
052506,108880.9,5000.0
052507,4409360.44,24315.0
052508,7590949.41,235446.0
052510,32513.71,48654.0
052511,4341489.65,0.0
052512,31340.49,313487.0
052515,1060402.9,556488.0
052516,638037.18,1542448.0
052517,12667.09,5357.0
052520,70639.04,5456.0
052521,10342.84,0.0
052522,497874.46,0.0
052523,30444739.65,56945.0
052524,21304.56,0.0
052526,0.0,73014.0
052529,18589.45,0.0
052530,143589.5,297508.0
052602,691523.33,0.0
052603,47722237.97,0.0
052610,3067.01,0.0
052616,86627.0,0.0
052620,3910725.74,207497.0
052621,6210.84,13000.0
052701,358412.48,0.0
052702,152039.68,1614.0
052703,3648.01,0.0
052704,2084117.65,0.0
052706,1448.22,0.0
052707,1806529.4,191220.0
052710,180946495.27,36154034.0
052711,3650137.11,0.0
052712,593114.92,310561.0
052713,1289657.27,489576.0
052714,3753.88,0.0
052715,18930.51,185308.0
052716,18157118.0,0.0
062801,36926.8,16501.0
062803,496538.7,0.0
062804,2861586.07,168398.0
062805,5164.0,0.0
062806,550203.55,84000.0
062807,4518452.56,11110.0
062808,35345.52,0.0
062809,14362.66,155156.0
062810,163789.22,0.0
062811,672278.36,177605.0
062813,1922131.62,0.0
062814,16493240.79,0.0
062815,2710397.78,241089.0
062816,1153.03,0.0
062817,106253.77,57085.0
062818,70426.77,92314.0
062819,109419.38,0.0
062820,401915.61,68000.0
062821,77532.15,0.0
062823,86109.11,20932.0
062824,191403.4,0.0
062825,50066.54,3079.0
062827,21349.33,52247.0
062828,94084.38,6314.0
062832,6317.45,5729.0
062833,871584.8,1498872.0
062834,709869.7,10098.0
062835,8254171.18,76235.0
062836,57339521.47,808814.0
062837,26312.0,14979.0
062839,403557.83,27589.0
062840,333561.11,0.0
062841,54024.59,0.0
062842,16686.18,39979.0
062843,4448.0,0.0
062844,0.0,199600.0
062846,52519.0,0.0
062847,61850.51,0.0
062849,1124953.82,811903.0
062901,703273.08,1447250.0
062902,10675891.74,5013037.0
062903,16045876.62,1630664.0
062904,1591154.61,0.0
062905,31273844.46,12721221.0
062906,40322.03,181478.0
062907,2790805.55,640689.0
062909,1908093.49,312646.0
062912,1563408.12,597000.0
062914,2778981.59,133606.0
062915,253050.75,5288410.0
062916,1101071.66,665222.0
062917,21063808.48,2095826.0
062918,1136408.71,785605.0
062921,793009.12,328206.0
062922,2337141.95,512736.0
062923,39672.39,6364.0
062924,58975.56,87009.0
062925,36000.0,0.0
062926,21352980.04,732297.0
062929,0.0,4861.0
062930,1973224.81,1120106.0
062931,27775.93,7241.0
062932,4304798.17,63739.0
062933,14799110.01,1338548.0
062934,940664.68,162029.0
062935,0.0,4960.0
062936,2887827.0,4527447.0
062937,54148.0,29860.0
062938,604421.0,764000.0
062939,531218.0,0.0
062941,15483019.0,4341884.0
062942,108757.72,101729.0
063001,2000.0,0.0
063002,337599.0,777320.0
063003,2591279.0,131508.0
063004,16223830.0,49125527.0
063005,5252271.0,180110.0
063006,20300.0,580714.0
063101,38337.18,0.0
063102,200166378.87,6065.0
063103,8030711.19,0.0
063104,568289.64,0.0
063105,16421624.21,61016.0
063201,1356.78,0.0
063202,95724.32,58600.0
063204,296908.11,5832471.0
063205,0.0,5654.0
063206,486070.8,1112289.0
063207,61325.0,324358.0
063208,692375.31,5042331.0
063209,101853.75,513635.0
063210,263534.46,309120.0
063211,4508.0,48610.0
063212,19448.0,501753.0
063213,1606.0,0.0
063214,40863.28,550650.0
063215,31300.0,441163.0
063301,6682946.21,772924.0
063302,84378.0,263190.0
063303,139830.0,487583.0
063304,215796.49,7457211.0
063305,586274.78,531607.0
063306,2063346.67,45775.0
063307,382771.61,6896227.0
063401,130099.74,443139.0
063402,940825.12,18570159.0
063403,225513.22,2898189.0
063404,149282.53,10912.0
063405,6355.0,50891.0
063406,4341.91,49422.0
063407,0.0,79264.0
063501,81000.0,161488.0
063503,26620.17,43876.0
063505,91057.3,9409.0
063506,425840.13,1583239.0
063507,742361.0,682719.0
063601,255511.0,0.0
063602,1673427.71,0.0
063603,951162.0,0.0
063604,17380.0,60911.0
063605,1212753.69,0.0
063606,546542.12,0.0
063701,144043.0,662565.0
063702,103254.0,41884.0
063703,18840.0,672318.0
063704,4000.0,0.0
063705,7947.0,1785.0
063706,71233.0,40511.0
063707,38020.51,749267.0
063801,68371.4,168109.0
063802,224362.6,220789.0
063805,130931.65,12338.0
063806,778801.26,2678.0
063808,8050766.42,17531104.0
063809,23788.97,2136293.0
063810,85003.89,1785.0
063811,37006.68,64085.0
063812,177084.76,1364205.0
063813,11778.4,1984.0
063814,113671.06,76245.0
063815,9176.0,70504.0
063817,108796.12,0.0
063818,160468.0,0.0
063819,14865.31,1781.0
063820,102434.53,350894.0
063822,1000.0,506342.0
063823,934556.65,5627108.0
073901,23000346.86,3044239.0
073902,25089921.77,249633.0
073903,1522669.56,653698.0
073904,7677509.83,1130120.0
073905,56543.92,355293.0
073906,4214749.83,516271.0
073907,318872.79,5115991.0
073908,798769.74,27966.0
073909,348789.9,1291878.0
073910,98772.47,3373.0
073911,2050078.15,2998706.0
073912,471449.38,2676416.0
073913,95304.0,0.0
073915,312246.7,31344.0
073916,20414.92,98974.0
073917,1050015.97,5803564.0
073918,291662.15,252070.0
073919,505152.5,1608377.0
073920,3559224.17,14231613.0
073921,1750752.63,7796896.0
073922,18080.0,23490.0
073923,5096930.55,11787318.0
073924,2654853.73,4294864.0
073925,331163.0,604469.0
073926,1238868.12,13902515.0
074001,157200.41,12137.0
074002,23233659.28,4340400.0
074003,28946.65,0.0
074004,179163.37,1388.0
074005,305480.92,145841.0
074006,33454.15,7150.0
074007,0.0,3571.0
074008,3956658.97,630812.0
074009,957369.54,646917.0
074010,4066258.4,606927.0
074011,8319030.75,15242960.0
074012,564841.88,513585.0
074013,294675.32,578490.0
074014,27481.0,103000.0
074015,31839.0,232199.0
074016,1451615.9,1687923.0
074017,485611.0,1000.0
084101,686669.85,245970.0
084102,5959674.72,3647146.0
084103,261305.48,0.0
084104,10178233.49,30570290.0
084105,321631.0,241709.0
084106,184064.0,167036.0
084107,6253107.0,1311882.0
084108,13798.0,4629.0
084111,10553.0,9920.0
084201,4000.0,5000.0
084202,20152410.0,3138826.0
084203,1520166.0,2819598.0
084205,14000.0,12000.0
084301,46953.0,0.0
084302,766370.0,1664644.0
084303,602977.0,2645492.0
094401,2673341.52,1507.0
094402,1559222.28,10873.0
094403,6489239.74,83078.0
094404,261002.82,0.0
094406,4635.12,0.0
094407,31340502.51,6391782.0
094408,2307211.47,1138660.0
094409,1165485.24,1058052.0
094410,824236.6,2459359.0
094411,11913985.06,551104.0
094412,7432483.75,50187.0
094413,126910.87,0.0
094414,133663.0,0.0
094415,965235.27,277346.0
094416,257328.44,11835.0
094417,34192.55,0.0
094418,835767.75,952459.0
094419,1156495.54,9000.0
094420,1019089.92,13295.0
094421,1804853.94,297526.0
094503,170777.0,0.0
094504,53228.0,0.0
094602,67771.0,22151.0
104703,25451465.78,565000.0
104706,10499.87,326000.0
104707,227060.8,202298.0
104801,185216.44,0.0
104802,398507.86,125537.0
104803,2786818.14,270978.0
104804,8897077.99,719901.0
104805,6857570.55,3129831.0
104806,259450.98,159799.0
104807,559837.27,1800.0
104808,984858.27,295191.0
104809,102013.89,228615.0
104810,628195.7,17585886.0
104811,398202.02,5027974.0
104812,1071765.0,0.0
104813,8348.0,14332.0
104814,1719350.0,124150.0
104816,1834.98,0.0
104817,2708.0,0.0
104818,553069.64,7893842.0
104819,4780679.49,6301404.0
104820,90950.11,434847.0
104821,322354.6,2239564.0
104822,55782.12,1190.0
104823,367032.26,2129029.0
104901,651442.26,1942165.0
104902,49238.0,933245.0
104903,30258.0,0.0
104905,69326.0,0.0
104906,3000.0,40000.0
104907,8233.0,1323144.0
104908,220560.0,52994.0
104909,17894.0,0.0
104910,31462.0,90772.0
104911,284200.0,2994693.0
115002,24983.0,0.0
115004,202635.0,0.0
115005,1699.0,0.0
115007,23962.0,0.0
115101,1405992.55,280613.0
115102,13103.0,6377.0
115103,201325.94,0.0
115105,4008409.0,1232494.0
115106,598736.0,148642.0
115107,89658.0,3275369.0
115108,100934.0,0.0
115109,380756.0,6585.0
115111,1369433.0,11602837.0
115112,3279068.0,10375889.0
115201,1356346.44,28185640.0
115202,709542.21,641539.0
115203,34784.02,0.0
115204,94921.0,766289.0
115205,6047270.86,9805048.0
115206,249504.66,79647.0
115207,279837.0,11000.0
115208,7468349.95,19063809.0
115209,8724469.52,9421990.0
115210,2730049.0,2116815.0
115211,107841.0,4495940.0
115212,139280.0,754314.0
115301,116852.54,0.0
115302,21724.27,0.0
115303,0.0,745873.0
115306,175686.0,0.0
115307,31074.0,232541.0
115308,11458.0,0.0
115309,427808.0,3011592.0
115310,118752.45,0.0
115401,209376.0,1894229.0
115402,8452064.92,1494856.0
115403,10493100.19,403497.0
115404,30706.0,1252552.0
115405,25217.0,0.0
115406,71000.0,0.0
115407,6979768.26,31887063.0
115408,8009172.0,11907395.0
115501,2378086.51,1707356.0
115502,371466.0,0.0
115503,9343838.56,987156.0
115504,58686.95,0.0
115505,585074.82,0.0
115506,14289.2,0.0
115507,58884.0,601852.0
115508,119803.0,0.0
115509,6749773.43,5761519.0
115510,1881668.0,1453310.0
115511,54170.0,329971.0
115512,67783.0,3562200.0
115513,3805901.0,1752461.0
115514,1561180.0,5688760.0
115515,10068251.0,10683775.0
115516,5234651.0,21979222.0
115601,411743.0,6613870.0
115602,33628.0,503678.0
115603,174489.0,6444590.0
115604,11549.0,0.0
115606,4956.0,0.0
115607,242491.81,174077.0
115609,8271.34,583709.0
115701,357399.26,127100.0
115702,3051011.31,596875.0
115703,329595.1,2714589.0
115704,213879.47,6745.0
115705,13462.0,6017.0
115801,124613.0,729667.0
115803,20499.0,0.0
115804,25453.0,297923.0
115806,180289.0,1716197.0
115807,49212.0,1060494.0
115808,24506.0,357166.0
115810,2194.0,37697.0
115811,47686.0,445449.0
115901,75608.0,2182.0
115902,4000.0,125395.0
115903,603789.0,9022848.0
115904,407364.78,7889.0
115906,105606.0,2300422.0
115907,10298.0,0.0
115909,86900.0,1091.0
115910,1895.0,22122.0
115911,7020.0,193950.0
116001,281068.0,1197608.0
116002,273681.0,17560367.0
116101,353652.0,472344.0
116102,503288.0,39114.0
116103,1329793.0,1610329.0
116104,10059893.0,4928573.0
116105,2134859.0,300179.0
116106,6736097.0,7343392.0
116107,5473673.0,4432953.0
116108,3637194.0,3039192.0
116109,16631097.0,13573315.0
116110,42482901.0,1972587.0
116111,581814.0,4370.0
116112,6911363.0,1586375.0
116113,196000.0,4000.0
116114,332002.0,436183.0
116115,5814330.0,4763331.0
116116,8258.0,2000.0
116117,139448.0,1646658.0
116201,23239633.0,2565365.0
116202,21722813.0,1179536.0
116203,57377227.0,13871475.0
116204,97004355.0,6708304.0
116205,40087044.0,2854960.0
116206,33796470.0,1928352.0
116207,1939408.0,130769.0
116208,2786338.0,293059.0
116209,1016591.0,61049.0
116210,3536283.0,422873.0
116211,16565227.0,1705481.0
116212,2603861.0,2134577.0
116213,88946.0,0.0
116214,416123.0,16662.0
116215,566850.0,30829.0
116216,604054.0,15956.0
116217,391273.0,4348997.0
116301,1127414.24,123777.0
116302,10483998.38,379021.0
116303,32498.0,37946.0
116304,135031.0,9000.0
116305,3649155.01,88828.0
116307,782543.0,893586.0
116309,28134.39,1443028.0
116310,198762.06,143855.0
126401,39731.0,67362.0
126402,869005.0,9042872.0
126403,47712465.0,5791989.0
126404,4178101.0,2137947.0
126405,1004652.0,589345.0
126406,30372575.0,37312506.0
126501,62916.0,0.0
126502,27876.0,0.0
126503,234250.0,0.0
126504,18650.0,0.0
126505,459506.0,23037.0
126506,25359.0,36236.0
126507,2000.0,0.0
126601,451214.17,239853.0
126603,44774.54,32364.0
126701,2788.0,0.0
126702,15354.0,1284600.0
136801,658595.95,6000.0
136802,1674903.44,6320892.0
136803,67547.43,0.0
136804,327884.26,744437.0
136805,79153.0,1126104.0
136806,3591.5,372299.0
136807,14214.64,132211.0
136808,0.0,14682.0
136809,388944.15,21338.0
136810,352450.24,20894.0
136811,106097.01,0.0
136812,23270.88,144766.0
136813,85456.0,441890.0
136814,5059.0,66169.0
136815,522487.55,129257.0
136901,77091.26,0.0
136902,855260.83,12492429.0
136903,21962.0,654000.0
136904,0.0,7539.0
136907,300214.21,675289.0
136908,17819946.25,9843663.0
136909,11000.0,67606.0
136910,4169528.07,3778622.0
136911,3602190.62,449318.0
136912,1131141.53,211497.0
136913,438672.77,98395.0
136914,71159.29,73839.0
137001,132468.73,0.0
137002,56428.14,85448.0
137003,1963259.3,104364.0
137004,2700295.59,64352.0
137005,1207406.81,214841.0
137006,28414.93,213478.0
137007,55087.27,232771.0
137008,0.0,322217.0
137009,76522.78,10713.0
137010,21166491.06,2571344.0
137011,53636.32,97727.0
137013,4456281.92,3823979.0
137014,88842.0,211182.0
137016,67354.52,14239.0
137017,100675.0,381045.0
137018,16303.0,8035.0
137019,1446419.93,4380873.0
137020,9195.0,43873.0
147102,357135.0,117924.0
147103,63154.0,0.0
147104,141158.0,0.0
147105,5897.0,0.0
147106,5217615.0,20718.0
147108,116093.0,0.0
147110,11966.0,0.0
147112,8989748.0,2000.0
147113,2287.0,10614.0
147114,100000.0,5777.0
147116,24066.0,5472.0
147117,50707.0,102242.0
147118,400000.0,2000.0
157201,917298.62,6051.0
157202,11158168.3,2113630.0
157204,8045011.85,13840.0
157205,777805.44,74803.0
157206,591669.59,0.0
157207,31932949.36,230261.0
157208,279126787.25,6339765.0
157209,46042193.17,1095269.0
157210,33102473.21,749865.0
157211,1782104.91,2864155.0
157212,2012164.77,48819.0
157213,10182174.16,0.0
157214,15317867.36,1243704.0
157215,92548.93,1303216.0
157216,17490108.22,3601469.0
157217,12735056.27,964809.0
157218,0.0,1388.0
157219,369044.34,867268.0
157220,72410.01,108854.0
157221,466502.57,0.0
157222,2302494.09,130118.0
157223,95877.0,6448.0
157224,551027.61,64007.0
157225,1326882.22,151484.0
157226,9695.43,90672.0
157227,978631.99,0.0
157228,707195.34,1224664.0
157229,132964.58,1091.0
157301,1524.79,0.0
157302,180397.25,1434527.0
157303,481420.43,1116549.0
157304,4509419.53,3187731.0
157305,182543.45,32836.0
157306,4151701.95,1736204.0
157307,6481001.35,1496658.0
157308,5832667.38,4327394.0
157309,275342.74,549036.0
157310,870610.91,679853.0
157311,100934.02,79655.0
157312,145459.17,994735.0
157313,34600.54,0.0
157314,1094003.34,509029.0
157315,230489.35,1498281.0
157316,1418.29,48585.0
157317,3393950.52,370467.0
157318,6742932.55,2561207.0
157319,1931.0,16035.0
157320,55421.58,646568.0
157321,255407.71,1216855.0
157322,2940453.73,1872909.0
157323,403482.65,1936248.0
157324,393985.77,1280893.0
157325,7213776.79,914763.0
157326,6276163.54,3792286.0
157402,132467793.94,0.0
157403,167080764.09,61738499.0
157404,2456242.24,0.0
157407,14424523.93,1442663.0
157408,21547752.85,11171276.0
157409,3871581.26,789682.0
157410,98289.0,619430.0
157411,1007011.0,4998261.0
157412,339952.0,154786.0
157413,4772664.0,25981.0
157414,0.0,3273.0
157415,82966.0,38500.0
157418,25710.0,5174.0
157419,16556.0,28213.0
157502,13642.0,65970.0
157503,62966.44,19000.0
157504,0.0,5555.0
157505,0.0,1785.0
157506,42664.0,8035.0
157508,1200.0,7329.0
157601,16499196.4,3052705.0
157602,796634.0,0.0
157603,110150.25,3000.0
157604,443773.5,11471177.0
157605,6874217.03,53460.0
157606,1766156.01,6679393.0
157607,407280.07,4593291.0
157608,23275.0,57340.0
157609,15265.0,3273.0
157610,515352.21,9525849.0
157611,0.0,1488.0
157612,155470.09,1534027.0
157614,6423.6,0.0
157615,14021.0,8468.0
157616,698161.0,6769741.0
157801,40358203.7,0.0
157802,303599.11,9216.0
157803,7241.22,0.0
157806,399437.93,2182.0
157901,47946649.6,6594193.0
157902,30173.29,0.0
157904,31277.85,0.0
157906,58112.0,0.0
157907,100840.0,168000.0
158001,1249.0,16170.0
158005,12000.0,0.0
158101,19741.0,0.0
158102,99906.0,34000.0
158104,407285.14,0.0
158106,31000.0,0.0
158107,1832598.08,0.0
158108,152310.0,3174.0
158111,32075.59,0.0
158112,345631.0,123930.0
158113,42000.0,64000.0
158201,258272.95,1984.0
158202,360521.0,838728.0
158203,150902.0,292871.0
158204,11712.0,86124.0
158205,710372.2,1404986.0
158206,14572.0,11201.0
158207,5404738.0,3651957.0
158208,337983.0,359140.0
158209,52723.0,81267.0
158210,2033.0,0.0
158211,377285.27,195519.0
158212,225271.0,1955064.0
158213,16613.0,0.0
158214,44787.0,10018.0
158215,787883.81,45792.0
158301,150333.81,331096.0
158302,274860.59,2285885.0
158303,134781.58,306008.0
158304,2273.0,0.0
158305,1909.0,0.0
158306,71467.1,68932.0
158307,1938.0,117954.0
158308,16836.0,982038.0
158309,917835.05,834780.0
158310,10732.0,1000.0
158311,183816.33,1020806.0
168402,181630.0,234250.0
168403,102338.0,447832.0
168404,137284.58,0.0
168405,20753.0,31085.0
168406,0.0,96228.0
168407,90847.0,279729.0
168408,2484665.0,3951241.0
168409,2983413.0,13546376.0
168410,2000.0,0.0
168411,1180755.0,4055340.0
168412,7534502.0,4750579.0
168413,3263381.0,16139389.0
168414,1542114.78,15350248.0
168415,194155.0,6483102.0
168416,22173.0,188557.0
168417,252751.0,2889661.0
168418,6292835.21,52090170.0
168419,2959606.0,7513414.0
168420,51591.0,215585.0
168421,753391.0,11456271.0
168422,4286098.0,18780306.0
168423,42914.0,828308.0
168424,966328.53,2873729.0
168425,8556369.7,553834.0
168426,1047486.2,49390.0
168427,28188916.0,2047624.0
168428,2868788.0,4676602.0
168429,553215.19,1456691.0
168430,549408.0,1280925.0
168431,15511512.78,16225539.0
168432,1747559.46,835461.0
168433,731037.0,3111233.0
168434,163128.0,0.0
168435,14542.0,8729.0
168436,1340367.0,1191164.0
168437,265268.0,241579.0
168438,2570336.0,9780897.0
168439,90449.0,60622.0
168440,40029.0,613998.0
168441,141756.0,661003.0
168442,407136.0,346571.0
168443,163950.0,7739053.0
168444,377500.0,0.0
168445,2157126.0,146363.0
168446,1761409.85,160712.0
168447,729942.0,2932582.0
168448,124296.0,3650831.0
168449,0.0,37995.0
168450,181210.21,6244494.0
168451,494621.0,4808214.0
168452,540351.0,6722808.0
168453,179169.0,2291093.0
168454,5387971.0,426936.0
168455,2552636.14,748789.0
168456,60501.0,0.0
168457,1348320.0,11000.0
168458,14973749.78,383267.0
168459,4883479.91,2962638.0
168460,2015514.13,1145509.0
168461,3256188.55,327767.0
168462,3828686.68,2369294.0
168463,81896.0,549719.0
168464,156306.0,81651.0
168465,3294067.0,2892747.0
168466,3221993.0,5719402.0
168467,97944.0,2580759.0
168468,165439.0,239506.0
168469,1561037.26,1133137.0
168470,769223.0,199888.0
168471,1300638.0,33865417.0
168472,212022.0,5633854.0
168473,2285680.0,15245601.0
168474,1316422.0,7018253.0
168475,3885.0,116639.0
168476,8000.0,148360.0
168477,1150917.0,3721502.0
168478,591538.0,374519.0
168479,5886070.0,13161044.0
168480,2243926.51,1308960.0
168481,9746144.0,23985002.0
168482,10420435.0,7299367.0
168483,2522662.0,6763051.0
168484,72950.0,489514.0
168485,624546.0,3804048.0
168501,17460957.41,3077697.0
168502,351652.0,482638.0
168503,1804470.0,1261556.0
168504,8215801.0,6561495.0
168505,954937.0,371727.0
168506,913747.0,1137456.0
168507,7185524.81,4399633.0
168508,10372963.0,3775345.0
168509,406999.0,3683092.0
168510,0.0,6845.0
168511,7598558.0,1348720.0
168512,233640.0,815251.0
168513,313749.0,34215.0
168514,400667.0,4742030.0
168515,545185.0,1344294.0
168516,722375.97,22309593.0
168517,557386.0,32089495.0
168518,1148777.0,1173949.0
168519,730409.0,29315.0
168520,59564.0,357364.0
168521,506733.0,493760.0
168523,6510973.0,2968904.0
168524,967602.0,3911442.0
168525,339398.0,6681706.0
168526,750400.0,939543.0
168527,165901.0,863020.0
168528,368331.0,267509.0
168529,527263.0,8698346.0
168530,16195.0,135414.0
168531,403310.0,3037020.0
168532,453546.0,467824.0
168533,108367.0,474269.0
168534,2336296.0,337673.0
168535,170485.0,2393503.0
168536,3122323.0,11131413.0
168537,1096004.0,5720230.0
168538,994032.0,4697317.0
168539,2439886.72,907179.0
168540,140357.0,86342.0
168541,838487.0,1715704.0
168542,2027266.0,4138842.0
168543,2590465.0,2350243.0
168544,17061153.64,23773854.0
168545,382330.73,4274842.0
168546,728383.23,381322.0
168547,66668.05,0.0
168548,16983.0,4000.0
178604,95684.0,91909.0
178606,0.0,7440.0
178607,99794.42,1266515.0
178608,0.0,311900.0
178609,60037.67,273540.0
178701,1240164.42,8240000.0
178702,116342.0,6444923.0
178703,2773540.32,69346164.0
178704,7047136.35,23942666.0
178705,433343.0,4434171.0
178706,43337.0,2011.0
178707,22764.0,18309.0
178708,10213631.06,37317253.0
178709,714111.0,133649.0
178710,2628213.0,0.0
178711,65271.0,414358.0
178712,50988.0,6174.0
178714,128732.0,135295.0
178715,30000.0,58000.0
178716,2346051.48,16767534.0
178802,14305.0,0.0
178803,168583.0,366000.0
178804,1143.0,0.0
178901,128004.15,0.0
178903,107448.0,327806.0
178906,2157.0,0.0
178908,511083.67,0.0
189001,1975682.0,428391.0
189002,301731.0,178463.0
189003,401448.0,532725.0
189004,30956.0,102428.0
189005,5017.0,7000.0
189006,19935.0,98362.0
189007,9000.0,30000.0
189008,20027.0,108725.0
189009,170800.0,650435.0
189010,297253.0,497031.0
189011,857779.0,239000.0
189012,35203.0,21825.0
189013,694125.0,123493.0
189014,2082197.0,1125797.0
189015,137361.0,2102734.0
189016,0.0,3075.0
189017,1125083.0,306597.0
189018,1979595.0,16950493.0
189019,7937.0,467817.0
189020,7968.0,19605.0
189021,395492.0,1764021.0
189022,136842.0,9663800.0
189023,8278.0,215079.0
189024,127645.0,666420.0
189025,17011.0,329803.0
189026,978214.0,3499493.0
189027,112790.0,6432201.0
189028,864727.0,982862.0
189029,167483.0,24445.0
189030,514773.0,4695345.0
189031,1997630.0,9630320.0
189032,450117.0,2552614.0
189033,37899.0,101759.0
189101,16385.0,358432.0
189102,24659.0,795719.0
189105,4390.0,17991.0
189106,249025.0,0.0
189107,0.0,1488.0
189108,0.0,7341.0
189109,4080.0,0.0
189114,185488.0,3321.0
189201,13136.0,0.0
189202,887352.0,23014.0
189205,3326.0,0.0
189206,31377.0,6057.0
189207,38518.0,84632.0
189209,67574.0,69839.0
199301,341218.0,0.0
199302,318744.0,7000.0
199303,356017.0,626309.0
199305,161563.0,321060.0
199306,2617319.0,2069342.0
199307,7603.0,1000.0
209401,15404367.39,13539483.0
209402,33083.0,0.0
209403,12884722.98,48840360.0
209404,1273847.98,1371319.0
209405,1566229.54,8467324.0
209406,1703715.62,385948.0
209501,1497.0,0.0
209502,23268.0,12213.0
209503,6936237.67,6312242.0
209504,617058.0,1566217.0
209505,199070.0,530792.0
209506,5549600.54,4097959.0
209507,47571.0,40077.0
209508,2929.21,0.0
209602,72202.0,0.0
209603,539373.67,861279.0
209606,27720.0,4287014.0
209607,386850.0,2257591.0
209608,1207194.0,2163960.0
209609,3905.0,37882.0
209610,2902.0,0.0
209611,2000.0,0.0
209612,12305.0,18291.0
209613,9634.0,32574.0
209615,4399.0,16638.0
209617,16694.0,0.0
209618,10189.0,7219.0
219701,324389.0,24252.0
219702,10202.0,0.0
219703,58874.0,1002.0
219704,173863.0,8000.0
219705,32331.0,0.0
219706,9022.0,0.0
