010102,0.0,31651.0
010104,0.0,8432.0
010105,0.0,1165093.0
010106,46983.0,4294.0
010202,0.0,733585.0
010203,0.0,1066736.0
010204,0.0,60138.0
010206,0.0,1782156.0
010207,0.0,5392077.0
010209,0.0,18963.0
010210,0.0,58487.0
010301,626816.0,0.0
010302,0.0,65225.0
010303,0.0,95162.0
010304,0.0,88222.0
010305,9866.0,10356905.0
010306,3940288.33,51711.0
010307,633754.86,54710.0
010401,0.0,662578.0
010402,0.0,4164717.0
010403,0.0,103186.0
010404,0.0,9500.0
010405,0.0,669869.0
010406,0.0,9969.0
010407,0.0,715795.0
010506,0.0,43796.0
010508,62963.38,0.0
010511,9523.97,0.0
020601,0.0,17400.0
020602,0.0,122937.0
020603,0.0,3438.0
020701,0.0,305004.0
020702,0.0,372734.0
020703,0.0,10766304.0
020704,3820.83,1910058.0
020705,0.0,7296.0
020706,0.0,454930.0
020709,65696.11,3786794.0
020710,0.0,269160.0
020712,43959.0,7292.0
020713,0.0,10845764.0
020714,9919.31,520624.0
020801,0.0,2684775.0
020802,9595.0,1300.0
020803,0.0,4360965.0
020804,12159092.81,415989.0
020805,148928.9,577702.0
020806,0.0,1549.0
020807,0.0,447565.0
020808,0.0,142234.0
020810,0.0,3466.0
020814,768515.0,0.0
020901,3045228.68,0.0
020902,0.0,24250.0
020903,0.0,12767.0
020904,0.0,12387.0
020905,1110.0,0.0
020906,0.0,96607.0
020907,1342.0,52130.0
020909,0.0,7804.0
020910,22806.0,0.0
021001,0.0,7894095.0
021004,0.0,280048.0
021005,0.0,1065327.0
021006,133106.0,19703383.0
021008,4899.25,2736956.0
021101,0.0,20647307.0
021102,1277.68,308428.0
021103,0.0,4539576.0
021104,0.0,1434073.0
021105,2833.84,0.0
021107,0.0,1769794.0
021108,0.0,165035.0
021201,34911.42,0.0
021202,0.0,18779.0
021207,1305.16,0.0
021208,0.0,111710.0
021209,1312.23,12235.0
021211,966438.73,10548.0
021212,199544.11,20835.0
021301,0.0,35854.0
021302,0.0,15978.0
021404,9078.77,0.0
031503,5927.64,111833.0
031506,0.0,501200.0
031507,0.0,25049645.0
031509,0.0,11969.0
031511,2868.9,2017426.0
031512,0.0,25000.0
031513,0.0,41740.0
031515,5385.49,112270.0
031516,1301.94,13741.0
031517,48933.13,1563493.0
031518,10524.91,0.0
031519,0.0,19517.0
031520,0.0,3184.0
031521,0.0,2986.0
041601,0.0,3272132.0
041602,0.0,269782.0
041604,0.0,5530649.0
041605,1700.0,0.0
041701,0.0,50531302.0
041702,0.0,37401.0
041704,0.0,8180512.0
041801,8762907.41,0.0
041804,1847.0,0.0
041805,0.0,5000.0
041806,0.0,827325.0
041901,3926.77,2803957.0
041902,68187.06,12861241.0
041904,0.0,322202.0
041905,53009.76,11474877.0
042001,0.0,2000.0
042002,0.0,5018658.0
042003,0.0,24938.0
042005,0.0,264935.0
042007,4580.6,888605.0
042008,787302.62,194799.0
042009,0.0,1120264.0
042101,6662.0,112088.0
042102,0.0,333261.0
042103,3432.97,4476851.0
042104,292034.0,28683787.0
042105,0.0,344618.0
042106,419204.03,17565726.0
042201,0.0,761715.0
042202,284925.13,3444709.0
042203,359897.87,651355.0
042204,0.0,3163407.0
042205,0.0,8704.0
042206,0.0,124568.0
042207,0.0,967067.0
042208,1638913.29,3731342.0
042209,0.0,44468.0
042302,225082.25,36107.0
042309,256099.46,551237.0
042401,10924.14,303585.0
042402,0.0,130347.0
052501,0.0,1250632.0
052503,0.0,4000.0
052505,0.0,185056.0
052506,0.0,1367.0
052507,0.0,8647.0
052508,39913.0,0.0
052510,0.0,18009.0
052513,2465.32,0.0
052515,0.0,1928.0
052522,0.0,7749.0
052523,0.0,42939436.0
052526,0.0,22570.0
052530,0.0,1923.0
052703,0.0,19726.0
052705,0.0,10780.0
052710,340121.56,3691230.0
052711,0.0,36998.0
052712,0.0,22873.0
052715,0.0,230712.0
062801,0.0,1178602.0
062804,0.0,1000.0
062806,0.0,43334.0
062807,0.0,12759.0
062809,0.0,17515.0
062810,0.0,3000.0
062811,0.0,74270.0
062815,0.0,212097.0
062817,0.0,3960.0
062822,0.0,19357.0
062823,0.0,22365.0
062825,0.0,8140.0
062826,0.0,6469.0
062827,0.0,10302.0
062828,0.0,100707.0
062829,0.0,159000.0
062830,0.0,24291.0
062833,0.0,397818.0
062835,0.0,36098.0
062836,0.0,163923.0
062839,0.0,221562.0
062849,0.0,37338.0
062902,0.0,4289.0
062903,0.0,215711.0
062904,0.0,899357.0
062905,0.0,303996.0
062906,0.0,32458.0
062907,0.0,25888.0
062912,0.0,246353.0
062914,0.0,36800.0
062915,17153.03,78846.0
062916,0.0,89890.0
062917,0.0,12153.0
062918,0.0,337651.0
062921,0.0,1390.0
062922,0.0,954547.0
062924,0.0,1330.0
062925,0.0,136531.0
062929,0.0,343476.0
062930,251504.43,14355.0
062931,0.0,7844.0
062933,0.0,56063.0
062934,0.0,40500.0
062935,0.0,9899.0
062936,0.0,202018.0
062939,0.0,10530.0
063002,0.0,914774.0
063003,0.0,27758.0
063004,81901.0,5456281.0
063005,0.0,271500.0
063006,0.0,173601.0
063101,0.0,4426.0
063102,0.0,549917.0
063105,0.0,12184146.0
063204,0.0,259595.0
063206,0.0,168139.0
063207,0.0,1345.0
063208,1077.89,1135429.0
063209,18914.0,3211078.0
063210,5917.92,628462.0
063211,0.0,11611.0
063212,0.0,277224.0
063213,0.0,99979.0
063214,0.0,8454.0
063215,0.0,234176.0
063301,10036129.57,496483.0
063302,59683.0,1366491.0
063303,30722.0,721683.0
063304,81135.0,1901139.0
063305,114733.0,3582041.0
063306,86939.0,2027212.0
063307,13127.0,997728.0
063401,50453.0,3905510.0
063402,0.0,13193675.0
063403,0.0,156366.0
063404,0.0,5312.0
063405,0.0,225236.0
063406,0.0,4776979.0
063407,0.0,3350.0
063504,0.0,43339.0
063505,0.0,20000.0
063506,0.0,1305936.0
063507,0.0,18000.0
063603,0.0,3947.0
063605,0.0,7351.0
063701,0.0,7500.0
063703,0.0,17632.0
063706,0.0,119601.0
063707,0.0,96734.0
063805,0.0,270980.0
063806,0.0,40157.0
063808,0.0,1515451.0
063809,0.0,1256.0
063810,0.0,5000.0
063811,0.0,3300.0
063813,0.0,7403.0
063814,0.0,38760.0
063815,0.0,60168.0
063816,0.0,29450.0
063822,33678.0,220629.0
063823,5677.46,283479.0
073901,0.0,382315.0
073902,0.0,1363573.0
073903,0.0,408364.0
073904,2471.7,27520.0
073905,0.0,327822.0
073906,0.0,12297.0
073907,0.0,2631594.0
073909,0.0,41342.0
073910,0.0,9343.0
073911,0.0,261862.0
073912,0.0,2000.0
073913,0.0,19572.0
073915,208887.34,21100.0
073916,0.0,30529.0
073917,0.0,2685392.0
073918,0.0,61233.0
073919,21545.0,1845008.0
073920,0.0,1356728.0
073921,0.0,510058.0
073922,0.0,1091571.0
073923,29281.7,26026842.0
073924,50095.87,8243629.0
073925,0.0,344150.0
073926,86891.88,3824739.0
074003,0.0,24550.0
074006,0.0,8722.0
074007,0.0,99634.0
074008,0.0,179022.0
074009,0.0,5423.0
074010,0.0,179058.0
074011,0.0,8978066.0
074012,0.0,91764.0
074013,0.0,684289.0
074014,0.0,58243.0
074015,0.0,3350.0
074016,0.0,162876.0
084101,12515.19,0.0
084103,0.0,34695.0
084104,125099.31,0.0
084106,289445.0,17900.0
084107,0.0,7500.0
084201,0.0,5043.0
084202,20953.0,1508527.0
084203,23219.0,50048.0
084205,1764466.0,0.0
094401,0.0,7363.0
094402,2010.93,120710.0
094403,0.0,106700.0
094407,0.0,1844853.0
094409,0.0,28093.0
094410,0.0,1581.0
094411,0.0,654908.0
094412,0.0,3116474.0
094413,0.0,15800.0
094415,0.0,23700.0
094417,0.0,271802.0
094418,0.0,860280.0
094419,24442.0,1000.0
094420,102888.92,51378.0
094421,11282.35,897671.0
094601,231882.51,6048.0
094602,62699.0,2730.0
104707,15305.82,7570.0
104801,0.0,306629.0
104802,12235.16,2310123.0
104803,0.0,6980.0
104804,0.0,383491.0
104805,12574.01,157253.0
104807,0.0,148034.0
104808,0.0,59418.0
104809,0.0,65457.0
104810,0.0,168898.0
104811,0.0,671372.0
104812,0.0,15000.0
104813,0.0,124596.0
104816,0.0,53656.0
104817,0.0,208673.0
104818,29679.0,3926236.0
104819,134402.82,8661053.0
104820,0.0,2481556.0
104821,0.0,1784798.0
104823,54588.65,190991.0
104901,20707.0,2832291.0
104902,0.0,152015.0
104903,0.0,1681.0
104905,0.0,17000.0
104907,0.0,956139.0
104909,2500.0,0.0
104910,0.0,35190.0
104911,2603.0,1998826.0
115007,0.0,201299.0
115107,2925.0,0.0
115110,3428.0,0.0
115111,0.0,2108254.0
115112,300736.0,1787677.0
115202,8149.16,0.0
115204,0.0,605447.0
115208,2356.0,252186576.0
115209,27480.0,422974.0
115210,0.0,148936.0
115211,0.0,69920.0
115401,0.0,10546.0
115404,0.0,23712.0
115407,0.0,1682545.0
115408,0.0,133730.0
115508,0.0,1854051.0
115511,0.0,6160.0
115512,0.0,237529.0
115513,7431.0,5991468.0
115514,0.0,6159638.0
115515,1268.0,269191.0
115516,0.0,413442.0
115601,0.0,1084319.0
115602,0.0,8390.0
115603,0.0,120133.0
115607,34875.31,10319.0
115608,0.0,4157.0
115609,0.0,160174.0
115703,0.0,9076.0
115705,0.0,19808.0
115801,0.0,137393.0
115804,0.0,39405.0
115806,0.0,214693.0
115807,200990.0,1244726.0
115808,17778.0,7786.0
115810,25613.0,2823.0
115811,45059.0,6373.0
115901,0.0,82954.0
115903,0.0,69034.0
115906,0.0,2151.0
115908,0.0,28160.0
115910,0.0,5227.0
115911,0.0,7456.0
116001,0.0,589350.0
116002,35615.0,3438634.0
116101,6070.0,1000.0
116103,3384859.0,1496726.0
116104,4436662.0,30636.0
116105,1764945.0,110225.0
116106,142366.0,0.0
116107,148978.0,690449.0
116108,7280240.0,392508.0
116109,256591166.0,22247208.0
116110,184617251.0,24580.0
116111,85590.0,5158.0
116112,0.0,2063.0
116114,416702.0,29560.0
116115,47323.0,159639.0
116116,730766.0,331684.0
116117,0.0,30298.0
116201,4389147.0,85762.0
116202,693084.0,94410.0
116203,66725086.0,61716.0
116204,18266240.0,7597.0
116205,12314419.0,118976.0
116206,1963798.0,555760.0
116207,1185937.0,23231373.0
116208,216883.0,332421.0
116209,0.0,12713.0
116210,120097.0,5820.0
116211,6432334.0,143056.0
116212,294508.0,281369.0
116213,0.0,1700.0
116214,0.0,21147.0
116215,0.0,7522.0
116216,8586.0,21750.0
116217,5446.0,1593590.0
116301,0.0,8280.0
116302,1004.0,319993.0
116303,11760.0,341740.0
116304,5884.0,72999.0
116305,0.0,2912768.0
116306,6374.0,164816.0
116307,172281.0,3765419.0
116309,0.0,65895.0
116310,4988579.47,3485775.0
126401,32181.0,685482.0
126402,36914.0,7661336.0
126403,135293.0,191408.0
126404,1290.0,710187.0
126405,0.0,1254.0
126406,0.0,22361.0
126502,4132.0,0.0
126504,10918.0,0.0
126505,450773.0,33131.0
126506,0.0,192913.0
126507,7058.0,0.0
126601,0.0,395503.0
126602,0.0,3788.0
126702,0.0,88487.0
126703,8795.0,0.0
126704,0.0,87526.0
136802,8686.52,34583.0
136803,0.0,3275.0
136804,0.0,100452.0
136805,0.0,75761.0
136809,0.0,14790.0
136810,5258.08,157692.0
136811,0.0,74121.0
136812,0.0,29280.0
136813,0.0,51645.0
136815,4001.35,0.0
136904,0.0,5347.0
136905,0.0,171028.0
136907,0.0,144116.0
136908,0.0,7365594.0
136910,39592.78,896918.0
136911,2195.14,454461.0
136913,159478.0,39000.0
136914,3489.86,84619.0
137002,0.0,1326.0
137003,0.0,84118.0
137005,0.0,463328.0
137006,0.0,10992.0
137007,0.0,259730.0
137009,6639.6,212817.0
137010,0.0,3107228.0
137013,0.0,712758.0
137016,0.0,180956.0
137017,0.0,36710.0
137018,0.0,20338.0
137019,0.0,13490.0
137020,0.0,11046.0
147101,27981.0,0.0
147103,10418.0,0.0
147104,4135.0,0.0
147113,14011.0,83313.0
147114,0.0,31567.0
147116,2470.0,25965.0
147117,0.0,22537.0
147118,0.0,811987.0
157204,4506845.29,0.0
157208,588234.92,0.0
157210,0.0,2308773.0
157211,0.0,1063127.0
157214,0.0,30571084.0
157216,0.0,1601296.0
157217,0.0,1936508.0
157219,2889.55,14967.0
157221,0.0,663802.0
157228,0.0,24728.0
157301,0.0,1200.0
157302,0.0,1857.0
157304,0.0,1952.0
157305,0.0,944863.0
157306,0.0,2167233.0
157307,0.0,46409.0
157308,0.0,1145106.0
157309,10700.0,543341.0
157310,0.0,909833.0
157311,0.0,199650.0
157312,0.0,19650.0
157313,0.0,203730.0
157314,0.0,1193135.0
157315,0.0,89460.0
157317,0.0,2170658.0
157318,0.0,215745.0
157319,0.0,62063.0
157320,3000.0,28102.0
157321,0.0,1132966.0
157323,18177.0,1741219.0
157324,0.0,211266.0
157325,0.0,70932.0
157326,164048.5,967940.0
157404,968004.76,0.0
157407,0.0,9000.0
157408,0.0,1986.0
157411,0.0,162133.0
157413,0.0,1000.0
157415,0.0,21912.0
157418,0.0,83976.0
157419,0.0,136786.0
157602,982483.2,27025.0
157604,0.0,1046635.0
157605,0.0,3896.0
157606,0.0,979667.0
157607,0.0,32796.0
157608,0.0,32822.0
157609,0.0,1087.0
157610,0.0,163987.0
157612,0.0,27930.0
157614,0.0,12804.0
157615,12642.0,109905.0
157616,0.0,63017.0
157801,21942.58,0.0
157802,434395.5,0.0
157806,527754.0,24532.0
157902,18652.14,1740.0
157905,0.0,4760613.0
157907,0.0,90847.0
158003,1304.0,4834.0
158007,18766.0,18933.0
158201,0.0,1792412.0
158202,3888.0,166891.0
158203,0.0,50458.0
158204,0.0,16034.0
158205,0.0,293002.0
158206,0.0,99286.0
158207,1000.0,13738.0
158208,0.0,4905.0
158210,0.0,21854.0
158211,0.0,12968.0
158212,0.0,13380.0
158213,0.0,13579.0
158214,0.0,72992.0
158215,0.0,71307.0
158301,0.0,1886169.0
158302,1530.0,816461.0
158303,0.0,40715.0
158304,0.0,14097.0
158305,0.0,32187.0
158306,1671098.05,7590.0
158308,0.0,40587.0
158309,0.0,3132549.0
158311,0.0,1130129.0
168402,0.0,721683.0
168405,0.0,170169.0
168406,0.0,2000.0
168407,34099.0,578064.0
168408,64551.0,161138.0
168409,5810.0,1247056.0
168411,0.0,77032.0
168412,0.0,14402.0
168413,0.0,497772.0
168414,17815.0,590741.0
168415,3259.0,1373166.0
168416,0.0,17357.0
168417,0.0,30381.0
168418,30820.0,2826065.0
168419,1870.0,192513.0
168421,0.0,823684.0
168422,0.0,591852.0
168423,1373.0,68166.0
168424,0.0,65734.0
168425,0.0,61376.0
168426,0.0,4194.0
168427,0.0,73533.0
168428,1000.0,1208378.0
168429,0.0,1158250.0
168430,0.0,82959.0
168431,0.0,267533.0
168432,0.0,113884.0
168433,0.0,15535.0
168434,0.0,13187.0
168435,0.0,7827.0
168436,0.0,60056.0
168437,0.0,46776.0
168438,0.0,1340389.0
168440,0.0,23900.0
168441,0.0,99354.0
168442,2455.0,284361.0
168443,93063.0,2489368.0
168445,16000.0,0.0
168447,0.0,94800.0
168448,0.0,32374.0
168449,0.0,2000.0
168450,0.0,69854.0
168451,0.0,167924.0
168452,20761.0,1557138.0
168453,1959.0,102377.0
168455,0.0,12034.0
168456,0.0,1000.0
168457,0.0,9666.0
168459,0.0,3913.0
168460,2677.0,0.0
168461,0.0,7680.0
168462,0.0,49794.0
168464,0.0,395431.0
168466,2757.0,21505.0
168467,2566.0,127858.0
168468,0.0,1725.0
168470,1682.0,23013.0
168471,11472.0,1483324.0
168472,0.0,74534.0
168473,8605.0,1953120.0
168474,0.0,219654.0
168475,0.0,7950.0
168477,0.0,572131.0
168478,0.0,194729.0
168479,2550.0,2055541.0
168480,0.0,153132.0
168481,57981.0,721145.0
168482,0.0,74809.0
168483,0.0,97561.0
168484,0.0,32200.0
168485,0.0,278359.0
168501,6929.0,228334.0
168502,55442.0,5596476.0
168503,0.0,196115.0
168504,2284307.0,5456074.0
168505,4167.0,42466.0
168506,0.0,1002153.0
168507,6881.0,7994724.0
168508,0.0,16202.0
168509,0.0,319767.0
168511,0.0,54156.0
168512,2310.0,256271.0
168513,0.0,227915.0
168514,2035.0,2000.0
168515,0.0,19611.0
168516,2347.0,214314.0
168517,736781.0,802714.0
168518,2776.0,121837.0
168521,0.0,66998.0
168522,3366.0,2250.0
168523,10866.0,44679.0
168524,1336.0,20000.0
168525,9833.0,12070462.0
168526,0.0,10178.0
168527,0.0,94153.0
168528,10535.0,599356.0
168529,0.0,58075.0
168531,164138.0,0.0
168532,30423.0,16796.0
168533,7240.0,0.0
168534,10273.0,91348.0
168535,11737.0,29617.0
168536,73802.0,1982516.0
168537,0.0,480415.0
168538,17450.0,543720.0
168539,0.0,1237459.0
168541,54080.0,166370.0
168542,62635.0,241122.0
168543,31316.0,54571.0
168544,6255.81,1306990.0
168546,0.0,8026.0
168547,0.0,46778.0
168548,0.0,31612.0
178605,0.0,31807.0
178606,0.0,3352.0
178607,0.0,52345.0
178609,5266.23,3555.0
178701,6000.0,204814.0
178702,0.0,622785.0
178703,39410.0,3398490.0
178704,123588.0,4068104.0
178705,0.0,727828.0
178707,0.0,7029.0
178708,9168.0,1810037.0
178709,0.0,221666.0
178711,12263.0,14892750.0
178712,0.0,16461.0
178713,0.0,23542.0
178714,1550.0,901426.0
178715,0.0,8568.0
178716,0.0,407546.0
178803,0.0,945725.0
178901,835062.88,0.0
178902,0.0,322229.0
178903,0.0,52182.0
189002,0.0,5653.0
189003,0.0,1482.0
189004,1395.0,23155.0
189010,0.0,7505.0
189011,0.0,67667.0
189012,4262.0,0.0
189013,0.0,6000.0
189014,0.0,10815.0
189015,0.0,30976.0
189017,0.0,253861.0
189018,213681.0,1899077.0
189019,0.0,39432.0
189021,0.0,47047.0
189022,0.0,11099.0
189023,0.0,61097.0
189025,0.0,7000.0
189026,0.0,44897.0
189027,0.0,14445.0
189028,0.0,14671.0
189029,0.0,21710.0
189030,4693.0,14164.0
189031,0.0,30835.0
189032,0.0,76514.0
189033,0.0,1272.0
189102,0.0,6820.0
189105,0.0,130763.0
189205,0.0,18064.0
189206,0.0,5057.0
189208,0.0,3270.0
199305,0.0,2636.0
199306,0.0,88849.0
209401,23014.0,1316090.0
209402,0.0,162902.0
209403,26334.15,4088330.0
209404,0.0,181745.0
209405,24441.0,1947150.0
209406,0.0,216573.0
209503,8719.0,502583.0
209504,12340.0,242610.0
209505,56678.0,36910.0
209506,2313.0,208519.0
209507,645984.0,375235.0
209508,1473.0,0.0
209601,18520.0,0.0
209602,0.0,1000.0
209603,4587.33,1059751.0
209605,1429.0,19597.0
209606,52064.0,323483.0
209607,0.0,143659.0
209608,0.0,165913.0
209609,0.0,138442.0
209610,0.0,15210.0
209611,0.0,4847.0
209612,0.0,10318.0
209615,0.0,180471.0
209616,0.0,9486.0
209617,0.0,1727638.0
209618,0.0,1000.0
219701,560322.0,113644.0
219703,38327.0,0.0
219706,80150.0,0.0
