010101,645953.0,1165251.0
010102,238917332.98,189185956.7
010103,61436.0,102488.0
010104,1375628.71,0.0
010105,0.0,1198194.0
010106,795003.0,106129.0
010201,321279343.98,65997582.94
010202,802615329.37,371497665.06
010203,20793.57,2891107.0
010204,78888227.12,55045240.41
010205,34662012.02,0.0
010206,65117333.84,20701402.83
010207,6168904.3,737961.9
010208,1142594.94,523105.72
010209,0.0,3020933.0
010210,1257679.54,2496160.54
010301,0.0,73636.0
010302,2080728.44,12070073.96
010303,140895791.91,126000401.96
010304,69195626.06,15519593.91
010305,2344385.3,2026678.0
010306,6095691.97,6355091.97
010307,6750367.29,5840022.95
010401,21001447.18,13837233.63
010402,197166721.88,174013643.59
010403,28007352.59,5550656.16
010404,18339620.13,1765801.23
010405,46196282.07,3108414.0
010406,163658642.01,112293330.3
010407,0.0,870805.0
010408,0.0,593023.0
010409,42985785.44,350260.0
010410,266135.01,172965.01
010502,47594.0,0.0
010504,30731872.16,19896167.38
010505,0.0,1917814.0
010506,952653.41,0.0
010507,162166.86,0.0
010510,2311173.52,64362.0
010511,12405264.8,12321037.36
020601,0.0,153918.0
020602,1562645.36,2284951.07
020603,35769.59,800717.12
020604,0.0,127680.0
020701,3532.41,2755055.0
020702,77027.18,0.0
020703,415073.57,2743531.24
020705,0.0,24270.0
020706,1248.98,489392.0
020708,0.0,1355.0
020709,281678.88,688121.61
020710,734857.94,454558.28
020711,0.0,13896.0
020712,0.0,524631.0
020713,406851.13,738686.06
020714,20926.3,59603.0
020801,0.0,5171580.0
020802,0.0,1746327.0
020803,3236.5,12774857.0
020804,297261.32,975950.77
020805,87535757.8,62116277.24
020806,69419.45,203567.0
020807,18142.03,50507.79
020808,7988607.0,3200019.39
020809,239275.82,223751.39
020810,24051971.25,21661151.34
020811,400438.91,329399.91
020812,0.0,3900.0
020813,0.0,475808.0
020814,40722.99,0.0
020901,0.0,3989144.0
020902,239277.02,403792.38
020903,209510.92,54889959.1
020904,0.0,1012262.0
020905,0.0,2682.0
020906,31467.73,38837.0
020908,0.0,156238.0
020909,0.0,21021.0
020910,16334.39,209529.25
021001,283971850.12,251386011.96
021002,0.0,35320.0
021003,8980.14,55857565.14
021004,10180.83,2440863.0
021005,9613871.13,103160515.0
021006,313346044.15,130649127.29
021007,58756.45,9298783.12
021008,338506.02,120943.0
021101,12115074.98,973994.0
021102,5275.02,714289.44
021103,122498.65,358852.0
021104,2922.23,103436.0
021105,0.0,2822920.0
021106,7678.54,306940.0
021107,195123895.37,5491995.43
021108,0.0,4466982.0
021109,0.0,784579.0
021201,910940159.54,874525074.06
021202,0.0,647231.0
021204,256453.24,65195.0
021205,0.0,4549208.0
021206,54598.58,458675.0
021207,787030.35,567055.38
021208,0.0,29600.0
021209,2872367.01,5919011.83
021210,0.0,467921.0
021211,53748.53,1762640.22
021212,0.0,128316.0
021214,0.0,610555.0
021301,396122.91,811744.0
021302,571766.0,3083463.0
021401,0.0,24883.0
021404,0.0,1564773.0
031501,16831.02,34500.02
031502,55056779.04,41586595.44
031503,1140325.28,262683.0
031504,24688.69,548118.0
031505,10599463.65,8275571.11
031506,7289.9,26953.0
031507,0.0,13659236.0
031509,129378.65,5212370.57
031510,0.0,78167.0
031511,0.0,15913823.0
031512,344406.89,10129823.0
031513,0.0,917042.0
031514,867221.33,1197161.33
031515,0.0,937443.0
031516,384094.66,947139.0
031517,55764706.41,63900448.05
031518,0.0,4189355.0
031519,527981.08,1091956.05
031520,82727.68,633626.0
031521,0.0,86010.0
031522,13195.4,0.0
041601,28182.85,1556229.0
041602,49957557.61,49444714.62
041603,731690.0,21900.0
041604,15668942.25,13653987.06
041605,457650.22,2919604.22
041701,63273.78,30704615.0
041702,56650.67,2805286.0
041703,0.0,100881.0
041704,390385.51,3759443.0
041802,0.0,1466182.0
041803,115833.0,3889114.0
041804,282361.0,1048102.0
041805,16206933.41,24607907.39
041806,6071643.69,7570484.8
041901,13587988.17,10513154.08
041902,3321640.25,2875982.13
041903,0.0,8460.0
041904,4051519.99,6614187.82
041905,8040051.82,14797006.3
042001,29364.08,209496.08
042002,89399.75,3999007.75
042003,0.0,1139040.0
042004,18897.09,13763713.09
042005,0.0,1257957.0
042006,0.0,729782.0
042007,174721.18,610853.99
042008,149569.74,7859451.99
042009,18753468.95,14455696.01
042101,160498.61,8494551.0
042102,980861.49,4678117.45
042103,11363977.05,11657508.13
042104,196420.42,5024554.55
042105,209744.0,828304.0
042106,173273523.3,85375105.75
042201,0.0,70745.0
042202,1019949.44,8075952.0
042203,3950705.33,10526402.77
042204,9471323.96,15114495.15
042205,1494.63,154702.0
042206,0.0,682184.0
042207,0.0,6087386.0
042208,1194319.88,12012133.88
042209,4755.69,319078.0
042301,23624753.46,1196243.13
042302,1006239.51,4077036.51
042303,0.0,4755928.0
042304,114172.75,18836006.0
042306,351536.62,3676957.75
042307,45227.6,0.0
042308,156276.15,258575.0
042309,4905619.18,26275581.84
042401,1681419.99,14948382.99
042402,30852118.0,38411540.0
042403,7286445.0,11717270.0
052501,13864.39,3202787.62
052503,1806.81,6176156.0
052504,0.0,34634.0
052505,30873.59,97689.59
052506,69921.63,107612.0
052507,0.0,702293.0
052508,68379.14,309236.11
052509,16643.53,151882.0
052510,400684.21,6313892.0
052511,0.0,424175.0
052512,14921.12,445427.0
052513,0.0,29357.0
052514,0.0,18957.0
052515,9955.7,103442.0
052516,1067760.96,85765.69
052517,122212.82,120402.87
052518,0.0,42278.0
052519,0.0,356282.0
052520,0.0,879242.0
052521,2725.26,8129.0
052522,1274750.88,1830029.82
052523,23673524.48,10098348.91
052525,0.0,37037.0
052526,0.0,685904.0
052528,0.0,161128.0
052529,0.0,3143.0
052530,18840.26,328829.26
052601,4463.63,0.0
052603,0.0,4254016.0
052606,4089968.9,670887.0
052610,0.0,12000.0
052616,35807330.36,3989.0
052617,0.0,1250.0
052618,0.0,39520.0
052620,430459.56,71549.91
052621,0.0,30451.0
052701,0.0,17299.0
052703,0.0,744396.0
052704,0.0,310835.0
052705,0.0,10226.0
052707,2479685.12,2818417.12
052709,0.0,91519809.0
052710,46447956.26,586978540.51
052711,2390342.71,26596612.99
052712,111773.21,1937036.23
052713,0.0,11222902.0
052714,0.0,182291.0
052715,377633.93,264464.09
052716,258396.0,87298008.0
062801,1131209.68,115478.0
062803,22333.92,788193.0
062804,1922184.24,1968735.12
062805,0.0,314772.0
062806,536856.46,232354.0
062807,279041.68,596788.68
062808,0.0,1027851.0
062809,1054947.48,2630922.0
062810,0.0,61437.0
062811,11374.03,132414.0
062812,0.0,2199.0
062813,0.0,14073.0
062814,0.0,295567.0
062815,721287.41,21280444.41
062817,0.0,218769.0
062818,0.0,620463.0
062819,0.0,40134.0
062820,0.0,139007.0
062821,0.0,872018.0
062823,0.0,175752.0
062825,7930385.0,35815.0
062826,29443.0,53180.0
062827,384918.55,771534.55
062828,1952688.15,95606.87
062829,10538868.07,8329484.86
062830,14889.45,383874.0
062831,0.0,46963.0
062832,0.0,430220.0
062833,14274696.58,9299862.24
062834,0.0,394490.0
062835,17853.86,492964.0
062836,85402.6,1825507.44
062839,0.0,123320.0
062840,0.0,54281.0
062841,0.0,11091708.0
062842,0.0,235035.0
062843,0.0,207641.0
062844,0.0,554068.0
062845,0.0,52106.0
062846,0.0,3990.0
062847,1643866.51,2111560.29
062848,0.0,23071.0
062849,0.0,482755.0
062850,0.0,4751.0
062851,0.0,22392.0
062901,0.0,70817.0
062902,0.0,1682920.0
062903,0.0,350262.0
062904,352115.33,115603.01
062905,58268.49,1477064.0
062906,0.0,75971.0
062907,123747.24,869970.0
062908,0.0,57786.0
062909,0.0,459562.0
062910,0.0,68575.0
062911,0.0,12520.0
062912,2005.95,448473.95
062914,2363318.0,3123306.0
062915,1503219.22,2545394.22
062916,2761493.44,3743677.8
062917,391208.55,1514227.9
062918,2949773.73,4541173.92
062919,0.0,210836.0
062920,0.0,156292.0
062921,6612.31,499703.0
062922,51370.68,1362604.21
062923,90996.45,432959.63
062924,4810233.32,4851263.23
062925,0.0,465734.0
062926,602267.0,1315236.0
062927,0.0,108564.0
062928,0.0,1410119.0
062929,57253.71,3782296.0
062930,13285.0,753322.0
062931,1215891.0,3997486.0
062932,1237743.0,4184193.0
062933,1450560.37,5123211.16
062934,2262151.0,19337827.0
062935,110160.0,2049482.0
062936,5413999.0,5319377.0
062937,5549047.0,5617646.0
062938,7067.0,390049.0
062939,83540.0,3695334.0
062940,0.0,542858.0
062941,453999.0,6012414.0
062942,0.0,6257172.0
063001,16110353.0,4974645.0
063002,39731512.0,160454029.0
063003,3866665.0,6787200.0
063004,221013062.0,223714457.0
063005,104273.0,1776644.0
063006,17262791.0,11981878.0
063101,59286.09,4041886.0
063102,666557.36,42803427.0
063103,4802903.76,5089687.39
063104,31966.61,49837665.0
063105,31394857.77,54758857.75
063201,317099.99,1012034.3
063202,4606425.15,7189833.26
063203,14367.0,509044.0
063204,10632822.39,13858706.39
063205,23657.0,15711817.0
063206,4101693.76,22286943.04
063207,49408.0,131135.0
063208,9271908.14,12807992.38
063209,3794014.6,9371389.69
063210,893173.7,1323449.0
063211,0.0,231339.0
063212,4851732.0,4864194.0
063213,9700.0,412072.0
063214,2469684.81,5690229.56
063215,200090.0,2092295.0
063301,4239603.0,4077784.0
063302,222183655.0,178808434.0
063303,4586090.0,210817336.0
063304,3792106.0,8636762.0
063305,250292.75,10913235.34
063306,25502.0,4492279.0
063307,489971.38,2607353.38
063401,2167.42,12079851.0
063402,72889684.6,77425637.38
063403,5508221.56,5324425.45
063404,285336.0,1304957.0
063405,261317.29,562089.46
063406,2912.64,696922.0
063407,0.0,649612.0
063501,338069.98,560161.98
063502,2729.0,390694.0
063503,0.0,893411.0
063504,588451.94,1960538.0
063505,0.0,2683734.0
063506,11270180.21,6127714.54
063507,13064957.0,6046970.0
063601,0.0,275212.0
063602,0.0,1565599.0
063603,0.0,447242.0
063604,0.0,2177200.0
063605,0.0,226455.0
063606,12365.0,99016.0
063701,329565.0,2836262.0
063702,57345.0,554998.0
063703,0.0,517555.0
063704,0.0,1200.0
063705,10269.0,0.0
063706,23153.0,532714.0
063707,224453.0,2761962.0
063801,202943.0,281742.0
063802,4962551.0,765769.0
063804,7485.4,257280.0
063805,11090.42,191561.42
063806,83612.56,862144.0
063807,0.0,15211.0
063808,63965417.67,94286492.58
063809,4935048.02,5945859.02
063810,0.0,170290.0
063811,0.0,889991.0
063812,38777.95,1533696.15
063813,0.0,362637.0
063814,2824.35,1036337.0
063815,4222.0,2254271.0
063816,0.0,891053.0
063817,0.0,21125220.0
063818,1847.0,43613.0
063819,3926.0,793793.0
063820,0.0,1342743.0
063821,1180106.0,958583.0
063822,173630.0,12131776.0
063823,11954336.21,20440418.3
073901,320809.17,40749185.0
073902,117754.35,14010532.52
073903,11736747.08,15435106.51
073904,6442091.27,29403650.57
073905,4233286.68,4075502.69
073906,15953166.81,17843132.44
073907,6427599.02,34543492.75
073908,0.0,512965.0
073909,4064566.18,7001948.58
073910,40978.0,3365034.0
073911,0.0,305446.0
073912,339221.34,6452723.0
073913,1214743.0,1686798.0
073914,0.0,113135.0
073915,1498271.94,1575948.6
073916,3324611.0,4018261.0
073917,2496684.65,6398011.51
073918,174160.6,3431370.69
073919,165456.66,7546920.0
073920,40885701.45,60788059.37
073921,1349833.03,2607034.19
073922,34845.0,696459.0
073923,188104777.15,188008211.81
073924,4306876.11,11285433.28
073925,1137849.45,1498118.48
073926,1977438.17,6463142.17
074001,0.0,13007229.0
074002,7440.12,28994546.0
074003,0.0,50451.0
074004,23289.71,170240.71
074005,105617934.18,104988788.33
074006,0.0,302385.0
074007,0.0,360166.0
074008,439286.0,954163.0
074009,7101.0,1013344.0
074010,2056037.0,2339398.0
074011,5847690.89,59505336.39
074012,592745.98,7715704.86
074013,68598.14,7767755.14
074014,0.0,799533.0
074015,22637732.9,26148942.9
074016,3278898.0,4642602.0
074017,0.0,126179.0
084101,28230444.89,30270493.34
084102,12928892.69,7957293.88
084103,63145.28,0.0
084104,239333255.82,225384884.19
084105,3399166.0,1854568.0
084106,640346.0,617675.0
084107,314682.0,163405.0
084108,75099.0,44988.0
084109,1776231.0,42872.0
084110,1373210.26,0.0
084111,42429.92,187130.01
084201,19109.0,394061.0
084202,795760.0,2077548.0
084203,4196382.0,5018635.0
084205,3942603.0,3395136.0
084301,466949.0,0.0
084302,8643967.11,4266888.11
084303,3961482.0,2466132.0
094401,194765302.91,74084711.73
094402,2759634.65,442528.0
094403,26159293.5,10012854.65
094404,0.0,315260.0
094405,0.0,18742.0
094406,0.0,809764.0
094407,38399999.89,29566326.31
094408,299342.16,388791.36
094409,453490.12,2190873.0
094410,16521.49,4392550.0
094411,10727780.39,8922263.46
094412,46186962.98,29086230.06
094413,0.0,54905.0
094414,9811.0,149339.0
094415,7112.03,660385.0
094416,0.0,530140.0
094417,220711.88,137104.0
094418,1986955.73,1222141.9
094419,0.0,388463.0
094420,9503.11,209713.76
094421,613944.94,709341.65
094503,0.0,381368.0
094504,0.0,249486.0
094601,0.0,245262.0
094602,0.0,524128.0
104701,4845.22,1321.0
104702,80371.23,0.0
104703,542015231.66,33660368.26
104704,66363.7,29246.0
104706,0.0,30811.0
104707,4832639.34,3114747.02
104801,0.0,7094425.0
104802,8841976.02,10305326.29
104803,1257775.16,1165754.4
104804,0.0,7002313.0
104805,0.0,3518846.0
104806,0.0,192704.0
104807,0.0,507643.0
104808,248178.34,1455641.34
104809,0.0,2382048.0
104810,29998803.8,39170428.02
104811,315781.89,5213950.51
104812,0.0,139710.0
104813,110939.23,804820.0
104814,0.0,306734.0
104816,20918.04,388672.0
104817,0.0,528602.0
104818,45219979.06,44136292.25
104819,11641628.27,28582296.82
104820,701619.85,2199202.85
104821,100648.0,2078690.0
104822,0.0,2641088.0
104823,5329386.86,5788687.26
104901,15996474.0,17477160.0
104902,660621.0,5071594.0
104903,35408.0,798263.0
104904,7903.0,104458.0
104905,11175.0,94691.0
104906,0.0,30905.0
104907,7111.0,710104.0
104908,37475.0,308618.0
104909,0.0,141051.0
104910,23715.0,107652.0
104911,3712541.93,7858323.0
115003,0.0,85692.0
115006,159156.0,0.0
115007,108270.0,193038.0
115101,87048368.76,102318125.56
115102,5020180.51,7250.0
115103,6750296.16,768133.68
115104,51826.95,0.0
115105,163403828.8,77604178.85
115106,745755.0,843078.0
115107,2321559.0,1067405.0
115108,15790.0,405517.0
115109,3117203.0,469257.0
115110,1156.0,0.0
115111,4260577.0,4049494.0
115112,6204344.0,5606059.0
115201,0.0,101095.0
115202,156328.83,129893.0
115204,28661.0,65053.0
115205,91672.93,965654.56
115206,0.0,22313.0
115207,5021.19,166356.0
115208,34134.0,1830730.0
115209,29035.0,1551969.0
115210,93539.0,266237.0
115211,4082.0,785579.0
115212,101946.0,126566.0
115301,0.0,17717.0
115303,0.0,93778.0
115305,0.0,27722.0
115306,6027.0,19029.0
115308,0.0,105015.0
115309,150631.0,175438.0
115310,0.0,328538.0
115311,9297.0,434460.0
115401,12393.0,436111.0
115402,6376.67,3806811.67
115403,0.0,47559.0
115404,95395.0,447542.0
115406,0.0,15526.0
115407,14582.0,5003713.0
115408,67423.0,690129.0
115501,0.0,109381.0
115502,0.0,4393194.0
115503,0.0,1892190.0
115504,0.0,139730.0
115505,0.0,220139.0
115506,1071.0,15543.0
115507,0.0,8121.0
115508,139136.0,765308.0
115509,582952.56,1315494.23
115510,0.0,2121856.0
115511,1701.68,824535.0
115512,4629.0,154129.0
115513,3423.0,752584.0
115514,0.0,361204.0
115515,215831.0,1470981.0
115516,173946.0,185951.0
115601,137334.0,2735715.0
115602,335169.0,373548.0
115603,1112.82,11028630.82
115604,0.0,534396.0
115605,0.0,44707.0
115606,0.0,941978.0
115607,42353.0,1287646.0
115608,54030.0,996653.0
115609,2293.0,377823.0
115701,0.0,485206.0
115702,14788.0,639808.0
115703,1856449.0,5062083.0
115704,0.0,648165.0
115705,1271.44,2442952.44
115801,8790.0,291610.0
115802,0.0,735488.0
115803,0.0,91379.0
115804,2783.0,68104.0
115806,61446.0,649857.0
115807,2821829.0,1834541.0
115808,0.0,36938.0
115809,0.0,33927.0
115810,68032.0,111294.0
115811,0.0,71197.0
115901,0.0,133803.0
115902,0.0,915697.0
115903,221424.0,4090522.0
115904,0.0,40661.0
115905,0.0,2387.0
115906,1107809.0,1425778.0
115907,0.0,707710.0
115908,0.0,55979.0
115909,0.0,261004.0
115910,0.0,396887.0
115911,0.0,966297.0
116001,4025109.44,10899786.44
116002,4356324.0,6098270.0
116101,267772.0,2335335.0
116102,809676.0,1322740.0
116103,21202.0,456294.0
116104,523591.0,2074943.0
116105,222304.0,8214114.0
116106,187590.0,2504424.0
116107,1486421.0,3246724.0
116108,1124609.0,2180766.0
116109,921366.0,18441528.0
116110,10014592.0,11559357.0
116111,23036.0,1525435.0
116112,3171605.0,3746300.0
116113,0.0,979798.0
116114,178719.0,1277045.0
116115,525975.0,6134675.0
116116,10232.0,1107293.0
116117,1510284.0,3563128.0
116201,4689305.0,4934901.0
116202,10035556.0,10966202.0
116203,5667294.0,8118755.0
116204,2583761.0,3656259.0
116205,411914.0,7667100.0
116206,404821.0,5532901.0
116207,5423.0,294649.0
116208,14933.0,956026.0
116209,1162.0,1058272.0
116210,533872.0,1253100.0
116211,236865.0,711433.0
116212,864055.0,7608472.0
116213,0.0,15394.0
116214,1794181.0,2227409.0
116215,10283.0,901159.0
116216,27186.0,569597.0
116217,26020.0,951526.0
116301,22318694.0,24078579.0
116302,7613194.0,8683750.0
116303,43529.0,1079981.0
116304,1216243.0,1895867.0
116305,640801.37,2630090.0
116306,0.0,679392.0
116307,2179623.0,3468471.0
116308,0.0,35841.0
116309,12650.14,226648.0
116310,110017.8,65399.33
126401,14276.0,650462.0
126402,166192.0,5401754.0
126403,344774.0,8461090.0
126404,252684.0,4395950.0
126405,293369.0,575721.0
126406,1035578.0,1816549.0
126501,0.0,40134.0
126502,0.0,14562.0
126504,3813.0,313391.0
126505,150838.0,3978936.0
126506,332758.0,6280268.0
126507,0.0,97547.0
126601,0.0,1326478.0
126602,0.0,58896.0
126603,74518.0,448063.0
126701,0.0,33499.0
126702,0.0,2191018.0
126703,0.0,17113.0
126704,0.0,111424.0
136801,0.0,198596.0
136802,531343.61,783095.27
136803,0.0,573295.0
136804,0.0,994790.0
136805,131397.0,854286.0
136806,0.0,295867.0
136807,31619.41,6971921.0
136808,0.0,87470.0
136809,1940.14,3145446.14
136810,140924.06,542962.06
136811,0.0,928173.0
136812,0.0,69248.0
136813,3861114.0,3322089.0
136814,0.0,21926.0
136815,6056.24,1186233.24
136902,0.0,1131802.0
136903,47081.51,158868.0
136904,17981.58,2645874.58
136905,0.0,875296.0
136906,0.0,24110.0
136907,0.0,503622.0
136908,34504.44,7722672.44
136909,3418.65,62815.65
136910,156465.0,3822087.0
136911,33157.45,2752156.0
136912,132223.4,697555.4
136913,1794126.34,2279486.22
136914,48869.72,333247.0
137001,106436.11,1605.0
137002,16057.0,477727.0
137003,0.0,155521.0
137004,0.0,16343.0
137005,0.0,632060.0
137006,0.0,398185.0
137007,565331.0,1640697.0
137008,0.0,689264.0
137009,3903.87,954771.87
137010,833669.34,7956541.6
137011,0.0,4650.0
137013,74820.63,4303477.76
137014,0.0,97646.0
137015,0.0,54092.0
137016,0.0,712961.0
137017,26521.0,348762.0
137018,4266.0,317370.0
137019,3149190.0,4784687.0
137020,7340.61,884191.0
147101,0.0,27840.0
147102,10783.0,37000.0
147103,10669338.21,1990590.31
147104,13832.0,38891.0
147106,0.0,80765.0
147108,0.0,9058067.0
147109,0.0,1358.0
147110,0.0,65402.0
147112,713096.0,403686.0
147113,314847.0,2338752.0
147114,1475.0,34625.0
147115,0.0,90864.0
147116,514807.0,842430.0
147117,23905.0,973373.0
147118,0.0,2878491.0
157201,0.0,103715.0
157202,1397.78,1535845.78
157204,631691.15,332038.11
157205,0.0,79516.0
157207,0.0,9563869.0
157208,3573336.9,3823029.13
157209,1085203.65,1291075.71
157210,2255677.26,4629782.5
157211,0.0,137159.0
157212,0.0,603203.0
157213,0.0,14894318.0
157214,0.0,1706540.0
157215,0.0,582938.0
157216,1520.61,1373465.0
157217,34682.2,7088125.41
157219,40841.78,11381595.0
157220,94795.44,1474963.44
157221,0.0,38357.0
157222,0.0,330918.0
157223,0.0,179532.0
157224,0.0,1164.0
157225,23050.78,1552723.78
157226,0.0,601541.0
157228,0.0,397886.0
157229,0.0,536389.0
157301,0.0,1565008.0
157302,0.0,1327242.0
157303,0.0,2271627.0
157304,16151108.59,17174519.46
157305,0.0,302349.0
157306,49175615.87,52574638.75
157307,975598.77,1626631.05
157308,595525.13,3523951.13
157309,152858.64,5743583.64
157310,6983.36,1552788.44
157311,4312.88,5131465.0
157312,636772.33,2995713.5
157313,0.0,238563.0
157314,0.0,222460.0
157315,13132.0,1495092.0
157316,0.0,92527.0
157317,3122.63,3116745.63
157318,682030.45,1905027.6
157319,0.0,27272.0
157320,1166.69,1220801.0
157321,0.0,11455089.0
157322,3940.0,124150.0
157323,245864.08,1409992.13
157324,0.0,1793354.0
157325,50709.77,701522.77
157326,7657336.47,14126109.24
157402,0.0,22125.0
157403,118511.69,11484.0
157404,9586313.05,0.0
157405,0.0,23777.0
157406,0.0,37788.0
157407,0.0,809867.0
157408,1343.77,14198994.0
157409,0.0,1984560.0
157410,0.0,93854.0
157411,0.0,3175816.0
157412,3818.0,503042.0
157413,0.0,368811.0
157415,0.0,114597.0
157418,107288.0,1195912.0
157419,1102.0,336819.0
157502,0.0,72115.0
157504,0.0,3161.0
157505,3312.0,26107.0
157507,1186.0,5330.0
157508,0.0,162512.0
157601,30541.65,4781497.65
157602,2000249.56,39852.0
157603,0.0,222327.0
157604,3711815.0,7241088.0
157605,0.0,3441733.0
157606,79110.46,1811141.0
157607,4276908.0,9721274.0
157608,43683.0,348910.0
157609,0.0,424299.0
157610,11158.0,3520429.0
157611,0.0,455639.0
157612,114309.0,3458038.0
157613,0.0,236425.0
157614,0.0,55158.0
157615,655566.0,5099300.0
157616,108376.0,750849.0
157801,0.0,324054.0
157802,246620.66,0.0
157804,0.0,17304.0
157806,0.0,213493.0
157901,0.0,983621.0
157903,0.0,10440.0
157904,0.0,19843.0
157905,0.0,49886.0
157907,13014.0,831238.0
158001,0.0,86557.0
158003,0.0,10485.0
158007,0.0,8310.0
158101,0.0,288362.0
158102,0.0,5497.0
158104,0.0,130624.0
158105,0.0,29488.0
158108,0.0,344438.0
158111,0.0,2050.0
158112,0.0,2056.0
158201,1002.0,632892.0
158202,12329.0,1602301.0
158203,13676.0,719636.0
158204,16898.0,1952950.0
158205,192606.0,1132565.0
158206,1808.0,853569.0
158207,41218.0,1018130.0
158208,68224.0,748832.0
158209,0.0,119486.0
158210,0.0,254579.0
158211,106639.0,590198.0
158212,172281.0,3843984.0
158213,2098.0,1321215.0
158214,34447.0,550221.0
158215,6593.0,1726533.0
158301,959459.0,5139961.0
158302,274365.91,1964253.91
158303,0.0,943094.0
158304,0.0,118830.0
158305,0.0,331131.0
158306,9237.04,219412.0
158307,1353.0,618286.0
158308,3518.0,647573.0
158309,157658.25,1705748.0
158310,48584.0,126849.0
158311,3837.62,1493199.62
168401,0.0,9718.0
168402,0.0,3893823.0
168403,0.0,1240800.0
168404,152307.0,1768956.0
168405,2851.0,445096.0
168406,0.0,5617572.0
168407,148013.0,570198.0
168408,80689.0,1889849.0
168409,1508993.0,7124262.0
168410,67215.0,86740.0
168411,57284.0,8368521.0
168412,55418.0,905844.0
168413,179472.0,3270137.0
168414,630054.0,2015077.0
168415,243401.0,39460719.0
168416,0.0,238228.0
168417,0.0,1898756.0
168418,1716172.44,25266238.44
168419,164177.0,7428349.0
168420,82321.0,804979.0
168421,3576839.0,6095497.0
168422,1047397.0,4529630.0
168423,236257.0,1657331.0
168424,237630.0,2621099.0
168425,104100.0,1169774.0
168426,221459.0,15358493.0
168427,37918.08,6345874.0
168428,1450059.0,12037747.0
168429,0.0,5969984.0
168430,1207377.0,4044604.0
168431,248649.51,1515323.51
168432,223826.15,2225314.82
168433,3527138.0,8491789.0
168434,1572079.0,1976939.0
168435,0.0,545504.0
168436,1322.0,10529545.0
168437,15860.0,3754960.0
168438,655661.0,5333261.0
168439,958340.0,6636581.0
168440,0.0,1190896.0
168441,68205.0,1643948.0
168442,12261.0,1013006.0
168443,4006547.0,19785170.0
168444,0.0,7720.0
168445,23058.0,589907.0
168446,0.0,4900.0
168447,67009.0,332295.0
168448,137692.0,718361.0
168449,0.0,30731.0
168450,3831.95,19393921.95
168451,109508.0,1200785.0
168452,43373.1,1751062.1
168453,93755.18,927021.0
168454,0.0,63686.0
168455,353091.0,1046463.0
168456,0.0,914330.0
168457,884585.0,18207.0
168458,0.0,224978.0
168459,0.0,529411.0
168460,11193.0,227425.0
168461,0.0,570453.0
168462,92952.0,3966258.0
168463,0.0,35389.0
168464,45838.0,844392.0
168465,37137.0,1805950.0
168466,28606.0,386933.0
168467,53741.0,676308.0
168468,32059.0,665292.0
168469,0.0,3410.0
168470,0.0,2626193.0
168471,1412509.0,88336741.0
168472,63796.0,1381292.0
168473,1242457.0,8973438.0
168474,31914.67,2668852.67
168475,0.0,87442.0
168476,0.0,338959.0
168477,94365.0,8545455.0
168478,55080.0,950470.0
168479,1100205.0,6881946.0
168480,3748618.0,4950798.0
168481,121246.0,1855699.0
168482,386754.0,18663836.0
168483,88643.0,2052425.0
168484,19825.0,1170941.0
168485,87442.0,3253668.0
168501,84414.0,775409.0
168502,5627299.0,7968366.0
168503,89886.0,996881.0
168504,1926985.0,42999652.0
168505,10220.0,353528.0
168506,22196.0,4968769.0
168507,1351235.05,18151334.05
168508,75779.0,5597737.0
168509,25314.0,3470330.0
168510,243696.0,6616764.0
168511,60909.0,2465784.0
168512,23697.0,3554502.0
168513,18287.0,5594174.0
168514,26875.0,803679.0
168515,15353.0,1487491.0
168516,1875205.0,4240287.0
168517,2979347.0,27107308.0
168518,129720.0,1879261.0
168519,82101.0,6378213.0
168520,0.0,23148.0
168521,123559.0,23625977.0
168522,5453.0,136852.0
168523,961387.0,2902209.0
168524,2640127.0,15554887.0
168525,3006675.0,45181069.0
168526,659250.0,4030027.0
168527,298220.0,4688329.0
168528,1230371.0,119730074.0
168529,1031882.0,29654470.0
168530,48697.0,538271.0
168531,281326.0,2734457.0
168532,9007.0,763938.0
168533,4170.0,2426476.0
168534,17760.0,327673.0
168535,7718.0,2550979.0
168536,4819010.0,5944370.0
168537,730144.0,10829210.0
168538,412916.0,4296252.0
168539,20407.0,1874127.0
168540,0.0,134005.0
168541,45117.0,6928094.0
168542,685469.0,12036660.0
168543,532259.0,4203900.0
168544,46317539.64,48807527.64
168545,0.0,771484.0
168546,1056.0,1717039.0
168547,179193.0,2041720.0
168548,0.0,519112.0
178604,0.0,65500.0
178606,0.0,4900.0
178607,0.0,179631.0
178608,66947.0,195049.0
178609,630953.26,772762.91
178701,43840371.0,113580264.0
178702,8407.0,15472642.0
178703,67179914.0,103948878.0
178704,105230318.0,199808851.0
178705,1674749.0,5100003.0
178706,0.0,26637852.0
178707,7609.0,241064.0
178708,74708968.64,77787120.64
178709,217489.0,911660.0
178711,19808.0,2837143.0
178712,1018983.02,10740023.01
178713,149110.0,386708.0
178714,582186.85,1567301.85
178715,10199.0,1911635.0
178716,87014.57,2578661.84
178801,0.0,6000.0
178802,0.0,82640377.0
178803,146826.0,1039127.0
178804,0.0,47735.0
178805,0.0,1390367.0
178901,0.0,2341040.0
178902,0.0,450000.0
178903,30338.0,2318944.0
178904,0.0,4760867.0
178905,0.0,1376619.0
178906,0.0,54306.0
178907,34288.0,705250.0
178908,0.0,65391.0
189001,162666.0,1474631.0
189002,147466.0,506986.0
189003,55190.0,852243.0
189004,211483.0,22141021.0
189005,44262.0,832497.0
189006,20739.0,224140.0
189007,0.0,57101.0
189008,0.0,281152.0
189010,0.0,180768.0
189011,633922.0,451078.0
189012,0.0,15500.0
189013,74451.0,479597.0
189014,32130.0,250989.0
189015,22109.0,839165.0
189016,0.0,303471.0
189017,270807.0,3247518.0
189018,14179489.0,16176000.0
189019,90582.0,3269243.0
189020,0.0,380393.0
189021,1574440.0,4571488.0
189022,25986.0,1991282.0
189023,12236.0,2080794.0
189024,68456.0,640227.0
189025,166211.0,715336.0
189026,250757.0,2138120.0
189027,373636.0,2657437.0
189028,612099.0,2823264.0
189029,8189.0,403511.0
189030,249878.0,457259.0
189031,982704.0,2117604.0
189032,126977.0,1373158.0
189033,155760.0,644610.0
189101,40499.0,1210183.0
189102,253045.0,24886738.0
189103,0.0,10973.0
189104,0.0,205061.0
189105,21873.0,490936.0
189106,0.0,165276.0
189107,8507.0,467214.0
189108,0.0,101798.0
189109,0.0,7205.0
189110,1000.0,15929.0
189111,0.0,12294.0
189112,0.0,14439.0
189113,0.0,129737.0
189114,1586.0,96113.0
189201,143519.0,64877.0
189202,4963.0,716063.0
189205,0.0,127694.0
189206,2783.0,525129.0
189207,2881.0,574677.0
189208,0.0,333309.0
189209,7194.0,172633.0
199301,0.0,45894.0
199302,0.0,256946.0
199303,0.0,294740.0
199304,0.0,1733564.0
199305,0.0,202155.0
199306,0.0,694665.0
199307,1719.0,62643.0
209401,90876068.47,87325401.0
209402,0.0,1389856.0
209403,2186935.94,4708630.95
209404,10328074.7,12230652.7
209405,700398.0,8201829.0
209406,18138.55,23721021.0
209503,120568.66,23598547.66
209504,1359125.0,173360520.0
209505,6761.0,5425146.0
209506,90888.11,1638154.0
209507,3681.0,1833183.0
209508,0.0,202912.0
209601,17500.0,1865.0
209602,10133.0,742342.0
209603,318787.0,1334975.0
209604,0.0,30212.0
209605,0.0,183756.0
209606,23800.0,182360.0
209607,376630.0,901284.0
209608,8525.0,4504570.0
209609,6586.0,1970268.0
209610,0.0,600498.0
209611,0.0,118507.0
209612,3481.0,1163136.0
209613,0.0,2115789.0
209614,0.0,71249.0
209615,0.0,2013530.0
209616,0.0,609790.0
209617,60796.0,6729555.0
209618,3750.0,582229.0
219701,5545606.16,7336932.16
219702,144652.0,173452.0
219703,848044.0,1501927.0
219704,0.0,130081.0
219705,174306.0,63380.0
219706,78520.0,50374.0
