010101,3991485.61,1754143.85
010102,17777719.61,583495.67
010103,124299988.76,812150.23
010104,748016.0,1730.0
010105,14978896.18,8111798.7
010106,5134660.17,2120808.2
010201,232538317.21,211326530.77
010202,85747615.87,35225667.64
010203,2346248441.39,103557875.13
010204,4367203.56,7457836.65
010205,1945202.34,26603.19
010206,108418548.95,14498680.14
010207,169248904.07,72037820.32
010208,747612.49,5537588.53
010209,22834151.51,3433324.06
010210,456899372.58,22243512.0
010301,41381661.72,20436159.24
010302,463181558.4,298013801.73
010303,141996751.71,83254307.12
010304,493309396.39,126815478.82
010305,376789098.4,30505721.79
010306,302888783.95,212430308.99
010307,31405644.31,20808482.13
010401,53835688.99,11119127.9
010402,292986717.46,19441974.9
010403,15161232.71,2501301.5
010404,30128659.76,8145048.29
010405,153947953.28,64619292.24
010406,917653599.56,112439086.45
010407,8560356.27,13089469.69
010408,14136503.13,10182102.17
010409,4421487.46,3150116.04
010410,447243.33,16423.95
010501,0.0,39312.0
010502,44662.0,95305.36
010503,34609.0,247081.32
010504,72342363.12,26920013.21
010505,5492040.53,3290969.65
010506,1749235.34,704941.52
010507,7710.4,107704.0
010508,2922240.39,49945.21
010509,23288.83,80190.87
010510,2856434.12,4630773.99
010511,42648328.68,56002032.73
020601,4496481.12,9221438.51
020602,315919116.77,55100977.28
020603,5415151.1,63914465.18
020604,44163744.94,6006797.74
020701,17370456.56,20967719.2
020702,2420636.79,18061960.16
020703,572323.77,10748825.39
020704,1078965.5,10270818.8
020705,1075001.04,7679017.39
020706,1307347.21,5672993.74
020707,333927.54,18379713.39
020708,705262.45,1862546.91
020709,1707908.51,41489386.96
020710,24860848.36,29031481.52
020711,266872.71,445409.16
020712,6074766.04,7529460.68
020713,25174988.02,3463990.54
020714,81117.02,20798.14
020801,157919.53,1735668.66
020802,3864379.76,46167538.59
020803,1873619.67,32667411.89
020804,532519.79,6351330.83
020805,842639.53,14652806.41
020806,1553725.48,7178501.8
020807,497288.54,4573196.47
020808,1529582.89,21721033.15
020809,2053690.41,4808095.89
020810,1771223.35,25883649.42
020811,6357127.69,20606629.79
020812,813269.95,198101.4
020813,1736828.14,9457130.49
020814,35835.94,308240.14
020901,28878831.67,129762938.55
020902,3557431.48,10304946.25
020903,0.0,3460.0
020904,1059720.81,5819504.47
020905,94211.56,860111.12
020906,24445.87,202113.37
020907,24777.27,45578.46
020908,39955.03,229580.49
020909,43876.9,221133.86
020910,2801191.67,6144180.4
021001,154580295.41,21652715.0
021002,11247922.86,2747249.84
021003,128700636.33,12836258.08
021004,75503.59,1955933.01
021005,288306.12,7891940.41
021006,2108863.33,19059644.45
021007,5103.0,71251.0
021008,1235012.31,3390703.4
021101,14856554.92,20820933.6
021102,491368.56,4812454.58
021103,1592378.85,4456138.28
021104,1237381.07,5379255.86
021105,203041.28,3185857.27
021106,239971.3,104151.65
021107,45304031.41,5527576.58
021108,45387161.01,15812110.14
021109,678381.03,1375130.96
021201,1155201.93,9247575.19
021202,472029.38,1497236.21
021204,339065.41,788510.87
021205,12789284.32,15439554.41
021206,1640654.44,5343234.39
021207,923176.49,2828669.56
021208,1451808.65,5515530.73
021209,164147863.75,36851927.75
021210,844236.17,1085425.87
021211,786213.28,2670450.18
021212,1427540.57,11077841.47
021213,667623.93,88244.04
021214,9655131.21,1535611.4
021301,1576756.34,1747385.04
021302,203198623.82,69026315.42
021401,240439.25,315517.27
021402,26038.83,0.0
021403,133664.55,40193.79
021404,186898.52,562894.1
031501,11538101.19,15924362.38
031502,4582460.24,2894479.43
031503,162788.38,4922.93
031504,47642858.31,20546634.83
031505,10813.0,15773.99
031506,998665.85,991246.37
031507,2917063.24,24088162.9
031508,207561.98,582565.95
031509,196058.38,890968.76
031510,60516.64,146688.32
031511,17175697.75,12580969.68
031512,824955.03,3093077.16
031513,7806302.53,8048833.27
031514,30774886.92,27870852.55
031515,12039345.52,8389956.42
031516,88121264.58,26419398.12
031517,45576953.11,11914426.02
031518,3061692.33,5470404.43
031519,8521555.37,38355999.31
031520,5280900.17,10070419.83
031521,205510.07,329707.19
031522,108170.42,965469.67
041601,141748856.81,18201630.46
041602,382321427.58,43692188.32
041603,495863.4,347728.89
041604,246353779.19,63151680.24
041605,142533661.43,154748120.52
041701,94580032.39,50388888.57
041702,13191786.54,53318886.23
041703,8315684.33,7556567.5
041704,129909938.51,81065445.94
041801,23471.59,6730622.59
041803,333876.06,8700.56
041804,2470613.89,4886154.47
041805,323446.04,1492745.52
041806,67092768.33,128231686.67
041901,92669348.14,22858227.22
041902,17270048.95,26849143.62
041903,124827.9,10285.55
041904,95861620.05,34096997.93
041905,326664232.6,107927582.11
042001,3266382.62,8720203.18
042002,878190.29,11242968.37
042003,739964.61,6241985.24
042004,11736185.55,27055678.64
042005,25593449.84,30685277.55
042006,519773.44,88665.23
042007,37955430.28,4167178.4
042008,16905567.22,24491617.45
042009,36988252.92,60748540.25
042101,13782802.45,16271371.94
042102,13283149.74,4149150.12
042103,35965333.2,38690300.87
042104,5979096.64,7325648.42
042105,51499973.37,16241976.23
042106,474333415.35,108211966.75
042201,770116.84,3500529.35
042202,30336190.72,19227736.59
042203,198500091.41,6545429.28
042204,9398067.95,415645171.87
042205,1711868.21,8604900.02
042206,4467096.95,3009131.8
042207,5249524.17,2447814.68
042208,41122345.1,80334074.13
042209,238917.91,2362142.57
042301,229357375.07,64749009.37
042302,3403966.28,2154803.33
042303,10479343.8,50645028.28
042304,12055611.92,302008693.79
042305,6218.23,0.0
042306,12084684.53,60161773.84
042307,5549.04,0.0
042308,3064764.07,14484826.7
042309,268814895.95,148747168.05
042401,13421862.53,90370588.05
042402,109689295.84,18064138.76
042403,31914110.39,2887422.55
052501,14014166.53,10492276.87
052502,2285.26,4892.5
052503,88037.99,961761.44
052504,78115.36,431749.78
052505,12002436.85,5080919.09
052506,75789.5,357989.33
052507,479581.44,2129987.7
052508,5048025.64,6501382.15
052509,23885457.88,1051837.23
052510,1225678.0,19944.51
052511,38649.32,451746.66
052512,14545881.11,2005073.46
052513,180452.7,1075610.72
052514,153018.4,837480.94
052515,213720.77,208214.68
052516,1220817.97,6332572.91
052517,10696940.77,36178998.21
052518,1714926.55,2485275.59
052519,531034.38,3631708.03
052520,3097448.56,3305841.04
052521,2804859.04,3326886.91
052522,961675.87,7258575.29
052523,86342842.35,12485124.22
052524,193174.16,53099.35
052525,13606.59,96346.06
052526,82925.28,2963564.3
052527,236022.64,0.0
052528,11513.0,0.0
052529,30552.9,543172.98
052530,1667382.18,4644787.23
052601,48784.84,518910.53
052602,3888.0,0.0
052603,10062.5,0.0
052604,0.0,1730.53
052606,266395.49,627383.95
052607,63776.54,0.0
052608,2986.53,57491.56
052610,7593.33,49265.12
052612,16847.03,0.0
052615,11167.22,9493.64
052618,40433.16,98160.23
052619,343062.67,3424543.48
052620,3837340.33,1148092.23
052621,1312847.78,591057.01
052701,4874632.8,137295322.65
052702,158197.22,903625.86
052703,4639727.72,5302622.59
052704,888352.59,3595215.23
052706,2182051.27,1174208.31
052707,15276015.78,6823167.63
052708,18443343.39,19487.0
052709,988045827.03,615871581.93
052710,539295439.21,840110200.92
052711,78264293.03,4321444.25
052712,1943163.17,14064398.96
052713,9821242.09,28907369.11
052714,1674904.42,1694774.78
052715,1639628.43,6725414.26
052716,232913301.8,74948453.54
062801,348183.04,5146526.57
062802,2132.15,22649.9
062803,335713.13,3371108.62
062804,11892418.7,24807281.39
062805,119253.72,86034.65
062806,337285.21,4559997.54
062807,54720.75,1461978.19
062808,1543346.22,87948.43
062809,68762.25,2026922.49
062810,203321.56,22711.1
062811,2979465.81,10785493.91
062812,5548.0,43920.53
062813,11007.86,0.0
062814,67368.14,1249447.85
062815,784481.04,20532797.19
062816,49375.75,668253.9
062817,235503.7,2702876.02
062818,7845763.41,5149541.38
062819,74050.29,549534.21
062820,288328.21,532724.21
062821,641214.73,1868766.89
062822,63794.0,32811.33
062823,793956.94,2244259.55
062824,12703.26,121246.74
062825,406744.36,2553457.24
062826,1629033.57,297906.16
062827,1017830.36,6529197.93
062828,379885.76,1644576.36
062829,505958.02,129236.77
062830,35069.65,698101.41
062831,41410.07,907761.93
062832,329976.41,1167056.31
062833,1357244.13,9954235.96
062834,9937357.92,1567234.08
062835,4145288.17,33787638.84
062836,1462969.43,13988538.32
062837,438001.67,424559.95
062838,13374.0,5628.82
062839,740392.65,4304034.6
062840,77543.42,2432548.05
062841,356975.77,214239.38
062842,516609.09,866010.36
062843,4367955.33,6206519.17
062844,251610.84,4836396.81
062845,72847.0,25521.5
062846,41035.49,22710.03
062847,46592.52,1727414.65
062848,4908.0,12190.14
062849,2808708.21,3482578.18
062850,39252.0,193572.08
062851,607995.32,1162674.04
062901,817826.17,361967.91
062902,1704459.66,2319428.82
062903,2530433.44,9726206.78
062904,501632.72,1607119.96
062905,5618446.93,54940027.66
062906,903593.33,2469853.87
062907,922282.92,2790015.9
062908,102663.75,105177.07
062909,485053.89,10512806.02
062910,1243822.86,321430.71
062911,360309.58,17233.0
062912,762756.06,7161385.4
062913,219924.0,3878.51
062914,4262980.22,12514256.08
062915,21786202.0,22069427.64
062916,12974880.08,13764096.06
062917,866570.62,8666807.22
062918,7828548.11,30237374.1
062919,1002147.23,1735069.18
062920,59862232.68,2259543.85
062921,7824028.11,22380217.88
062922,11089028.39,39736504.18
062923,11220752.72,7022101.11
062924,7232329.67,14696474.17
062925,1147451.65,1791323.8
062926,857134.99,358871.13
062927,13318.52,6493.41
062928,120169.76,96940.73
062929,4112960.31,17163713.85
062930,80904522.14,12417448.28
062931,7431527.29,4085869.91
062932,11162925.5,6456146.82
062933,35545275.4,32006124.97
062934,13340376.92,10718273.19
062935,2708511.55,5166001.12
062936,136903142.72,146195245.03
062937,161535698.99,7456865.1
062938,1319607.55,240802.64
062939,1803597.37,9780180.3
062940,4245443.3,1307545.08
062941,58444429.8,16379891.19
062942,1121010.42,814368.58
063001,19755722.63,17647313.32
063002,117653073.16,53399779.1
063003,64623364.47,18157810.96
063004,1730900949.57,543091532.7
063005,60900661.07,33414163.05
063006,21931255.07,34344518.57
063101,1006035.47,40052.61
063102,2151550.11,31489920.25
063103,1977040.66,571144.8
063104,242482.92,10597631.74
063105,89196295.6,72700378.83
063201,203642.56,82271.62
063202,934808.34,805738.25
063203,18416780.22,14284683.84
063204,152237441.45,194547727.79
063205,2563553.73,244341.81
063206,10227692.8,34954861.74
063207,1753304.18,7170751.22
063208,142287998.99,59805004.66
063209,31925253.59,25149574.69
063210,6455793.14,3355101.92
063211,214449.72,557503.0
063212,3098009.33,9075632.07
063213,3027698.53,4599948.95
063214,30582909.4,46558149.25
063215,23628422.24,48142154.82
063301,4064793.35,9573048.07
063302,27741697.62,36257551.5
063303,4336236.37,37753831.13
063304,29708792.13,95149647.83
063305,19426844.66,44589872.24
063306,15271638.31,30785724.51
063307,29072516.48,67201673.18
063401,10945085.23,18544186.14
063402,130415224.76,113000186.1
063403,11163219.2,25243252.79
063404,77729447.41,11892567.93
063405,8312405.51,10486674.85
063406,21463821.71,21447230.94
063407,483555.47,2389342.4
063501,61232582.47,9760344.21
063502,17511693.66,3576237.34
063503,10099849.85,20468118.49
063504,17271962.87,15804023.38
063505,40978739.82,14643148.71
063506,28505844.19,34825327.52
063507,427462016.32,106216614.08
063601,159225.55,12704.0
063602,363557.69,188457.13
063603,356896.71,262543.05
063604,2138223.7,8167243.43
063605,219722.47,1309087.01
063606,3830034.9,1526945.56
063701,3741229.44,33848820.01
063702,5732574.74,40659842.16
063703,6657037.98,21263432.56
063704,589823.53,639871.13
063705,4005623.09,5090383.2
063706,310363.91,2924242.59
063707,5379588.59,69112354.95
063801,777322.55,2834879.17
063802,487627.08,7816707.63
063803,31409.41,337500.71
063804,231069.09,427191.11
063805,224568.94,105926.4
063806,2958135.87,8846593.53
063807,368334.63,98004.4
063808,52515242.49,118230463.11
063809,4572111.57,11819718.7
063810,723414.97,5511916.24
063811,29861340.69,41441010.71
063812,2935045.03,7599280.16
063813,471637.79,917038.43
063814,4113521.73,5568250.55
063815,99049329.13,10116371.64
063816,4220047.63,7756473.29
063817,0.0,46325.43
063818,14087513.16,504131.01
063819,368118.55,1487109.81
063820,1049220.86,3940995.95
063821,2916043.28,4731582.95
063822,53090081.45,46277559.06
063823,68354849.4,106992589.36
073901,14945033.15,202905131.23
073902,10065564.53,135160637.46
073903,6602714.51,76750739.23
073904,10142026.93,77842139.85
073905,3703409.87,23321799.31
073906,4622902.27,60693686.18
073907,16327435.15,156362696.38
073908,4051239.84,43156338.33
073909,16499099.98,41960506.74
073910,2353953.68,13668422.13
073911,1585703.98,29983606.16
073912,2311912.15,21464186.81
073913,23498568.31,15736895.79
073914,1974005.98,6751621.21
073915,4202490.07,5473468.42
073916,12258214.12,28232212.83
073917,90251980.46,103394175.11
073918,2677351.91,23885208.2
073919,25213440.66,79837643.77
073920,138371680.94,254634523.54
073921,139029474.03,93148358.09
073922,29499534.38,17037080.59
073923,240132264.97,199111701.56
073924,42650143.28,57517634.85
073925,94270871.85,45280648.62
073926,392359116.87,176607984.32
074001,1463761.14,2757944.65
074002,2788908.97,33028569.73
074003,7658.0,4002.05
074004,231319.71,131288.44
074005,2436460.69,7985890.27
074006,1796470.14,7106465.64
074007,199212.94,269197.94
074008,5650830.17,34615246.65
074009,40784399.4,23855641.73
074010,37266504.06,14209630.04
074011,37527446.41,194421543.13
074012,10155625.31,9923611.01
074013,2831827.56,3963440.04
074014,15001929.17,10525891.54
074015,4806238.27,10316547.81
074016,37293573.32,65421630.17
074017,520752.42,2470833.26
084101,46824154.79,8019732.82
084102,1258077.87,52345.17
084103,6312144.56,557404.73
084104,33151236.64,45214349.32
084105,992924.4,535082.0
084106,142141.85,98712.86
084107,553491.64,614633.56
084108,73918.6,658029.85
084109,57889.0,58340.23
084110,105612.24,4182.88
084111,141603.39,52142.76
084201,4277597.26,7360470.6
084202,17270934.2,88434260.2
084203,21540728.37,58053200.69
084204,153569.0,120577.58
084205,1250746.61,5528907.56
084206,4763.0,33769.0
084301,389763931.44,142101001.54
084302,84223349.02,12222759.82
084303,3841448.83,14434362.13
084304,512365.46,2843398.37
094401,9545848.56,21240258.07
094402,70886.43,868850.93
094403,28034976.23,63237087.2
094404,732234.62,1843892.66
094405,226719.63,289235.96
094406,2132.08,303282.76
094407,60732087.81,532058783.75
094408,14919088.48,44827433.91
094409,33379910.91,29368094.58
094410,32771011.81,86988740.01
094411,16384251.42,31574397.3
094412,18144497.77,71934706.84
094413,8225218.14,663582.75
094414,2720750.33,2413489.95
094415,11050097.54,18143689.16
094416,74146.61,293932.09
094417,1944235.54,1795348.45
094418,399948393.61,96890402.91
094419,7180717.51,5071143.69
094420,4669361.12,8064908.12
094421,64237041.07,35302058.6
094501,40196.59,26845.58
094502,40588.0,83318.0
094503,817239.46,1206831.8
094504,1688248.82,4313650.46
094601,390852.43,2170478.74
094602,1100344.88,4469561.0
104701,4126735.86,6610.97
104702,83194.37,0.0
104703,2866158.82,24632477.2
104704,393524.82,3724325.49
104705,13677569.34,617382.0
104706,449248.36,271065.46
104707,21982068.04,5435907.71
104801,460434.27,160123207.72
104802,67442967.16,147511812.47
104803,1481605.53,3786575.38
104804,3463905.22,94081700.45
104805,42655425.32,62270652.52
104806,2858400.13,8462496.93
104807,984394.82,9152702.13
104808,7995416.41,16241594.9
104809,4546776.77,10110356.43
104810,40470568.36,214519092.81
104811,23584248.74,137851170.8
104812,1399501.3,2336015.26
104813,580686.92,6214809.16
104814,8616119.53,6153190.33
104815,30973.9,331984.68
104816,2121063.67,7081185.01
104817,5189784.02,15830750.89
104818,64569112.75,199784639.25
104819,143847659.71,145429932.06
104820,30651933.17,20984920.41
104821,36501246.24,18350324.12
104822,758160.2,3228160.98
104823,97565989.12,68676763.51
104901,92163455.49,117832678.49
104902,30824726.82,46177312.4
104903,3785409.02,1897079.25
104904,123886.61,348558.6
104905,6949690.12,3534603.45
104906,3223475.08,400583.35
104907,4462662.5,1988000.0
104908,4654410.73,2628580.37
104909,2996378.33,7167147.36
104910,6322674.56,3272693.12
104911,92779342.21,140442299.18
115001,12958.36,9023.0
115002,0.0,24662.0
115003,0.0,4037.0
115004,2689.0,14499.59
115005,2712.0,104963.0
115006,0.0,39680.81
115007,267093.57,1305861.93
115101,906011.23,9867958.9
115102,3850.75,52629.07
115103,112130.15,15240.38
115104,1814.05,0.0
115105,3137834.0,606702.8
115106,14111718.44,15253128.51
115107,630892.43,10530883.01
115108,354462.0,940283.0
115109,315547.45,2277470.14
115111,17766535.83,16040548.06
115112,4523431.99,6344451.47
115113,13568.0,23252.3
115201,5386435.64,1114062.15
115202,636778.16,111114.6
115203,363607.14,188984.3
115204,2994889.4,735329.89
115205,8603944.59,45648319.44
115206,1260258.02,1042917.47
115207,1133520.23,1711708.09
115208,23114561.8,43126976.37
115209,17404774.12,27290184.8
115210,4895391.38,7952678.14
115211,11275715.22,11329715.29
115212,2935740.91,934009.26
115301,397072.33,30251.89
115302,36890.74,39350.2
115303,2379.15,0.0
115304,9389.28,69514.4
115305,23461.98,16462.31
115306,71438.81,281091.14
115307,0.0,103979.0
115308,80780.18,557897.21
115309,1013116.16,2879442.07
115310,79352.46,219139.62
115311,26834.32,28476.84
115401,2880362.15,8522815.94
115402,133837350.92,119897735.98
115403,305365.4,809453.69
115404,5937609.69,5778947.06
115405,0.0,4364.82
115406,253380.39,707439.5
115407,18671404.14,47896099.47
115408,11150427.97,13164568.72
115501,216289.4,193669.98
115502,120027.54,22899.0
115503,79813803.34,11476182.97
115504,255958.58,2619163.31
115505,1135156.49,764720.59
115506,44362.49,204265.8
115507,9822.0,246602.83
115508,2709797.19,1384805.41
115509,6615964.11,18137235.08
115510,75117.0,4951169.79
115511,74547.73,603583.22
115512,10374288.31,16853571.64
115513,10659763.77,15637930.34
115514,26963665.2,11856268.1
115515,13644239.26,28743989.0
115516,8591309.98,28170305.76
115601,4623155.07,12581498.59
115602,40214071.9,12545025.71
115603,7870045.63,38584105.62
115604,958943.87,4725598.72
115605,76858.6,412167.53
115606,3124083.84,2668079.69
115607,8509995.05,16026783.95
115608,13746691.64,13171656.3
115609,1104637.72,823417.81
115701,905258.97,10475207.85
115702,17883117.23,11809664.32
115703,106058577.62,28575537.24
115704,871864.74,4536616.4
115705,2580977.08,2161380.58
115801,1190551.84,6277105.68
115802,351235.81,8999370.54
115803,86285.0,131214.5
115804,3124068.3,2001631.15
115805,124103.86,162202.0
115806,5356388.6,15669861.11
115807,5366895.1,4653746.2
115808,1287484.25,2798077.94
115809,33738.11,48263.71
115810,509025.46,1753963.59
115811,996738.46,1057210.16
115901,87576.98,481041.75
115902,220327.2,376630.54
115903,12797819.81,28337440.39
115904,794265.97,19472899.38
115905,469435.87,9638.0
115906,1234225.91,9940539.75
115907,4668715.96,5000637.84
115908,28966.68,731135.41
115909,597621.86,834676.62
115910,1372903.99,2607288.94
115911,5528842.34,15431054.98
116001,41050142.82,15635485.84
116002,60958091.27,46237758.37
116101,2982542.01,4314697.67
116102,2311106.1,7525460.89
116103,8653371.15,82043110.54
116104,91659348.41,110034748.15
116105,10139977.44,9516054.35
116106,33429154.6,46950406.42
116107,15438620.83,85283107.51
116108,76374563.36,65059302.03
116109,74218453.31,142249098.91
116110,195199522.46,248087745.62
116111,23704448.1,29515278.09
116112,12734006.31,19774459.91
116113,3414566.7,3327536.53
116114,7927475.08,18996060.81
116115,17308193.06,66608765.82
116116,1909576.9,9681058.98
116117,5999030.17,5910844.71
116201,27062420.73,44622888.39
116202,29859280.32,55091196.88
116203,107398268.99,231876711.37
116204,192168207.2,327454391.89
116205,31298915.58,64781261.21
116206,43350911.09,74256794.78
116207,2658495.17,6468768.77
116208,4573173.3,11473970.17
116209,4341811.02,12129326.38
116210,13226330.33,32317049.93
116211,51233074.5,67848914.94
116212,13005274.8,35791937.39
116213,61679.69,134700.3
116214,3866903.75,11176356.18
116215,1245474.15,11959160.87
116216,764408.48,4213590.73
116217,8917101.65,3331490.82
116301,1434061.46,6301517.0
116302,24318323.97,80072697.41
116303,27326516.93,13362398.05
116304,4856170.12,11058306.27
116305,2899619.3,12013361.36
116306,27341089.02,15675019.87
116307,37081456.45,26072958.93
116308,6783790.74,1233968.68
116309,6471542.84,2077086.37
116310,1478657.67,1522847.45
126401,2968761.99,9896804.32
126402,2934494.42,25511022.67
126403,169425792.46,333115173.65
126404,3606111.19,24029723.51
126405,5760921.62,15688478.14
126406,11613965.04,43874321.5
126501,4731.83,16611.32
126502,1303.49,2306.0
126503,221487.86,351519.98
126504,213040.41,362045.93
126505,2901485.89,11302359.0
126506,1113974.34,11890075.12
126507,136693.12,237291.12
126601,1808674.3,6738591.29
126602,353387.85,137240.32
126603,330681.03,755239.42
126701,293487.82,440859.65
126702,2559604.61,6939752.29
126703,0.0,11615.05
126704,1636042.85,2025050.55
136801,1276115.67,8045378.62
136802,8162088.38,17800660.83
136803,387741.91,1965694.02
136804,14920817.0,25836480.17
136805,11241580.76,26095240.28
136806,105730169.67,8488124.08
136807,8881437.05,14281445.78
136808,653134.38,2248508.35
136809,55469304.17,8599164.5
136810,67986870.65,12562323.08
136811,8344714.65,7389043.48
136812,2260846.51,558057.84
136813,16997120.55,5488396.55
136814,14621.45,58932.32
136815,13112430.88,14875055.01
136901,7606498.31,1256313.44
136902,7320961.37,8651658.76
136903,640954.04,2814576.25
136904,25501503.44,457975.76
136905,5775923.0,4661125.35
136906,49558.56,33319.46
136907,3111592.78,8532944.68
136908,3271019.07,28350621.13
136909,1788515.41,4440812.6
136910,4016522.53,38027037.84
136911,27245256.96,22676098.3
136912,4967414.48,16008614.5
136913,25495018.29,19662128.86
136914,7111745.7,12948954.18
137001,38298.83,343858.98
137002,357286.85,11617050.08
137003,917729.3,1618776.91
137004,296074.77,4520438.73
137005,3133932.3,37907212.45
137006,646709.51,8998551.73
137007,4221387.65,41438527.56
137008,17656997.63,4785317.91
137009,3375452.25,9832417.47
137010,27301100.76,34669098.94
137011,261343.56,73571.98
137012,52954.13,133037.56
137013,21237870.31,37450466.03
137014,236813.09,1116799.74
137015,77993.52,1211904.22
137016,94820.5,2037226.47
137017,5194201.99,6617869.08
137018,670786.84,2802132.04
137019,57162341.17,77514519.62
137020,1883750.81,4210133.59
147101,79405.5,1055292.5
147102,2057483.94,7000717.73
147103,657713.46,1369676.89
147104,47513.75,47375.05
147105,397517.61,99438.0
147106,2431152.17,13029021.33
147107,20788.82,423139.34
147108,4409942.17,17923094.73
147109,66143.0,35854.44
147110,903761.02,5039625.97
147111,57339.0,2806.0
147112,11379089.68,2192045.04
147113,22294686.27,26359568.32
147114,3595767.62,5266647.62
147115,417042.04,2397825.34
147116,1017714.64,2040812.39
147117,3771935.0,10181221.36
147118,28735.0,402483.4
157201,262023.72,3802165.6
157202,366312.19,11001124.76
157203,434628.17,547708.09
157204,93631408.58,34263491.88
157205,130478.58,982237.6
157206,1841886.61,266792.92
157207,18491229.21,12583042.83
157208,181745663.57,209643230.23
157209,6591933.38,81829481.39
157210,22745507.26,236868794.2
157211,17319097.67,29317050.9
157212,7257546.91,16371229.0
157213,6448632.41,21149560.98
157214,45781278.99,49491303.2
157215,7229637.25,12229847.71
157216,19568976.2,65290405.78
157217,2018060.87,29972091.62
157218,261912.09,443931.63
157219,30362043.45,125569641.62
157220,3683076.75,32434953.84
157221,365403.01,2935549.72
157222,11953601.01,38080043.44
157223,427234.87,7939868.88
157224,71664.2,484660.8
157225,1463432.34,15332649.41
157226,980402.81,7080298.52
157227,93882.58,995180.76
157228,1536369.79,19416782.15
157229,221634.7,3723979.21
157301,2330380.2,7332385.41
157302,990487.44,4692254.71
157303,2489056.27,1500579.53
157304,24557783.27,132815320.61
157305,9187208.21,230262685.48
157306,147157225.77,186134028.07
157307,84699869.14,104225673.14
157308,201971826.95,237986273.61
157309,23468382.47,8915730.58
157310,67949622.14,55021143.19
157311,4818569.59,14142492.9
157312,10915334.09,21750556.09
157313,153639.36,176650.24
157314,4100045.2,32263135.75
157315,9828509.83,25813908.26
157316,389792.59,1845065.75
157317,17451122.93,13052680.72
157318,70054094.99,109702220.01
157319,304295.37,1229090.33
157320,9460907.64,15918377.79
157321,43252669.28,12660286.23
157322,38550917.28,14443700.12
157323,14909909.72,29776102.65
157324,11129234.67,13560343.39
157325,38821456.93,33359821.38
157326,112600015.26,102656811.51
157402,42470.0,50239.0
157403,967702.87,6040116.75
157404,35857146.53,6377090.97
157405,17193.0,12540.62
157406,128822.05,1145054.38
157407,2264895.16,66039367.89
157408,856340.8,26643776.56
157409,1849838.98,21216092.85
157410,343642.52,16693837.25
157411,4412779.34,29805366.29
157412,11298635.12,27519532.8
157413,401178.26,2638470.66
157414,130406.67,164736.82
157415,1338357.27,3644476.62
157416,154966.85,174866.41
157417,364359.25,367837.0
157418,4818522.37,12418945.89
157419,12307701.72,6626979.97
157501,13233.34,0.0
157502,50436.43,628361.79
157503,229280.09,10901.87
157504,2333.0,1917476.02
157505,57480.9,721188.59
157506,52947.48,113062.84
157507,88889.33,718452.5
157508,716199.5,1173688.24
157601,35994696.52,63074274.45
157602,26138719.16,22785609.5
157603,243793.61,204326.17
157604,43543813.87,117339748.06
157605,1164138.73,14056660.55
157606,34170517.68,138350983.87
157607,43819786.89,82014352.58
157608,58595478.1,11323077.89
157609,4622841.8,4427381.28
157610,134246941.43,31397186.38
157611,1055804.57,1044321.42
157612,46118692.37,56885106.92
157613,38038.28,1212836.49
157614,277104.99,548053.93
157615,17339231.97,10788115.45
157616,48775045.09,40445811.26
157801,437467.86,2829938.66
157802,1211908.04,856277.75
157803,92173.35,772363.09
157804,1621537.11,6763214.68
157805,6013.22,5790.55
157806,654861.79,611362.73
157901,311599.76,8388363.38
157902,5809804.77,352533.17
157903,2126189.98,4182689.21
157904,118505.11,242783.19
157905,47980.69,4206460.07
157906,103704.42,1198545.15
157907,1673409.31,4561228.16
158001,66868.2,311000.15
158002,247272.13,21368.0
158003,46625.49,1314533.12
158004,510982.85,40271.33
158005,9021.28,43806.3
158006,82529.64,4435.0
158007,80624.54,422737.81
158101,2083223.74,1634919.39
158102,13906.0,96364.91
158103,6925.0,20082.16
158104,3917145.39,1331098.86
158105,145771.0,149779.52
158106,27746.52,20886.59
158107,2587.59,0.0
158108,1323979.95,3416242.21
158109,6251.0,0.0
158110,11061.83,0.0
158111,56462.2,137700.0
158112,460791.27,286167.83
158113,549932.82,258723.7
158201,3195158.2,8429213.48
158202,24659906.25,19049036.49
158203,3839276.2,12452934.67
158204,4287358.78,10354849.03
158205,18425653.18,41723209.88
158206,1872563.65,6928143.88
158207,56296999.43,76859559.95
158208,8078936.89,11246424.58
158209,20286506.0,17333116.05
158210,1180139.22,1043286.82
158211,2178876.05,13020667.34
158212,23765919.82,36420143.09
158213,528921.05,3498706.95
158214,1014908.89,2214945.83
158215,2879927.54,13978730.74
158301,21176400.69,27917100.06
158302,111591291.09,139681732.56
158303,1269490.65,5998149.74
158304,1171217.75,1636072.64
158305,2047423.69,10579503.57
158306,6119635.62,8193208.62
158307,5804882.99,6728084.47
158308,3111147.7,8078299.68
158309,31509303.44,22735770.05
158310,17585396.59,3436687.46
158311,3199351.44,17520094.71
168401,211190.0,55964.0
168402,93710650.81,7879534.53
168403,23438145.64,26748094.29
168404,7229097.85,6033902.84
168405,25004808.73,6550123.19
168406,5618164.86,15113336.15
168407,3225144.08,23991977.92
168408,45522092.0,121526908.65
168409,138857672.51,150652648.56
168410,2079861.84,1146540.0
168411,58634612.89,60990867.63
168412,134228296.39,53253383.01
168413,521082601.31,207760435.8
168414,227722421.69,224274165.97
168415,89837816.41,40882580.9
168416,34352088.45,25618195.57
168417,38764117.25,15418684.96
168418,589614024.99,162736315.16
168419,312520369.05,102035361.1
168420,1608308.0,1994193.23
168421,242199232.66,129866407.54
168422,169936086.74,146525337.52
168423,35052321.04,19061891.1
168424,204026900.72,63882732.72
168425,49016307.6,19380584.57
168426,48828663.45,47375115.94
168427,35968138.71,79891624.48
168428,168226754.91,68113732.13
168429,25361064.5,131190966.98
168430,12402023.73,16106683.66
168431,151733914.88,200387979.71
168432,82573513.52,59699587.2
168433,218369548.29,128094409.69
168434,136265630.06,34277477.58
168435,3414839.87,276543.55
168436,69255114.31,36931212.81
168437,46115511.89,7217997.87
168438,265880105.64,65160620.49
168439,27303233.92,24324685.5
168440,4209266.66,12486477.41
168441,29966097.85,29251651.95
168442,83186293.8,25093707.72
168443,121846163.35,139285724.95
168444,149001.12,473610.15
168445,4270170.39,1631894.75
168446,96282.92,232144.82
168447,2508704.71,8753873.75
168448,5847059.91,7407856.53
168449,359365.31,13184558.21
168450,11021968.55,56640879.57
168451,64876946.8,39151983.2
168452,8037116.53,15434515.22
168453,4477250.4,2883816.07
168454,14294596.74,2551488.07
168455,6315561.85,3499607.37
168456,3039154.49,16098354.12
168457,5954332.17,19420043.53
168458,4328639.15,24786506.35
168459,5681214.84,12296195.7
168460,19131810.94,10231725.27
168461,5212675.37,10367962.5
168462,28682718.07,29300911.1
168463,6144157.36,2450771.29
168464,4964370.77,5687462.91
168465,27689867.54,56912859.94
168466,36688261.67,57062048.05
168467,10248703.91,33541280.51
168468,6739685.94,5376875.98
168469,117606.36,1605753.88
168470,2956375.84,19147807.52
168471,369781449.53,1567340630.44
168472,9218346.47,24034895.73
168473,294530165.32,701220038.99
168474,226339353.36,39105961.22
168475,830151.02,2456109.07
168476,33950579.01,13474845.42
168477,39667749.13,73233549.57
168478,914804.04,5011455.88
168479,241227026.8,170372785.28
168480,68329892.89,44363742.63
168481,654390889.27,264397127.43
168482,6702105.69,49705562.06
168483,70915217.56,154841168.34
168484,7757456.65,10265229.32
168485,32865049.68,32904529.41
168501,136427918.46,193133642.66
168502,273541134.61,29512955.87
168503,97022090.86,79486138.32
168504,251250029.68,172652303.99
168505,13851551.67,13341278.93
168506,24167243.18,31637202.66
168507,21959148.02,64316260.32
168508,17160247.07,69711069.24
168509,60145341.77,70932036.24
168510,8976055.24,20076861.93
168511,76051754.11,74604862.42
168512,6583139.29,34531184.31
168513,2310665.99,5670113.61
168514,7648422.11,9223528.76
168515,31916967.42,30815546.03
168516,59584429.42,152047111.69
168517,226631337.53,420665173.4
168518,302257541.59,211970238.47
168519,17754163.57,77431668.67
168520,11739878.71,17936653.75
168521,37058331.33,114698522.66
168522,9962052.7,24592489.86
168523,33238665.91,69318558.9
168524,157561921.95,245245621.64
168525,478419857.61,440599047.29
168526,17390542.57,21965198.84
168527,132645407.6,139552531.42
168528,163836872.58,222924451.52
168529,221881223.95,205411468.05
168530,9523097.58,9284974.28
168531,25470845.56,64780478.15
168532,12536296.11,46338291.49
168533,18956860.71,21271835.87
168534,57940756.38,37313239.97
168535,6251978.67,16781396.89
168536,105429683.31,221177952.37
168537,56261159.6,73179266.27
168538,51961651.41,83535668.55
168539,41844111.29,107880133.14
168540,3968303.94,22442445.43
168541,44562073.48,78378526.77
168542,159468885.63,338483301.12
168543,80822177.97,58542853.6
168544,79371931.2,196907023.71
168545,1844409.14,10604924.58
168546,4336543.47,10637502.21
168547,6722251.12,8580815.69
168548,3884477.35,7923298.56
178602,25067.0,21803753.0
178603,14545149.83,20601035.12
178604,881361.96,8587990.0
178605,0.0,346207.0
178606,211309.24,3710642.0
178607,12569689.47,27808545.49
178608,1315651.85,819165.36
178609,6921861.39,16674618.18
178701,50882634.51,246225650.45
178702,19248315.95,52099184.42
178703,113268652.21,1756805215.39
178704,62445873.23,685172110.39
178705,28554072.79,24886417.3
178706,947094.65,23766950.69
178707,16929163.57,8567161.85
178708,445026609.29,433748754.8
178709,1794280.71,23599197.87
178710,356403.01,639939.49
178711,6298000.34,32495075.3
178712,7603379.85,23868786.58
178713,9836027.27,9900172.36
178714,33046812.64,68834940.57
178715,1008053.33,6884845.18
178716,107336005.68,269327882.88
178801,151128.9,249401.0
178802,171632049.37,251414112.87
178803,80079619.43,101511636.86
178804,53161.0,187406.79
178805,222969.0,49484.0
178901,729870939.88,272177883.76
178902,29892811.39,34301504.01
178903,24219271.3,31663266.37
178904,112840.12,59690880.0
178905,109682067.64,12067641.0
178906,7718696.44,34024367.27
178907,32565215.83,5737545.11
178908,3159346.25,2600.0
189001,60404015.87,67811770.85
189002,6000209.66,12671034.88
189003,22454302.48,25450029.17
189004,2622153.75,9390835.02
189005,517959.05,6167935.44
189006,14786694.4,40303048.17
189007,3086857.42,2775230.71
189008,5721217.23,8236217.84
189009,29696131.46,167890598.83
189010,119027099.66,18595346.78
189011,1281632.57,5853126.44
189012,2167402.49,1619652.21
189013,5090434.33,16362493.34
189014,47178971.74,39105536.95
189015,12533216.85,25142470.39
189016,475250.43,1118338.41
189017,6746951.65,13881898.02
189018,455601537.07,215966123.2
189019,24991235.83,11027477.53
189020,3788892.3,7244722.1
189021,274267386.42,103995235.33
189022,32929672.99,30210867.56
189023,15649788.0,4725768.8
189024,5968195.9,5066004.06
189025,13229201.25,26952716.01
189026,76282564.66,52370934.57
189027,157767875.58,86135770.38
189028,12233162.52,19176135.47
189029,5098683.44,6540447.43
189030,58011262.55,56714870.28
189031,121120580.39,53130849.18
189032,157307069.36,48703855.69
189033,17687109.56,9941499.22
189101,3131451.1,12558621.68
189102,10451726.6,37388924.94
189103,286162.26,149526.75
189104,541611.5,527920.05
189105,1456760.45,7849790.84
189106,493874.76,1878958.77
189107,805713.9,2664489.33
189108,62084.08,197521.88
189109,57954.0,332503.61
189110,24207.0,808484.05
189111,164131.8,42279.08
189112,64449.33,40536.56
189113,271251.56,1989938.42
189114,416142.78,1285793.74
189201,329576.93,1913889.55
189202,143372.35,620297.95
189203,1460637.79,3847.0
189204,60314.42,137076.08
189205,51208.67,1558362.61
189206,189320.75,1545634.64
189207,4857234.97,9177487.27
189208,80549.87,192377.59
189209,6116854.59,6966261.44
199301,2799535.11,1338466.0
199302,105319.47,114109.43
199303,986310.83,5158679.07
199304,196607.2,812414.12
199305,679181.56,1685147.43
199306,4379522.32,18496620.47
199307,2497.0,26910.26
209401,224109322.36,197144437.0
209402,32886618.15,8346938.2
209403,1353776739.92,300948802.8
209404,91930183.53,66110809.3
209405,143561519.55,140340394.29
209406,73212061.12,36694662.66
209501,5869286.97,4126775.23
209502,4773351.26,21962766.82
209503,367557102.27,132562179.31
209504,8527283.25,41900461.79
209505,12011075.18,19053347.45
209506,42565205.0,77490905.12
209507,3470995.09,9994479.06
209508,1967569.06,2782338.71
209601,102725.13,51649.3
209602,1749237.91,2807233.72
209603,24486975.65,35873117.41
209604,266351.95,186102.96
209605,141166.46,180551.38
209606,7687329.74,8517915.53
209607,4707461.22,5602234.86
209608,10156012.78,28043285.59
209609,1296337.57,6778591.96
209610,5209425.42,862810.44
209611,1115363.23,2422600.07
209612,6333884.39,14256015.83
209613,2252241.33,8111692.55
209614,2412186.74,1666473.92
209615,2567914.11,3811635.29
209616,498114.76,88361.02
209617,2063937.45,11300182.27
209618,9869944.1,2561575.99
219701,24784379.83,1509897.19
219702,1616415.85,261137.9
219703,1583304.55,1438897.97
219704,6129327.61,7622886.21
219705,879323.43,3197503.84
219706,16903253.36,6791601.36
