010106,37467.0,0.0
010201,0.0,257784.0
010202,0.0,5118769.0
010203,0.0,1501930.0
010204,0.0,57990.0
010206,0.0,2009750.0
010207,0.0,16656212.0
010208,0.0,6196.0
010210,0.0,584162.0
010301,8228.0,1328.0
010303,0.0,1591045.0
010304,0.0,97119.0
010305,0.0,497167.0
010306,0.0,100087.0
010307,0.0,45727.0
010401,0.0,141631.0
010402,0.0,2831388.0
010403,0.0,645998.0
010405,0.0,9428.0
010406,0.0,121686.0
010407,19153.45,593358.0
010409,0.0,15379.0
010504,0.0,200390.0
020602,0.0,90753.0
020603,10099.0,2820.0
020701,0.0,24563.0
020702,0.0,6347.0
020703,0.0,38453.0
020704,0.0,7462.0
020705,0.0,5107.0
020706,0.0,9109.0
020709,0.0,13984.0
020710,0.0,2000.0
020713,0.0,40042.0
020714,0.0,2405.0
020802,0.0,1443.0
020803,33444.0,0.0
020805,0.0,26859.0
020806,0.0,8158.0
020807,0.0,6257.0
020808,0.0,92926.0
020810,0.0,2674.0
020811,0.0,1229.0
020901,55851.56,16540.0
020902,0.0,94748.0
020910,0.0,48468.0
021005,0.0,2343.0
021006,0.0,32658.0
021101,0.0,1880567.0
021102,0.0,58323.0
021207,0.0,25702.0
021211,73675.0,0.0
021302,0.0,158000.0
021401,0.0,73624.0
031507,0.0,2673901.0
031509,0.0,63945.0
031512,0.0,62629.0
031516,0.0,4095.0
031517,0.0,10743.0
041601,0.0,1086277.0
041602,0.0,846452.0
041604,0.0,988117.0
041605,0.0,42143.0
041701,0.0,799876.0
041704,0.0,163626.0
041801,3418291.29,0.0
041805,0.0,1088.0
041806,0.0,255771.0
041901,0.0,346705.0
041902,0.0,574264.0
041903,0.0,24350.0
041904,0.0,104107.0
041905,0.0,3718555.0
042001,0.0,73457.0
042002,0.0,35653.0
042003,0.0,5579.0
042004,0.0,10835.0
042005,0.0,484779.0
042006,0.0,19948.0
042007,0.0,17559.0
042008,0.0,43687.0
042009,0.0,3868613.0
042101,0.0,297190.0
042102,0.0,130103.0
042103,0.0,318591.0
042104,0.0,1632155.0
042105,0.0,79947.0
042106,0.0,827847.0
042201,0.0,566325.0
042202,0.0,4035744.0
042203,0.0,6161781.0
042204,0.0,11041240.0
042205,0.0,441685.0
042206,0.0,28606.0
042207,0.0,1688256.0
042208,0.0,7746132.0
042209,0.0,6348.0
042309,0.0,3952.0
042402,0.0,1680935.0
052501,0.0,25276.0
052505,2438.6,24558.0
052506,0.0,125012.0
052515,5457.99,155969.0
052517,0.0,5832.0
052520,0.0,372453.0
052521,0.0,5004.0
052523,0.0,1934869.0
052530,0.0,4771.0
052601,0.0,7743.0
052709,10154115949.5,0.0
052710,27547998.6,154164177.0
052711,2057332544.0,34086.0
052713,1687.1,0.0
052715,0.0,1667.0
062804,0.0,215767.0
062806,0.0,1952.0
062809,2662.0,0.0
062811,0.0,64074.0
062815,0.0,30935.0
062827,0.0,17500.0
062828,0.0,5473.0
062829,0.0,2710.0
062834,0.0,14786.0
062839,24006.5,0.0
062844,0.0,37492.0
062849,0.0,48322.0
062851,1445790.0,7104.0
062901,17216.06,451045.0
062903,0.0,148588.0
062905,304663198.38,106262.0
062914,0.0,3453.0
062916,0.0,17000.0
062925,0.0,10615.0
062941,7830.0,2184.0
063002,0.0,2000.0
063003,0.0,83702.0
063004,0.0,2922971.0
063005,0.0,12776.0
063006,4420.0,92422.0
063102,0.0,62868.0
063103,0.0,1189.0
063105,0.0,149021.0
063201,0.0,1669.0
063203,0.0,16946.0
063204,0.0,8868.0
063206,0.0,5000.0
063207,0.0,32637.0
063208,0.0,1133138.0
063209,0.0,1291470.0
063210,0.0,295083.0
063212,0.0,4478.0
063214,0.0,461810.0
063215,0.0,34888.0
063302,177279.0,216683.0
063303,0.0,624830.0
063304,0.0,588925.0
063305,0.0,664729.0
063306,0.0,146263.0
063307,0.0,647057.0
063401,0.0,1217726.0
063402,1199.0,3923119.0
063403,0.0,536080.0
063406,0.0,163475.0
063506,0.0,316535.0
063602,0.0,398045.0
063603,0.0,205108.0
063605,0.0,15630.0
063701,0.0,3516.0
063703,0.0,4265.0
063707,0.0,74773.0
063808,0.0,309926.0
063809,0.0,24000.0
063811,0.0,16375.0
063814,0.0,133636.0
063815,0.0,3136751.0
063816,0.0,118836.0
063819,0.0,211041.0
063820,0.0,20396.0
063822,0.0,443352.0
063823,1168.39,1114158.0
073901,0.0,4533.0
073907,0.0,10066.0
073908,0.0,1600.0
073909,0.0,74151.0
073910,0.0,26916.0
073916,0.0,88640.0
073917,0.0,12711500.0
073918,0.0,17780.0
073919,0.0,138474.0
073920,0.0,101336.0
073921,0.0,133759.0
073922,0.0,571698.0
073923,13261.0,2479796.0
073924,0.0,1188917.0
073925,0.0,924551.0
073926,0.0,1617766.0
074001,218045.8,0.0
074008,0.0,45901.0
074009,212667.0,197111.0
074010,0.0,54981.0
074011,0.0,5229838.0
074012,0.0,504215.0
074013,0.0,40034.0
074014,0.0,6280.0
074015,0.0,32579.0
074016,52855.0,573828.0
074017,0.0,1181.0
084201,0.0,1293.0
084202,2365.0,1280978.0
084203,1181.0,8741.0
094402,0.0,1537.0
094403,77579397.55,0.0
094406,3052854.42,0.0
094407,1021526.84,68569.0
094408,25159195.5,20809.0
094409,86058.14,39022.0
094410,0.0,98604.0
094411,0.0,352587.0
094412,0.0,1570162.0
094413,0.0,6655.0
094415,0.0,48101.0
094418,0.0,1306115.0
094419,0.0,86877.0
094420,1478.0,0.0
094421,0.0,182004.0
094602,0.0,3434.0
104706,0.0,5085.0
104707,0.0,4796.0
104802,0.0,81801.0
104803,0.0,176646.0
104808,0.0,1795.0
104810,0.0,4951.0
104811,0.0,12762.0
104812,0.0,4000.0
104814,0.0,6434.0
104816,0.0,72444.0
104817,0.0,7014.0
104818,0.0,1464056.0
104819,0.0,44434.0
104820,0.0,1063632.0
104821,0.0,218877.0
104823,0.0,4673020.0
104901,7555.0,1120993.0
104902,0.0,66662.0
104903,0.0,125065.0
104905,4420.0,0.0
104910,0.0,10779.0
104911,114343.0,325345.0
115202,0.0,1008.0
115207,0.0,2164.0
115208,0.0,280942.0
115209,0.0,108920.0
115212,0.0,28396.0
115305,0.0,12696.0
115407,0.0,3227128.0
115512,0.0,231650.0
115513,0.0,1077000.0
115514,0.0,154182.0
115515,0.0,49575.0
115601,0.0,59308.0
115602,0.0,10939.0
115603,0.0,273666.0
115607,0.0,162495.0
115608,0.0,34079.0
115701,0.0,4589.0
115702,0.0,72475.0
115703,0.0,45021.0
115705,0.0,51558.0
115801,0.0,177812.0
115804,0.0,145060.0
115806,0.0,12947.0
115810,0.0,1300831.0
115909,0.0,13046.0
115911,0.0,60653.0
116002,0.0,600379.0
116103,0.0,43152.0
116104,0.0,116966.0
116105,0.0,13937.0
116106,0.0,11896.0
116107,0.0,16884.0
116109,0.0,3407054.0
116110,0.0,96653.0
116111,0.0,27312.0
116112,0.0,24496.0
116114,0.0,13879.0
116115,4420.0,129452.0
116116,0.0,157684.0
116117,0.0,183041.0
116201,0.0,141432.0
116203,1323.0,121569.0
116204,0.0,13763.0
116205,0.0,178439.0
116206,0.0,4559.0
116207,0.0,123848.0
116209,0.0,11414.0
116210,0.0,144169.0
116211,0.0,2587361.0
116214,0.0,18400.0
116215,0.0,57600.0
116216,0.0,42475.0
116217,0.0,180960.0
116301,0.0,1275.0
116302,0.0,409920.0
116303,0.0,52421.0
116304,0.0,57485.0
116305,0.0,705982.0
116306,0.0,312488.0
116307,0.0,93420.0
116309,0.0,9576788.0
116310,0.0,1307.0
126401,0.0,20051.0
126402,0.0,639533.0
126403,0.0,1546042.0
126404,0.0,5719.0
126405,0.0,5153.0
126406,0.0,2833.0
126505,0.0,16822.0
126506,0.0,47705.0
126601,0.0,141381.0
126702,0.0,81727.0
136801,0.0,353550.0
136802,0.0,3773048.0
136803,0.0,144722.0
136804,0.0,32310.0
136805,0.0,6655.0
136806,0.0,132898.0
136807,5397.0,152980.0
136808,0.0,2939.0
136809,0.0,374082.0
136810,0.0,2123717.0
136811,61389.01,36719.0
136812,0.0,3560.0
136813,0.0,14101.0
136815,0.0,7548.0
136901,0.0,84623.0
136902,0.0,22388.0
136904,0.0,107695.0
136905,0.0,11457.0
136907,0.0,920895.0
136908,0.0,5486126.0
136909,0.0,6000.0
136910,0.0,1402141.0
136911,0.0,43858.0
136912,0.0,200379.0
136913,0.0,28483.0
136914,0.0,18840.0
137001,0.0,11672.0
137002,0.0,2201.0
137003,0.0,24834.0
137004,0.0,111992.0
137005,0.0,11956.0
137006,0.0,12479.0
137007,0.0,308892.0
137009,0.0,90976.0
137010,0.0,2642.0
137013,0.0,309420.0
137015,0.0,2199.0
137016,0.0,551786.0
137017,0.0,16167.0
137018,0.0,6782.0
137019,0.0,32423.0
137020,0.0,100340.0
147102,5829443.0,0.0
147106,1183.0,0.0
147108,6000884.0,0.0
147112,6461296.0,0.0
147113,0.0,70556.0
147116,0.0,7715.0
147117,0.0,1348.0
157204,590829.09,18283.0
157207,0.0,17054.0
157208,0.0,351279.0
157209,0.0,105837.0
157210,0.0,5713245.0
157211,0.0,71136.0
157212,0.0,198094.0
157213,0.0,2551708.0
157214,0.0,27099067.0
157215,0.0,423028.0
157216,0.0,1952259.0
157217,0.0,149941.0
157220,0.0,10663.0
157222,0.0,2000.0
157225,0.0,61519.0
157226,0.0,10580.0
157228,0.0,94446.0
157302,0.0,2998.0
157303,0.0,239228.0
157304,1709907.0,3372907.0
157306,0.0,1489671.0
157307,69408.0,576307.0
157308,127497.0,13553889.0
157309,227917.0,243749.0
157310,0.0,24505.0
157311,5342.0,277828.0
157312,0.0,2030535.0
157313,0.0,5971.0
157314,0.0,1137627.0
157315,0.0,117455.0
157316,0.0,14155.0
157317,0.0,561282.0
157318,2529.0,2279060.0
157320,0.0,114578.0
157321,0.0,186948.0
157322,3310.0,2401.0
157323,0.0,322387.0
157324,0.0,303779.0
157325,0.0,336450.0
157326,26140.45,2318882.0
157403,0.0,2064.0
157407,0.0,12837.0
157409,0.0,17826.0
157411,0.0,19145.0
157412,0.0,72295.0
157413,0.0,200685.0
157415,0.0,9264.0
157418,0.0,58201.0
157419,0.0,48551.0
157602,24420.69,0.0
157604,0.0,342517.0
157606,0.0,750888.0
157607,0.0,22426.0
157608,0.0,4370.0
157609,0.0,5764.0
157610,18116.0,1419395.0
157612,0.0,13148.0
157614,0.0,28901030.0
157615,0.0,249895.0
157616,0.0,1100053.0
157806,1593.0,10254.0
157905,0.0,62586.0
157907,0.0,21960.0
158007,0.0,1873.0
158201,0.0,356219.0
158202,2495.0,72928.0
158203,513582.0,33438.0
158204,0.0,18158.0
158205,0.0,2238537.0
158206,0.0,674738.0
158207,395545.0,1038878.0
158208,0.0,9975.0
158210,0.0,5549.0
158211,0.0,28938.0
158212,0.0,115638.0
158213,0.0,14490.0
158214,0.0,32493.0
158215,0.0,109096.0
158301,0.0,502554.0
158302,36853.0,792309.0
158303,0.0,24063.0
158304,0.0,12218.0
158305,0.0,7282.0
158306,0.0,10644.0
158307,0.0,42549.0
158308,0.0,2120.0
158309,0.0,122757.0
158310,0.0,37478.0
158311,2559.49,244375.0
168402,0.0,153692.0
168403,0.0,12000.0
168405,0.0,176973.0
168406,0.0,49446.0
168407,69596.0,28523.0
168408,24929.0,573654.0
168409,23577.0,723906.0
168411,650622.0,9144230.0
168412,129368.0,879184.0
168413,134145.0,3755890.0
168414,197602.0,2869838.0
168415,0.0,1770440.0
168416,0.0,12233.0
168417,0.0,332786.0
168418,0.0,2958918.0
168419,0.0,331201.0
168420,0.0,5396.0
168421,2947.0,4291068.0
168422,0.0,1566865.0
168423,0.0,384461.0
168424,0.0,325677.0
168425,73675.0,581417.0
168426,456454.12,3360527.0
168427,0.0,2293366.0
168428,34483.0,1481272.0
168429,408554.0,30801651.0
168430,17620.0,5103265.0
168431,1584671.0,22153247.0
168432,29366.0,226503.0
168433,0.0,69843.0
168434,0.0,248534.0
168436,0.0,3568.0
168438,0.0,134122.0
168439,0.0,1364.0
168440,0.0,23610.0
168443,2738.0,420012.0
168447,0.0,15281.0
168448,0.0,3310.0
168450,1826.0,246825.0
168451,0.0,36748.0
168452,0.0,21201.0
168455,0.0,2194.0
168456,0.0,3694.0
168457,0.0,10700.0
168458,0.0,47928.0
168459,3995.0,44819.0
168460,0.0,178843.0
168461,0.0,26161.0
168462,0.0,95658.0
168463,76622.0,4857.0
168464,0.0,292956.0
168465,0.0,562333.0
168466,28589.0,2683259.0
168467,13873.0,716085.0
168468,0.0,137141.0
168469,0.0,6944.0
168470,0.0,31691.0
168471,39158.0,3908992.0
168472,0.0,224446.0
168473,4723.0,1132318.0
168474,17034.0,8809824.0
168476,0.0,54255.0
168477,0.0,88392.0
168479,632926.0,18566756.0
168480,1654.0,407989.0
168481,1285750.0,3126321.0
168482,1596.0,101719.0
168483,8871.0,141208.0
168484,0.0,3278241.0
168485,9873.0,7179361.0
168501,0.0,968500.0
168502,119246.0,11112994.0
168503,3530.0,742652.0
168504,5894.0,5957630.0
168505,0.0,94296.0
168506,0.0,234381.0
168507,0.0,291794.0
168508,0.0,293913.0
168509,0.0,328195.0
168511,0.0,150210.0
168512,0.0,41942.0
168513,0.0,20740.0
168514,0.0,213861.0
168515,0.0,162785.0
168516,0.0,745294.0
168517,25972.0,8481656.0
168518,0.0,684584.0
168519,0.0,206378.0
168521,0.0,33741.0
168522,3002.0,66028.0
168524,0.0,27657.0
168525,20156.0,4443931.0
168526,22102.0,8789136.0
168527,0.0,343006.0
168528,2947.0,988686.0
168529,57823.0,311043.0
168531,1853.0,425657.0
168532,0.0,1233.0
168534,0.0,11923.0
168535,0.0,2695835.0
168536,1473.0,3163587.0
168537,134872.0,4360003.0
168538,3010.0,229614.0
168539,0.0,265972.0
168540,0.0,5534.0
168541,0.0,1634.0
168542,0.0,707143.0
168543,5201.0,14154599.0
168544,123670.0,52277868.0
168545,0.0,2596.0
168546,0.0,4723681.0
168547,0.0,1886324.0
168548,0.0,4000.0
178607,0.0,1000.0
178608,0.0,19337.0
178609,0.0,143166.0
178701,0.0,3648006.0
178702,0.0,2989121.0
178703,708347.0,8047089.0
178704,21079.0,29280970.0
178705,0.0,15614198.0
178707,0.0,10034.0
178708,40867.0,13024480.0
178709,1958.0,163796.0
178711,0.0,457173.0
178712,0.0,18024.0
178714,0.0,26535.0
178715,0.0,40829.0
178716,0.0,7514400.0
178802,200000.0,9621953.0
178803,1389817.0,1331894.0
178903,0.0,63027.0
178906,0.0,64379.0
178907,2359.0,816417.0
189001,0.0,3248.0
189004,0.0,4732.0
189006,0.0,16605.0
189007,0.0,4070.0
189014,34303.0,110045.0
189015,289139.0,8417868.0
189016,0.0,1078.0
189017,53039.0,29834.0
189018,14501.0,891121.0
189019,0.0,8293.0
189020,0.0,46779.0
189021,0.0,2301.0
189022,1340.0,69921.0
189023,7688.0,139372.0
189024,6770.0,268994.0
189025,0.0,176898.0
189026,8764.0,937231.0
189027,4072.0,1386349.0
189028,5107.0,33823.0
189029,0.0,9195.0
189030,187105.0,213717.0
189031,3756.0,573607.0
189032,13136.0,71600.0
189033,1198.0,189512.0
189102,0.0,16030.0
189103,0.0,36744.0
189105,32478.0,4748.0
189106,0.0,1253.0
189202,0.0,1151.0
189206,0.0,52747.0
209401,0.0,967806.0
209402,0.0,571687.0
209403,0.0,9602006.0
209404,0.0,604747.0
209405,0.0,7052541.0
209406,0.0,3382010.0
209503,0.0,15961.0
209504,0.0,13710.0
209505,0.0,97525.0
209506,0.0,202304.0
209507,0.0,1000.0
209508,0.0,136480.0
209601,0.0,8268.0
209602,0.0,9066.0
209603,0.0,214909.0
209604,0.0,22084.0
209605,0.0,1403.0
209608,0.0,230586.0
209609,0.0,1107.0
209610,0.0,1656.0
209611,0.0,4000.0
209612,0.0,29712.0
209615,0.0,2788.0
209617,0.0,16985.0
219701,0.0,10730.0
