010101,55877.0,159955.95
010105,57203.0,265004.28
010106,14608.49,0.0
010201,0.0,119812.99
010202,72515.22,757504.4
010203,0.0,112783.33
010204,0.0,173020.63
010207,972928.42,492173.22
010301,4621.0,16843.0
010302,0.0,28353.0
010303,317304.66,1942581.94
010304,0.0,69718.23
010305,0.0,1096.0
010306,0.0,4800.0
010401,14281.0,2379.67
010402,41469.89,5096.05
010404,2696.0,0.0
010405,0.0,6615028.8
010406,22726.0,1875.0
010407,114387.0,0.0
010408,50072.0,71038.32
010409,0.0,5617.14
010410,2200.0,0.0
010504,125722.81,0.0
010507,6680.0,0.0
020603,134987.83,7713.0
020701,22723431.25,3412926.11
020702,20751572.63,0.0
020703,1218520.19,398251.58
020704,17413.62,8989.37
020706,88867.71,69032.68
020707,2482189.25,4471.29
020708,81056.51,5434.48
020709,2692108.7,350978.22
020710,1287.02,154934.17
020712,347592.0,0.0
020713,44874.16,776839.37
020714,1000.0,0.0
020801,0.0,2638.58
020802,51061576.3,1375209.35
020804,21741.69,48021.14
020805,4804193.9,138944.61
020806,64233.62,6841.75
020807,288115.75,0.0
020808,30618723.21,1046956.14
020809,8321527.31,333841.31
020810,49768219.13,202134.4
020813,63875.13,95396.22
020901,3392.0,0.0
020902,24344299.94,232963.88
020910,394384.87,282403.84
021003,6080.0,0.0
021006,112288.17,8973.59
021008,2157.0,0.0
021101,3513937.36,1349.09
021103,8788.0,0.0
021106,11904.59,0.0
021108,0.0,1145.0
021201,0.0,845994.14
021206,289020.0,1053744.14
021207,1305906.0,3031.28
021209,60720.0,0.0
021211,3027857.31,124370.3
021212,118918.0,0.0
021214,2247.18,8943.0
021302,69929.0,0.0
021404,86936.22,14839.13
031509,112408.0,0.0
031512,26151813.49,5636207.29
031515,22950066.0,1699213.14
031516,47347892.06,209635.15
031517,25212112.0,5282423.35
031518,2600.0,3488.69
031519,32497.0,0.0
031522,16242.0,1714.48
041601,15650.93,1008200.0
041602,7601529.9,2955070.12
041604,5758827.87,4061284.99
041701,107997770.09,1944233.37
041702,0.0,16379.7
041703,569472.0,0.0
041704,117655.05,67483.9
041806,1928621.13,38128534.44
041901,0.0,1687183.37
041902,1465566.09,2421670.85
041904,4908.42,37468.9
041905,1631286.7,17856753.66
042001,183618.46,60213.92
042002,951218.48,2842.18
042004,3300.0,3260.88
042005,381598.54,1065166.75
042006,0.0,4145.94
042007,1274230.0,503239.84
042008,2056297.56,262990.24
042009,17343005.93,5151678.29
042101,14175.0,29880.0
042102,0.0,3236.0
042103,404363.28,8176793.26
042104,1077.88,37848.0
042105,105899.0,0.0
042106,682041.0,24535662.91
042201,138474.53,1795095.9
042202,825774.77,13409041.85
042203,239138.0,216506.99
042204,2523302.94,101785.73
042208,10111964.85,9932671.21
042209,0.0,2084.54
042302,8628065.73,3979.29
042303,4400.0,0.0
042304,2924.23,7257071.77
042306,1922778.0,17303.04
042308,4000.0,0.0
042309,4493.88,1155026.25
042401,3559505.63,408383.23
042402,1230280.0,75749456.82
042403,67513.42,447761.91
052501,19940.0,6682.89
052506,26030.0,29012.88
052508,3909733.26,65366.75
052509,0.0,1602.19
052512,0.0,19414.57
052513,0.0,74334.15
052514,0.0,25985.26
052515,16250.0,317851.33
052516,34135.59,54913.07
052520,685190.26,4931284.19
052522,0.0,3568.0
052523,36300.0,12554371.31
052530,88636.56,17667.0
052619,5400.0,0.0
052620,129354.34,0.0
052707,143875.82,0.0
052709,14922194494.62,4360.48
052710,1306675909.7,63146505.78
052711,168498732.85,187085.69
052713,8551716.62,1231987.4
052715,0.0,75823.93
052716,27813427.93,5009965.66
062801,2944030.98,0.0
062804,22117.0,260433.76
062806,0.0,1346.78
062807,529203.0,0.0
062811,30175.0,52920.75
062815,1387362.66,69263.11
062818,3615904.68,0.0
062830,0.0,32548.65
062833,0.0,5222.32
062835,3229.0,0.0
062836,23113.0,593490.26
062839,36743.0,8713.59
062842,0.0,9146.13
062844,4722.0,0.0
062849,17985.44,69930.02
062901,10567461.06,2340.46
062902,0.0,2771.62
062903,0.0,1070.65
062905,8057977.44,4840845.62
062909,417724.99,55055.0
062910,2488551.54,162300.45
062914,1310.35,0.0
062915,22287.77,570611.32
062916,0.0,5415.0
062917,0.0,9992.03
062918,0.0,37479.99
062921,684293.0,867561.45
062922,0.0,9655.0
062923,34251.0,0.0
062925,0.0,3214.0
062929,0.0,33572.6
062931,0.0,1009.0
062934,0.0,4639.0
062936,0.0,56321.0
063001,1380.0,5690.64
063002,10838.0,3159699.33
063004,301359.26,52145817.81
063005,183282.81,411656.82
063006,0.0,30879.0
063102,195070.48,240996.11
063103,16000.0,0.0
063104,77355.0,757604.34
063105,291857.0,0.0
063204,6654.0,7399.0
063206,0.0,2250.0
063207,0.0,8006.0
063208,281997.79,395265.18
063209,190203.44,226217.27
063210,1395.0,10297.97
063212,5527.0,22303.06
063214,1008.0,550769.39
063215,0.0,20923.0
063301,0.0,142233.0
063302,0.0,123973.0
063303,172577.0,7203311.26
063304,169677.28,2749515.46
063305,19845.86,3152921.95
063306,20230.0,185542.97
063307,2022.66,2165221.6
063401,61809.96,2733733.28
063402,171425.0,361904.4
063403,17635.85,89099.71
063405,0.0,29156.96
063502,19375.0,54285.77
063503,0.0,9889.0
063505,19290.0,0.0
063506,41326.77,357078.67
063507,0.0,24651.0
063702,0.0,2787.0
063707,0.0,150553.0
063801,343386.0,0.0
063802,0.0,58719.18
063804,17874.0,52399.28
063808,23024.0,491065.69
063809,0.0,6400.0
063811,199312.0,0.0
063812,28160.0,60647.66
063813,0.0,3109.2
063814,23400.0,15651.16
063815,0.0,13258.44
063816,0.0,193873.17
063820,488709.0,2634903.35
063821,0.0,6321.83
063822,29212.0,133301.94
063823,3240439.25,11693644.35
073901,35933937.32,12391699.27
073902,48000.0,0.0
073903,47111.0,0.0
073906,182729.17,0.0
073907,2611088.14,8063248.6
073908,0.0,1966.0
073909,0.0,2430.0
073911,20118366.12,204159.68
073912,120591.0,467408.0
073913,0.0,330564.0
073915,12227.04,0.0
073916,153755.33,654056.15
073917,1985486.34,1452925.19
073918,6045.2,401895.25
073919,8571.0,90561.79
073920,256351.33,735315.18
073921,3420.0,188492.84
073922,4348.0,2743720.54
073923,787764.54,14002089.33
073924,4522.26,114613.05
073925,11322.0,7888.22
073926,82614.57,1372290.45
074001,1800.0,0.0
074002,0.0,11743.42
074006,0.0,3625.0
074008,0.0,159817.0
074009,33963.0,2045367.47
074010,2600.0,20632.06
074011,6922.47,731719.0
074012,2201.53,13817.63
074013,14875.0,228259.66
074014,1291.0,14933.0
074015,0.0,25134.56
074016,21084.0,321101.41
074017,0.0,8106.95
084101,60061.0,0.0
084102,2395519.04,0.0
084103,9736.21,0.0
084104,5357996.12,29204.46
084105,273904.68,49956.0
084202,5793.0,90468.58
084203,3647.0,26900.0
084303,0.0,35337.0
094402,0.0,17334.93
094407,618683.82,157131468.59
094408,663912.52,108506.98
094409,0.0,50011.4
094410,0.0,316324.64
094411,0.0,250062.8
094413,46709.0,2019.0
094414,4905.6,0.0
094415,24662.77,0.0
094417,8000.0,0.0
094418,36048.86,1746774.41
094420,5453.0,114670.29
094421,285545.44,589496.82
094602,0.0,1150.0
104707,5300.0,0.0
104801,200694.0,0.0
104802,7200.0,7968015.81
104804,4134.14,7457.14
104805,0.0,4064.0
104806,0.0,1542.63
104811,0.0,35394.0
104813,0.0,315268.26
104814,0.0,5505.0
104817,0.0,5103.0
104818,150961.0,254426.79
104819,1270056.69,721261.37
104820,0.0,8124.06
104821,68098.0,410868.4
104823,120691.4,38723.79
104901,115929.84,1384198.72
104902,163984.63,22901.0
104907,1926629.63,9180939.67
104910,4124.0,6966.7
104911,202699.92,1906778.01
115002,210094.0,0.0
115007,875313.0,0.0
115112,11698.0,223711.62
115201,18404807.71,57066.74
115202,27431.0,9614.14
115204,0.0,2354.0
115205,11106590.14,11348.9
115206,135240.0,0.0
115209,1217.0,1150.0
115401,2407.0,0.0
115402,841397.03,120806.53
115407,3302201.96,216003.7
115509,4444.0,0.0
115514,96090.0,460445.07
115601,5800.0,7994.85
115603,0.0,5481.0
115607,18717.0,242577.26
115609,0.0,13347.0
115701,446593.84,136861.23
115702,260851.0,405564.34
115703,68594.0,1519710.16
115705,9225.92,284086.82
115801,3200.0,160343.8
115805,0.0,1846.0
115806,82517.31,3268.0
115807,1471.0,0.0
115903,57809.83,0.0
115904,0.0,3141.75
115906,0.0,3540.0
115907,0.0,5533.0
115909,124894.0,119456.0
115910,0.0,7140.0
115911,0.0,27723.8
116001,83000.0,0.0
116102,0.0,1525.0
116104,0.0,61569.0
116106,0.0,7604.0
116107,93431.0,2138.0
116108,86053.0,65698.0
116109,33695.0,1638083.06
116110,7474.0,27848479.76
116111,42026.0,23619.0
116112,49966.0,5412.0
116114,0.0,10205.0
116115,1994091.76,67035.69
116116,6695.0,8700.0
116201,2074.0,1923517.46
116202,4081.0,64652.0
116203,30998.0,1938202.1
116204,7722.0,2840750.01
116205,1177.0,3012489.9
116206,0.0,25165.0
116208,1159.0,0.0
116209,13910.0,499379.0
116210,196801.0,7153.0
116211,52326.0,106296.92
116212,37475.0,33344.0
116214,13140.0,11569.0
116216,1676.0,2485.85
116217,0.0,4547.0
116301,1395.0,0.0
116302,25517.0,519056.18
116303,0.0,1440.0
116304,8173.0,2691.0
116305,10043778.86,732235.0
116306,61148.0,198255.83
116307,6386.0,1094830.42
116309,139528.5,1686393.66
116310,5728.0,1403.97
126403,147264.06,257259.58
126405,0.0,4316.0
126505,0.0,1247.45
126506,2584.0,11475.0
126507,1260.0,2505.0
126601,1388.0,8688.0
126703,20000.0,0.0
126704,97000.0,0.0
136802,744617.16,4335395.1
136804,2000.0,184995.25
136805,3228.63,494783.17
136806,0.0,51071.6
136807,11229.0,0.0
136808,0.0,9423.0
136809,0.0,24617.0
136810,92034.59,149130.59
136811,0.0,26627.0
136812,2112.01,0.0
136813,19848.0,256395.74
136815,0.0,114529.07
136901,0.0,2008.43
136902,3017.3,55833.74
136903,0.0,58976.76
136904,104040.47,27704.69
136909,1140.0,41134.73
136910,0.0,6969.05
136912,4555.0,85387.3
136913,7672.0,16209.8
136914,3644.24,6325.0
137007,0.0,3908.0
137008,2896.0,0.0
137009,4292.0,551245.3
137010,104237.0,1111206.65
137011,4532.0,0.0
137013,127214.46,134334.94
137016,4050.0,0.0
137017,0.0,11563.54
137018,3285.14,1084.0
137019,4642.2,3425.64
137020,1170.0,0.0
147102,2556616.0,0.0
147106,57134.0,0.0
147110,15123457.0,0.0
147112,535000.0,0.0
147113,34312853.0,68262925.27
147115,0.0,2170.4
147117,0.0,136689.21
147118,0.0,1182002.0
157202,375000.0,0.0
157204,163631.69,3330.01
157207,6726302.0,0.0
157208,178924.84,3125535.71
157209,9625.0,0.0
157210,9045.0,30330718.62
157211,11492.66,0.0
157214,168000.0,149391.34
157215,1246.96,0.0
157216,13064033.97,234623.93
157217,47215.09,1116800.78
157218,41739.55,0.0
157220,1948.74,0.0
157301,215163.31,258416.38
157302,11000.0,68451.39
157303,92204.0,0.0
157304,6532225.77,26060870.9
157305,4575041.29,7056347.23
157306,2051205.79,34284038.91
157307,558853.33,5831175.1
157308,64867213.29,54522000.08
157309,133758.12,256215.55
157310,151404.15,52700.98
157311,316569.9,651938.17
157312,747478.47,1221550.76
157314,3315.89,3050.92
157315,1287.0,15884.0
157316,0.0,1182.0
157318,590924.68,1233138.82
157320,0.0,144740.24
157321,29947.0,0.0
157322,4682.0,0.0
157323,182365.01,4386259.82
157324,0.0,3494.81
157326,516215.55,15548098.58
157401,14880.0,0.0
157403,6190464.95,19773.0
157404,388398.25,6846.75
157407,560273.67,57447.23
157408,79800.0,1149695.11
157409,14400.0,162731.29
157411,96200.0,825648.21
157412,242922.52,30520.0
157413,0.0,3709.0
157415,1738420.0,14904.72
157418,1800.0,0.0
157419,12568.0,58892.15
157601,88464021.72,293036.08
157604,131592.06,11099976.13
157606,23153.0,5509841.32
157607,0.0,1734.0
157610,0.0,9540.0
157615,0.0,1625.0
157616,21544.12,287932.36
157801,1056069.01,0.0
157802,195250.0,0.0
157901,38400.0,177906.85
158108,1000.0,33474.51
158113,1000.0,3309.0
158202,30050.0,70398.55
158203,19844.0,171695.34
158204,658203.0,39625.25
158205,37081.2,1665737.37
158206,0.0,3059.84
158207,537830.0,8237300.69
158208,13273.0,87873.58
158212,0.0,16229.0
158215,14140.0,51757.02
158301,0.0,16539.0
158302,13876.0,7086338.26
158303,0.0,34393.0
158306,94929.0,21628.55
158307,10438.0,24070.04
158309,1850.0,553167.77
158310,16922.0,5862.0
158311,57690.0,112228.62
168402,77011.0,115699.39
168403,1200.0,63198.0
168404,0.0,21000.0
168405,153000.0,0.0
168406,0.0,2576.0
168407,0.0,263482.55
168408,12144.0,1776607.0
168409,142969.0,4566476.97
168411,14713137.0,33741013.47
168412,239819.0,2421010.3
168413,2137685.98,24162198.26
168414,202941.6,9180735.6
168415,499640.15,858638.65
168416,2492.0,10012.56
168417,20250.0,1114918.12
168418,243468.54,12398809.56
168419,578587.34,11408012.43
168420,1021.0,37214.68
168421,198318.5,15579750.43
168422,158703.61,9815222.6
168423,1126.0,23256.05
168424,233565.0,196216.76
168425,615014.81,9189795.89
168426,385279.0,2340518.49
168427,860821.0,0.0
168428,5829390.44,2566744.57
168429,1736888.76,8195725.36
168430,5123094.25,26621192.1
168431,8439712.1,76263175.44
168432,1000.0,661732.41
168433,0.0,69045.18
168434,0.0,59130.0
168436,105900.0,0.0
168438,30901.57,2262419.04
168439,5000.0,4500.0
168440,0.0,9428.0
168441,275924.0,210621.52
168442,0.0,3593.0
168443,13621.35,3289132.6
168448,0.0,119860.0
168450,0.0,18740.0
168451,9352.0,0.0
168452,2700.0,1333.0
168454,12100.0,0.0
168455,7019.72,0.0
168458,23420.0,0.0
168459,52267.0,5188.0
168460,45609.0,47107.28
168461,5500.0,0.0
168462,360177.0,6429590.35
168463,19493.0,307792.44
168465,13659.0,440828.32
168466,416342.0,4822901.19
168467,11972.0,287617.42
168468,6020.57,136884.01
168470,26000.0,1092898.87
168471,1222510.17,27937065.85
168472,1300.0,31044.0
168473,59474.92,5118881.08
168474,437315.96,23594714.52
168477,374098.0,220996.23
168478,2273.73,66992.0
168479,1056865.24,52112427.54
168480,162645.0,898346.43
168481,5402554.75,73416789.45
168482,276991.4,679736.51
168483,1151791.9,3453164.89
168484,3020.65,17840.41
168485,1811124.0,7989547.54
168501,793872.0,2309222.56
168502,475575.24,11069820.89
168503,5229.0,17167.0
168504,1508795.73,34239865.82
168505,2931.0,0.0
168506,0.0,33582.0
168507,385794.0,778181.97
168508,2395.0,7599.0
168509,4093.0,41624.0
168511,1839.0,226287.71
168512,22835.0,327868.07
168513,0.0,8408.17
168514,53468.0,60028.0
168515,65653.0,541060.53
168516,38555.27,1383648.9
168517,842521.18,58582768.92
168518,4934.0,81611.0
168519,1400.0,17960.0
168521,21393.0,115589.64
168523,38928.19,997312.13
168524,8619.0,1335136.52
168525,38132.0,10757873.55
168526,273519.39,1041134.11
168528,23193.76,523622.19
168529,1915360.0,5568962.52
168530,2000.0,656022.42
168531,1395.0,269717.36
168532,5552.0,8336.0
168533,46339.0,0.0
168534,0.0,6927.0
168535,24403.0,3419771.36
168536,423759.99,2118632.37
168537,978186.31,4297370.56
168538,15868.0,40931.27
168539,20846.0,768738.63
168540,0.0,86365.0
168541,18757.0,418401.59
168542,1395.0,524332.19
168543,392157.0,1419616.84
168544,1059609.34,13738460.71
168545,0.0,1621.97
168548,0.0,1192.0
178602,433039.73,0.0
178606,879495.47,1103135.0
178607,5278.0,476191.21
178609,163991.21,194623.93
178701,1130553.0,7951228.38
178702,53984.0,5921401.65
178703,458564.58,75100967.98
178704,1643602.63,51860994.69
178705,1029585.71,12295769.38
178708,82388.74,22368178.34
178711,9093.0,15110.0
178712,2000.0,62163.23
178714,0.0,1457.0
178715,0.0,1630.0
178716,345112.15,6254476.57
178802,122000.0,38471902.0
178803,49330.44,10393295.89
178805,5820.0,1575850.0
178901,28697287.58,160000.0
178902,44743.0,0.0
178904,17431513.63,0.0
178905,121609422.37,1261034.36
178906,1819501.56,0.0
178907,0.0,53368.0
189001,0.0,25953.0
189002,0.0,1106.0
189003,0.0,22981.0
189004,16683.0,77169.26
189005,48790.0,945912.64
189006,0.0,11100.0
189007,2288.0,67914.59
189010,30329.0,0.0
189011,0.0,52692.31
189013,22859.0,4046489.36
189014,4426.74,257710.94
189015,3972700.24,22686536.67
189016,0.0,3397.09
189017,1250.0,4100.0
189018,79474.0,30726417.51
189019,1245.0,1156851.4
189020,0.0,12590.21
189021,0.0,2054.21
189022,266329.0,7586454.97
189023,217810.0,804241.13
189024,120535.0,0.0
189025,66243.0,143537.97
189026,1248562.83,3896018.26
189027,1489646.2,4814506.81
189028,3216722.14,2493273.32
189029,1395.0,6088.0
189030,209838.0,2863769.52
189031,337153.71,6600247.54
189032,5288.0,380694.28
189033,16737.0,65814.61
189101,2563776.0,9046793.77
189102,125257.0,5149746.41
189105,1973.0,78610.81
189106,0.0,19600.0
189113,0.0,1953.0
189114,0.0,3234.0
189201,5605.0,0.0
189202,12169.0,0.0
189206,8188.0,0.0
189207,1000.0,1000.0
199305,703974.0,25908.0
209401,222227.81,1641306.15
209403,7046157.96,54821509.8
209404,92075.0,153406.0
209405,32754.0,2672626.93
209406,364216.8,1843324.99
209503,5135.0,38576.19
209504,0.0,6633.0
209506,143859.99,128104.68
209508,2025.0,0.0
209603,96804.57,57329.25
209607,2348.0,0.0
209608,0.0,3515.96
209613,1861.0,0.0
219701,304803.53,11212039.28
219703,146424.6,0.0
219704,25949.0,0.0
219706,139913.0,0.0
