010101,3040133.74,622998.45
010102,0.0,34706981.93
010103,0.0,483599.16
010104,0.0,32199.39
010105,1006808.34,7396989.36
010106,2940706.56,215794.68
010201,1780.66,2460298.38
010202,16933.05,38482376.17
010203,1135.0,10467830.48
010204,0.0,1131843.06
010206,0.0,6336072.47
010207,59798.1,4859829.02
010208,0.0,66756.23
010209,0.0,2750324.74
010210,101377.03,1389572.62
010301,28408383.48,3585275.22
010302,37932176.27,699228.41
010303,51731682.61,42115996.14
010304,19879074.7,3785659.07
010305,11203885.86,1156277.18
010306,141022791.63,4311471.23
010307,55568467.36,7543535.83
010401,794311.31,25415149.8
010402,30111001.67,253148775.85
010403,84963.31,19710051.76
010404,22226.64,14234472.5
010405,52661.37,10253509.04
010406,587606.64,32877874.85
010407,128487.0,126469.55
010408,0.0,1365932.69
010409,1519.24,182957.92
010410,16178.58,6461.0
010501,26721.0,62313.0
010503,0.0,2135.0
010504,25608.41,1333532.27
010505,0.0,124310.81
010506,5434.47,8190.0
010507,17364.83,40857.73
010508,5569354.75,827297.97
010509,308705.56,3821.79
010510,6010.0,5580.0
010511,1722362.24,1255776.82
020601,280075.21,218402.26
020602,1664644.16,535556.29
020603,970736.35,272551.04
020604,4562353.58,50368.21
020701,3139.92,1155869.94
020702,25901.2,10636.83
020703,8576472.75,7385837.65
020704,0.0,440584.37
020705,6080.0,382045.2
020706,18475.35,293359.03
020707,0.0,1123.0
020708,35406.91,2295.74
020709,15541295.95,796984.12
020710,268679.02,2153750.51
020711,704339.92,297398.47
020712,460178.77,5759045.07
020713,354029.04,17046777.86
020714,966191.39,1671.0
020801,85956049.07,444320.52
020802,56553.69,1349848.03
020803,628092820.49,91831.0
020804,121055039.09,48873.48
020805,60895.44,6801841.38
020806,50017.48,2464025.37
020807,6138954.17,96105.8
020808,200298.48,13907499.72
020809,2406.57,56828.29
020810,175347.84,1086458.67
020811,1473167.59,692212.02
020812,123703.78,340956.29
020813,976371.19,819246.26
020814,8275.98,30443.38
020901,131841.35,2440944.27
020902,169279.09,1960180.56
020903,20818.16,0.0
020904,72144.23,1425691.39
020905,67152.77,260777.81
020906,6127.05,32942.33
020907,0.0,7856.15
020908,0.0,54392.63
020909,1232.0,60507.17
020910,607292.22,1202078.07
021001,0.0,87415941.9
021003,0.0,343877.75
021004,0.0,716281.73
021005,647136.94,20403603.48
021006,90390.72,20141318.5
021007,0.0,435138.45
021008,58150.69,460834.69
021101,1367719.89,1122012.64
021102,36685.06,514510.95
021103,15910.45,3695478.21
021104,20084.0,2783506.66
021105,40580.89,2268534.08
021106,3665721.17,315086.17
021107,0.0,17550725.57
021108,127923.64,23251922.25
021109,0.0,162537.91
021201,0.0,20562502.08
021202,3572.76,16265823.84
021203,1313937.24,8225559.93
021204,0.0,1875.04
021205,0.0,73499.55
021206,0.0,321164.65
021207,136943.25,647991.29
021208,0.0,13338.17
021209,1395175.13,3201463.77
021210,9000.0,442787.33
021211,253705.72,489211.01
021212,32298063.42,2840283.25
021213,0.0,28559.0
021214,83150.46,1415261.47
021301,1825174.22,4076671.45
021302,76289778.39,9842894.06
021401,922161.21,1022777.66
021402,52874.34,7810.43
021403,214191.0,0.0
021404,1385833.04,269551.55
031501,23718.0,904705.94
031502,0.0,2158946.55
031503,0.0,519623.26
031504,640213.05,755813.65
031505,2429.0,51189.07
031506,0.0,13067.83
031507,989087.07,3032522.59
031508,0.0,4943.92
031509,0.0,831321.33
031510,3074.68,36162.46
031511,3768803.9,14909030.1
031512,0.0,403653.11
031513,392494118.72,630595.68
031514,0.0,1096791.64
031515,162824.04,2028841.97
031516,247318.14,6658729.19
031517,278218.11,6997636.46
031518,48952.98,306647.76
031519,45024961.99,2892487.7
031520,11528645.51,901991.05
031521,1094.0,561894.78
031522,0.0,29107.11
041601,179454.81,565421.82
041602,791342.68,26793400.68
041603,3878.5,230471.41
041604,194303624.8,2190800.29
041605,31677325.55,1461091.78
041701,35083941.72,35995941.33
041702,532093.11,16464503.86
041703,12062483.08,667616.68
041704,21036398.65,20151118.12
041801,596925.05,9097666.71
041802,0.0,88738.57
041803,647807.28,5168077.81
041804,7468608.29,39475.19
041805,2159953.15,13982215.56
041806,4325748.91,35990496.01
041901,33880849.23,76755115.7
041902,9394813.09,14766072.04
041903,107460.05,79274.27
041904,15288796.46,2938386.89
041905,15078053.63,18795733.07
042001,197930.87,240601.35
042002,112176.01,6199430.62
042003,0.0,2993155.19
042004,187378.41,16633743.65
042005,2831091.85,4818570.04
042006,605135.95,518089.13
042007,3193604.37,1628882.85
042008,210042345.29,22238426.1
042009,80828636.18,8513363.45
042101,4927830.2,13370058.1
042102,257848.86,6929768.02
042103,12605236.49,12344728.58
042104,3915757.39,3021288.81
042105,2039115.13,242095.28
042106,27294589.68,152813680.21
042201,437182.88,262181.67
042202,13554836.94,8853728.42
042203,8788774.35,1014944.19
042204,52221.06,6865556.23
042205,23198.0,1402545.46
042206,226626.5,277221.36
042207,222237.0,9662177.01
042208,7324041.71,43393001.67
042209,1735902.82,343131.88
042301,1083981.22,19585215.82
042302,5005.0,7350139.16
042303,49918.66,675873.77
042304,1304.79,128742655.65
042305,0.0,1340.41
042306,30705970.95,662522.88
042308,454096.85,93148.15
042309,5786177.67,73971514.28
042401,29199271.46,77659166.84
042402,22417207.12,131734182.94
042403,1293869.7,10324441.48
052501,158015.84,6687177.1
052503,179409.0,19533939.47
052504,4593.37,90533.12
052505,591345.45,2372975.74
052506,0.0,15552.71
052507,4657.27,1909486.44
052508,63443.52,4369961.06
052510,0.0,24561400.49
052511,71566.42,133520.28
052512,201410.12,13376.61
052513,335767.44,646095.3
052514,31706.85,14039.77
052515,2838622.29,656053.77
052516,638689.78,497835.86
052517,7252307.85,480812.27
052518,6338038.9,125995.84
052519,121039.01,623525.69
052520,7999.51,873615.52
052521,2793214.32,111933.57
052522,0.0,78653.86
052523,25705893.57,17812528.18
052524,6100.0,1148572.28
052525,0.0,157076.31
052526,7519.89,2595728.38
052527,0.0,2162.12
052529,0.0,466336.62
052530,1165400.69,2214825.72
052601,104966506.19,52170944.5
052602,1611.85,45754.19
052603,28131411.15,185954527.99
052604,33343376.98,0.0
052605,0.0,1397.58
052606,0.0,187565.21
052610,2560428.88,0.0
052614,0.0,198749.08
052615,0.0,182665.0
052616,21276771.0,10291.0
052617,4025.0,65927.82
052618,0.0,932297.52
052619,0.0,328252.0
052620,2923858.94,238860.24
052621,278687.9,13488258.91
052701,4600.0,132368163.02
052702,9018.24,0.0
052703,46684.55,27809.1
052704,0.0,3812651.7
052706,0.0,14373.28
052707,8049822.78,4549088.38
052708,0.0,16767.0
052709,111927308.79,988253610.33
052710,234048567.51,727978861.95
052711,24043068.17,166161975.98
052712,315731.46,8836890.8
052713,3400.0,380995.26
052714,8659.0,4689732.23
052715,17697.39,42993.02
062801,2505.0,355291.07
062802,0.0,113095.53
062803,369775.61,5862890.79
062804,4157412.96,11462592.05
062805,97976.0,68877.75
062806,2157.0,176407.46
062807,5055291.12,2252060.23
062808,0.0,1144692.64
062809,18053869.29,1359066.95
062810,0.0,221144.71
062811,1269803.83,6507307.66
062812,18996.0,18736.61
062813,0.0,1753.0
062814,1169.18,23403339.19
062815,10674.34,12820126.75
062816,0.0,113044.3
062817,10718.52,1941859.04
062818,13541.0,2592011.03
062819,0.0,477673.56
062820,0.0,1210985.91
062821,17848.32,1242542.15
062822,217745.96,119916.36
062823,23588.0,2185254.71
062824,0.0,659652.88
062825,911131.02,794422.82
062826,0.0,416558.79
062827,48775.53,1960998.63
062828,1500.0,5591006.56
062829,93157.26,805332.68
062830,0.0,263294.56
062831,0.0,879847.16
062832,3887.0,1517260.61
062833,1546193.24,14497916.22
062834,123051.51,2959894.93
062835,372778.83,13415499.17
062836,2214474.67,26171498.21
062837,2420.0,2459424.28
062838,0.0,6577.22
062839,69293.0,2154752.13
062840,0.0,500292.72
062841,205508.31,3648755.44
062842,2094180.4,1368316.22
062843,0.0,4492831.89
062844,2412.0,765464.39
062845,0.0,63732.0
062846,23858.0,135600.41
062847,0.0,3300873.34
062848,0.0,13262.0
062849,1388978.49,1936706.07
062850,91799.0,27298.42
062851,131393.87,1523923.88
062901,258123.84,64064493.35
062902,43176.0,27709415.81
062903,171041.0,47033939.31
062904,1454.68,1491499.05
062905,11887562.41,35367982.82
062906,27945.21,1206545.4
062907,210179.81,2042526.74
062908,900352.61,1225197.18
062909,1764041.93,4780114.74
062910,358940.92,367020.08
062911,0.0,7482.07
062912,82779.78,3094901.27
062913,0.0,4763.21
062914,149982.53,4099004.23
062915,1914238.53,22485401.36
062916,237870.5,14051960.51
062917,19267.03,14060907.26
062918,353455.62,10439860.93
062919,285943.76,324772.26
062920,94854.48,2571639.6
062921,9324777.64,4413305.49
062922,814785.87,33994519.03
062923,56401.34,2335897.75
062924,165426.54,14489978.48
062925,1686.0,857657.46
062926,4757.0,848810.4
062927,32508.0,1058700.85
062928,0.0,33849.11
062929,4180.34,11350354.12
062930,61906.46,11982924.31
062931,1166.0,742340.76
062932,180039.0,809239.68
062933,159723.58,16127924.21
062934,47629.71,8316635.92
062935,8005.0,899998.75
062936,394823.42,28044701.01
062937,25073.0,2531533.3
062938,0.0,163704.38
062939,106202.9,2522688.58
062940,9839.11,927399.44
062941,66568.0,18122260.13
062942,167910.45,1204580.08
063001,39617.0,305751.48
063002,40923.22,13504893.27
063003,894767.29,11403121.14
063004,18295542.18,214743070.52
063005,4332607.94,7378492.34
063006,176693.44,10221014.07
063101,1062523.07,90116.36
063102,14360568.18,58744954.81
063103,0.0,341253.26
063104,870183.27,27340441.63
063105,48515416.67,46306810.71
063201,8737.81,587566.44
063202,1388.0,267608.26
063203,385051.59,576233.48
063204,1164577.79,34398748.9
063205,619813.32,1325953.49
063206,4905622.77,46475713.96
063207,322938.89,14158325.12
063208,3441058.08,23201277.5
063209,422977.99,4848039.82
063210,233447.91,2131789.18
063211,27310.39,317727.94
063212,5098577.2,3468275.83
063213,49911.94,762995.09
063214,509502.94,6779762.57
063215,28520264.84,28586758.78
063301,322082.13,13526668.7
063302,3966243.07,71825949.05
063303,2120682.65,6990866.23
063304,12049781.49,21609345.98
063305,2447165.41,9292425.47
063306,429915.33,5373106.94
063307,3194920.85,13348514.55
063401,6226874.8,17757502.95
063402,14130271.13,62658332.48
063403,359737.54,11937154.11
063404,123472.77,4620654.15
063405,331493.74,6972454.21
063406,2254054.1,641683.22
063407,202743.51,2806693.28
063501,497786.81,8705840.43
063502,5746.0,2726580.01
063503,589058.36,2333466.29
063504,4191.38,1736794.16
063505,192526.68,17765588.08
063506,4264513.49,26931667.52
063507,134170.0,4811616.98
063601,10200.0,928468.02
063602,2709803.71,434298.26
063603,4270743.3,1988953.65
063604,97074.44,159433.24
063605,154156.33,29730.54
063606,1143785.54,285568.55
063701,661703.0,11698389.09
063702,307524.0,28348169.48
063703,99838.0,14577302.22
063704,9048.0,48301.52
063705,251586.0,831454.88
063706,101931.38,1665323.54
063707,3481256.59,16914517.2
063801,6900.68,661949.52
063802,37499328.83,2260315.53
063803,0.0,70007.08
063804,0.0,403520.3
063805,0.0,63903.19
063806,113394.93,1594902.8
063807,0.0,43943.77
063808,6377239.45,83608412.63
063809,678407.79,6983957.62
063810,2245250.11,29029943.78
063811,351689.08,26544210.21
063812,1006120.4,8216827.48
063813,5538.09,459691.31
063814,213898.93,3343148.18
063815,1080829.54,4342664.14
063816,110200.0,1475180.44
063817,0.0,11967518.42
063818,7969397.28,40117235.44
063819,99248.9,4367288.79
063820,1182.0,789824.74
063821,268792.08,539575.08
063822,39531.98,15616217.2
063823,6809089.87,73000248.75
073901,4742606.81,101875316.76
073902,2111764.37,81466722.88
073903,4605219.97,40667356.37
073904,11663867.62,17215832.52
073905,468995.42,5601490.81
073906,8302064.58,12783817.74
073907,15889914.76,131826669.92
073908,1478941.27,8959362.18
073909,1382383.17,30576338.82
073910,106422.72,12097728.37
073911,375217.85,9062833.86
073912,742020.54,5553942.47
073913,141273.95,5348878.35
073914,0.0,1711182.46
073915,6460714.45,2183395.4
073916,43221.94,1507086.94
073917,1813747.0,37484131.47
073918,3558183.53,4020895.2
073919,16996543.16,59510617.14
073920,50731130.56,89076680.99
073921,3434097.66,52509283.18
073922,16310607.05,2724725.05
073923,53006462.58,102637986.74
073924,15321175.38,21358577.52
073925,14120948.13,5516186.09
073926,60292717.04,110590731.17
074001,22395910.24,2085012.04
074002,357760.49,23610393.75
074003,3725.91,105954.2
074004,139095.54,77404.04
074005,1576977.78,9969951.94
074006,0.0,570232.56
074007,77156.2,1917502.28
074008,77960.72,1992230.9
074009,4572526.76,7822839.46
074010,3621786.54,10490343.18
074011,35584641.58,78673845.54
074012,1054434.85,1578245.2
074013,1984381.37,4738908.59
074014,62321.71,1649117.4
074015,1151229.28,6109337.92
074016,23028104.93,28541415.68
074017,1670058.9,589002.67
084101,514234.37,246600.04
084102,0.0,9023.0
084103,4610.25,869203.31
084104,668366.86,35871249.09
084105,690875.22,8711471.23
084106,155449.0,369271.11
084107,2160760.76,6138538.85
084108,0.0,6574.51
084109,31427.0,272485.11
084110,15968.0,52013.27
084111,103731.78,991878.74
084201,847051.11,50123.85
084202,196055647.89,17154875.66
084203,68738990.59,3138268.81
084204,83576.0,43069.11
084205,1254903.83,649739.52
084206,13386.0,15518.0
084302,69236.0,151563.09
084303,1112010.53,169181.77
084304,91027.54,31241.39
094401,401780.31,144920.07
094402,7480918.52,18804.51
094403,2188234.81,24005854.42
094404,151103.79,566473.69
094405,2241.93,166390.76
094406,0.0,30074.0
094407,17504323.53,92954899.17
094408,3486103.93,24422322.76
094409,14259457.14,1432219.8
094410,165866.51,3120966.51
094411,1465157.49,13161647.78
094412,16068838.61,18773379.55
094413,63125.06,99123.21
094414,2381365.59,1592530.78
094415,736514.3,2736779.14
094416,0.0,1496316.56
094417,23816.77,10270.83
094418,104599387.05,3003013.23
094419,5532980.02,189457.36
094420,23105723.36,372028.61
094421,14493001.37,2113889.38
094501,34393.3,63517.76
094503,4640.0,29871.85
094504,184570.81,145702.96
094601,8539379.86,204325.15
094602,67620509.82,557719.15
104701,0.0,155811.02
104702,62436.92,1180557.31
104703,417573.54,8733895.33
104704,76974.54,433886.24
104705,0.0,2271177.06
104706,50844029.61,3358637.4
104707,200575.26,26417453.01
104801,52160251.61,5386298.2
104802,2080359.22,50554746.16
104803,8016.11,3218944.33
104804,41418.07,65461864.72
104805,139532.19,30145644.7
104806,4341.04,3633759.44
104807,1606.29,1395022.23
104808,83289.25,4059543.09
104809,37369.03,5168810.16
104810,269301.47,64214835.93
104811,3621115.37,32826709.95
104812,18932.1,497583.43
104813,406657.22,2321515.77
104814,782472.94,555686.66
104815,0.0,170027.63
104816,23022.23,1216363.63
104817,380947.78,1893861.07
104818,11083911.81,36965786.07
104819,6671253.87,13517361.48
104820,14257533.72,4136969.9
104821,1178645.84,19459773.48
104822,269299.28,3526949.87
104823,10602844.04,21938256.11
104901,3437740.77,50937825.65
104902,935065.06,6921096.94
104903,314098.7,199275.55
104904,0.0,53598.0
104905,383128.49,227550.7
104906,40838.0,166260.73
104907,55791.68,4084481.87
104908,819387.07,580032.32
104909,1073686.12,251031.83
104910,304342.76,260948.76
104911,5610996.8,17559114.16
115002,0.0,56341.99
115003,0.0,8096.0
115004,29496.0,140518.74
115005,102716.0,547639.0
115006,0.0,1134.0
115007,756315.43,2612291.12
115101,0.0,652056.11
115102,0.0,53080.0
115105,5977.71,1278805.41
115106,317707.24,2122721.28
115107,801679.63,1500637.43
115108,15716.0,2002103.0
115109,0.0,564603.21
115110,0.0,1967.0
115111,1425620.26,9735937.61
115112,1191621.1,17732958.34
115113,0.0,225278.12
115201,0.0,15547116.75
115202,9688.74,1112798.95
115203,98418.93,1027258.44
115204,514686.7,1249939.93
115205,3826317.63,31149785.06
115206,7776660.28,8963780.62
115207,1357010.63,1393530.71
115208,4473640.06,112655341.98
115209,16731930.78,145263569.37
115210,1888821.66,12031099.75
115211,958800.41,9494845.88
115212,220289.0,2563084.85
115301,5159.51,0.0
115302,7062.49,0.0
115303,171995.66,84980.16
115304,161267.42,151230.56
115305,12198795.88,85138.17
115306,20350.76,38235.19
115307,22260.62,635510.02
115308,72033.36,690825.48
115309,207305.66,6559737.0
115310,214070.0,157025.36
115311,2440511.04,422280.54
115401,4846383.18,5920134.48
115402,2849331.99,50345798.52
115403,136195.38,3223665.93
115404,28956.53,1210524.24
115405,8555.57,4724.0
115406,353179.58,1330135.92
115407,41908751.25,142110169.56
115408,1056266.0,14764177.51
115501,8647.7,3356197.15
115502,0.0,14058838.56
115503,0.0,18540769.95
115504,0.0,2762866.09
115505,397540.46,302387.82
115506,17736.94,457314.4
115507,7559.13,4046.0
115508,669982.75,6587098.97
115509,36442310.21,49455432.96
115510,4668942.16,2192337.19
115511,8799.45,133024.09
115512,1716904.49,10961658.88
115513,333691.32,19685109.45
115514,418545.0,5390263.09
115515,4875821.77,14461864.91
115516,4702741.85,36288900.76
115601,19181301.17,3213834.86
115602,129870.3,2642713.03
115603,650843.83,14274363.9
115604,835466.85,666654.25
115605,0.0,159916.3
115606,276629.46,1466866.22
115607,26068628.94,4150174.96
115608,6424158.97,1671279.58
115609,2106206.77,246164.36
115701,459371.47,540233.1
115702,384388.18,585493.51
115703,4590585.0,1582871.34
115704,4330.79,118842.96
115705,43155.21,517927.69
115801,2088389.66,17512919.43
115802,0.0,381041.27
115803,0.0,544240.46
115804,2543764.25,14046041.11
115805,275404.32,12781.0
115806,21975565.8,21022556.98
115807,3983883.34,23748065.78
115808,222693.64,2325931.61
115809,123647.0,1671838.89
115810,1373586.68,6979988.39
115811,53310.49,244151.76
115901,0.0,217579.3
115902,438153.62,8518328.37
115903,1037505.03,39455586.21
115904,0.0,86495.9
115905,23621.0,19913.66
115906,147970.0,2471949.02
115907,20136.12,1037433.01
115908,74459.93,92208.1
115909,0.0,189181.09
115910,13110.0,892402.96
115911,2551025.51,8138924.81
116001,3019707.88,17196629.48
116002,30679153.99,261343810.52
116101,18072625.21,87775.4
116102,33751341.96,22406.0
116103,51479916.61,8695245.07
116104,83754160.36,14702746.99
116105,115022208.85,4636914.98
116106,56548087.64,1246516.79
116107,8885516.17,1303588.85
116108,73125015.01,1758009.66
116109,49770160.57,6471725.38
116110,420232440.32,1761747.07
116111,90915329.32,380831.86
116112,20372715.56,590716.08
116113,10340788.0,672579.26
116114,13234620.04,4982279.25
116115,25761675.91,1514761.35
116116,25739340.56,1068165.64
116117,28520216.22,8878045.33
116201,61224665.19,944081.89
116202,67420777.6,820217.38
116203,248029523.18,7902848.33
116204,563297239.73,6562248.96
116205,137789087.59,5571986.71
116206,90344435.05,2499780.99
116207,33710574.57,441467.16
116208,48611092.3,474842.78
116209,65248097.94,459553.09
116210,11129527.11,904401.81
116211,43524802.66,2906710.93
116212,103103472.56,8421569.6
116213,255990.26,1797026.34
116214,1138552.8,192875.02
116215,199347.56,345635.76
116216,3772642.68,259758.38
116217,3781738.92,9244227.8
116301,9111904.76,856298.82
116302,17330896.07,15829649.33
116303,7224057.34,494417.07
116304,6410510.99,309143.78
116305,9492983.19,2188051.31
116306,2228035.99,1509742.97
116307,12444242.51,4430239.67
116308,10095.0,0.0
116309,1304767.62,13844462.77
116310,1769161.39,2103332.1
126401,2175491.4,356923.66
126402,23907725.19,22696653.04
126403,49930110.42,11100553.18
126404,16128300.38,13094629.66
126405,4573454.26,8230062.77
126406,822587.48,14443725.75
126501,31878.0,6926.0
126502,166248.19,8207.0
126503,8139.0,70742.0
126504,2023632.52,579830.17
126505,17031329.0,822147.99
126506,2792016.0,1179263.46
126507,193019.31,214802.06
126601,485461.57,9384114.65
126602,2729.0,31892.95
126603,42368.22,532201.79
126701,94236.51,85449.5
126702,4027838.97,1805787.51
126703,629863.0,323590.71
126704,12484912.73,1048618.78
136801,163440.26,25896.96
136802,9319511.16,7320423.01
136803,11711.87,107587.04
136804,3795128.11,9614366.79
136805,581450.22,7254129.0
136806,1318221.57,2390592.15
136807,0.0,347327.38
136808,819325.83,2380305.9
136809,208729.0,1805814.6
136810,8305813.27,1549794.17
136811,1351833.82,1147803.4
136812,105303.22,1747293.59
136813,1308788.02,1081137.97
136814,0.0,49112.66
136815,3693110.99,3361027.25
136901,19893.71,103024.8
136902,194964.36,5686334.23
136903,35957.51,969809.69
136904,3489.24,558583.53
136905,403863.2,959932.81
136906,11000.0,14614.75
136907,109471.39,1627442.96
136908,925024.76,12600415.34
136909,427469.71,41871785.43
136910,27120998.12,5007258.69
136911,11067035.32,6757277.61
136912,6383063.9,2652776.5
136913,17854583.01,2314592.84
136914,1761497.99,4225577.67
137001,50759.0,759240.06
137002,30363.07,3217962.52
137003,989915.23,3934499.77
137004,123970.26,627426.79
137005,7214650.28,19627428.77
137006,42882011.83,2484637.02
137007,448368.62,1979781.16
137008,0.0,107147.04
137009,4763564.92,2930489.39
137010,3235563.54,22290819.67
137011,49890193.89,1451715.02
137012,0.0,677935.82
137013,4359950.45,12437234.64
137014,318264.0,7306811.68
137015,1698966.77,2253690.01
137016,2177005.59,1616358.55
137017,216567.44,492602.1
137018,835717.78,1459306.33
137019,13412827.21,13462740.49
137020,7200442.63,7429019.57
147101,25019402.17,638245.74
147102,4250623.22,882569.93
147103,2051630.35,1111940.43
147104,4920483.0,1737888.0
147105,13967.0,287645.24
147106,2415289.86,1448446.63
147107,0.0,4257.0
147108,49080198.09,63776866.24
147109,177117.0,123996.0
147110,129762.39,488406.73
147112,130320190.29,1095758.21
147113,12662354.36,6080529.34
147114,1485488.96,250367.0
147115,63764.36,1532492.0
147116,1824148.25,320843.0
147117,32537180.27,1968914.45
147118,215591.56,187793.01
157201,50223.3,310888.63
157202,367170.8,2542830.46
157203,0.0,17805.38
157204,62363068.51,5699528.15
157205,59092.1,202647.75
157206,424425.78,208108.21
157207,0.0,3872346.5
157208,1123743.63,100256703.86
157209,676953.89,87946113.95
157210,3393613.44,153751318.52
157211,232705.03,3815373.89
157212,171597.24,9912951.97
157213,0.0,10922088.26
157214,15245.19,3466542.92
157215,291088.0,2360042.39
157216,10695.0,27075006.15
157217,126055.64,10226926.85
157218,0.0,326818.77
157219,208773.99,27370923.58
157220,57189.08,3959559.97
157221,0.0,3664778.32
157222,347956.63,6484600.92
157223,102272.0,2640581.97
157224,1750.0,465527.12
157225,437143.32,9646340.98
157226,12114.5,5497267.15
157227,0.0,169758.84
157228,112816.61,8698235.28
157229,67119.16,1095165.02
157301,253849.59,3522558.13
157302,30659.0,3336776.45
157303,3560.13,1193121.37
157304,1483450.22,17252236.54
157305,518026.36,1580387.22
157306,9265917.79,17601350.95
157307,11487234.29,13152788.72
157308,32215385.16,89763664.14
157309,735919.69,2150398.66
157310,1443019.76,6601136.6
157311,975362.18,2488289.02
157312,2783716.23,8009748.6
157313,3322.0,80695.02
157314,109845.0,4408660.6
157315,279151.99,9782166.52
157316,76387.29,241688.92
157317,58742.09,2638339.51
157318,17230814.5,36802170.51
157319,649021.28,2051318.99
157320,2457411.57,8810734.48
157321,42599.37,3829886.99
157322,84363.01,3061037.11
157323,9433976.75,8791013.16
157324,1386975.91,2505506.04
157325,680371.22,2418795.54
157326,28900714.98,36579293.01
157401,91341.67,0.0
157402,113237.2,17502166.4
157403,236955477.71,21524962.36
157404,56472377.94,5348557.3
157405,0.0,1412.0
157406,30699.0,792269.67
157407,51071.36,32738347.07
157408,2795181.32,39885815.13
157409,4554607.61,54420849.69
157410,32641166.31,11219163.59
157411,60226.89,7100055.45
157412,114938.0,776277.84
157413,1749.13,645221.79
157414,2078.0,29771.2
157415,39483.29,394572.54
157416,878344.0,1849022.0
157417,0.0,24404.0
157418,53348.34,342577.91
157419,2183519.52,21619790.82
157502,3403.0,1141182.5
157503,579475.71,1613924.22
157504,0.0,56182.21
157505,0.0,467334.48
157506,93252.0,814296.48
157507,0.0,12339.43
157508,91822.6,252195.44
157601,511046.17,40384031.22
157602,27612377.06,611279.46
157603,127094.68,1022488.51
157604,466751.58,13877070.27
157605,237443.16,5216566.22
157606,188688.39,38287582.48
157607,1678914.33,38903377.02
157608,551595.73,2633519.36
157609,456176.72,769134.02
157610,7025548.04,12257146.6
157611,42306.0,82653.24
157612,3953925.02,4064747.53
157613,151244.0,516630.64
157614,4503.0,3314650.03
157615,477798.88,1824565.97
157616,10336541.79,14498078.61
157801,69191.29,5419184.79
157802,346814.56,11603.69
157803,111833.38,657195.47
157804,137160.71,547681.05
157805,0.0,113190.98
157806,55408.74,2123156.33
157901,325425.77,36747250.11
157902,477136.69,0.0
157903,154055.68,125733.72
157904,0.0,74096.59
157905,2792.68,590228.58
157906,17212.41,251839.0
157907,99607.99,722050.46
158001,1193252.9,1827818.49
158002,208016.51,421838.7
158003,4335.0,253363.5
158004,774826.0,125158.94
158005,0.0,545726.0
158006,0.0,1308.0
158007,4750774.18,2406738.01
158101,1366456.0,1477712.42
158102,0.0,267304.11
158103,289993.03,15093805.68
158104,99129.62,60028.07
158105,56206.0,1702727.67
158106,0.0,7747.0
158107,0.0,12652.0
158108,39914.0,962255.85
158109,286554.98,43730.58
158110,1570.13,35924.77
158111,0.0,30283.66
158112,32293744.0,1808233.52
158113,415322.0,18256.66
158201,78568.35,543004.59
158202,12542573.61,5019791.86
158203,232216.0,1303765.11
158204,80899.0,1051461.98
158205,2806996.79,11306018.96
158206,24843.36,384614.34
158207,10106494.36,28114415.28
158208,1563789.41,4999750.5
158209,52312.28,1561384.79
158210,8009.38,267423.43
158211,394642.66,1147737.17
158212,49276.41,3966276.59
158213,19487.38,607532.91
158214,284018.72,1239884.13
158215,3112147.51,1620646.87
158301,2229733.25,10678900.34
158302,10749884.23,16862310.41
158303,11058.31,575366.18
158304,171380.67,230868.05
158305,97640.61,1423393.77
158306,15746482.05,1516043.83
158307,89029.0,397123.05
158308,10495649.69,12492881.46
158309,4875363.5,6054334.48
158310,146943.02,1137145.91
158311,906335.65,12348546.02
168401,1163.0,0.0
168402,6157653.68,7065723.15
168403,7787.0,230607.52
168404,1705133.99,3592909.51
168405,126704.0,1277552.24
168406,72174.0,4061779.05
168407,19313082.94,83276363.99
168408,17979965.0,61912134.87
168409,43100896.56,61423640.5
168410,44987.15,14748147.79
168411,8411895.5,74411087.47
168412,5172087.34,11338419.62
168413,15019236.12,56781576.07
168414,55977631.29,82910962.17
168415,62687076.19,45778456.38
168416,95895.0,1505294.32
168417,4486068.06,8060254.0
168418,14480366.48,58603052.38
168419,8129756.14,49506822.6
168420,89986.9,383887.24
168421,38648908.22,46008179.84
168422,4562738.94,40420363.73
168423,2055590.98,7138371.08
168424,3542437.84,15788307.07
168425,724037.47,3991757.41
168426,2949869.22,19385579.31
168427,65954.27,12581420.92
168428,2842104.55,42503332.6
168429,6432885.07,29925286.75
168430,10684273.87,8109644.43
168431,16320793.45,38581961.13
168432,5815520.62,2523021.1
168433,570113.7,2492336.54
168434,21191.0,814492.15
168435,1210557.16,416431.89
168436,1174822.98,2752944.62
168437,70677.3,3624545.14
168438,4472100.96,26873591.93
168439,3441492.58,6892974.4
168440,0.0,542848.6
168441,4919027.26,8010306.33
168442,465457.31,6423557.96
168443,3270864.59,30482761.97
168444,52718.0,321937.7
168445,480656.17,2721977.0
168446,630197.0,1439956.95
168447,2418453.23,7629406.99
168448,284015.17,6847481.5
168449,23942.0,22628.67
168450,13073042.69,14026528.89
168451,904568.94,7655566.48
168452,2782430.46,11567113.6
168453,99411.04,2666995.95
168454,378116.12,2574445.35
168455,132556.33,2046606.07
168456,610393.44,16408121.9
168457,69241.0,4444591.75
168458,2010942.0,8869856.85
168459,1866692.23,7747356.22
168460,572969.84,13126392.61
168461,1106299.36,7271559.56
168462,4717983.42,25316320.6
168463,634245.77,7741555.02
168464,1850620.9,10393818.63
168465,318630.97,4096439.95
168466,8324782.45,51546958.53
168467,785448.15,5921403.9
168468,3742770.27,4691875.71
168469,1472653.0,1729745.17
168470,1458326.18,9342538.11
168471,6675748044.65,297940610.68
168472,50332519.6,15790053.95
168473,2771966570.14,3246444205.04
168474,4411877.92,10197071.58
168475,368921.73,9258924.62
168476,1329568.95,10214427.7
168477,4892381.62,48092901.81
168478,2580569.06,34607297.32
168479,58567386.96,471719130.75
168480,26928918.05,60983462.61
168481,27078890.93,44011155.63
168482,61682299.06,36722718.47
168483,24110887.13,44415264.75
168484,1121571.74,5836988.54
168485,7299227.91,9818251.54
168501,184617084.15,66008944.44
168502,3406840.06,35453426.77
168503,20192557.11,53062297.24
168504,676171245.03,219986862.69
168505,50359764.58,59520487.96
168506,4394645.7,65216155.82
168507,44595730.77,70944654.34
168508,414164.31,8698138.43
168509,1872805.69,3877641.7
168510,50900.69,856837.3
168511,16615193.99,14942202.18
168512,17363390.45,13954401.74
168513,247744.63,3156672.85
168514,13672644.14,12670903.86
168515,10900168.43,21251978.9
168516,17489948.34,35544241.99
168517,388063660.22,263570532.63
168518,119079628.79,47290616.87
168519,66865127.3,7668783.54
168520,1184593.97,551105.72
168521,129086598.29,26645976.45
168522,163046832.24,109542460.11
168523,11852364.5,82939357.5
168524,29103010.99,27055614.66
168525,566884690.39,480029560.98
168526,26066303.13,6797075.59
168527,179247511.45,21333809.8
168528,52109055.55,52460205.88
168529,240945159.28,312622532.59
168530,2555209.14,7792057.17
168531,93744695.17,16551071.77
168532,197566285.19,165200610.71
168533,113631324.59,59115195.93
168534,308680293.47,531972242.13
168535,26702538.29,35570857.9
168536,200912134.44,268522661.41
168537,103062058.27,25202496.43
168538,20269797.9,108704208.17
168539,28828941.05,54893779.44
168540,22469262.7,36903893.85
168541,1311793098.67,479072908.88
168542,14893717197.55,6921008244.3
168543,189102177.07,54077288.49
168544,759482014.1,175497891.76
168545,4204534.17,5158671.9
168546,847972.2,10415618.67
168547,4238781.05,96773347.18
168548,53145915.76,42698868.41
178602,28328.41,58255.0
178603,0.0,8240407.66
178604,177307.0,1696310.0
178605,0.0,14150742.0
178606,0.0,173954.02
178607,61534.33,6113835.02
178608,17023676.0,16326650.81
178609,169456.13,3259654.97
178701,1521734.0,18625947.12
178702,510421.65,239065804.28
178703,29850901.89,328101388.81
178704,4811303.17,102040506.28
178705,483160.0,4307213.13
178706,67973.27,7796828.4
178707,93915.34,7518729.87
178708,610183570.41,349497459.02
178709,6976176.38,4946974.13
178710,0.0,49746.0
178711,2237821.36,163887678.78
178712,31542519.65,5943685.75
178713,20439.0,595538.63
178714,18376996.19,46046537.42
178715,248106.34,1284152.7
178716,6752911.94,7898107.53
178801,17053.0,9017.0
178802,3538571.21,96162173.41
178803,63759232.08,52561123.75
178804,0.0,47716.0
178805,505311.0,489427.76
178901,67185050.86,45113156.21
178902,3239276.95,3442105.37
178903,400799.49,749519.64
178904,0.0,437555.0
178905,174861.0,2734207.57
178906,579086.0,38779.03
178907,410988.0,647483.29
178908,0.0,5097.0
189001,106681583.56,30827610.61
189002,26546522.12,17295804.34
189003,391866.12,1887590.51
189004,265777.62,1366659.6
189005,11268128.64,555600.56
189006,226577259.14,71002650.09
189007,1058414.0,3477921.53
189008,1176397.74,1892672.82
189009,87825255.73,61302198.3
189010,697827.67,9628135.78
189011,16380962.39,5770596.77
189012,5973639.01,1426775.09
189013,178692038.9,51786345.56
189014,45251664.16,1869706.18
189015,1460441.86,7248996.55
189016,3715216.18,989356.88
189017,431033.79,3383890.07
189018,10029186.22,58463713.36
189019,9008674.68,5770577.02
189020,2522808.11,492557.32
189021,18162987.41,6159036.31
189022,3760445.88,18214130.15
189023,2033977.43,3257498.2
189024,24608106.6,4830726.16
189025,3209128.05,1913601.35
189026,6047302.73,8556089.32
189027,6223004.84,19454752.16
189028,3842474.58,8161912.42
189029,22506723.78,5737920.87
189030,21791116.79,96287120.68
189031,21700021.43,101710667.84
189032,170997254.76,21734170.07
189033,2514566.07,2938715.15
189101,849398.0,915870.34
189102,166043228.94,21126377.65
189103,41434.09,101384.72
189104,2207535.57,4791.65
189105,1181790.88,2336542.3
189106,21664.0,473854.46
189107,85433.0,1997804.04
189108,2977244.35,1096505.0
189109,28430.0,543183.1
189110,1671451.0,454363.0
189111,941488.25,13463064.73
189112,282083.21,186627.0
189113,1117483.18,4707676.59
189114,16808459.47,25173475.36
189201,59364.0,845290.65
189202,119729.62,573599.72
189203,589516.0,739703.0
189204,0.0,3781.0
189205,9362.37,87058.0
189206,52102.38,239626.63
189207,981877.0,4302419.26
189208,125289.0,205531.63
189209,974773.78,884010.88
199301,18176.0,0.0
199302,1233861.6,8824174.51
199303,1145520.33,1184687.46
199304,315687.0,43201.35
199305,556722.83,447433.18
199306,2807145.28,591261.33
199307,433913.91,0.0
209401,117384918.49,23112428.3
209402,93944.51,2036991.75
209403,293948348.65,44134717.16
209404,5711660.06,1551645.65
209405,74768031.05,21824489.13
209406,434501.47,3987645.98
209501,841510.78,762618.8
209502,7485039.53,846683.81
209503,29921734.95,25402453.57
209504,7740815.82,28910525.91
209505,38472758.96,3584870.57
209506,36844217.75,15422171.46
209507,15113093.75,7818015.54
209508,1565816.51,774637.9
209601,15080378.03,553262.74
209602,1856970.45,2168124.17
209603,598717.81,9503252.12
209604,0.0,6401.35
209605,219983.71,4300853.03
209606,2962612.01,13672535.17
209607,491137.24,22928273.53
209608,192731.83,11584738.92
209609,870030.94,1148364.38
209610,85745.24,184820.2
209611,501956.47,324841.64
209612,594193.0,2275239.43
209613,11907890.8,7301273.69
209614,0.0,187096.25
209615,668851.95,1351196.46
209616,519145.48,855160.12
209617,29742.04,1783629.72
209618,918341.92,359045.03
219701,2189577.08,926793.81
219702,1967.0,5615.0
219703,93334.75,73229.49
219704,712073.0,94507.0
219705,531715.74,2333879.78
219706,508798.2,495626.0
