010101,125521222.67,87632991.2
010102,430266378.01,0.0
010103,523588.31,0.0
010104,215812568.54,47482.06
010105,5445143.64,0.0
010106,16541379.41,225089.22
010201,1773748262.75,4411537.09
010202,2069860794.12,4038876.0
010203,142391951.28,85896456.98
010204,1128238982.01,728859.98
010205,9339439.56,0.0
010206,437060280.63,2553633.2
010207,30817017.17,34122.0
010208,49094352.44,1703066.71
010209,393397.86,0.0
010210,8879210.97,6500663.18
010301,34143770.33,4904719.19
010302,65373141.62,43259275.33
010303,162187361.2,27256610.93
010304,11200282.39,173666059.59
010305,13152863.74,23815864.33
010306,354882246.83,181384384.66
010307,133678993.03,83704355.34
010401,74151662.09,7735058.46
010402,898409016.67,35732677.94
010403,45100105.66,6291679.18
010404,110182535.96,13725462.56
010405,153126688.88,36693808.78
010406,760329884.4,231872599.0
010407,1123855.23,55283.82
010408,695482.83,319645.7
010409,21472249.1,7868980.03
010410,1779610.89,2705734.28
010501,4113.0,0.0
010502,126642.0,0.0
010503,20812.0,0.0
010504,95005392.16,10668335.43
010505,1262219.59,1132097.82
010506,5480629.67,71155.64
010507,997188.02,217721.78
010508,5941885.46,191345.52
010509,5137.0,0.0
010510,5302929.98,3222492.92
010511,24069994.2,40341730.63
020601,958301.07,19714761.2
020602,6776597.3,7874482.5
020603,11328134.87,7349368.37
020604,10551045.56,1191340.63
020701,14999867.32,29147.0
020702,10745513.84,2748942.43
020703,37120204.11,10128202.6
020704,7085805.76,68286.97
020705,5431828.9,11312.0
020706,34229488.2,873491.17
020707,784641.99,0.0
020708,4245551.67,100237.0
020709,39439585.34,14926330.03
020710,6743095.47,84046221.96
020711,1028354.7,3161891.21
020712,3730090.78,28475179.93
020713,275379378.38,12207801.24
020714,542856.08,212578.42
020801,1229238.21,60167869.5
020802,147009389.96,54971581.69
020803,114070.14,0.0
020804,14127582.02,31136769.91
020805,147208829.81,21325406.64
020806,84796202.18,60002070.65
020807,17820419.18,582108.69
020808,11883664.72,28699.0
020809,32490835.29,10258069.77
020810,22336974.6,36179418.83
020811,1670445.95,29931593.3
020812,178805.12,107149.0
020813,3463902.55,26311182.54
020814,310580.42,84878.48
020901,13654454.32,123049109.21
020902,3687162.45,33322590.38
020903,2663.68,102404.62
020904,1247133.24,12514627.55
020905,455829.72,166748.56
020906,71637.21,413165.35
020907,18747.04,0.0
020908,74556.27,75031.97
020909,1746843.09,1467399.17
020910,5181249.7,8509117.75
021001,1634188590.34,5510535.55
021002,56330.69,0.0
021003,466135695.9,56186.16
021004,12965221.11,86644.0
021005,3557069.52,1479531.62
021006,119956379.58,53733713.68
021007,12912619.38,7943.0
021008,1316508.55,2143229.84
021101,74919090.43,1524755.74
021102,4224866.14,4207079.09
021103,7777848.29,367095.11
021104,42105939.89,858022.78
021105,534041.8,72877.54
021106,7184496.73,660413.2
021107,237001329.66,792838.15
021108,15980432.21,22199955.25
021109,79400012.06,3202747.03
021201,1613835.61,1099178.04
021202,3837290.64,6752953.42
021203,3512811.55,0.0
021204,228021.03,762308.15
021205,95172470.7,479832.05
021206,8126630.9,10588879.36
021207,25124458.16,9751365.47
021208,4039014.75,1263654.62
021209,96201930.43,57648318.93
021210,4115264.84,1538172.93
021211,10495386.14,13901979.98
021212,3742019.29,10961756.13
021213,31473329.14,1654.0
021214,193187288.76,62423.3
021301,1329800.38,2371884.12
021302,23378538.4,52791504.49
021401,51414.69,0.0
021402,8287.11,0.0
021404,326882.51,375913.69
031502,228152027.92,159767.73
031503,703189.21,0.0
031504,7584490.03,6768550.29
031505,10198754.32,1110728.04
031506,743308.89,37148.0
031507,6370782.3,7456465.8
031508,685557.19,350636.53
031509,12564017.91,158440044.01
031510,156570.57,252497.66
031511,625137.61,264845.01
031512,10405900.79,40778598.51
031513,943163.33,15968510.76
031514,41208005.32,11550666.0
031515,5658182.61,22048695.93
031516,6365588.6,28158143.09
031517,69785155.32,25851297.46
031518,2904735.67,2486607.6
031519,45823688.5,19525637.73
031520,3426998.84,4651470.65
031521,1775501.93,1272989.59
031522,1639.98,0.0
041601,5796071.86,2442246.96
041602,80152299.19,24590740.5
041603,2340685.13,2587345.2
041604,5978379.82,236489910.42
041605,75170387.51,88508252.62
041701,795539860.68,5195558.77
041702,13280624.86,41188457.49
041703,10223984.8,27325.2
041704,60064182.39,121774778.74
041802,25041.4,0.0
041803,207684.66,6356341.72
041804,617830.9,19347415.38
041805,1046160.41,10466721.1
041806,167571254.12,192062362.52
041901,134209551.74,54919935.12
041902,38385645.72,100371265.99
041903,96556.26,2138.48
041904,50260897.03,28831340.19
041905,136625458.8,254275315.02
042001,2684287.0,8008235.23
042002,8151906.37,54817612.1
042003,605530.51,451069.37
042004,20750422.72,38291142.42
042005,9178971.66,72755318.92
042006,8927987.56,3997684.61
042007,11879479.41,28117891.49
042008,82636150.38,92682203.24
042009,92992077.13,102396219.82
042101,28173792.11,80585506.49
042102,7118264.37,11470458.49
042103,84156137.8,163672361.39
042104,34230966.02,47905611.5
042105,30648822.65,22503479.24
042106,176232223.08,698694629.11
042201,2041043.04,7649513.55
042202,53378504.26,145488793.66
042203,28981505.35,63703876.43
042204,2777648724.38,313656247.65
042205,1125860.6,14074.52
042206,3215762.31,7984601.95
042207,7156691.79,5069177.45
042208,48372095.14,347717807.71
042209,690904.01,2208589.81
042301,84205127.86,5606307.47
042302,3319098.17,649563.0
042303,688246.81,190525.0
042304,2817905.64,45487946.69
042305,9145.15,0.0
042306,1365755.54,30445202.43
042307,1764.08,1936.0
042308,4409886.78,127528.69
042309,317718764.29,167945599.86
042401,4141947.11,3752166.47
042402,64630981.85,62066789.15
042403,43407307.67,18259083.13
052501,239688128.47,4301646.56
052502,19002.08,89038.61
052503,789036.1,92174.93
052504,94278.65,102391.0
052505,107678008.57,1319408.75
052506,1976441.94,337388.92
052507,3920386.02,3290022.2
052508,7181199.39,11141099.48
052509,78158.12,3700.0
052510,7404851.46,0.0
052511,298673.72,90466.69
052512,483211.78,2495775.74
052513,37942595.84,4351663.32
052514,45392.79,409262.45
052515,647132.55,1270018.54
052516,8051535.27,4447862.93
052517,741580.5,1157616.72
052518,2141442.69,0.0
052519,79049016.88,2204575.19
052520,35251235.92,1299637.29
052521,2449158.4,1125016.76
052522,295295.35,0.0
052523,5009758.78,51247235.3
052524,5592.55,0.0
052525,274475.85,358231.53
052526,15469036.24,1657836.96
052528,403325.95,1724441.06
052529,285834.76,0.0
052530,65399355.29,2641946.39
052601,13994333065.22,215734626.8
052602,682575698.3,5499280.03
052603,3059497317.01,231671.0
052604,1027175494.8,825501.0
052605,108971.0,0.0
052606,346276803.99,1577102.05
052607,843253731.27,1100.0
052608,2474251786.19,6028340.96
052609,23975460.55,0.0
052610,50929690.68,246476.88
052611,811635.9,0.0
052612,732740825.0,0.0
052613,173784.0,11035709.0
052614,302540982.02,1863013.97
052615,390534356.83,429105.03
052616,118627685.49,4021677.92
052617,8440281.05,143278.47
052618,2842699.19,16840.99
052619,3528742.72,625457.96
052620,107523638.22,26391978.53
052621,4266022.09,396137.6
052701,20691481795.58,866557.7
052702,623007.13,84502.8
052703,561812.2,220442.92
052704,132420690.61,1822562.84
052705,503595.36,0.0
052706,45830.11,0.0
052707,28101386.08,44646840.97
052708,17963.04,14613.0
052709,6646631141.51,10000607519.4
052710,2743232792.89,6224099652.79
052711,5408000199.92,570615168.53
052712,6414425.88,14930001.86
052713,6367238.81,133086881.69
052714,307042.72,136570.31
052715,1223263.5,649042.5
052716,14685.0,0.0
062801,1549609.82,228511.44
062802,18851.6,0.0
062803,16934359.38,6564493.25
062804,77144442.42,36326338.02
062805,378543.66,730280.45
062806,412895.54,22743.0
062807,6743095.68,4182932.07
062808,161069.5,0.0
062809,461530.26,9887511.43
062810,667293.92,1399825.08
062811,10651377.47,20930545.78
062812,764483.58,313534.66
062814,197391627.4,13886624.84
062815,2178800.46,82157994.09
062816,127571.72,345989.83
062817,16187971.8,3251840.39
062818,4920367582.78,12365345.28
062819,590179.66,0.0
062820,34609920.15,554647.48
062821,1480142.55,15273177.54
062822,213274.0,400768.26
062823,33341687.76,2974721.97
062824,2192056.89,3074164.72
062825,83968109.61,15228429.29
062826,22135621.62,5074283.03
062827,6095131.16,14148682.95
062828,1066136.74,0.0
062829,1484669.69,243421.51
062830,281044.73,6568165.04
062831,220446.3,2037901.14
062832,395701.91,2778235.0
062833,7510730.83,40040961.2
062834,1088524.55,213516.38
062835,5322566.99,23320326.36
062836,186928744.26,33455466.85
062837,85257629.19,224337.58
062838,1903259.93,0.0
062839,6431783.12,2348887.27
062840,1621620.02,4063307.93
062841,1600418.07,5010344.31
062842,1904734.94,1197491.58
062843,969347.68,46188970.81
062844,628142838.08,19185584.76
062845,305102.26,1174717.93
062846,358510.0,210000.78
062847,791865.22,219082.0
062848,72687.0,39450.98
062849,1063889.88,4411829.15
062850,192125.01,625269.98
062851,2364288.93,1295460.78
062901,1895221.09,30248950.41
062902,7221883.88,18887865.11
062903,811872.04,57492068.87
062904,206319.57,7131779.66
062905,9546453.17,85816559.83
062906,624124.85,2641796.19
062907,2129602.7,10547238.1
062908,7179.6,0.0
062909,4079586.49,20369123.69
062910,136767.96,166868.45
062911,5937.0,30100.0
062912,819013.6,1833686.07
062913,1096.0,0.0
062914,679351.54,11278341.81
062915,8864337.67,53599720.67
062916,3535294.32,52510470.04
062917,1354206.89,71878914.05
062918,24037399.37,67037932.9
062919,174772.7,701084.36
062920,740789.26,3198502.72
062921,6262246.39,60583034.7
062922,4378607.21,47927427.04
062923,548899.52,3651679.82
062924,1275753.18,44971534.99
062925,190550.09,1273729.3
062926,183295.33,1147996.36
062927,3927.22,0.0
062928,68602.53,6490022.65
062929,3571235.03,18058198.26
062930,4739854.71,48579506.12
062931,1251219.24,126920884.31
062932,45333824.97,25062806.06
062933,14448000.56,290077689.34
062934,23626725.36,451647322.29
062935,312247.51,236752.88
062936,42456643.17,47185291.04
062937,11939959.34,11833015.03
062938,1044087.66,360660.71
062939,112486765.14,65591759.17
062940,327972.5,1199075.05
062941,8393387.66,148387850.17
062942,854694.81,1030562.65
063001,20689092.89,3658896.43
063002,189392283.49,739504807.56
063003,48193330.67,110420305.82
063004,2190675238.34,5150558155.24
063005,5930383.88,84622382.93
063006,34893783.8,123621328.63
063101,2439479.42,3313063.78
063102,81401837.69,118196514.86
063103,54225427.91,22814146.53
063104,4053455.5,47748835.2
063105,141347399.47,263538171.16
063201,1092737.25,3506907.24
063202,1753832.95,2343511.91
063203,9232081.93,1880902.26
063204,16884010.4,68901071.3
063205,29912.0,74799.0
063206,314361140.23,52283963.83
063207,10204133.34,16983080.92
063208,51475985.69,67911363.69
063209,18579159.6,18968752.67
063210,3523492.94,7676805.73
063211,954148.13,721432.54
063212,11616264.43,18032052.91
063213,2805370.86,6624549.47
063214,25995881.5,66132528.53
063215,40463365.56,110721688.39
063301,32883849.82,21593866.56
063302,27583674.01,58695256.76
063303,7471850.87,214170017.83
063304,107238065.29,413092536.13
063305,71086152.0,150041570.8
063306,23409222.46,39989298.98
063307,53375261.45,95108875.93
063401,14304379.89,90270445.78
063402,102285266.74,194671827.42
063403,26728870.72,55657325.07
063404,8730516.95,9293853.01
063405,5009142.6,12249792.5
063406,963155.11,19961570.39
063407,536617.76,3158004.01
063501,133035596.29,15009680.33
063502,20955768.7,12828482.22
063503,4936960.17,11460947.06
063504,68762219.63,18477421.14
063505,24414301.65,25074809.05
063506,37856610.16,56024476.95
063507,6292055.53,35283131.75
063601,5011369.81,624398.75
063602,6102874.85,5930257.11
063603,12193302.37,4883930.71
063604,2836020.31,5102329.94
063605,198593.17,221648.41
063606,1165452.63,416039.63
063701,2014630.54,96200929.61
063702,36556133.09,82886547.91
063703,849784.34,3842439.48
063704,1548053.07,172527.95
063705,273064.6,918189.08
063706,12878784.29,8865209.78
063707,7545824.16,70786283.41
063801,1049326.61,9132575.67
063802,4175010.15,13767365.41
063804,170330.12,15237.88
063805,459758.57,609204.23
063806,1334421.07,11005505.42
063807,178562.4,41193.0
063808,99525208.64,276937658.93
063809,8532086.19,20017092.02
063810,18842238.32,4728800.35
063811,16529126.6,129382016.8
063812,4990798.79,11227585.73
063813,1284220.68,3474321.18
063814,3395236.97,6058285.42
063815,23287130.67,56858626.09
063816,10660411.22,8654792.02
063817,7327710.47,7138223.69
063818,4040032.59,124340307.01
063819,2473353.71,2499175.53
063820,3088123.35,5790274.03
063821,4427157.65,11327322.03
063822,56135172.15,199728877.34
063823,81416161.27,209240390.82
073901,55876137.16,358859420.76
073902,105409186.22,73322436.0
073903,25971893.82,92576914.85
073904,7826108.8,56800432.11
073905,4314354.72,29090690.92
073906,39576485.69,123553940.13
073907,74500175.08,241023026.95
073908,5208715.69,39622424.42
073909,24718586.94,68754560.08
073910,3553738.99,14900356.21
073911,6129214.56,29252047.59
073912,4784027.57,6833269.89
073913,3330709.46,19930226.62
073914,15518394.3,2777596.59
073915,65615900.25,3880364.74
073916,5547791.19,14712914.31
073917,91187574.78,237398237.96
073918,14348323.95,61301571.88
073919,19171875.37,177822854.64
073920,152846385.6,424362696.28
073921,37017084.99,211646039.71
073922,10156770.35,37542291.05
073923,126692542.01,511311235.42
073924,27416945.43,215575658.16
073925,17078874.32,72827176.1
073926,95858283.6,595629835.62
074001,1288631.82,43910193.92
074002,6889546.0,68894673.43
074003,272211.76,547432.36
074004,1345129.83,188032.22
074005,2070677.79,8143672.46
074006,772457.68,1325005.16
074007,176008.43,70892.25
074008,21353619.38,40297727.46
074009,19737557.89,126975346.13
074010,21321618.59,106776487.46
074011,79286226.81,1390273387.66
074012,14487048.01,17953225.4
074013,534185.97,8698357.62
074014,699727.43,4252790.31
074015,4332813.95,73281371.64
074016,51616681.11,255410188.29
074017,2868971.44,965736.13
084101,291589749.21,526671.11
084102,259975101.81,202919.84
084103,34644118.6,480889.62
084104,305366663.67,91961822.61
084105,6365721.64,1775601.12
084106,558449.39,543243.69
084107,23964184.63,975909.22
084108,437381.99,404465.03
084109,14910961.69,35770.0
084110,162238.35,0.0
084111,120144.82,1202085.61
084201,4003603.67,22433359.69
084202,12920873.81,527602346.39
084203,4625009.92,69882879.77
084204,125099.0,0.0
084205,5550404.9,6433635.09
084206,134817.67,14271.62
084301,506063.34,4236.0
084302,5966371.32,6897396.53
084303,1164245.44,16566287.16
084304,60717.0,52854.48
094401,918739762.1,1752559.22
094402,1174237.74,968301.35
094403,129511867.67,1333945.91
094404,1424073.73,1328131.66
094405,1504816.91,13299.44
094406,4093435.43,2389.88
094407,124931480.05,260118813.97
094408,9143364.84,28107105.98
094409,12101127.53,199486623.95
094410,7121266.79,19819598.45
094411,89372622.0,47772510.57
094412,11176000.29,122699717.16
094413,1159936.0,1156335.4
094414,809271.67,15538139.44
094415,2653376.19,2313885.77
094416,3086767.11,40064093.24
094417,380128.72,879533.77
094418,25562699.15,125478361.51
094419,637725.1,8476509.85
094420,958785.84,11272375.03
094421,5889552.19,43868957.63
094501,16507.94,0.0
094502,14784.84,7924.0
094503,2014069.01,29144513.49
094504,1189552.79,7282641.19
094601,733919.73,550956.3
094602,164316.89,10560141.96
104701,36118.45,0.0
104702,301766.0,0.0
104703,9763999.68,193540.53
104704,11744084.45,0.0
104705,3892.37,0.0
104706,778644.04,4253605.57
104707,178258675.19,2321240.66
104801,1743963.09,115196270.37
104802,119300456.35,346645466.75
104803,19679983.83,63959994.64
104804,202368249.35,64454041.7
104805,142001021.78,39996757.9
104806,1925904.48,5780755.04
104807,564010.17,1552009.07
104808,10133208.69,10112491.65
104809,569770.96,6182230.76
104810,36612103.32,530679670.28
104811,29154119.98,216291499.34
104812,494721.13,16659.45
104813,2212155.63,838165.6
104814,192165.39,2216686.09
104816,880237.08,2486895.33
104817,2916172.88,13160813.27
104818,75451590.56,224635284.26
104819,21836471.76,106497587.98
104820,9216508.64,97100591.11
104821,26683303.05,24640657.73
104822,187215.74,548747.46
104823,14038591.16,89037810.96
104901,121278464.14,567036696.73
104902,58174433.7,173127518.22
104903,1100026.1,5878433.22
104904,1981724.18,2516519.11
104905,1778093.52,10267263.44
104906,273782.12,642008.14
104907,14511962.86,6380796.45
104908,1484473.55,8017765.57
104909,6290165.55,33750469.03
104910,929639.7,13969903.56
104911,42112282.81,81720168.28
115001,337858.0,0.0
115002,16503.0,0.0
115004,43545.28,29401.21
115006,9902.0,0.0
115007,1086423.41,16408752.45
115101,2219591060.07,20630171.49
115102,3102317.86,64907.38
115103,6281912.58,125213.34
115104,36715.1,5305.0
115105,87825495.32,7817821.45
115106,1085465.04,51287216.67
115107,2113649.83,30039654.15
115108,113206.0,295746.47
115109,2844301.69,3027793.09
115110,6730.0,0.0
115111,2501460.31,4648312.44
115112,5090878.33,11853891.44
115113,19804.0,7134.92
115201,447332683.74,36347.0
115202,4377242.78,73670.0
115203,103726.1,38760.92
115204,696596.12,685593.57
115205,6797077.73,4774070.69
115206,594438.68,336285.65
115207,897967.48,398128.86
115208,4922750.0,60191279.95
115209,6647354.2,16871095.05
115210,1495626.1,6602980.34
115211,2066467.37,7699203.09
115212,6710392.96,2531996.73
115301,48345.11,0.0
115303,27172.87,0.0
115304,33597.21,0.0
115305,72639.88,143995.52
115306,37665.0,0.0
115307,4241.49,0.0
115308,8270.65,141729.67
115309,136479.95,4206873.41
115310,74730.34,67664.68
115311,9986.0,71872.58
115401,1111574.92,3276666.72
115402,4542407.56,103781577.55
115403,2272976.56,1464838.76
115404,933262.53,4364499.38
115405,19249.6,12731.0
115406,164121.49,256080.9
115407,21536878.72,91301212.0
115408,1903975.69,6247125.06
115501,582947.91,165485.19
115502,525421.41,0.0
115503,1545432.15,38449453.75
115504,359091.55,519458.6
115505,1078811.86,1581508.38
115506,255847.19,62862.0
115507,10439.0,0.0
115508,654288.21,1137228.06
115509,6593865.03,16048495.82
115510,6205961.92,988833.22
115511,1251939.99,1324403.03
115512,4960316.68,17359168.15
115513,1392325.84,5801214.25
115514,4600666.79,1938095.61
115515,11760636.62,8445792.66
115516,3327969.87,9033641.75
115601,4048833.06,15015645.14
115602,2953915.75,9898881.46
115603,15841628.43,54025038.65
115604,397425.78,1401382.03
115605,144410.52,705133.24
115606,38684.0,0.0
115607,5046216.77,25258564.87
115608,1357356.82,12447592.25
115609,913445.12,1141717.78
115701,1215293.3,14377120.91
115702,4168964.9,37379393.74
115703,61551505.99,150249714.0
115704,166576.76,1224634.68
115705,4392363.64,15294543.6
115801,1530066.94,16889930.48
115802,379039.88,84058.34
115803,16684.76,3362.68
115804,304493.93,2421028.33
115805,27296.08,20045.0
115806,7664778.09,18621829.39
115807,1299940.27,1394674.63
115808,331614.88,2287308.33
115809,76312.36,18580.5
115810,617290.12,3748233.75
115811,675485.63,173423.93
115901,271596.73,2161734.92
115902,784907.63,879878.31
115903,9964951.76,36553775.68
115904,357337.99,3666579.95
115905,72611.96,433539.47
115906,3611202.56,7392534.64
115907,6543360.24,8731769.83
115908,38939.26,9820.05
115909,844775.32,362092.33
115910,834566.51,1137143.9
115911,58769861.23,44163119.29
116001,4112879.22,6443986.78
116002,37150732.71,85768282.02
116101,529384.23,8980406.99
116102,729848.78,12527733.7
116103,1931675.43,53535410.26
116104,7463286.11,180531853.89
116105,2785049.62,82932961.86
116106,2399042.11,57561836.48
116107,1425134.99,54841170.89
116108,1790144.76,121840837.91
116109,10002898.24,342544412.88
116110,7018394.59,304239471.13
116111,821156.29,77909807.95
116112,7659609.75,36412927.98
116113,971666.78,3069287.36
116114,7424006.76,138531266.77
116115,6838327.61,78217241.02
116116,405459.79,16896036.68
116117,1055735.28,16744315.39
116201,2120773.09,27647191.67
116202,1716557.37,33011882.05
116203,7946800.93,392082204.76
116204,27357945.12,561489739.57
116205,3139032.01,163361541.53
116206,4639442.51,160429779.19
116207,400926.9,19363748.3
116208,1570355.93,53815087.26
116209,594624.9,24191415.27
116210,4986889.06,41256380.8
116211,10525856.59,80410258.5
116212,1221394.44,93820738.26
116213,22820.52,100488.71
116214,372912.58,9992029.83
116215,262869.72,7548712.65
116216,388870.38,6519275.07
116217,3398979.73,7162858.14
116301,2005337.2,44518199.94
116302,5320646.07,315121221.63
116303,4236984.64,25709752.78
116304,1816958.2,35198509.96
116305,2522159.78,61281326.26
116306,8169725.67,72475123.31
116307,16315891.11,136046862.94
116308,123102.2,890144.9
116309,27419345.85,5233832.05
116310,2372060.12,2977492.81
126401,1533225.54,1548194.2
126402,2372986.24,196097230.08
126403,28547644.77,548751186.63
126404,2219651.9,139569243.95
126405,2483199.49,19288459.87
126406,4490655.41,28390880.77
126501,335652.8,81324.01
126502,48150.74,136019.77
126503,22000.0,256581.0
126504,612498.9,6074720.37
126505,2448682.37,46116682.37
126506,8666672.12,56401169.34
126507,1508806.5,2038171.13
126601,3458178.8,18016308.99
126602,146117.5,182183.72
126603,170353.04,1428214.48
126701,20499.55,0.0
126702,413921.39,4736953.89
126703,10689.9,1057.58
126704,290679.59,8527247.34
136801,468964.06,3060878.55
136802,2845655.67,96460747.07
136803,856476.84,585062.42
136804,7444479.39,33612899.59
136805,5477657.71,36508679.78
136806,6478064.79,29154184.81
136807,424402.61,3149663.24
136808,2905529.45,482249.42
136809,5830228.81,4236297.01
136810,13291684.0,59644841.17
136811,5927061.18,7553709.68
136812,946064.26,529537.55
136813,3883697.7,15328439.85
136814,241985.0,2230904.25
136815,6731171.87,41935356.77
136901,4626473.31,1125832.67
136902,8468131.81,22074737.85
136903,9092221.38,19377650.14
136904,23634634.97,1659976.64
136905,3048382.09,1226952.11
136906,343631.04,708142.61
136907,4694726.05,32421604.11
136908,5742201.85,181956943.53
136909,4958071.13,13298148.83
136910,5383453.04,55957432.68
136911,2363190.68,19363454.15
136912,1637874.93,41335945.58
136913,1008878.29,15492913.9
136914,2223575.11,16923151.33
137001,242398.45,517704.92
137002,204279.72,939344.89
137003,1238016.55,1307551.0
137004,380877.24,305692.13
137005,24743638.64,30581218.08
137006,1126915.9,3335981.86
137007,13627618.07,104316802.5
137008,118558.67,1208.0
137009,65634815.1,30907033.1
137010,12896205.76,75039756.52
137011,669566.49,253672.61
137012,3493.0,98755.0
137013,3976119.2,109726206.09
137014,337738.35,2009275.78
137015,1746895.58,100589.85
137016,988541.73,7258923.99
137017,5258119.0,12411399.77
137018,12282852.69,6913023.63
137019,14042337.45,56258839.61
137020,2974153.91,9073919.45
147101,330318886.59,13461918.51
147102,592362919.07,316318518.95
147103,40526929.48,12992795.39
147104,1316744.53,1302287.33
147105,504596.71,860277.45
147106,277560739.03,83519962.73
147107,2616429.0,2100.0
147108,9849946845.25,5634648107.23
147109,160105.35,0.0
147110,149124556.94,73579008.85
147111,84755.0,0.0
147112,180722876.41,59358486.21
147113,80666290.69,518674740.59
147114,10035673.76,3641070.58
147115,45297398.18,80075101.7
147116,20882570.37,11085996.0
147117,8503384.45,96374381.67
147118,4057170.72,1013822.19
157201,43161961.36,11624315.97
157202,143942239.85,74915084.31
157203,476678.27,4529.0
157204,635316450.13,12333173.67
157205,1446810.89,3945187.66
157206,2580528.49,2653113.64
157207,422174893.0,1971846.83
157208,685862221.36,178186294.92
157209,176670802.99,46356361.46
157210,377815163.59,359911154.03
157211,9731383.2,19710798.46
157212,21556635.06,34227589.02
157213,4697426.98,86135366.85
157214,14364039.81,96064472.1
157215,5582353.86,6207163.81
157216,70525312.22,95468598.3
157217,36656385.17,40998180.08
157218,1028848.07,2068862.78
157219,15851963.63,287930737.69
157220,2913217.19,18255173.29
157221,740707.67,147844.4
157222,9210390.38,65503467.48
157223,5077610.71,14553659.47
157224,964718.29,993248.65
157225,63379261.45,62599230.24
157226,9808867.06,54101047.56
157227,636550.45,55335.7
157228,34991823.67,75936545.55
157229,8023096.96,18981935.33
157301,9007267.48,10373321.51
157302,49316180.03,45226193.27
157303,8994986.77,1346163.12
157304,39820644.18,278985975.74
157305,4502227.08,119147447.0
157306,77917805.82,241456711.11
157307,50528924.8,217975966.73
157308,105878118.84,296713778.25
157309,16590162.41,47354385.31
157310,22999264.97,32783363.13
157311,5568646.81,48284869.36
157312,9469273.87,82709255.45
157313,368882.74,1787239.89
157314,25537804.77,84201119.08
157315,11894833.7,81562789.18
157316,5341952.12,5712441.59
157317,8860743.75,28705238.4
157318,56703006.42,327541245.06
157319,1401026.64,2671519.24
157320,25160233.26,43634279.52
157321,14039867.5,210112693.16
157322,7798563.51,28879366.16
157323,6684964.46,124111561.23
157324,8377219.68,53402983.76
157325,36645178.11,67031023.1
157326,190742241.92,461092543.66
157401,50334934.05,10166724.69
157402,202824.15,0.0
157403,2042144421.46,70435151.99
157404,267503665.64,5715076.86
157405,85738.0,11250.0
157406,9565486.61,2122909.94
157407,312942836.37,77258635.92
157408,189133149.16,29814339.65
157409,19082780.95,39459824.05
157410,491890.66,676604.92
157411,72897320.74,86094930.64
157412,10100464.21,87049795.54
157413,1650020.91,1497644.12
157414,21723.0,0.0
157415,1104682.48,5303872.18
157416,31697.0,0.0
157417,48904.0,187771.0
157418,449680.14,1285565.89
157419,25669457.29,24224692.74
157501,2116582476.24,17490.79
157502,3324695718.64,13696970.98
157503,7214981.86,9639958.0
157504,69725857.0,1096987.28
157505,1035289011.11,4940836.04
157506,3936961.77,4481511.21
157507,2107537.4,354236.64
157508,1062155.54,1563424.07
157601,4478096188.38,8462034.12
157602,331211057.9,27981922.43
157603,29738162.67,1138571.9
157604,12812660.7,279003072.08
157605,3065567.37,3402602.8
157606,392971151.47,118265022.04
157607,17353439.5,79030273.06
157608,1048531.01,16685659.28
157609,1722852.13,5281834.87
157610,22729697.5,74760214.57
157611,1904515.57,435742.93
157612,10089833.12,20069108.79
157613,997622.71,7265680.86
157614,1682370.19,18581196.17
157615,1377884.13,39966664.08
157616,31939527.72,150603496.18
157801,930355991.51,27522169.03
157802,12968376.36,118256.14
157803,11974574.13,0.0
157804,2913602.2,5508774.31
157805,8475.0,0.0
157806,2550370.87,2088500.04
157901,1445249197.0,4847008.84
157902,3392997.54,99556.96
157903,20267428.16,928472.66
157904,38512584.13,256868.11
157905,2386233.41,2112771.49
157906,33482.39,0.0
157907,2173860.59,5894880.2
158001,6116505.19,9607395.18
158002,5403559.91,11045.0
158003,2682536.67,24962.0
158004,367858.92,0.0
158005,40694.0,0.0
158006,3205.0,0.0
158007,2964120.36,5223873.87
158101,2587800.6,3869778.13
158102,760715.0,13940621.72
158104,1207506.15,20031294.04
158105,278695807.86,5068098.86
158106,14029.34,0.0
158107,3745505.11,76218.56
158108,2445217.83,37806143.4
158109,1024719.51,363096.64
158110,262405.97,484889.87
158111,242769.23,110875.0
158112,869185.37,1312595.48
158113,762716.7,479694.65
158201,1626259.7,17208304.93
158202,4830136.83,34331741.06
158203,2210901.82,27270941.76
158204,2472487.01,46524759.54
158205,19975505.69,114123239.86
158206,2507218.91,12627058.45
158207,74109149.92,228105792.93
158208,11205187.84,27688590.33
158209,2505259.89,14110056.32
158210,752839.42,2917534.58
158211,910725.63,28009594.92
158212,7226858.12,32644552.06
158213,289229.41,4387948.74
158214,620118.97,2622902.33
158215,1350816.98,33758644.09
158301,22316659.03,112376110.71
158302,40982627.11,350719710.06
158303,2144760.94,9081949.58
158304,1555250.54,2872065.1
158305,557225.39,9619880.0
158306,1612836.98,26096391.38
158307,1843242.63,107349381.85
158308,1960155.02,14561978.38
158309,18304223.09,43937046.21
158310,1892681.22,5847211.14
158311,17047084.35,36793872.52
168401,471402.9,1298695.52
168402,19155968.72,32131360.48
168403,2461034.69,4548160.9
168404,4684519.81,11926843.99
168405,3113541.74,2000253.93
168406,8556341.14,39185562.94
168407,472960206.5,427048918.13
168408,33827672.39,427764442.66
168409,184246013.34,456823300.97
168410,6025279.26,4341154.32
168411,200168035.39,690612169.77
168412,82497200.29,167329993.24
168413,224345869.04,649759311.68
168414,78824978.88,709366989.58
168415,44838732.67,786197074.86
168416,9146829.89,16328848.51
168417,27247221.74,30379732.32
168418,101590281.81,560209102.68
168419,112101523.97,500283216.07
168420,3905520.88,8658501.35
168421,156567201.22,642333210.26
168422,78336002.71,391385034.73
168423,19359870.01,51103473.97
168424,44968978.3,254741077.42
168425,24550252.05,93515651.98
168426,54724401.41,243344734.33
168427,32502010.56,412573658.48
168428,73582316.9,544380052.27
168429,207919149.23,1509676945.24
168430,157419680.32,498358743.03
168431,419306349.24,882742729.88
168432,23333318.47,58925566.72
168433,49438000.94,284666275.83
168434,20549929.58,13343476.66
168435,3228042.66,11091227.78
168436,10778482.44,127144599.58
168437,9178944.0,23661608.79
168438,89110572.71,157004549.03
168439,15252636.14,51596490.16
168440,1072005.82,18830245.76
168441,13481928.08,92204610.27
168442,9887547.15,21944758.2
168443,159029443.48,1456555540.2
168444,2521630.05,645167.28
168445,6339097.9,8357193.74
168446,3841705.0,1625709.46
168447,5861181.33,5086788.21
168448,5630062.21,10425203.48
168449,1070556.0,445179.4
168450,12274940.06,268600465.47
168451,14523280.3,72574459.06
168452,6068570.55,34132219.37
168453,2100612.11,2904110.64
168454,5865728.43,6887246.09
168455,14324060.61,25854252.51
168456,8193305.31,39429472.75
168457,7789783.14,27247124.03
168458,7068750.69,59388702.64
168459,17387816.6,21490324.51
168460,74511049.66,20661583.64
168461,9912137.16,24805759.83
168462,27658462.3,116584745.67
168463,8227559.6,14052711.15
168464,9511335.36,39047569.31
168465,23777567.83,130719839.54
168466,29006050.19,112336345.46
168467,21928682.38,172524417.77
168468,7011609.99,12461560.76
168469,230466.23,415406.47
168470,14801937.02,104270369.85
168471,244521832.8,5267343987.14
168472,8633309.27,156457385.21
168473,198664808.89,1315487371.72
168474,290305415.9,345657659.5
168475,3880802.62,17013340.31
168476,3727075.0,50102114.29
168477,41965557.11,165882516.64
168478,2599094.39,3262341.72
168479,239146138.11,794197535.09
168480,64288960.08,71950475.93
168481,174739115.42,842225059.6
168482,25413038.94,209060686.68
168483,89051022.03,531862105.96
168484,8701701.19,55676589.51
168485,34190021.54,80290911.46
168501,63907848.21,420339684.48
168502,45653909.36,447479059.71
168503,27111278.91,83239209.11
168504,99203874.54,574534731.19
168505,5581071.98,28251130.16
168506,8646350.75,97261269.28
168507,18103247.52,255057378.65
168508,5637980.52,218599298.47
168509,13041533.32,208118927.0
168510,3316455.63,9113440.8
168511,23776054.75,169470516.51
168512,28994688.63,160950664.41
168513,3295163.08,36804475.52
168514,16187627.96,23422780.58
168515,28518106.79,115404525.64
168516,53645567.83,549418228.41
168517,254442358.22,1861293102.62
168518,32313992.32,338807292.68
168519,12791974.39,249022169.51
168520,1119079.0,1130300.71
168521,10986846.55,383910162.71
168522,3620488.41,24354197.14
168523,58743499.95,239227815.09
168524,164083831.96,630515796.1
168525,152200075.45,2776193343.36
168526,48698554.18,362721509.65
168527,10180886.88,363666021.92
168528,12382548.19,1778946090.88
168529,68829146.27,280793068.25
168530,26819243.11,27534678.73
168531,95447936.56,177124165.05
168532,11604147.61,30601341.17
168533,3885649.66,26427804.73
168534,15167631.39,43104230.48
168535,80223198.02,127887214.6
168536,115868763.56,583790711.3
168537,179535910.29,250262821.09
168538,42486031.16,147296224.51
168539,24426884.19,180104249.0
168540,3610166.27,29399527.21
168541,166328918.79,131034860.94
168542,98246949.26,676272892.9
168543,113159295.7,403880107.62
168544,182214188.96,915391548.55
168545,4158335.72,78386693.51
168546,4865108.74,28003060.85
168547,4907486.12,4404404.74
168548,4374956.44,8166848.87
178601,214988.0,0.0
178602,52595.0,43917076.96
178603,411659.0,0.0
178604,2978311.51,1109715.0
178606,9005.0,44441869.44
178607,37848481.13,108813136.75
178608,5209472.34,3401275.13
178609,15031465.65,63846945.14
178701,77626537.06,673099715.94
178702,8110551.42,142538311.44
178703,2532659517.06,11327107278.16
178704,229288233.85,3981330393.89
178705,40167276.63,196608018.12
178706,2262953.66,4123520.34
178707,8658197.98,28448571.56
178708,616009214.39,2084453228.08
178709,12118071.2,19531598.4
178710,33834224.78,169145860.76
178711,7454509.97,586350968.88
178712,1283652.08,142691908.73
178713,3336380.35,7375316.93
178714,65127194.99,106883528.12
178715,323610.05,29109351.77
178716,42906420.09,249469642.38
178801,1373225.93,4473823.86
178802,94636157.54,1655509164.27
178803,398815717.9,790965942.48
178804,463324.98,3621532.73
178805,2196802.73,28154100.95
178901,305038542.24,200441125.05
178902,14511523.7,741439.44
178903,245311737.38,439485323.88
178904,2254140.92,1443281.0
178905,3555799.1,614900578.0
178906,17778789.49,44935522.89
178907,10241994.75,51461206.86
178908,738482.32,0.0
189001,49447060.9,110336006.53
189002,14352130.88,77595494.13
189003,4406869.12,68184381.66
189004,9804688.83,151131592.99
189005,4379992.93,23792776.63
189006,23147129.26,49510090.58
189007,8209626.59,17868188.73
189008,4330734.37,23648545.88
189009,828419.0,1652365.0
189010,4118963.44,24342679.11
189011,3629635.75,26358592.75
189012,5138347.08,14533262.76
189013,10681401.25,84316885.87
189014,25133590.98,163820302.15
189015,72613905.05,194584027.17
189016,439403.36,1356603.49
189017,3925537.7,23996972.57
189018,244027574.49,1247293991.77
189019,261830432.2,116404097.13
189020,14406270.44,26030367.15
189021,375374267.92,853762424.14
189022,31322250.05,220346888.49
189023,20269294.38,33392336.41
189024,9976490.34,14673486.25
189025,7497737.82,35877683.44
189026,39439599.6,176535250.62
189027,281104785.99,423799719.3
189028,7808481.24,45498645.15
189029,11302346.47,33014145.82
189030,37826644.18,146027227.47
189031,147485012.28,274667729.61
189032,86547174.27,418645058.48
189033,26454165.1,12028530.79
189101,25096803.93,70149589.69
189102,13786739.02,173922441.79
189103,636499.69,520348.88
189104,268009.08,725924.48
189105,578469.24,15057509.35
189106,3459567.81,5198049.62
189107,587001.99,4587381.12
189108,146845.74,783495.91
189109,27173.0,137784.0
189110,30985.17,523656.9
189111,538374.64,1414320.91
189112,4996.0,3604.0
189113,241530.25,2825128.31
189114,1429635.98,2833107.33
189201,664287.84,12346012.39
189202,1670302.42,18659595.62
189203,18548.0,0.0
189205,1497401.21,16464292.09
189206,463201.28,12285122.11
189207,1499578.54,50700589.08
189208,426124.65,531290.3
189209,1099119.41,15126078.02
199301,1530848.46,6202957.67
199302,465374.42,2223442.38
199303,2243750.59,16079132.04
199304,372813.21,2719396.93
199305,9813255.37,23551723.42
199306,25279581.9,172226365.71
199307,169083.48,521801.07
209401,41384735.87,798781902.04
209402,10062969.97,35804433.12
209403,59720515.76,1004951870.37
209404,8747468.61,179409406.92
209405,60938832.55,358417253.05
209406,29528932.91,36420654.06
209501,3808.89,0.0
209502,5378.0,11730.0
209503,12683829.42,291424510.22
209504,235591575.88,545437234.93
209505,2311908.92,62038063.55
209506,57341285.9,445242261.86
209507,4349767.34,64230674.32
209508,2953408.98,15374415.6
209601,2138073.11,3038786.88
209602,531420.04,3471128.29
209603,7590628.15,89123964.05
209604,57800.34,36960.0
209605,948118.02,5972768.43
209606,1766976.72,7278540.9
209607,464234.14,699381.26
209608,4520679.24,74263657.53
209609,718129.99,13736359.67
209610,1545804.1,4305583.67
209611,1615308.89,4281979.8
209612,5159650.06,33946676.02
209613,1277521.63,6013536.41
209614,1277078.86,110740.27
209615,482874.39,1874693.04
209616,1144768.6,4471112.05
209617,227438.59,4363640.42
209618,1088674.24,4551642.22
219701,48051876.01,65006291.19
219702,2925894.94,4371028.49
219703,6649370.72,18240119.39
219704,2144592.62,3560853.45
219705,14335967.96,8024286.97
219706,8434195.98,30558990.93
