010101,25620724.76,7404470.35
010102,119464214.95,344883978.46
010103,605340764.65,50958317.33
010104,54450527.69,12025421.1
010105,139086746.04,111505523.58
010106,41578960.18,14754988.0
010201,1403212843.28,390403682.25
010202,152949251.97,143392252.54
010203,1787926517.0,132545453.22
010204,32902564.99,22197068.95
010205,16574350.43,52307073.94
010206,185509909.98,28793575.92
010207,964807969.61,273394873.09
010208,37104677.73,84568072.5
010209,25301765.46,4677134.95
010210,371101394.74,40004917.37
010301,23262704.4,42300683.3
010302,270277801.67,179995288.38
010303,316979165.83,123352696.67
010304,318024156.21,138581723.5
010305,88604149.77,41040963.48
010306,148601978.8,167231314.93
010307,133840963.86,52493875.88
010401,219158726.48,274650114.8
010402,1506705194.65,1782142378.36
010403,50938579.01,147210313.68
010404,141720539.07,228239456.09
010405,718409508.59,364253702.99
010406,2240252554.49,446188490.03
010407,352806599.68,65451667.45
010408,71915794.65,9921165.26
010409,1955589.68,14684358.1
010410,329728.93,641209.17
010501,454840.0,5970.0
010502,18505767.11,18757174.31
010503,1649365.11,3135439.95
010504,116432832.04,89012549.04
010505,6934699.38,5032918.78
010506,14763300.71,6035882.11
010507,401259.96,152398.0
010508,1394320.47,435419.13
010509,89006.87,301339.65
010510,5753543.9,1826886.48
010511,69594272.04,22671310.0
020601,797373163.94,36250211.5
020602,1441627059.28,179434922.23
020603,2376390518.35,303357576.82
020604,62542885.54,119512183.21
020701,662917114.1,206150634.48
020702,677385902.38,260080433.96
020703,244822434.78,42797702.87
020704,94271897.84,45011493.73
020705,154962603.89,46992930.6
020706,150582106.67,14015714.66
020707,394574866.52,66495174.26
020708,24985489.13,43066668.14
020709,754820543.29,134202115.7
020710,189610869.63,78843034.65
020711,30933899.88,27551036.66
020712,35710855.19,40674868.86
020713,66357294.73,215475736.96
020714,28338530.72,26161959.3
020801,26997795.62,25137364.33
020802,30907599.35,108469553.4
020803,37463138.63,111237997.75
020804,41610114.77,67808781.79
020805,168329329.58,385003047.72
020806,69499652.81,127625444.86
020807,28403987.5,72589428.98
020808,345774279.04,212116112.87
020809,31797537.25,90881824.43
020810,94816088.52,105447761.55
020811,62505879.61,66232424.36
020812,10120398.21,4266888.6
020813,6422544.65,21159823.49
020814,1106567.49,2147835.57
020901,110268340.65,519685179.59
020902,44763807.02,46149766.41
020903,150043.83,88816.79
020904,29387966.02,48150607.24
020905,1237877.47,1467054.8
020906,3590643.0,5292626.84
020907,359858.8,557083.53
020908,3933267.93,6592611.72
020909,9635968.59,5715101.37
020910,20818191.5,11460673.74
021001,80734587.43,577982407.49
021002,17877986.34,31207865.38
021003,57036989.32,188667357.03
021004,2420131.92,8790286.56
021005,38444549.6,424492796.34
021006,97996562.75,166654458.84
021007,1553764.05,2440934.92
021008,16413764.7,20579764.84
021101,107613539.26,93181514.5
021102,6976662.41,8032586.64
021103,18485870.87,16893063.78
021104,51116351.35,13299501.25
021105,162652206.82,13386653.54
021106,1084102.18,2390996.94
021107,48898146.27,101198368.01
021108,333273560.57,53287218.96
021109,46872881.25,12496050.27
021201,68893880.9,1312611870.38
021202,49819560.36,178625593.42
021203,798843.86,1897697.98
021204,8725807.51,30724119.27
021205,10253900.93,84727152.65
021206,12238884.0,170150114.11
021207,33609735.75,36498006.15
021208,9640737.64,3575990.65
021209,441204966.49,163338145.68
021210,266356.37,4765361.76
021211,8021838.75,10999997.18
021212,5954620.84,11527223.57
021213,3216780.69,6373562.88
021214,13292974.26,11089967.45
021301,2631854.16,4197872.74
021302,47620262.57,56249176.33
021401,3032508.36,8142756.63
021402,57053.98,88627.96
021403,1044139.59,1967337.67
021404,1644255.98,8729855.98
031501,31291896.46,29035405.64
031502,12828900.77,95747858.9
031503,2452564.64,2509214.55
031504,41282806.81,86031910.38
031505,1248545.59,2465924.4
031506,20597725.45,20894809.26
031507,309071896.35,126004408.57
031508,24575419.24,45983788.92
031509,12397575.67,13212182.45
031510,1677337.71,930025.56
031511,176752465.47,266137316.8
031512,198431084.88,96742188.82
031513,85984530.5,89742368.91
031514,233784246.54,245685113.21
031515,85446293.61,84708782.66
031516,238514546.92,82912972.52
031517,224613496.47,78512890.5
031518,40473855.27,79339679.36
031519,159797407.86,202918159.97
031520,49806721.77,66979024.48
031521,2790421.02,4998928.07
031522,5023113.7,6860393.44
041601,79105266.17,81018864.35
041602,401990086.07,219203226.71
041603,2797369.3,2764213.32
041604,122119289.22,108381609.03
041605,186371509.35,78984454.23
041701,177822366.77,63355616.97
041702,343654294.78,137432443.55
041703,22987517.96,30213232.86
041704,370153985.05,159350738.1
041801,84655519.76,631099415.4
041802,3642223.04,9338960.26
041803,77652534.84,40869755.5
041804,599756097.5,155197132.71
041805,206996178.81,8471242.47
041806,731304911.72,333950332.97
041901,536972636.26,135018375.27
041902,50761201.22,64515692.22
041903,655346.44,1123558.47
041904,59347611.56,35104287.65
041905,661139257.67,302985047.88
042001,93310253.37,35862210.99
042002,11294961.02,67708791.57
042003,269544260.06,21365281.08
042004,723920290.54,88653737.08
042005,395311507.31,157659218.18
042006,12871597.46,4933566.64
042007,69205223.69,55750284.45
042008,170319613.61,198524790.8
042009,529731589.94,834223776.04
042101,181019667.7,72048836.5
042102,85503969.53,42087638.61
042103,290464485.55,78146614.52
042104,90462244.95,42970107.33
042105,41117834.0,100491656.09
042106,547212029.82,292291573.42
042201,14488826.6,75835813.5
042202,346433245.66,176742320.86
042203,1072274935.54,103076349.44
042204,41442614.91,583098166.02
042205,3690161.93,11812542.4
042206,10315489.84,7107014.42
042207,56946728.11,56006269.4
042208,238607677.64,218759501.45
042209,6846339.71,7631062.69
042301,69270751.46,118846902.06
042302,34934688.77,55939696.59
042303,147418055.2,315182722.77
042304,484047557.04,887003607.16
042305,3352706.66,4868755.8
042306,80186360.31,290539593.05
042307,90016.96,10000.0
042308,42417401.93,89412970.12
042309,1188782803.2,386299222.25
042401,155238511.31,379830074.09
042402,2564308286.79,589730067.26
042403,540967847.16,113467517.16
052501,231819194.23,27653523.72
052502,66789.33,1479270.01
052503,12560661.08,8385342.34
052504,1750803.56,4409466.54
052505,93327952.95,79963169.12
052506,3700768.9,3468860.62
052507,23899479.81,45070970.54
052508,29927134.19,56697047.4
052509,2825375.53,7415486.56
052510,7632332.69,52714799.59
052511,6991291.04,6336710.21
052512,593840.28,3955493.99
052513,4883509.4,6090369.75
052514,856719.22,2010602.74
052515,1257041.85,10979971.23
052516,7049191.01,18243902.7
052517,22861709.1,228166424.0
052518,1585712.32,36915334.31
052519,50773226.65,37814752.28
052520,4575084.45,25826725.75
052521,826088.3,9918110.09
052522,1695811.32,92551260.05
052523,57364182.05,254320942.78
052524,407025.4,2693.05
052525,1176662.62,2653428.54
052526,11199974.38,24262971.57
052527,111004.86,248384.41
052528,751555.07,1026299.56
052529,2688621.86,10247678.56
052530,33572225.84,36118831.68
052601,8495733.79,199630183.46
052602,3719951.31,3450319.19
052603,260046.94,6484.92
052604,560737.17,31755.09
052605,396551.19,528995.0
052606,10068876.83,13659661.58
052607,9888.14,1070976.1
052608,3910480.26,54619952.31
052609,104307.0,0.0
052610,4305406.75,488969.9
052611,1259929.5,667082.74
052613,101067122.38,155526038.28
052614,3821681.03,18054676.29
052615,13601113.62,17350683.9
052616,523494.0,207635.19
052617,688826.02,283736.74
052618,910079.68,4147436.78
052619,414011.42,3032932.5
052620,46455523.01,28398473.89
052621,18522117.02,4084510.43
052701,100463156.13,310304977.02
052702,1402168.1,3655649.96
052703,51943426.95,61922205.34
052704,110721016.42,64095155.99
052705,1759566.0,94067.0
052706,9406202.87,3880882.3
052707,187756543.13,384652693.74
052708,3590459.36,14089701.21
052709,2332921201.74,5543871102.21
052710,7671355224.97,2334778796.7
052711,3999122185.55,622117192.71
052712,60284647.7,40808895.13
052713,50093898.47,105367519.14
052714,3842238.4,3190340.72
052715,8022872.23,18575066.52
052716,9574888.39,312988316.1
062801,21066955.37,37874796.75
062802,227647.0,294630.95
062803,120612886.17,33192664.77
062804,71318204.39,96899286.38
062805,6179524.25,13815733.39
062806,19041433.26,9721016.25
062807,7918019.16,26548203.65
062808,10516718.88,2481171.96
062809,101909420.37,90717068.67
062810,2768489.8,27851712.0
062811,51047468.33,61579490.32
062812,1266057.47,2506915.47
062813,338377.3,5493186.84
062814,109680750.16,17952383.44
062815,79389403.84,106468970.1
062816,1386326.43,492116.19
062817,34153823.44,12008002.05
062818,79004149.17,125884417.02
062819,5065099.71,7475829.06
062820,3709433.66,3199190.33
062821,12249584.21,19617757.65
062822,9127474.06,23245653.85
062823,5878823.08,71643131.76
062824,10413540.42,2793070.58
062825,35743185.62,129046226.5
062826,5415940.06,17538807.66
062827,39350662.1,41273978.68
062828,8564243.71,3186947.93
062829,2789247.76,5413412.86
062830,494555.23,2051372.11
062831,2794564.63,3920709.02
062832,2452755.31,6818640.63
062833,34627093.84,45691628.29
062834,7162063.32,42988189.12
062835,96810486.93,82307723.83
062836,63769631.1,72950876.52
062837,13202728.57,11405976.56
062838,1755173.27,411661.94
062839,80336070.82,11687592.81
062840,44121107.26,130427447.83
062841,18095955.38,38344357.11
062842,2115470.93,8979368.83
062843,41503633.9,54825663.69
062844,229671969.48,87990703.62
062845,625085.33,1349629.82
062846,1383557.15,21904230.01
062847,21065440.82,15319288.7
062848,102862.41,173609.17
062849,9946918.8,20671795.09
062850,22951404.12,2407330.82
062851,2982661.4,4014997.89
062901,704274106.91,437913734.36
062902,1768986442.1,746519180.16
062903,291566417.29,182396578.68
062904,12151824.7,18532723.94
062905,716265681.65,622290212.88
062906,35567570.72,17030878.34
062907,136154181.92,242221875.83
062908,38089084.42,17101863.1
062909,514944589.49,187890461.66
062910,275716149.93,212516641.35
062911,6064392.74,1680542.72
062912,74797371.0,46469331.66
062913,633148.72,893797.78
062914,285838159.5,154910410.63
062915,515283749.85,402911579.4
062916,222807242.63,323355219.38
062917,354209773.89,370291765.72
062918,214456616.6,157861546.58
062919,20269624.48,31071249.54
062920,51479362.85,42724126.11
062921,155579651.1,208712747.13
062922,255797175.4,235786477.46
062923,57644575.66,31461682.27
062924,437347946.99,235325981.27
062925,12983233.9,35991776.21
062926,354502509.87,133498860.92
062927,9134781.68,12868442.03
062928,72164110.39,19625377.74
062929,118416149.61,80177820.37
062930,117223881.78,128890354.6
062931,51098535.83,88024796.7
062932,80662655.39,161755722.01
062933,770503708.77,489522757.93
062934,222336701.45,237693987.59
062935,27996399.82,34919907.97
062936,397409870.51,518057516.76
062937,241864057.32,74843334.65
062938,3535506.01,4532694.17
062939,25973399.2,15646339.24
062940,14638714.0,6543645.08
062941,271756868.07,322217128.51
062942,13782585.92,10810394.53
063001,38551859.31,17564152.22
063002,284129585.05,132410785.13
063003,199928873.64,157652098.7
063004,2110973540.08,2256940536.93
063005,49742211.89,92704935.88
063006,175274202.33,100781199.94
063101,19487615.8,18375435.72
063102,746690218.35,116694465.79
063103,45621351.6,26183496.59
063104,9688114.42,89021014.99
063105,340391837.82,108290686.68
063201,1753258.96,10449880.98
063202,15587472.3,6709717.36
063203,11440357.68,12934989.83
063204,359258173.8,378605664.79
063205,4043756.7,3818129.51
063206,263364652.14,196654678.49
063207,99178804.68,28778324.05
063208,430820262.69,206133815.83
063209,99420314.29,60171656.65
063210,27546555.56,8306739.31
063211,10495670.13,5693044.49
063212,20625170.11,23036215.18
063213,17706060.13,8592981.34
063214,193616923.65,109165722.63
063215,203570412.96,139611686.57
063301,27391850.57,47131945.31
063302,340459606.39,171722404.59
063303,68924209.57,182780233.73
063304,92879964.25,192431991.32
063305,70544353.04,117134506.25
063306,46280756.71,30123742.39
063307,145528473.4,166975814.81
063401,62651086.94,56487773.86
063402,438392305.48,491095629.38
063403,137028811.44,50253524.19
063404,49818836.52,59108730.32
063405,138255255.61,34326697.08
063406,67514947.48,40591934.47
063407,11399555.11,9174582.54
063501,186776227.21,80024529.73
063502,34556093.97,12873606.46
063503,38880262.81,34918260.4
063504,35134973.53,46382517.5
063505,419423859.88,64159704.07
063506,132729921.17,101088380.75
063507,44497488.03,46659324.55
063601,6259297.68,271093.64
063602,1602206.89,975012.83
063603,2113933.1,2248071.34
063604,2940116.41,15923267.82
063605,1305323.17,4200827.58
063606,16260777.69,4865711.58
063701,660243448.51,237671876.77
063702,311053225.25,164065546.42
063703,341515864.53,71697488.57
063704,3654189.46,811960.22
063705,8007844.73,27721814.12
063706,1375504.87,1859617.0
063707,272291061.23,243900176.84
063801,27508294.53,19346315.19
063802,67898414.05,35149367.16
063803,986740.72,4512363.24
063804,3468232.13,4063113.63
063805,1290533.62,761827.91
063806,66444122.88,63789633.74
063807,1110142.83,747040.27
063808,447319721.59,339314699.29
063809,100511677.56,46258976.01
063810,17595440.12,10453931.98
063811,120449971.78,175889680.51
063812,59034096.1,80358679.26
063813,791103.98,2881799.62
063814,43108122.49,18589934.92
063815,271000388.95,118385375.69
063816,13331486.92,13775425.72
063817,21577773.47,18807123.46
063818,4286422.63,36950875.7
063819,24364941.19,8337625.24
063820,50504310.39,11428043.86
063821,6378959.63,11237595.69
063822,104247358.49,135458905.87
063823,897076192.93,703166147.37
073901,1586203405.8,428801098.96
073902,687352900.33,277962596.83
073903,838875399.51,429393637.17
073904,558754026.14,319612991.36
073905,93882943.44,124978210.87
073906,281750682.44,191545248.21
073907,2662673244.39,784798674.3
073908,561586721.76,271145850.45
073909,249545789.08,143072560.78
073910,115488208.22,147450716.46
073911,243150047.56,165580647.35
073912,261221795.61,150978070.34
073913,10686522.22,25442226.87
073914,4935038.59,6074331.18
073915,74070376.85,33365519.5
073916,39126220.75,102379386.0
073917,251244886.01,212699134.11
073918,91236704.3,73843706.12
073919,227818997.88,173595479.3
073920,892418267.19,978809727.76
073921,328570053.3,395699123.62
073922,57110714.59,70203472.13
073923,625728803.15,781148189.0
073924,206377322.81,186239957.27
073925,111660047.5,159812971.52
073926,520235396.65,650731720.46
074001,19486792.41,42821976.06
074002,359692142.45,208530355.17
074003,12310142.7,733292.05
074004,9350142.05,4978357.74
074005,40947890.41,53099493.83
074006,5476717.5,7795091.06
074007,957724.5,1818828.29
074008,86253741.98,125503535.08
074009,46398374.66,84608370.84
074010,92081334.44,57253418.39
074011,754064421.05,1050074125.19
074012,66198976.28,55728676.56
074013,18422057.0,19557432.37
074014,6673000.83,13072321.5
074015,15409484.91,36640802.65
074016,131201708.6,201242354.24
074017,3824017.75,4086887.62
084101,392434515.35,128639072.42
084102,11960826.28,6196355.88
084103,5143449.74,1099325.92
084104,164612161.9,196764059.37
084105,6182904.32,4803892.87
084106,2458814.63,2327608.36
084107,6897561.69,2682873.39
084108,5722755.07,6205285.21
084109,506729.77,2906551.22
084110,1865194.74,557234.2
084111,1673899.55,2969378.72
084201,4737229.52,14694839.87
084202,146439040.86,299885005.2
084203,76293085.85,144451381.04
084204,371140.94,424138.09
084205,9323589.47,14583421.58
084206,404070.85,306141.47
084301,55887761.89,4390058.7
084302,16573905.46,28426685.14
084303,16496605.12,4251646.27
084304,693895.96,1072577.2
094401,21032097.6,17783379.57
094402,2575160.36,6588851.75
094403,42651878.15,63468507.13
094404,3632208.1,5577892.86
094405,355747.04,6438785.42
094406,1913845.71,5117905.95
094407,161543560.05,914763639.56
094408,21783597.28,39719137.4
094409,52450689.89,90506361.61
094410,40152206.96,280285448.09
094411,30168740.48,108656280.63
094412,48383369.16,306996287.96
094413,5553282.42,2270175.25
094414,7191761.21,12034152.29
094415,76916334.28,64766172.77
094416,2026704.25,944102.72
094417,1596439.79,6756512.16
094418,155517770.28,258010012.33
094419,5053383.02,9359001.49
094420,18689805.22,25742764.23
094421,57154911.99,73822339.15
094501,226938.78,1460689.77
094502,68503.49,239883.13
094503,1074014.47,1344222.5
094504,6163858.32,15464234.98
094601,2841745.28,4544728.72
094602,16060813.86,41370583.38
104701,6205400.41,6269855.54
104702,7678170.76,47790941.29
104703,79328668.82,584455728.48
104704,31179975.06,88132947.81
104705,424387.97,7633836.15
104706,5265653.54,3938867.34
104707,306878758.81,234644441.57
104801,165298458.9,277761418.35
104802,439333152.64,571958528.42
104803,52030580.66,54703306.05
104804,90732063.33,411061773.18
104805,351429162.91,248760361.65
104806,3960725.07,30904496.64
104807,245029226.2,20798494.37
104808,43619063.93,65593151.49
104809,11422924.9,40187724.33
104810,725561025.38,930425099.86
104811,426500874.01,357369127.72
104812,746721.56,1021934.12
104813,10635608.37,56808231.55
104814,107974345.52,37213259.81
104815,877268.25,20601.0
104816,11725545.07,31839129.69
104817,24877990.38,48459640.22
104818,446078448.03,406044585.14
104819,450809793.83,621932809.79
104820,94154973.68,102316573.24
104821,78372620.26,63185483.12
104822,17190960.15,13117903.84
104823,246940200.27,307946500.78
104901,281093455.19,309967103.19
104902,212991694.2,132925780.01
104903,5034798.87,13436160.01
104904,2397431.05,2289145.48
104905,8735118.08,9356473.69
104906,3631487.46,5161093.35
104907,11414018.49,6115707.2
104908,17493856.22,8095016.73
104909,26372315.82,13679072.97
104910,8393149.83,10099270.5
104911,279452678.48,320195823.28
115001,36875.0,0.0
115002,420071.03,963248.69
115003,129495.0,152893.07
115004,119482.0,77595.08
115005,61186.0,9983.0
115006,145714.77,60318.86
115007,3558217.34,10479263.26
115101,17008223.88,42879846.59
115102,12975463.0,8096543.05
115103,512418.39,1644887.32
115104,30069.24,87000.0
115105,8615194.57,9369659.83
115106,4596108.36,22392882.47
115107,4922663.28,17941289.52
115108,292024.84,3204062.03
115109,1212104.22,2126063.91
115110,568193.31,359620.02
115111,31868936.33,36482036.37
115112,71988210.1,95999478.19
115113,364958.97,110534.38
115201,2130587.68,14247601.73
115202,3543580.16,7440324.15
115203,551468.05,618700.14
115204,3199915.39,1857203.28
115205,13452658.55,41915685.97
115206,2117356.24,7860869.57
115207,2203144.27,3962883.96
115208,217845509.04,177387011.21
115209,113554931.42,141362765.66
115210,58763364.43,39012102.2
115211,52985927.47,37863337.53
115212,7489892.07,8436526.42
115301,10103183.82,3265424.13
115302,88184.35,85349.69
115303,835546.71,812611.23
115304,327161.04,1081412.41
115305,819242.81,3387991.09
115306,616666.87,1469594.37
115307,1542228.78,3268969.97
115308,610401.38,1530492.94
115309,9426256.9,17690622.39
115310,15487427.12,12020653.43
115311,195903.86,496448.88
115401,16292522.25,16305226.62
115402,660212886.33,314845540.32
115403,161708906.18,13753816.67
115404,150802629.38,19942328.24
115405,85303.15,142055.2
115406,261550.63,909658.67
115407,160645584.1,191137704.4
115408,36179032.84,69486519.08
115501,2593708.86,828980.05
115502,14748514.42,42818478.4
115503,69759644.23,91815915.69
115504,2942247.69,37357320.7
115505,13522972.81,13246498.95
115506,305278.71,2314998.59
115507,91281.96,436371.81
115508,8424766.11,7399388.67
115509,42513994.41,95752572.52
115510,1411666.46,10663497.66
115511,1937654.92,5333078.08
115512,57748797.51,52867948.8
115513,48634681.92,22173929.67
115514,37130975.24,21802075.12
115515,81176459.75,99699338.42
115516,112336523.83,166000588.07
115601,79427801.31,37241917.46
115602,14663152.14,36190404.78
115603,289962535.31,144615089.04
115604,1825097.42,4708753.9
115605,84872.26,717073.05
115606,3281217.78,2237636.47
115607,24425897.21,34559330.09
115608,8692824.97,7111635.92
115609,3398101.68,3082505.27
115701,5202934.12,18551383.16
115702,56217858.04,49048971.38
115703,455391576.23,318833095.88
115704,63023511.68,31102297.29
115705,21502337.84,22040376.16
115801,32835916.68,35240235.92
115802,2419554.53,2574075.3
115803,650285.23,392275.65
115804,6278245.91,3340529.81
115805,73181.53,300961.76
115806,62623863.41,42564023.39
115807,8919520.86,9163070.49
115808,1757950.96,5147826.49
115809,1954579.54,571868.47
115810,1818506.71,7231808.16
115811,2808054.73,1146619.64
115901,11098189.2,2891625.85
115902,17416857.28,13832854.45
115903,71280744.87,80336906.41
115904,90246574.67,3388447.35
115905,6693741.62,1155319.87
115906,7007926.45,15151114.0
115907,35050404.0,24562300.14
115908,175596.2,2169378.0
115909,816513.86,3405950.33
115910,6640387.92,5011864.39
115911,86626868.82,70807504.05
116001,15737426.86,24715563.13
116002,125098147.38,131062585.69
116101,4559131.15,7167566.21
116102,4459284.74,6566773.97
116103,20074066.95,27832646.96
116104,73800444.65,180075392.7
116105,35002316.16,76497771.26
116106,13914909.8,48872668.03
116107,32911539.27,74887852.52
116108,87440572.07,141036570.34
116109,153306169.47,353127850.13
116110,230737565.61,589664783.67
116111,27852227.4,48321640.57
116112,46760527.46,82031589.68
116113,584202.64,1656670.66
116114,22252342.83,35369927.76
116115,59333827.23,181354591.63
116116,8525382.63,13009526.96
116117,6009022.6,9043486.49
116201,116348226.2,246038158.45
116202,128987518.44,219837452.97
116203,230183511.86,767216089.08
116204,306001534.48,854137756.39
116205,88565033.35,250962445.81
116206,99249277.13,293273750.15
116207,10578809.1,18063372.97
116208,17131437.92,44170504.54
116209,16220831.15,29358139.3
116210,26496778.58,81341601.56
116211,102962548.53,178647226.32
116212,80111348.31,121456636.33
116213,1547293.43,2867535.71
116214,16470673.25,22769049.47
116215,14630357.41,30815627.57
116216,4482548.37,8905119.37
116217,17681497.14,11853167.43
116301,6106959.73,11638416.78
116302,84222316.82,193521708.65
116303,43857042.29,38280355.55
116304,15612271.4,22596939.52
116305,27952513.77,62329422.82
116306,29853276.22,54524287.59
116307,108158290.78,72448478.15
116308,4408885.17,2182837.53
116309,89225123.8,28337610.38
116310,23752881.22,18677475.16
126401,14896824.77,10363104.75
126402,49092902.41,106879211.58
126403,298257772.88,780881323.53
126404,100607311.92,172098741.58
126405,11260364.31,28376684.78
126406,21814394.87,44813734.96
126501,22598.0,445746.78
126502,50102.8,181362.93
126503,556102.9,1194209.4
126504,1121263.22,2141718.28
126505,22050034.41,47001087.49
126506,7197275.36,20086823.41
126507,942284.77,1106535.36
126601,17553179.97,45029214.8
126602,179505.1,357059.57
126603,2670822.77,2023170.84
126701,422831.1,1185508.71
126702,41434359.53,51925816.82
126703,117093.0,426371.71
126704,687062.21,3609191.84
136801,5891230.17,8549313.05
136802,17260258.05,61263691.19
136803,560404.58,4362359.49
136804,64547314.7,59833349.16
136805,49645195.77,58407321.59
136806,155518364.69,91904694.64
136807,30043924.8,68123253.7
136808,2889645.35,8639012.83
136809,7781097.51,62950376.87
136810,105797507.95,140197256.14
136811,10637223.35,24412973.17
136812,1671847.26,1414111.87
136813,6985498.15,16371156.38
136814,392526.76,950095.68
136815,11538434.47,28447386.03
136901,1332216.42,2405129.64
136902,38813489.5,44015923.14
136903,8451103.85,22276975.89
136904,98009276.71,48292959.08
136905,37571841.47,7021822.23
136906,37472487.68,8692112.47
136907,17287622.63,27819422.41
136908,67254751.76,151936049.55
136909,3612694.81,17068992.19
136910,18736331.84,44131234.19
136911,20705885.07,61831475.65
136912,17734495.13,52069049.61
136913,96667920.45,63583940.64
136914,10801270.56,29223688.45
137001,3263040.59,4947693.78
137002,32951707.54,20855067.16
137003,6068144.49,11974142.78
137004,4921897.61,10038786.2
137005,39920327.77,126053429.79
137006,11292508.45,26829247.07
137007,93815434.06,123276906.83
137008,10668738.1,46158292.83
137009,14838437.85,41610389.67
137010,112061286.38,159558141.73
137011,42773866.78,29501834.81
137012,170440.94,266168.99
137013,74750399.91,150055169.18
137014,1419645.03,3614975.38
137015,3415458.3,2579697.84
137016,2329460.23,3593125.08
137017,5555107.06,13627397.25
137018,2468758.8,6819525.0
137019,265422842.76,179575305.27
137020,15946626.45,13830420.97
147101,315776.51,1722912.91
147102,30372001.35,68999272.56
147103,2343503.06,3959703.09
147104,1147874.0,3238481.62
147105,854606.04,2142808.57
147106,13989086.44,34126158.26
147107,118301.56,759700.64
147108,248729582.4,207561971.18
147109,1011908.52,80295.64
147110,58421455.68,32507964.19
147111,66311.0,767424.0
147112,38204061.07,2123083.05
147113,31023075.02,134573115.58
147114,2915720.02,5632151.61
147115,2319561.96,16863371.89
147116,1736422.69,2641790.38
147117,22346694.61,37664586.65
147118,4540259.0,2660123.0
157201,4632950.21,44020910.82
157202,294188797.52,651880002.23
157203,341958.81,1329146.11
157204,771696496.23,377607684.09
157205,1554962.04,5861887.04
157206,3476883.28,2037713.39
157207,410192898.11,29173564.6
157208,801442206.32,554333933.46
157209,511219738.06,204004331.94
157210,731969498.4,497482421.1
157211,64177405.31,146472740.85
157212,31564781.32,114983114.75
157213,58941020.91,258174168.13
157214,132512408.8,134571798.23
157215,18720033.95,54708546.75
157216,75257314.05,366666629.42
157217,45474227.54,99969779.47
157218,2333881.19,21851151.61
157219,238713047.32,737465381.81
157220,31069445.25,105259041.36
157221,4611588.19,1458383.62
157222,35498317.81,98057047.45
157223,5631074.62,27213360.36
157224,22724019.09,9111653.75
157225,19322381.17,54113131.83
157226,14741742.74,50365617.18
157227,79892609.27,14314313.85
157228,16814103.38,60294632.1
157229,26814826.33,20252718.62
157301,13734486.99,57655661.12
157302,13876850.34,28399686.25
157303,3985619.18,14380403.24
157304,139784099.16,309730398.41
157305,29610801.58,89745674.28
157306,269744555.8,374886424.97
157307,132268336.63,251278030.14
157308,665264559.94,441475460.22
157309,33215501.36,58092430.43
157310,160053437.73,347575659.8
157311,13171018.55,34731558.25
157312,31262735.62,74642225.03
157313,882957.6,1556154.43
157314,152954234.67,61199751.1
157315,28681858.47,70426573.41
157316,8202615.49,3443301.75
157317,19158008.08,24997397.53
157318,219462089.91,333008999.29
157319,2016885.74,2938313.2
157320,28073223.82,67947156.06
157321,74767547.59,51131987.06
157322,124770258.3,117125419.27
157323,64703270.12,137008644.12
157324,23917050.67,36391031.89
157325,38503379.83,68058922.02
157326,331876185.47,304254776.67
157401,919479.62,398399.43
157402,376419.72,11776786.16
157403,62661805.47,150295850.37
157404,259024692.67,157252971.45
157405,6776914.99,12196206.71
157406,960800.8,6481813.19
157407,62536520.14,68804757.75
157408,39337367.79,204440132.28
157409,51158673.04,70442976.25
157410,138758974.69,41159229.27
157411,61162671.8,101953953.98
157412,12943013.03,46172099.28
157413,1529881.1,8028398.63
157414,228521.79,794677.63
157415,3954564.89,9704184.07
157416,141456.78,838660.07
157417,1701140.74,154113.85
157418,23673695.84,9289444.28
157419,16944937.88,30749576.52
157501,38619372.0,23521806.0
157502,115350474.76,83093104.87
157503,21409609.97,16840775.27
157504,3584953.86,8769933.31
157505,3404373.9,12702696.3
157506,2974979.06,13839277.71
157507,1510414.07,4490471.43
157508,84737319.08,12622413.69
157601,1436871230.88,1172086284.0
157602,225450779.72,193486774.93
157603,1034846.82,3821837.54
157604,328514358.18,262343053.25
157605,67620699.47,160200107.01
157606,379487727.15,401370263.68
157607,175196395.38,233682842.94
157608,22404726.02,29238192.32
157609,10563330.09,8286158.48
157610,144178974.62,142395422.04
157611,20318340.84,4291222.91
157612,90879002.03,104579980.67
157613,5363996.97,3498543.77
157614,1455862.66,13319724.62
157615,27847961.42,50902329.62
157616,128462426.48,174689395.62
157801,14397307.08,37346444.64
157802,11441437.75,5022923.7
157803,2344108.45,1259273.32
157804,6150076.44,12309895.41
157805,172211.66,54568.69
157806,4140980.05,3006094.57
157901,220478548.05,150178448.68
157902,10532439.21,2853819.44
157903,3263382.66,4815914.06
157904,1431491.68,1835144.92
157905,20638613.86,17424017.92
157906,188079.02,476854.02
157907,3101428.4,8154156.85
158001,33387894.94,74607068.52
158002,3342669.32,530291.18
158003,5171701.59,2657969.53
158004,2414778.87,386371.04
158005,4594557.52,377352.04
158006,214674.0,129456.0
158007,5367455.87,2385323.04
158101,27867446.38,9308145.12
158102,17539978.87,9663969.49
158103,1292687.03,728805.82
158104,57526099.87,51905578.29
158105,53341650.14,62508983.35
158106,673855.63,1959548.36
158107,1536189.28,3222529.95
158108,8625143.28,15616427.63
158109,326511.26,4540041.39
158110,4843524.33,4452877.68
158111,14718503.76,20157330.81
158112,8371710.03,10644867.91
158113,874234.14,755218.6
158201,17879910.82,39598971.61
158202,55250114.69,86499468.18
158203,29152421.7,45922570.09
158204,17187459.53,37700051.4
158205,70701713.09,110395095.77
158206,10164789.46,11295682.31
158207,160220469.5,300212136.4
158208,24158018.57,35421001.99
158209,140847915.4,202409800.87
158210,3206220.93,4480104.36
158211,22194704.6,44610901.75
158212,8137274.0,27439921.29
158213,3952548.88,9699224.49
158214,2882567.94,9299262.01
158215,16017551.47,37221483.96
158301,32211959.97,108929609.37
158302,114938273.0,270675603.19
158303,27005909.31,17053886.98
158304,3401954.08,3915662.1
158305,31677636.73,21771306.1
158306,31727090.06,22691381.67
158307,15597764.95,29028719.81
158308,14579094.83,30870501.26
158309,92430414.4,142889537.64
158310,6318843.42,5426234.73
158311,71731375.19,44470531.58
168401,10828759.49,14844285.76
168402,41376152.77,22016225.97
168403,143701916.37,142319873.76
168404,12243625.95,7628319.91
168405,7741082.69,6538881.88
168406,31101028.89,46756316.14
168407,74955545.77,254687198.37
168408,183500333.12,198117859.69
168409,290840739.53,461397598.95
168410,2680664.29,1501829.45
168411,534338785.56,1096473376.82
168412,113183985.2,135597113.76
168413,368239122.69,472390978.5
168414,269974621.22,514293476.28
168415,116781088.02,220815153.48
168416,42556023.65,34568491.98
168417,42397457.04,56540042.56
168418,184367982.42,454848356.19
168419,417801503.07,331013049.52
168420,14893978.81,15047901.33
168421,337052170.68,411627460.15
168422,327670413.88,388442179.85
168423,40145536.75,70204210.89
168424,112734902.94,186894736.12
168425,76854358.4,67530392.53
168426,112930685.64,94230908.82
168427,290291388.74,234090402.23
168428,212030997.1,207653187.6
168429,182697334.76,419055879.81
168430,65474656.94,66083866.79
168431,625279851.76,523511302.89
168432,96537467.49,61819613.33
168433,249195103.43,193832934.87
168434,66429867.55,33194255.05
168435,1846343.37,1970183.33
168436,154320626.41,70210006.69
168437,38412310.24,9054424.62
168438,510189022.79,122876985.16
168439,47036832.75,55650978.03
168440,25957768.94,48236346.41
168441,67492989.85,98503513.64
168442,54948089.45,91576638.89
168443,421761448.77,431820390.58
168444,2019507.55,9231025.05
168445,20893332.01,12752423.13
168446,5844633.66,6301975.06
168447,3864964.88,11659072.12
168448,57359385.1,45844002.93
168449,1008496.41,5559577.61
168450,20119623.61,224343923.29
168451,90960789.89,126437829.65
168452,36779905.76,54632620.84
168453,8317375.11,6279721.69
168454,13293827.21,6521283.49
168455,19068437.1,28550921.28
168456,36078099.43,37302085.67
168457,27896196.17,36049626.89
168458,11149795.48,40152294.24
168459,14057034.25,41345424.77
168460,22752224.75,29198865.63
168461,13201405.8,13588087.04
168462,73931520.16,70351178.72
168463,10044588.75,18146057.15
168464,18743402.97,22998171.58
168465,38103204.62,70773334.92
168466,132279415.18,163043480.76
168467,48405845.57,63417919.49
168468,16827870.98,12741722.59
168469,16894719.32,23546855.79
168470,37931672.12,104583599.4
168471,6697633926.54,9408812197.97
168472,167448952.9,300101531.85
168473,2423930807.92,4071735049.71
168474,117030766.33,89736940.72
168475,133720835.85,52236662.61
168476,22949277.98,49319597.77
168477,258064068.25,204294218.12
168478,87889662.4,69785687.02
168479,682168685.93,544850520.24
168480,98119259.13,125969046.35
168481,437184885.89,719030048.58
168482,183196514.36,261251089.7
168483,162052369.3,461121105.42
168484,23335253.59,40397816.14
168485,157489175.86,159531939.27
168501,143739245.09,353017563.17
168502,134766489.0,143349913.07
168503,143451784.26,79869026.9
168504,368074593.43,414150331.67
168505,38172334.95,58639553.65
168506,151427658.58,216128537.22
168507,63694259.14,191339704.64
168508,140206207.21,230117368.44
168509,406731275.75,230291272.5
168510,644711562.09,66293888.34
168511,57999039.44,132788269.15
168512,53048648.27,138091915.44
168513,10769273.8,25834214.55
168514,48129945.33,31922054.24
168515,87240657.01,110704572.31
168516,275254241.15,440804055.32
168517,917011751.26,1248234545.56
168518,191887024.85,300358546.26
168519,96907991.9,175305122.76
168520,39637737.36,84341796.65
168521,158560150.33,362337607.81
168522,52616910.59,64299126.71
168523,384845114.22,552913113.17
168524,1550395506.59,677765615.21
168525,358908142.7,551869343.62
168526,53214161.34,63712553.31
168527,509024372.75,736401989.09
168528,333619997.94,665763827.46
168529,286033706.05,291741757.84
168530,9146960.62,22603709.83
168531,121843663.41,207751557.78
168532,353101174.39,151365743.79
168533,131213065.51,60899873.46
168534,147322273.42,100927279.26
168535,100692226.98,68942943.74
168536,558044539.33,878417399.99
168537,160475153.13,154058998.97
168538,142198174.66,233159355.95
168539,1214139132.14,450536164.46
168540,580421412.99,93280564.77
168541,1018906303.91,472486578.95
168542,3933513169.98,2866818230.32
168543,286518842.37,360666648.58
168544,406509395.18,544042687.67
168545,129474966.74,34245313.42
168546,15829611.76,19856434.02
168547,21448621.4,27075751.79
168548,19857889.76,64459104.42
178601,13192074.0,141030.67
178602,2815990.13,5395559.84
178603,23520.73,351481792.0
178604,1424616.0,1503489.0
178605,263016.0,189574000.0
178606,2203372.8,10799351.3
178607,90367744.77,30298421.71
178608,5773021.41,3209092.54
178609,15089964.72,51248041.44
178701,942821194.83,603669703.56
178702,190719599.12,78098367.35
178703,2257554912.25,6445707049.86
178704,1393187650.7,1065167648.53
178705,88328164.31,114950759.43
178706,45262392.05,18442427.89
178707,36532401.32,224117048.08
178708,1580101145.82,2519224914.16
178709,7472742.58,10498848.74
178710,3698260.0,1952137.0
178711,77161712.06,212540350.24
178712,109831739.13,112658551.42
178713,5567772.01,28489541.73
178714,149405220.99,292194040.49
178715,9484348.87,14877233.51
178716,289072482.96,530878517.73
178801,2105339.0,718801.56
178802,1572940860.9,1391936653.14
178803,370706034.59,768963227.04
178804,95778.0,557867.06
178805,2445378.11,23010254.65
178901,141694002.17,196075072.57
178902,9676365.42,1477522.54
178903,221532730.42,118567673.89
178904,63880930.46,2782780.61
178905,286651775.85,3670378.99
178906,88859199.6,6866826.01
178907,14494985.04,11551672.2
178908,1339091.38,749299.35
189001,78496980.87,107295870.54
189002,59964023.45,188832915.79
189003,6538781.65,44775239.62
189004,20049584.82,49302899.99
189005,3991250.41,9634468.7
189006,118006893.29,207898212.84
189007,7873812.07,10471033.14
189008,27817442.33,28682579.51
189009,2119711701.79,1511643198.09
189010,394266249.85,123463410.04
189011,10728835.65,20732952.47
189012,49277967.0,15376460.75
189013,35198477.67,47942307.82
189014,120330232.94,205737594.27
189015,66487523.93,85092132.18
189016,853923.88,926081.8
189017,44481031.4,71740759.76
189018,944118937.56,875077824.44
189019,27184860.67,43144529.02
189020,8188620.4,17712268.42
189021,515476273.62,328902706.11
189022,1006886247.67,335669046.13
189023,12679198.82,25361810.35
189024,14886647.88,17538582.42
189025,23386071.81,45267712.19
189026,227932632.92,214469984.73
189027,222466881.94,267355820.46
189028,36307701.2,57201514.79
189029,16688416.27,44018065.95
189030,265452874.65,240364777.69
189031,162277126.52,221203354.86
189032,215090784.36,297276108.11
189033,14901140.8,28294931.26
189101,7092042.69,24836061.3
189102,20384680.69,108304848.89
189103,1981843.43,2208711.42
189104,397749.73,2758982.37
189105,24618303.73,35124337.5
189106,2692611.52,9624527.68
189107,6541040.75,14833566.71
189108,461880.06,1627565.63
189109,551124.43,2267248.76
189110,325924.41,686762.69
189111,3290563.6,2189781.03
189112,117745.67,338663.04
189113,920336.14,6775028.51
189114,569380.75,5132715.97
189201,10575575.02,18787404.88
189202,2766970.5,4762336.53
189203,1693834.67,262518.91
189204,201222.11,1460002.52
189205,5841155.31,12367773.2
189206,6649129.79,5482773.0
189207,17798012.35,28561733.59
189208,1951674.84,4355601.36
189209,7537052.3,12531607.18
199301,9352164.0,13137835.0
199302,32641.0,350344.0
199303,1226789.43,1881149.29
199304,156122.78,1398385.92
199305,12666571.08,3891614.94
199306,21398843.0,110188047.0
199307,169797815.0,121300372.0
209401,271621589.46,664048379.6
209402,24830751.3,33799725.61
209403,597303311.14,1193013152.91
209404,73438749.53,162678477.17
209405,259689889.24,454298727.5
209406,186198837.84,53082988.47
209501,4168289.5,10546484.11
209502,52877549.38,66697554.94
209503,204778696.59,331566396.56
209504,209163031.08,381189315.76
209505,64231123.22,81854212.66
209506,75069087.3,183840960.21
209507,10536125.8,20133220.23
209508,50527825.43,12454500.06
209601,364001.33,197781.23
209602,1057115.63,6264149.06
209603,52687542.37,119670579.67
209604,230574.07,643528.86
209605,1955669.45,3317125.72
209606,17506623.69,18470433.4
209607,12407548.22,12738818.37
209608,35960297.13,82793681.54
209609,16100586.33,13427294.84
209610,12863531.54,2656515.07
209611,1971617.46,3201534.67
209612,55059606.08,75028145.29
209613,53000703.0,33798167.99
209614,1302114.31,955054.62
209615,6590962.18,8087852.58
209616,1685746.21,3940198.28
209617,4529816.74,17168458.11
209618,1467236.82,5236382.8
219701,123213999.37,31443688.68
219702,2015506.77,3018107.87
219703,2750075.56,6236525.89
219704,6194156.67,6204837.6
219705,1965455.32,4034925.22
219706,33021567.12,14281775.89
