010101,63766603.71,7839963.85
010102,42930835.28,82356804.14
010103,434659830.69,31973522.3
010104,28301944.73,3632536.39
010105,175631360.67,151001875.24
010106,44525359.37,12223262.39
010201,667177223.86,342504615.85
010202,106824191.32,80033181.95
010203,1214137453.35,219634134.99
010204,32720222.19,24570625.24
010205,9468669.75,42163537.86
010206,85697430.99,29059882.68
010207,1099473208.06,399822663.22
010208,44715348.81,51955288.5
010209,16318689.44,8357511.6
010210,397013408.69,111547933.94
010301,22498028.76,26816715.16
010302,199650163.85,179600739.25
010303,322957745.15,117172823.96
010304,353386883.15,222125670.07
010305,96848979.32,83199123.36
010306,179961764.99,194670173.11
010307,117692172.37,44905957.76
010401,240226806.69,154270447.5
010402,975731367.88,723875859.15
010403,44382090.51,114561922.48
010404,155138306.75,224868856.34
010405,409586223.35,156618536.72
010406,1565864139.52,429930834.44
010407,314699440.93,51760937.95
010408,68504391.28,9075823.82
010409,3207031.32,11661942.09
010410,264652.33,869369.64
010501,206186.65,50168.0
010502,11738688.38,14329462.58
010503,823215.23,1429586.57
010504,68130133.59,58185076.85
010505,3945675.87,3352247.81
010506,2876272.67,544497.95
010507,212798.61,85108.93
010508,1016050.17,551107.58
010509,125992.95,378490.59
010510,6031362.36,1239910.21
010511,42586153.18,20150041.36
020601,681926959.07,41778060.87
020602,1430369379.66,217976081.61
020603,2220310873.41,376786766.04
020604,95640241.43,170091698.01
020701,352249985.1,134242486.23
020702,620081377.06,182341397.16
020703,223588929.74,41147461.41
020704,76945795.05,45444645.31
020705,110716114.74,44657444.69
020706,112106262.36,14807035.63
020707,246395642.45,47270524.01
020708,24380702.69,34628358.17
020709,802852297.5,159929850.59
020710,157666333.21,86773607.92
020711,20105684.4,14280845.29
020712,33058996.6,45749937.88
020713,38246414.79,61857805.59
020714,11745987.86,15102659.16
020801,16958099.43,61759573.96
020802,29257651.67,96062857.81
020803,77369379.16,141186394.84
020804,61832822.02,106218919.46
020805,138951500.66,313020573.94
020806,74277876.95,188503717.18
020807,33205639.25,80981076.68
020808,243999320.26,188433234.25
020809,25631823.17,64510914.13
020810,96953676.22,92944695.79
020811,36697192.77,57685556.17
020812,3449336.6,848245.63
020813,7653377.01,18781589.49
020814,1087396.09,929615.6
020901,50490381.07,221024744.29
020902,19140479.15,43009241.42
020903,20725.76,60814.3
020904,26778326.31,47391250.41
020905,1546639.85,3983256.24
020906,3320105.37,2823015.99
020907,3109820.26,6393565.44
020908,12506452.79,21828966.91
020909,7229625.93,4858894.93
020910,21262453.9,17814109.44
021001,52670839.37,447741330.55
021002,2266370.16,16320580.74
021003,58680468.1,115849680.62
021004,982854.12,5535203.05
021005,50788190.5,275280505.31
021006,81550230.61,77452841.44
021007,1785514.67,1672410.77
021008,7835102.57,28450910.45
021101,84733278.81,68194275.98
021102,4737785.18,6380615.5
021103,13736652.6,10756129.84
021104,32016161.8,14533094.06
021105,128482234.15,3454361.92
021106,1550201.68,2015853.16
021107,33418533.05,62235121.29
021108,177403212.19,32550035.41
021109,52900940.17,9831410.29
021201,179868811.79,630677392.28
021202,20504441.02,137586335.62
021203,86415.93,589428.5
021204,6705986.98,30302416.95
021205,2700021.58,8572649.75
021206,14676374.67,100543519.16
021207,26355783.04,39909552.22
021208,13213358.01,2695859.18
021209,465541478.44,194307367.82
021210,2491261.0,2234136.87
021211,8171431.11,15315767.09
021212,4773739.58,12849038.25
021213,3236551.54,5029522.09
021214,10831581.92,5023788.72
021301,2357739.33,6748475.07
021302,47391947.65,53278103.85
021401,1986426.81,9875330.04
021402,168201.68,244340.86
021403,1541550.68,3406695.03
021404,6086446.2,5847474.9
031501,12785361.38,13734623.82
031502,7548741.39,13757617.18
031503,1871110.99,846666.96
031504,21090819.5,27457568.85
031505,2453293.38,3920609.09
031506,7717873.31,4670524.06
031507,242811943.25,50238974.8
031508,4397018.63,14580485.66
031509,4720459.2,23365397.8
031510,1596900.05,554882.79
031511,208180564.7,274039178.95
031512,175498084.97,92504179.51
031513,73710275.4,131642908.37
031514,182465924.2,183863104.98
031515,58150174.66,42509180.13
031516,185200678.21,49581730.12
031517,159957611.42,42915055.37
031518,32139589.09,26412096.44
031519,156469784.65,186590592.97
031520,31895043.55,58286119.23
031521,5044756.64,6216692.26
031522,1073607.12,1333204.18
041601,57047823.95,71961259.16
041602,320447664.41,219123366.85
041603,5191859.88,4314442.63
041604,90036535.54,102683203.66
041605,184401725.29,58767935.1
041701,137829443.91,50223895.43
041702,343330756.99,87415850.68
041703,33690751.66,12200771.4
041704,244829701.58,133402179.55
041801,34683700.55,518627327.52
041802,4610522.47,3300982.97
041803,100463122.36,70841251.84
041804,432785968.56,76509876.19
041805,243905608.65,26533152.51
041806,596941637.7,303652860.09
041901,466975263.9,146666807.72
041902,45268029.09,68011380.94
041903,431397.78,949879.56
041904,88107675.98,39211023.27
041905,568796463.8,331685229.44
042001,52975992.89,32370587.96
042002,5510451.4,42571641.75
042003,161804267.52,17865100.24
042004,598991394.16,68778282.62
042005,270480952.51,127126078.79
042006,14939412.17,3405540.12
042007,55630743.31,60317427.84
042008,141753871.53,208740012.93
042009,457763515.02,671335993.99
042101,188056368.6,70621519.5
042102,32661483.68,17406568.85
042103,293820978.12,90482178.75
042104,65105776.82,45313364.3
042105,33415723.33,65117156.1
042106,711089178.75,292095847.82
042201,9299333.89,42161460.61
042202,343461019.5,244816202.21
042203,1211966514.98,112422410.08
042204,58487960.91,603254991.02
042205,3441342.74,10246956.12
042206,9696616.48,7232147.61
042207,101039411.47,48841297.4
042208,335909290.57,261624840.6
042209,3310892.69,5409480.31
042301,28092572.99,53292363.39
042302,30970189.87,48568757.54
042303,81773978.4,150342262.04
042304,527142792.89,833715393.31
042305,2184516.83,23788.5
042306,59749122.58,205610002.06
042307,969062.15,3581.0
042308,19867791.39,46795418.76
042309,1069256330.7,388001346.09
042401,134273223.01,397901665.56
042402,2527420165.65,393095444.02
042403,309142303.16,63884322.16
052501,149283883.82,13606287.61
052502,1499233.63,83819.1
052503,11805682.92,2002001.36
052504,863363.18,3306939.71
052505,67201161.48,68467021.64
052506,2905456.05,5997959.53
052507,32657840.49,39707963.32
052508,36514179.51,55959652.93
052509,5417800.9,6611525.17
052510,2025852.75,22560165.38
052511,9502544.46,7847883.8
052512,882306.98,3897373.65
052513,3646994.75,1465932.59
052514,1081275.27,1641257.08
052515,818721.82,12528649.35
052516,4150296.43,16924642.71
052517,16144757.64,152864841.27
052518,2224126.23,32062440.07
052519,120017433.02,71622689.06
052520,3705753.85,8662600.94
052521,985273.99,4273050.46
052522,1875208.87,48238690.06
052523,49215009.69,198193309.8
052524,134569.25,0.0
052525,1480388.69,1496734.67
052526,21981762.42,16602423.02
052527,120533.39,14066.12
052528,1642111.21,1467423.98
052529,5818158.28,35375777.26
052530,25414211.68,22365687.53
052601,9674767.28,164320144.24
052602,3480672.53,2603198.77
052603,50873.49,776475.9
052604,240253.66,4233539.93
052605,98421.79,33138.0
052606,6418140.35,10163953.72
052607,731189.93,256278.69
052608,186433.5,82138013.69
052609,344403.71,17459.32
052610,3095739.73,936854.77
052611,446127.44,4661856.83
052612,7164.0,0.0
052613,54654582.29,60133842.81
052614,2676803.72,25351738.06
052615,8633506.38,9818973.81
052616,420900.0,71636.31
052617,65646.04,135843.6
052618,887843.48,5150256.11
052619,568808.69,9911405.5
052620,41213696.65,17832863.04
052621,19419004.24,8351570.58
052701,225863196.79,774365960.75
052702,762515.41,1907489.96
052703,40167016.43,46076212.33
052704,58964253.99,57241235.2
052705,56519.14,0.0
052706,1150938.34,1883832.0
052707,330579342.3,604830954.66
052708,16299226.62,5621154.83
052709,4254604327.71,9142116406.46
052710,10906174294.93,4737502903.39
052711,1940250757.37,1565464816.83
052712,83156318.5,46056926.04
052713,183214959.65,204672972.21
052714,12078539.26,382393.04
052715,9413416.15,5788331.08
052716,86638401.18,390848134.21
062801,9762438.83,42220527.54
062802,211624.13,2649709.5
062803,115292150.68,38297181.54
062804,141034635.1,75406153.07
062805,5890910.43,14429081.53
062806,9051157.24,8264359.12
062807,5915472.51,5978654.51
062808,7814567.88,3406474.01
062809,60603228.89,114607397.73
062810,5197403.71,2030864.5
062811,58162614.39,48514919.21
062812,8408662.2,3129141.81
062813,4419546.48,3112206.98
062814,58667314.2,22856972.33
062815,58375245.51,90006065.43
062816,5997476.25,715953.88
062817,53950626.91,16288114.79
062818,55442908.19,245670352.85
062819,1106345.51,2793422.31
062820,3167531.75,5311380.94
062821,5816457.85,15186520.32
062822,6246924.93,7710486.14
062823,13378809.59,14377750.19
062824,14549350.28,1417898.23
062825,32310841.41,85880709.73
062826,4654818.74,10912620.19
062827,49087435.08,43260553.51
062828,4578936.38,7259708.8
062829,2746422.42,8334599.32
062830,663437.82,17482764.77
062831,806637.18,653759.94
062832,1839303.43,4039586.05
062833,22958901.0,28037130.0
062834,7515344.35,25846801.81
062835,147614891.47,50119423.76
062836,60201188.89,70973231.56
062837,9229632.02,2800077.27
062838,524832.09,107970.08
062839,62327059.89,11429292.02
062840,15402571.11,49905355.85
062841,23985641.95,23913114.61
062842,14668533.16,6446882.43
062843,16476308.49,53921449.82
062844,261342288.82,163038208.35
062845,15269389.17,2584700.78
062846,554387.56,14105419.22
062847,12877900.43,5901408.14
062848,218478.41,141392.37
062849,11355310.77,18932686.12
062850,23289622.63,10538118.8
062851,3417666.13,5815495.36
062901,787924686.38,391212243.74
062902,1420757125.41,682913821.39
062903,283940945.3,251340966.46
062904,40260126.69,22886952.78
062905,589090571.35,590027328.87
062906,44326625.48,22919615.75
062907,143818441.49,281612172.49
062908,7701119.75,10922964.32
062909,594854708.21,332030741.07
062910,306254323.38,208184817.91
062911,16550145.21,1352062.28
062912,54708549.06,27029115.55
062913,1040817.68,2186736.81
062914,198377367.39,155917716.38
062915,500171184.18,422973121.56
062916,177653474.65,213561078.53
062917,394077805.67,179587823.78
062918,159485609.57,117231327.57
062919,15479691.12,20269592.78
062920,39057520.45,29185111.95
062921,216769772.36,194470715.74
062922,184566409.82,246858063.65
062923,59800730.04,38643753.79
062924,251955899.34,112459950.44
062925,12608628.6,18838284.88
062926,103820137.79,86056651.32
062927,2621613.47,6485060.28
062928,71200997.84,38494338.02
062929,230770725.53,77345771.37
062930,63852713.95,62319181.0
062931,56757384.81,56243622.42
062932,644839374.18,385848532.5
062933,634441450.0,322992844.04
062934,268408136.79,150860074.8
062935,24186820.88,61608357.31
062936,338739549.71,365053012.83
062937,214356676.0,73165979.78
062938,2611992.39,12267516.16
062939,39424405.96,46594488.94
062940,17341670.71,6013793.32
062941,250559844.49,393363150.41
062942,12843466.52,6656557.7
063001,36444227.34,19310745.32
063002,647005625.01,218382557.79
063003,102423403.62,67968460.95
063004,3828517658.11,3761219085.6
063005,46106418.52,123336496.05
063006,242627551.6,176625734.06
063101,17922373.17,9100723.03
063102,608583233.4,70522789.65
063103,44646145.69,15858386.28
063104,17123980.55,45867396.26
063105,191034129.18,153089804.36
063201,1001311.6,2833108.9
063202,20636078.21,7024171.87
063203,18622822.94,12549045.51
063204,253094360.91,285420031.32
063205,3240782.98,5581228.7
063206,209064790.87,150654109.69
063207,90725377.8,26656243.2
063208,366675345.0,163216428.09
063209,99920347.61,54454834.15
063210,18312126.34,8585485.94
063211,7071800.77,7223583.12
063212,27903176.43,40909330.73
063213,17680427.41,9663743.31
063214,145736179.24,81233595.63
063215,458541777.23,280504154.37
063301,23943870.4,46646762.99
063302,371453123.61,235551031.75
063303,98811344.21,168019803.37
063304,132435164.5,264732520.32
063305,84183759.06,127098334.94
063306,24621132.77,35712550.95
063307,207704920.26,162541518.82
063401,62199124.6,44108470.12
063402,477276496.69,361931147.33
063403,138834189.37,78237114.63
063404,40504636.27,43696287.03
063405,81577389.38,25384621.86
063406,60780521.24,52082912.71
063407,10383817.82,12698197.34
063501,199622759.12,72291751.66
063502,34030946.55,11854964.97
063503,21042577.33,21634966.58
063504,35183063.09,63472464.12
063505,422247253.51,59056383.94
063506,149933286.26,93219780.44
063507,165417514.68,125767987.59
063601,2560045.52,1462996.84
063602,2417918.59,1455984.09
063603,424557.71,206804.34
063604,10317452.31,17643034.08
063605,1102355.08,2555669.49
063606,17445189.48,4613715.06
063701,558038054.74,163257349.3
063702,201110764.19,137046539.73
063703,261863510.89,29949307.76
063704,1337137.46,1033189.07
063705,8330517.05,20672959.49
063706,981842.78,5809006.48
063707,399213804.68,273852388.25
063801,28917341.26,15952828.0
063802,46738886.5,56586740.35
063803,522924.17,1979595.27
063804,4387615.41,5983909.29
063805,370164.77,636725.06
063806,59629919.25,64452596.25
063807,67957.03,689327.0
063808,338804272.12,272206149.94
063809,93591272.25,28641201.48
063810,9581388.86,7758151.52
063811,89635201.38,113839626.17
063812,40572924.74,54261752.44
063813,1690539.5,5660161.03
063814,53675114.61,30958979.25
063815,261823943.39,150378454.26
063816,19248548.22,11479391.08
063817,8458397.1,13650682.94
063818,5304583.31,46311223.2
063819,24152328.36,5977073.73
063820,20343770.64,11281977.39
063821,5959491.19,6422933.08
063822,196780719.39,181530855.31
063823,1005518117.84,682161963.55
073901,1257507508.83,374588272.51
073902,666605293.52,222788411.78
073903,582630092.02,195283624.87
073904,494458840.17,249107889.39
073905,122493556.68,117552265.76
073906,311911927.6,179070653.39
073907,2588068393.56,641118145.11
073908,406064274.75,74992979.01
073909,240869189.44,137889890.62
073910,128264549.36,55644053.85
073911,166043421.4,116925889.61
073912,225621821.73,66830931.93
073913,11818995.96,18873537.77
073914,3685388.0,7123472.65
073915,79534215.56,34216975.52
073916,39496236.96,67074726.13
073917,216752555.64,174908277.1
073918,70275133.49,35531042.82
073919,204029374.02,174254338.58
073920,772343552.44,723462988.04
073921,291369198.14,273632662.95
073922,42326577.43,68284332.45
073923,720175046.68,724804637.46
073924,145541660.26,143043256.96
073925,101883307.19,117447576.77
073926,532973951.01,768005293.51
074001,9372662.66,21510407.83
074002,359292104.65,217922336.55
074003,9407628.61,895553.93
074004,8295225.03,6411424.11
074005,34829092.27,44536341.29
074006,5481861.34,5263304.06
074007,1292050.82,3674367.13
074008,56019289.75,81085375.72
074009,65222895.7,87845811.13
074010,64756848.4,48518086.94
074011,530536738.7,897582786.86
074012,40838770.51,33616290.24
074013,6141398.38,9631981.39
074014,17023212.77,12776424.93
074015,20655981.35,48904698.46
074016,118077206.99,183060322.81
074017,3671708.23,4355780.76
084101,187620668.46,114121119.83
084102,6349688.96,1801593.14
084103,1873466.74,315593.29
084104,153118000.41,126733477.7
084105,1707261.61,4580887.0
084106,2330822.9,2113716.11
084107,11705555.45,11082801.81
084108,1693714.76,2220407.72
084109,909922.11,4337143.09
084110,6204323.64,1030481.29
084111,1400186.68,3445220.59
084201,5700282.55,12783599.28
084202,141666316.78,320878208.64
084203,65988808.81,135800158.7
084204,345857.35,3854042.94
084205,7074325.75,11615764.75
084206,356692.0,215018.31
084301,77961843.5,9318789.66
084302,13898935.4,24665061.67
084303,1376219.82,4303427.97
084304,466233.14,1526047.33
094401,24748798.64,26087921.55
094402,2991783.69,3942240.13
094403,29510956.14,35226739.01
094404,2471582.08,5240846.68
094405,284575.54,3647916.12
094406,4435704.52,3006343.36
094407,113946764.45,699737498.45
094408,18624337.39,21315346.02
094409,41854472.57,88045717.56
094410,21424643.52,163260561.6
094411,25992997.01,121827419.19
094412,37373388.52,279521758.88
094413,6718538.82,2439565.88
094414,14629831.26,17012881.04
094415,80403523.75,65884845.56
094416,1200350.8,1656819.87
094417,915461.34,5999641.75
094418,88770032.96,183110086.49
094419,4442985.62,8119858.89
094420,13229163.16,28134224.53
094421,48455406.95,81959102.85
094501,352353.98,1698748.52
094502,99749.82,18650.98
094503,733905.74,509232.34
094504,4358972.87,6789066.45
094601,4219365.74,8455357.87
094602,14243214.64,32919694.47
104701,7314205.34,10846012.33
104702,18882603.06,25807673.21
104703,73317594.22,480335495.04
104704,2500886.09,18822392.78
104705,800215.64,14801855.99
104706,4918679.0,23548648.18
104707,207763046.57,103922177.97
104801,117242041.73,290251038.16
104802,349157607.05,491100956.04
104803,18998286.15,50628410.6
104804,104885720.36,239677226.56
104805,247641363.26,206943499.95
104806,7440160.21,15923114.45
104807,202341284.3,15010514.5
104808,31883358.77,52231078.2
104809,17705215.3,20561946.23
104810,505313728.35,781299061.63
104811,398803476.29,265402379.72
104812,513285.09,581036.57
104813,12302351.71,46039911.98
104814,52585048.01,15264252.18
104815,373167.28,573091.38
104816,6312910.98,11560637.47
104817,27079758.65,41285476.71
104818,529869489.41,389399901.11
104819,415544050.05,453698645.64
104820,59730819.89,78559167.66
104821,86417823.19,57916124.45
104822,15059605.09,9162076.59
104823,243103137.94,280303416.58
104901,284697199.32,313815813.82
104902,264099164.62,124624217.6
104903,3632404.11,11652794.47
104904,1231667.3,1862118.07
104905,2816033.1,10121706.53
104906,5238856.92,3854810.5
104907,16132171.0,10886990.05
104908,12113826.75,5784371.36
104909,28045883.67,14939934.92
104910,4216973.51,7360965.17
104911,200074434.12,281648274.84
115002,4090.0,40500.0
115003,38344.0,15220.0
115004,233466.0,21659.0
115005,29067.0,9987.7
115006,67039.28,27156.05
115007,4680638.74,8554945.79
115101,5030330.43,4067952.56
115102,3727264.39,2400136.08
115103,254693.03,144237.03
115105,8540820.9,4277922.84
115106,1768198.26,25151540.67
115107,691775.98,4926108.75
115108,115597.0,893535.78
115109,506067.19,1057563.0
115110,172082.07,5532.0
115111,13723311.75,17369982.71
115112,42139907.01,43432392.89
115113,181106.66,109985.43
115201,3986688.35,3408752.29
115202,1619583.07,3960676.52
115203,1167541.91,667963.72
115204,962780.83,810914.78
115205,7863020.92,21189414.34
115206,2523897.33,3874421.16
115207,1827126.47,2100918.97
115208,127314495.89,82989771.54
115209,79083550.23,70560828.73
115210,34805307.74,34886516.88
115211,32227250.89,25744331.93
115212,7169502.46,8828622.46
115301,14304053.49,7021667.43
115302,1446279.25,30783.61
115303,291336.66,224622.33
115304,261421.04,917430.39
115305,2188827.22,2062044.59
115306,299288.42,455424.77
115307,244534.55,2957433.47
115308,1242657.85,2994268.4
115309,24922460.15,23878475.1
115310,5376531.5,8033174.61
115311,558664.46,898534.51
115401,10970563.09,8424299.46
115402,637036707.75,292833351.64
115403,92180948.11,2665332.55
115404,143231652.25,16406372.51
115405,339614.32,244941.68
115406,844600.93,1029788.29
115407,107084252.52,145917614.75
115408,18916740.45,20078397.4
115501,1489967.42,381369.77
115502,14423936.96,28479998.9
115503,24748335.51,59268023.98
115504,1408848.92,32142344.31
115505,5571836.88,6027761.75
115506,1570459.55,282462.41
115507,35477.28,51451.82
115508,8487522.75,6033384.72
115509,14625578.57,49608653.37
115510,681818.85,4638707.96
115511,1631357.04,3330667.3
115512,34074764.67,32935585.74
115513,24980663.3,11508867.99
115514,50127156.8,18327798.87
115515,46892347.64,36524517.44
115516,32484594.47,36239911.1
115601,82545041.72,39132010.15
115602,7208336.81,24474473.33
115603,196761989.29,150666412.46
115604,2591963.6,3894854.25
115605,648806.75,968939.95
115606,4750783.35,1372747.74
115607,21463647.29,26971656.36
115608,7997749.31,7964976.49
115609,3517897.65,2294406.33
115701,6270200.82,16121817.25
115702,71928961.09,46636652.59
115703,426463555.08,192082586.36
115704,72623726.63,21877398.16
115705,25997992.42,28071321.45
115801,29460610.51,33242482.0
115802,1343255.19,1062630.5
115803,984031.13,130586.42
115804,3283031.77,4561356.76
115805,634947.1,1052128.94
115806,58680439.41,31916171.38
115807,9168796.19,5788591.47
115808,1965883.12,3003525.58
115809,708321.18,465847.61
115810,1089614.48,5858490.75
115811,2073253.16,911757.09
115901,8678791.93,5880865.46
115902,10198814.93,9360170.95
115903,94573955.94,65432085.75
115904,70618649.61,12220604.03
115905,5403881.14,608288.3
115906,6555325.95,12228840.01
115907,15629460.49,13769719.46
115908,139176.78,1735713.41
115909,1140002.27,2321954.17
115910,10517491.02,9335026.23
115911,62573403.22,42170406.95
116001,17598228.95,21059542.87
116002,97360784.77,98669454.13
116101,8353685.47,12107025.08
116102,6995612.08,16214265.06
116103,25997010.89,39366305.04
116104,54057766.02,118640999.23
116105,43075003.65,61460721.81
116106,20008015.36,54510371.15
116107,27273813.99,58713466.9
116108,60435208.23,132198490.69
116109,189602544.89,477099913.25
116110,314685329.43,743601201.41
116111,47696490.49,60913305.19
116112,28934258.42,69062638.86
116113,3409544.07,14714106.67
116114,29274183.01,37361532.0
116115,57109201.66,158163067.45
116116,12275469.09,18986987.24
116117,7797745.66,13043936.6
116201,130478744.65,190842674.22
116202,90056002.07,160911930.91
116203,335232726.86,777700039.03
116204,247503796.12,787993477.98
116205,86027701.29,190322756.92
116206,50094128.45,186779003.5
116207,13556248.92,21016797.59
116208,15585480.22,27399592.88
116209,16204043.83,31064251.3
116210,53322368.46,137554204.99
116211,80124927.61,140324624.26
116212,52526941.32,121437080.07
116213,1043804.3,1816131.16
116214,13202280.6,18539112.21
116215,12497376.89,26512478.09
116216,2934412.83,7730624.25
116217,15140915.11,8218057.37
116301,5977252.87,13360097.78
116302,55729678.09,163044508.35
116303,24309003.36,47033142.31
116304,8184093.21,17482639.33
116305,23897443.84,54306960.53
116306,33307640.63,76136958.01
116307,97561672.24,98373829.98
116308,2222818.91,1666257.99
116309,75661316.52,28626530.85
116310,15626848.08,11243602.35
126401,14167444.94,12141423.55
126402,138676958.09,192178684.19
126403,452265553.5,932316296.04
126404,113155105.5,179680665.11
126405,12998493.09,42499884.76
126406,20805851.06,46853415.57
126501,24393.0,150915.7
126502,104979.0,132710.62
126503,488055.64,1154842.47
126504,366635.2,1637976.74
126505,23331134.93,40942561.11
126506,6461977.29,21724550.46
126507,1258949.69,897925.41
126601,22347069.76,35456075.92
126602,120162.5,343697.58
126603,1443512.86,1821932.27
126701,485249.9,1331363.36
126702,24866363.52,25272181.95
126703,95000.02,296311.88
126704,2344084.88,9889390.28
136801,5845466.1,16546412.29
136802,14559115.61,84378512.68
136803,603042.92,7501754.49
136804,50887572.46,47153039.65
136805,37118606.24,52499200.24
136806,97268285.07,65163355.36
136807,24736159.51,50020075.58
136808,3621932.17,7540775.39
136809,19210293.51,39585691.69
136810,82386188.15,112410888.44
136811,13184614.85,16473737.63
136812,1025470.56,597667.99
136813,8380016.41,9075168.25
136814,282571.17,941053.71
136815,13066021.03,36367507.9
136901,2887087.96,2325621.19
136902,30474782.96,30510920.07
136903,7771861.12,16008885.84
136904,31590301.24,27300044.47
136905,20048578.54,13290886.05
136906,17232187.5,4233711.55
136907,17955638.65,27635273.5
136908,24046666.37,100160343.77
136909,17087825.58,36232823.26
136910,16348944.88,40442273.98
136911,20256609.97,40203590.84
136912,15795555.16,44624670.58
136913,45377240.98,49096781.56
136914,14946291.44,17229909.42
137001,5845948.7,9056949.08
137002,23273329.62,22791965.15
137003,3165299.47,4776919.86
137004,2208403.99,7957371.32
137005,65401829.75,88411205.34
137006,4065132.46,12627714.81
137007,96885057.7,114556674.08
137008,5308445.24,55891274.92
137009,17798380.8,43961056.32
137010,147204674.86,101486093.16
137011,14692406.69,20794758.64
137012,32266.54,128353.64
137013,88030987.84,127795079.09
137014,4072251.93,3637792.57
137015,1230157.89,1963051.56
137016,12668818.36,5835696.9
137017,10775756.46,10626549.45
137018,1871898.98,6454942.58
137019,207952881.94,129498195.36
137020,15755527.12,15468152.28
147101,406710.28,2597875.4
147102,72320737.0,50180714.66
147103,373667.84,3556046.03
147104,1643893.79,1188593.2
147105,505628.83,1132273.68
147106,25461272.21,24116388.72
147107,32722.0,1064190.59
147108,225160729.01,224743540.82
147109,32072.0,193363.77
147110,53432613.25,35216488.81
147111,536373.0,1236899.0
147112,60086920.56,20711971.61
147113,18219107.82,104157654.4
147114,1774345.17,4290511.54
147115,5656869.24,27298268.37
147116,679663.86,2483997.18
147117,16266200.17,32070685.72
147118,2418143.25,2451074.11
157201,11014348.41,9456164.74
157202,204342071.75,590041839.56
157203,2657187.83,1925000.09
157204,532584694.32,211139017.8
157205,1571153.94,7200575.45
157206,905788.37,490835.52
157207,50091277.39,18741851.35
157208,512634906.64,314540383.53
157209,282512884.5,112980498.57
157210,692419117.03,339218296.5
157211,59413525.42,76493706.85
157212,50257563.48,97202342.35
157213,47528805.92,190719602.6
157214,37266401.32,110620026.78
157215,13628294.19,37750439.65
157216,71995388.59,263325095.79
157217,31670645.35,58107955.38
157218,1854543.67,2030011.38
157219,189810742.4,394421706.82
157220,32017292.56,53249189.42
157221,1068709.12,1643129.1
157222,20408544.24,59754483.73
157223,5261632.18,19944122.9
157224,3498133.72,8287094.93
157225,40959022.44,67634970.89
157226,15512037.72,33890545.32
157227,55971534.13,24835575.25
157228,22201156.93,39557155.79
157229,25331543.89,14088181.74
157301,11951166.38,76641413.37
157302,8996010.66,27058955.68
157303,5040322.39,4139956.06
157304,99626519.33,167973505.33
157305,24066923.35,66319788.84
157306,207547276.48,241624483.75
157307,132600758.19,188998384.79
157308,453719701.13,412474876.32
157309,32912328.77,47370051.52
157310,160592162.37,231922625.74
157311,9004200.05,27899832.99
157312,31818810.37,52655284.9
157313,804544.08,797272.91
157314,103278633.72,46067478.15
157315,34681880.38,56420969.22
157316,11769925.69,4018158.68
157317,23889018.65,29603727.32
157318,207163814.24,293203112.57
157319,2657592.01,2079044.91
157320,29676564.95,51469499.16
157321,75049978.9,70304666.68
157322,101518502.24,133326162.29
157323,64429840.54,120210342.85
157324,20175975.53,34277467.44
157325,34120654.24,72246598.41
157326,456143108.53,387838033.02
157401,252831.0,67561.56
157402,1540016.91,5112615.71
157403,37543146.01,319195865.64
157404,126568457.47,70573224.75
157405,7583745.84,7910065.74
157406,334093.76,2888935.91
157407,36551005.1,41006846.33
157408,26669556.99,124546172.01
157409,79221673.25,34231949.78
157410,74273233.1,17624950.92
157411,45370000.5,75520899.93
157412,15053618.29,37584224.68
157413,2740389.97,5326630.25
157414,473676.81,401432.44
157415,5064299.59,7871073.3
157416,193721.45,257245.12
157417,569886.13,1268263.62
157418,13110159.67,7793497.78
157419,17157854.19,61196496.83
157501,42917085.76,260140231.0
157502,273395939.62,676326564.34
157503,5845781.44,17740471.88
157504,1255220.23,7542506.36
157505,2302794.4,41195470.93
157506,20786586.25,8246301.92
157507,941922.61,2530483.12
157508,50989321.45,9443500.78
157601,1093873815.4,1383814747.83
157602,217682059.0,141764779.45
157603,1198593.35,2910600.08
157604,235978315.2,234612944.87
157605,46526637.25,242743033.43
157606,289729730.86,325315272.57
157607,158892010.94,216071587.86
157608,23807792.4,30472859.96
157609,13788391.75,9058391.09
157610,170219928.55,135630809.38
157611,18982450.98,1268338.18
157612,81144075.05,85546852.71
157613,4046012.63,5107588.45
157614,1641947.03,1354705.27
157615,20898562.79,37570836.32
157616,103295405.99,141481386.11
157801,1723294.82,18960055.24
157802,8180122.48,4561739.89
157803,774890.87,6877657.76
157804,5373439.23,9863715.52
157805,68797.9,19901.6
157806,4956072.32,3640592.37
157901,210798651.67,172873206.41
157902,13489745.51,8038015.74
157903,1295209.16,2236764.56
157904,691872.95,15857374.31
157905,23159548.49,10527576.96
157906,341665.99,1104352.61
157907,6902916.13,8178788.47
158001,13692580.4,50070219.99
158002,1865604.02,1048802.26
158003,2262118.81,589775.09
158004,4470870.41,1458131.12
158005,3332954.86,504963.43
158006,149884.82,465254.0
158007,2702107.72,1509585.17
158101,8162400.38,13253603.67
158102,8643123.72,8566002.33
158103,6852520.56,9268487.87
158104,16156066.34,37618978.01
158105,37274070.47,69685676.55
158106,343821.72,2019972.72
158107,635703.44,905542.6
158108,12419979.94,55973577.79
158109,1421778.95,2025036.0
158110,1698564.55,2566245.74
158111,6544407.22,16133729.4
158112,11112817.6,32322325.07
158113,998934.0,3365262.98
158201,13586595.24,34393973.28
158202,72643122.45,97798628.85
158203,25000159.2,47074263.02
158204,20414415.48,39428161.19
158205,74172885.99,109111609.4
158206,10008033.28,16028951.43
158207,203636327.47,289750480.12
158208,25868118.7,28198076.63
158209,150276844.12,232159336.39
158210,2230656.38,4666985.7
158211,15880289.73,39425517.67
158212,10504874.42,46164962.03
158213,1922876.76,6515854.3
158214,5468574.44,9919876.0
158215,18208764.74,33229789.31
158301,37022724.14,103198998.19
158302,118755119.55,255133032.81
158303,28627417.85,18813762.05
158304,3539734.98,2882503.82
158305,20118164.21,22990214.72
158306,22172557.59,30469890.94
158307,17607933.48,20755232.77
158308,14663090.1,23341114.53
158309,87256918.66,101808928.02
158310,3175824.97,6964658.8
158311,56049033.99,25027779.97
168401,44293409.91,35081081.43
168402,24581019.36,10316251.1
168403,190328012.85,82692186.7
168404,32731704.37,5626919.89
168405,20229882.74,2682656.41
168406,69600271.17,33686340.33
168407,71816886.34,330661818.79
168408,159551294.97,442490562.17
168409,352094556.84,325063046.89
168410,4560756.98,1760121.3
168411,640829873.89,1028943071.06
168412,141726073.34,109341837.69
168413,357626803.95,452095546.36
168414,416861923.66,720014189.31
168415,167751209.97,220013633.79
168416,31403317.89,24500862.31
168417,35267841.07,30035688.35
168418,224430744.24,438829306.96
168419,358958694.67,353827344.83
168420,8467751.05,11675201.34
168421,350681975.33,403103140.72
168422,319501877.68,358335540.52
168423,37868789.07,70096506.72
168424,202090030.42,215863318.84
168425,96190690.37,71044589.73
168426,168191783.5,161972903.41
168427,255595522.3,267368714.28
168428,251834090.68,266361467.55
168429,302808817.99,502478566.51
168430,105008816.57,78145373.46
168431,648401782.54,488346040.14
168432,84093319.74,49824396.58
168433,244013969.22,194584721.26
168434,76145722.29,36078280.19
168435,1922094.32,1028500.63
168436,170183790.1,61252839.38
168437,34976098.33,7120897.16
168438,444789298.58,107622379.36
168439,42150254.14,54978530.71
168440,24818563.91,53712343.17
168441,68075111.51,71079827.89
168442,53117524.38,55034742.83
168443,337571331.25,379408638.88
168444,928108.36,719427.47
168445,11176047.41,6220254.68
168446,5677968.08,5607210.19
168447,5129683.72,9059268.57
168448,36572310.26,23595819.19
168449,1164609.78,2284479.32
168450,57082074.13,227345307.88
168451,69503254.35,118005616.17
168452,29092430.78,38865594.22
168453,5795218.76,4580814.39
168454,11857569.37,8492219.62
168455,22253649.03,22869584.47
168456,41592145.35,58662692.61
168457,34499511.71,99611583.28
168458,15755550.36,44175081.91
168459,12440192.85,39051472.25
168460,14081124.33,25887015.51
168461,14998691.61,14445753.73
168462,68109210.69,63190421.27
168463,8100365.23,7654996.9
168464,20181096.8,23361188.07
168465,31672352.79,74315991.45
168466,163381561.0,220344850.0
168467,44370492.22,52144059.29
168468,13902090.85,22558310.76
168469,2607680.03,3505170.7
168470,72612903.86,150893542.69
168471,12109198338.47,15312812959.35
168472,87538365.58,139001033.29
168473,4889535072.55,7187747079.91
168474,74631889.01,85304901.32
168475,197565829.22,52247151.46
168476,18466652.16,49759615.33
168477,221040216.57,140948499.02
168478,48598366.0,35303432.3
168479,767582779.81,552549553.34
168480,77443818.81,107248902.78
168481,440262735.88,595820845.57
168482,175129686.65,284580760.69
168483,187097768.86,349063401.15
168484,17820769.25,30888309.55
168485,129643744.51,156450591.18
168501,188893628.65,335350488.03
168502,176777942.98,76959772.28
168503,76869018.64,42932259.92
168504,571400019.73,953986637.57
168505,35632674.58,59505061.65
168506,58637556.95,122130531.59
168507,57777824.08,160721389.58
168508,152929697.64,219320455.27
168509,105354066.6,181093805.66
168510,350018593.25,54078217.23
168511,82896887.03,150280872.52
168512,70269668.86,141012326.76
168513,11328653.69,20896754.55
168514,108907397.3,58775085.14
168515,105860300.59,96991747.66
168516,198364101.16,470625132.82
168517,2746504943.16,3390468207.16
168518,220487811.09,319717403.81
168519,70230360.43,154133144.72
168520,37457388.37,65214195.42
168521,402238341.91,840466124.16
168522,29251173.96,34343227.33
168523,413654094.52,630766846.17
168524,1567930857.25,695813516.57
168525,695192529.4,1854652861.12
168526,70153423.7,128146110.58
168527,276135094.33,621029885.14
168528,543508230.2,1405771684.75
168529,420072042.75,435378109.34
168530,38506797.83,32832487.26
168531,263516908.49,314711250.59
168532,250043215.81,149715338.37
168533,66130084.25,62484597.93
168534,123447369.67,112356711.54
168535,51614670.35,28335276.39
168536,929341812.43,1083854764.82
168537,215412257.75,250348969.46
168538,130036991.2,254744683.93
168539,277812399.49,282725511.62
168540,238945847.42,121708496.33
168541,464465628.21,386178566.11
168542,4186728780.2,2267959221.32
168543,445590750.44,409085412.37
168544,492541501.85,678036494.04
168545,147205940.59,38483420.75
168546,16102668.08,16147839.7
168547,21722601.3,20080255.1
168548,36673650.72,75396601.1
178601,10398.0,22391.0
178602,5374.0,10561233.34
178603,2332918.0,19709865.49
178604,1103113.49,1076343.0
178605,2415717.0,1791.0
178606,6155662.67,4769573.02
178607,76055327.16,31222373.2
178608,7862508.14,3612398.68
178609,17459992.15,69770071.76
178701,1457148657.99,384068028.74
178702,157734786.27,77745871.39
178703,4048926243.24,7314679024.85
178704,1437218993.39,1191879137.84
178705,108409799.92,146221719.91
178706,34844226.91,9168000.15
178707,44963325.15,316225811.47
178708,1650889600.58,2295045540.41
178709,17295547.14,17466636.08
178710,11513396.0,4024629.0
178711,219810473.49,416665675.54
178712,132855747.05,100523728.95
178713,9094619.85,29973059.0
178714,166259095.74,328672171.84
178715,14506886.84,30414704.1
178716,327359417.33,484570047.43
178801,312501.51,1072563.16
178802,127652032.75,759655680.13
178803,486863672.43,573124114.31
178804,126771.96,936886.26
178805,4769673.44,25196220.25
178901,155348792.64,381647305.13
178902,12361176.95,345898.0
178903,241532184.92,147491443.66
178904,61403404.2,15855257.16
178905,353639340.92,98358213.02
178906,40222867.45,56348957.09
178907,17593559.4,10020781.8
178908,1121626.97,149921.0
189001,222867072.2,258194984.31
189002,105222493.24,417558840.03
189003,10782265.85,44975645.62
189004,25567915.75,54412770.55
189005,6661702.35,16085207.89
189006,174741692.61,263775898.88
189007,13887991.78,5265024.33
189008,14814205.45,15692440.69
189009,1393329663.05,1318265696.27
189010,1297295780.73,162106149.56
189011,20380448.45,19938974.15
189012,92896168.0,59808095.18
189013,77592436.27,190188883.8
189014,104550663.42,129784415.55
189015,86776544.98,91164833.55
189016,703254.31,1259534.43
189017,37612785.13,49702002.06
189018,1706468021.6,1818686635.73
189019,43122875.89,88015077.37
189020,17885242.21,26129787.49
189021,545691687.79,884025168.41
189022,598953737.46,373545850.47
189023,28432176.73,30365894.66
189024,8252508.4,22035382.22
189025,27063164.68,47471180.26
189026,244651745.55,247200433.27
189027,422477790.94,461891305.68
189028,33414004.25,36461416.11
189029,19487148.42,44897774.54
189030,399714073.17,408080237.94
189031,304052770.79,226085049.49
189032,179884815.29,265749398.08
189033,33802723.05,35458000.01
189101,6387179.05,33946634.5
189102,33860996.38,119331318.52
189103,2272810.58,1688472.24
189104,289649.23,1102310.57
189105,13838012.65,23543429.29
189106,4455195.75,8975750.31
189107,1290787.15,6052239.81
189108,1497651.44,1165506.73
189109,153145.46,1670660.86
189110,232108.84,430331.25
189111,112738.37,931490.4
189112,194167.81,215691.11
189113,767585.12,5184499.15
189114,1085957.85,5329636.71
189201,5704138.24,13411266.61
189202,5693079.82,9361796.19
189203,1088949.39,274469.89
189204,101921.18,1845455.28
189205,4716076.8,11220223.92
189206,9220586.52,5211799.79
189207,30188442.08,33152331.55
189208,1586538.56,1026920.08
189209,6476627.29,10813320.82
199301,86979.0,1692831.0
199302,38371.0,698400.0
199303,463197.02,1300886.43
199304,30155.62,1789500.91
199305,1920754.81,5338605.14
199306,20128764.33,37626789.65
199307,278596.0,129251.0
209401,256980009.72,805395338.84
209402,23020146.02,33527053.32
209403,482730910.42,1280023935.52
209404,84687081.81,182782471.81
209405,215162693.99,431070064.09
209406,121478402.01,67588847.46
209501,6300515.33,26954546.67
209502,32113174.23,55952029.93
209503,196445700.22,362332660.24
209504,620944924.83,738156923.74
209505,66055985.26,78630461.77
209506,139709456.85,219159937.49
209507,16429807.82,29565438.73
209508,50005249.25,12175022.34
209601,1742061.11,481942.62
209602,1703526.17,8290646.0
209603,49692033.58,96481430.45
209604,406811.62,879157.91
209605,2070463.56,2731895.12
209606,10211368.33,10352854.34
209607,8641658.77,9548656.43
209608,40260986.76,83784027.8
209609,9212119.02,11159744.23
209610,10930989.35,3946942.66
209611,1684609.88,2794415.91
209612,67851083.5,74124954.6
209613,49262285.64,44248478.29
209614,1420202.72,1177232.57
209615,4871104.35,8879974.78
209616,1401700.11,3199822.13
209617,6253216.97,16235117.38
209618,1332000.96,7443208.66
219701,188363607.29,70629180.44
219702,5796822.82,1851812.32
219703,4776009.48,8650239.24
219704,38493061.6,18781248.82
219705,5607880.15,12772872.85
219706,31051757.48,19381064.54
