010105,0.0,58338.0
010106,0.0,1653.0
010201,0.0,13572.0
010202,0.0,3372183.0
010203,0.0,1260423.0
010204,0.0,375494.0
010206,0.0,2740004.0
010207,0.0,5045254.0
010208,0.0,1144.0
010209,0.0,28526.0
010210,0.0,615893.0
010302,183634.51,128320.0
010303,79051.62,472115.0
010304,0.0,37747.0
010305,402207.83,50845.61
010306,0.0,15528.0
010401,0.0,539530.0
010402,0.0,5592130.0
010403,0.0,75668.0
010404,136511.19,13198.0
010405,0.0,208170.0
010406,0.0,335444.0
010407,0.0,8046201.0
010409,0.0,3208.0
010504,0.0,127499.0
010506,0.0,341880.0
010511,0.0,15025.0
020601,0.0,19512.0
020602,1328.88,10295.0
020701,0.0,655137.0
020702,0.0,129525.0
020703,0.0,2711859.0
020704,0.0,20675.0
020705,0.0,8200.0
020706,0.0,62684.0
020707,0.0,9083.0
020709,3037.89,67959.13
020710,0.0,144264.0
020711,0.0,3435.0
020712,0.0,3422.0
020713,27354.43,1831650.0
020714,0.0,16114.0
020801,0.0,17100.0
020802,0.0,66946.0
020804,0.0,61130.0
020805,0.0,227450.0
020806,48259.04,513258.0
020807,1122.7,59427.0
020808,0.0,597545.0
020809,0.0,8756.0
020810,0.0,31208.0
020811,0.0,2040.0
020813,0.0,13085.0
020901,960408.25,86772.16
020902,202826.57,812248.57
020904,0.0,81556.0
020905,0.0,1709.0
020908,0.0,12177.0
020909,0.0,1213.0
020910,0.0,64551.0
021001,27176.15,4991323.55
021005,0.0,4439000.0
021006,0.0,21448460.0
021007,1519.61,0.0
021008,0.0,193359.0
021101,0.0,4315197.0
021102,0.0,12194.0
021103,0.0,113768.0
021104,0.0,567987.0
021106,0.0,16099.0
021107,0.0,1864733.0
021108,0.0,9519.0
021201,0.0,14219.0
021202,17258.28,30340.0
021207,0.0,1000357.0
021208,0.0,24229.0
021209,0.0,223757.0
021302,16229.0,2006670.0
021401,11473.7,19760.0
021404,2206.23,0.0
031505,0.0,20922.0
031507,0.0,1647582.0
031508,0.0,33647.0
031509,0.0,107372.0
031511,1561216.68,21833710.27
031512,0.0,207672.0
031515,0.0,967880.0
031516,0.0,52016.0
031517,0.0,2665549.0
031518,0.0,23079.0
031519,0.0,45490.0
031520,0.0,1074.0
031521,0.0,266831.0
041601,0.0,2736364.0
041602,7264.96,826849.0
041604,0.0,691611.0
041605,0.0,36263.0
041701,201911.83,9011182.0
041702,0.0,78891.0
041704,1254.31,572375.0
041801,28921762.12,0.0
041805,0.0,6994.0
041806,0.0,915620.0
041901,6490.31,7054482.0
041902,17375.99,1113049.0
041903,0.0,35952.0
041904,0.0,5214663.0
041905,0.0,6942332.0
042001,0.0,3829.0
042002,0.0,1174372.0
042003,0.0,32349.0
042004,0.0,211737.0
042005,0.0,567455.0
042007,0.0,89481.0
042008,0.0,686080.0
042009,0.0,266835.0
042101,0.0,224426.0
042102,0.0,160041.0
042103,1221.77,5640760.0
042104,0.0,2923433.0
042105,0.0,644110.0
042106,18117.44,6411122.0
042201,0.0,554307.0
042202,43752.04,5259366.0
042203,0.0,2567925.0
042204,62582.84,115455.0
042205,0.0,39623.0
042206,0.0,1049207.0
042207,0.0,2414687.0
042208,0.0,262603.0
042209,0.0,17155.0
042309,0.0,24627.0
042401,0.0,128238.0
042402,123770.0,6706151.0
052501,0.0,1252606.0
052505,3507.77,45252.0
052507,0.0,6723.0
052508,2298.27,32020.0
052509,0.0,2783.0
052510,0.0,101725.0
052513,0.0,4647.0
052514,8214.77,0.0
052515,0.0,12599.0
052516,0.0,58688.0
052517,352884.61,4194.0
052518,0.0,108584.0
052520,0.0,174326.0
052521,0.0,108398.0
052522,0.0,204662.0
052523,0.0,4330829.0
052526,0.0,10231.0
052530,0.0,3865.0
052601,8720281.25,1058.0
052603,0.0,1665.0
052616,1497.0,0.0
052617,6459.27,18211.0
052701,0.0,2376.0
052702,0.0,1080.0
052703,0.0,43472.0
052707,0.0,55981.0
052708,0.0,1785.0
052709,60087256.08,25900042.0
052710,69272243.03,861302190.08
052711,0.0,645656.0
052712,0.0,1477336.0
052713,13451.54,54043.0
052714,9094.69,6000.0
052715,0.0,33323.0
062801,0.0,67569.0
062803,0.0,17108.0
062804,0.0,21045.0
062806,0.0,8309.0
062807,0.0,338182.0
062808,0.0,15044.0
062809,0.0,19901.0
062811,0.0,25549.0
062814,0.0,127787.0
062815,2242.59,169141.0
062817,0.0,1753.0
062821,0.0,73266.0
062824,0.0,1731.0
062825,0.0,33302.0
062827,42924.0,64435.0
062828,0.0,453587.0
062832,0.0,1223.0
062833,0.0,354936.0
062834,0.0,7293.0
062835,0.0,12973.0
062836,1970.58,209024.0
062839,0.0,33617.0
062840,0.0,8640.0
062841,0.0,2381.0
062843,0.0,3880.0
062848,0.0,44734.0
062849,0.0,112401.0
062851,0.0,115186.0
062901,0.0,54208.0
062902,0.0,52198.0
062903,0.0,274337.0
062904,0.0,14237.0
062905,0.0,144963.0
062907,0.0,8129.0
062909,0.0,16916.0
062910,39964.78,0.0
062912,0.0,40646.0
062914,0.0,8754.0
062915,157645.32,180712.51
062916,0.0,9578.0
062917,0.0,3535.0
062918,0.0,65023.0
062921,0.0,5593.0
062922,26888.15,270240.58
062923,0.0,8995.0
062924,0.0,93655.0
062928,0.0,35540.0
062929,0.0,1217466.0
062931,0.0,6423.0
062933,522855.55,1397.0
062936,0.0,25979.0
062939,0.0,3113.0
062941,0.0,24835.0
062942,0.0,257157.0
063002,0.0,2260361.0
063003,0.0,205845.0
063004,296000.0,757348.0
063005,0.0,48797.0
063006,0.0,212418.0
063101,0.0,537002.0
063102,0.0,216114.0
063103,0.0,399463.0
063104,0.0,13323.0
063105,0.0,1001803.0
063203,0.0,49754.0
063204,24240.0,242362.0
063205,0.0,17213.0
063206,0.0,407886.0
063208,0.0,2305222.0
063209,2726.79,457718.0
063210,0.0,169048.0
063211,0.0,613349.0
063212,0.0,16508.0
063214,0.0,189551.0
063215,0.0,59779.0
063301,0.0,40006.0
063302,0.0,1920390.0
063303,4696.0,1548249.0
063304,0.0,1130141.0
063305,0.0,83177.0
063306,0.0,1745405.0
063307,0.0,1006778.0
063401,0.0,3769838.0
063402,0.0,839196.0
063403,0.0,592627.0
063404,0.0,3786.0
063405,0.0,202813.0
063406,10152.0,40066.0
063503,0.0,11322.0
063505,0.0,66377.0
063506,0.0,443861.0
063507,1391.0,68399.0
063603,0.0,3592.0
063604,0.0,3960.0
063605,0.0,415144.0
063701,0.0,68062.0
063703,0.0,35559.0
063707,0.0,141632.0
063802,0.0,82302.0
063805,0.0,7594.0
063806,0.0,3802.0
063807,0.0,24112.0
063808,1340.0,1504838.0
063809,1634.47,4229.0
063810,0.0,299145.0
063811,0.0,557528.0
063812,0.0,394829.0
063813,0.0,77601.0
063814,0.0,565256.0
063815,0.0,2705.0
063816,11844.12,328058.0
063819,0.0,194817.0
063820,0.0,133568.0
063822,1467.0,484165.0
063823,36350.55,1866592.0
073901,154569.03,1305833.0
073902,105371.81,1029475.0
073903,56268.11,69025.0
073904,0.0,1387476.0
073905,61026.14,100641.0
073906,0.0,262485.0
073907,0.0,3536910.0
073908,0.0,9212.0
073909,0.0,4520.0
073910,0.0,41872.0
073911,8456.43,0.0
073912,0.0,210168.0
073913,8576.0,52475.0
073915,32582.31,0.0
073916,0.0,59565.0
073917,0.0,843853.0
073918,0.0,2443715.0
073919,0.0,620460.0
073920,67238.0,516845.0
073921,0.0,130764.0
073922,30194.0,125976.0
073923,0.0,2083374.0
073924,0.0,637279.0
073925,0.0,95240.0
073926,139405.96,781877.0
074001,342626705.92,202434702.7
074002,2715464.07,5233.0
074006,0.0,84578.0
074007,0.0,79916.0
074008,0.0,25575.0
074009,0.0,108571.0
074010,0.0,216580.0
074011,121395.0,3227616.0
074012,42982.66,424126.0
074013,0.0,262992.0
074014,0.0,281182.0
074015,43361.0,64000.0
074016,1170.0,751861.0
074017,0.0,2157.0
084101,0.0,36063.0
084104,0.0,301452.0
084105,111875.0,0.0
084106,0.0,97102.0
084201,0.0,14085.0
084202,49978.0,749577.0
084203,0.0,125453.0
084205,0.0,11454.0
094401,12978963.58,0.0
094403,20576491.61,1007628.0
094406,0.0,218491.0
094407,895362.36,255395.82
094408,0.0,63556.0
094410,0.0,49564.0
094411,0.0,1807318.0
094412,0.0,109705.0
094413,0.0,40831.0
094414,0.0,1391.0
094415,0.0,3449.0
094417,0.0,28000.0
094418,0.0,100094.0
094419,0.0,1538.0
094420,0.0,25565.0
094421,71993.9,50280.0
094601,0.0,93761.0
104707,4503.27,82108.0
104801,0.0,33060.0
104802,4921.28,1683663.0
104803,0.0,12027.0
104804,42644.48,38435.0
104805,0.0,17866.0
104808,0.0,1067.0
104809,0.0,104906.0
104810,0.0,78216.0
104811,0.0,10603.0
104813,0.0,140654.0
104814,0.0,5670.0
104816,0.0,36071.0
104817,0.0,52897.0
104818,0.0,997654.0
104819,0.0,287585.0
104820,0.0,497190.0
104821,31356.0,5029352.0
104822,0.0,8404.0
104823,52684.5,31871.0
104901,19247.0,1909911.0
104902,0.0,74907.0
104905,0.0,27479.0
104907,0.0,235690.0
104908,0.0,12522.0
104909,0.0,29944.0
104910,0.0,36071.0
104911,0.0,451946.0
115101,18911.82,0.0
115105,20355.17,0.0
115112,0.0,5159.0
115203,0.0,2910.0
115204,0.0,30000.0
115205,0.0,181769.0
115206,0.0,27755.0
115207,0.0,37510.0
115208,0.0,230743.0
115209,5784.0,0.0
115211,2439.0,0.0
115212,0.0,9727.0
115309,51987.0,0.0
115310,32686.91,4202.0
115311,0.0,102426.0
115401,0.0,63076.0
115402,0.0,2143.0
115403,0.0,167212.0
115404,0.0,28700.0
115407,0.0,434019.0
115408,5060.0,21436.0
115506,0.0,43050.0
115509,0.0,55836.0
115512,0.0,8316.0
115513,0.0,112706.0
115515,0.0,245822.0
115516,0.0,48721.0
115601,0.0,48064.0
115602,0.0,13567.0
115603,0.0,84107.0
115604,0.0,6350.0
115605,0.0,2167.0
115606,0.0,2366.0
115607,2556.0,118207.0
115608,0.0,353359.0
115609,0.0,5695.0
115701,0.0,7783.0
115702,0.0,137362.0
115703,0.0,14888.0
115705,0.0,207323.0
115802,0.0,9196.0
115804,1724.0,0.0
115806,14777.0,17982.0
115807,0.0,4450.0
115808,0.0,4500.0
115811,0.0,28594.0
115901,0.0,5993.0
115902,0.0,6228.0
115903,0.0,73446.0
115904,0.0,6780.0
115906,0.0,36182.0
115909,0.0,21724.0
115911,0.0,67131.0
116002,54278.0,419459.0
116101,0.0,5924.0
116103,0.0,60889.0
116104,1913.0,173960.0
116105,0.0,17853.0
116106,0.0,3327.0
116107,0.0,61150.0
116108,0.0,66912.0
116109,61941.0,414398.0
116110,0.0,137201.0
116112,0.0,262563.0
116113,0.0,16798.0
116114,0.0,176718.0
116115,0.0,54999.0
116116,0.0,7048.0
116117,28603.0,73209.0
116201,0.0,175311.0
116202,0.0,12025.0
116203,0.0,146268.0
116204,0.0,140119.0
116205,1074.0,194020.0
116206,3260.0,26229.0
116207,0.0,28844.0
116209,0.0,538709.0
116210,27892.0,93821.0
116211,0.0,169132.0
116212,9771.0,156891.0
116213,0.0,26535.0
116214,1354.0,8366.0
116215,0.0,4000.0
116216,2488.0,25402.0
116217,0.0,122487.0
116301,0.0,52336.0
116302,1544.0,87950.0
116303,0.0,11355.0
116304,0.0,84665.0
116305,0.0,1700708.0
116306,10908.0,1350277.0
116307,13892.0,113482.0
116309,3195.62,129742817.62
116310,37540.93,252106.22
126401,0.0,368505.0
126402,7438.0,2246341.0
126403,0.0,338956.0
126404,0.0,297175.0
126405,1216.0,155622.0
126406,0.0,22092.0
126501,0.0,6400.0
126505,0.0,58683.0
126506,15615.0,273856.0
126601,0.0,160126.0
126702,0.0,168452.0
126703,0.0,14297.0
126704,0.0,9113.0
136802,7878.6,117724.0
136804,0.0,36295.0
136805,0.0,54128.0
136806,0.0,2402.0
136807,0.0,293371.0
136808,0.0,19259.0
136809,0.0,74190.0
136810,0.0,25777.0
136811,0.0,12330.0
136812,0.0,695357.0
136813,0.0,27564.0
136815,2090.84,8996.0
136901,0.0,99345.0
136902,0.0,1975.0
136903,0.0,11982.0
136904,0.0,92120.0
136905,0.0,23927.0
136907,0.0,571808.0
136908,15550.2,784657.0
136909,0.0,16017.0
136910,1642.3,373329.0
136911,0.0,96366.0
136912,0.0,4844.0
136913,0.0,69709.0
136914,5148.0,12522.0
137001,0.0,20520.0
137003,0.0,25222.0
137004,1956.31,118627.0
137005,15857.85,135927.0
137006,0.0,93793.0
137007,0.0,769384.0
137009,0.0,31677.0
137010,2578.72,1160608.0
137013,7249.14,407971.0
137016,0.0,65481.0
137017,0.0,278835.0
137018,0.0,2718.0
137019,0.0,5226.0
137020,0.0,135630.0
147102,11345671.0,10613417.0
147103,71762.0,2053.0
147104,0.0,308123.0
147106,0.0,27211.0
147108,4104816.0,2712399.0
147113,248347.0,223768.0
147114,0.0,7402.0
147115,0.0,1863.0
147116,0.0,1704.0
147117,0.0,30340.0
147118,12979.0,0.0
157202,88226.45,0.0
157204,11116374.7,1813630.27
157208,0.0,1071949.0
157209,0.0,293334.0
157210,0.0,2827459.0
157211,0.0,316242.0
157212,0.0,27528.0
157213,10710.95,1534.0
157214,0.0,11919467.0
157215,51938.81,520350.0
157216,16675.51,514611.19
157217,0.0,168416.0
157218,0.0,6676.0
157220,0.0,9408.0
157222,0.0,47496.0
157223,0.0,10804.0
157224,0.0,194162.0
157225,0.0,128006.0
157226,118987.28,0.0
157228,0.0,113790.0
157229,0.0,55063.0
157301,0.0,1538931.0
157302,0.0,9327.0
157303,0.0,3166.0
157304,2518.46,1184561.46
157305,0.0,224655.0
157306,297145.97,854994.0
157307,45932.99,185427.0
157308,198692.83,1626807.8
157309,0.0,629073.0
157310,0.0,523254.0
157311,1482.93,580358.0
157312,74261.46,237307.0
157313,0.0,425800.0
157314,0.0,151649.0
157315,0.0,261806.0
157316,0.0,122684.0
157317,0.0,2739014.0
157318,1692.0,455746.0
157319,3186.0,10215.0
157320,0.0,49304.0
157321,0.0,162406.0
157322,0.0,1892.0
157323,10198.0,462335.0
157324,30007.46,164886.0
157325,1812.57,181582.0
157326,30900.65,8022671.0
157403,0.0,2439.0
157404,5449267.28,0.0
157406,0.0,9651.0
157407,0.0,8705.0
157408,2087.0,10318.0
157409,0.0,58126.0
157411,0.0,25175.0
157412,32594.0,65443.0
157413,0.0,14403.0
157418,0.0,9399.0
157419,3722.0,31508.0
157508,0.0,23100.0
157602,1832619.98,0.0
157604,0.0,3647485.0
157606,0.0,2562453.0
157607,0.0,229974.0
157608,0.0,14136.0
157609,0.0,4810.0
157610,0.0,545606.0
157612,0.0,33293.0
157614,0.0,246963.0
157615,0.0,150538.0
157616,0.0,1461042.0
157801,0.0,228594.0
157902,2210.54,0.0
157907,0.0,90439.0
158007,0.0,1484.0
158112,0.0,49500.0
158201,2605.0,1220000.0
158202,0.0,151519.0
158203,0.0,106569.0
158204,0.0,188397.0
158205,6917.0,239265.0
158206,7119.0,187850.0
158207,79696.0,632148.0
158208,0.0,134462.0
158210,0.0,11323.0
158211,0.0,546968.0
158212,0.0,231286.0
158213,0.0,88236.0
158214,0.0,29440.0
158215,0.0,62723.0
158301,16910.0,694929.0
158302,0.0,318505.0
158303,0.0,186495.0
158304,0.0,29781.0
158305,0.0,41997.0
158306,0.0,15553.0
158307,0.0,346887.0
158308,0.0,10725.0
158309,0.0,909389.0
158310,0.0,78692.0
158311,0.0,282948.0
168402,0.0,3351385.0
168403,0.0,20261.0
168404,16442.0,5227.0
168405,0.0,147542.0
168406,0.0,16590.0
168407,34813.0,296467.0
168408,0.0,279199.0
168409,1730167.0,3281646.0
168410,0.0,45401.0
168411,1579.0,93901.0
168412,3492.0,445076.0
168413,35489.0,1729195.0
168414,545327.0,800040.0
168415,1018.0,2907768.0
168416,0.0,113419.0
168417,86000.0,100470.0
168418,14986.0,887770.0
168419,253262.0,911044.0
168420,0.0,5100.0
168421,74765.0,831041.0
168422,0.0,699669.0
168423,0.0,344330.0
168424,6189.0,925945.0
168425,0.0,667515.0
168426,0.0,1054985.0
168427,0.0,1714069.0
168428,0.0,3262856.0
168429,0.0,8195830.0
168430,129893.0,1082017.0
168431,35068.0,2826433.0
168432,0.0,249568.0
168433,0.0,124589.0
168435,0.0,39193.0
168436,0.0,2423048.0
168437,13717.0,92782.0
168438,0.0,5923903.0
168439,0.0,2000.0
168440,0.0,5025.0
168441,0.0,102917.0
168442,0.0,16922.0
168443,1045.0,9265609.0
168445,0.0,120420.0
168450,1030.0,198877.0
168451,0.0,365544.0
168452,0.0,168015.0
168455,0.0,3410.0
168458,191547.0,30478.0
168459,0.0,263524.0
168460,372547.0,10345.0
168461,0.0,132797.0
168462,55437.0,346924.0
168463,0.0,24870.0
168464,0.0,18289.0
168465,0.0,812127.0
168466,263773.0,228664.0
168467,0.0,194765.0
168468,0.0,84412.0
168469,0.0,14684.0
168470,0.0,176326.0
168471,48544.0,1674332.0
168472,0.0,59084.0
168473,3130.0,1256089.0
168474,92555.0,2993061.0
168475,0.0,15567.0
168477,0.0,1080110.0
168479,3575.0,2238495.0
168480,0.0,311654.0
168481,22461.0,19287311.0
168482,0.0,255671.0
168483,28275.0,441859.0
168484,5591.0,111976.0
168485,9575.0,2599380.0
168501,8264.0,437813.0
168502,694118.0,6208103.0
168503,39570.0,1685612.0
168504,258991.0,2067985.0
168505,0.0,4857.0
168506,142241.0,8483311.0
168507,919086.0,1983689.0
168508,0.0,100792.0
168509,0.0,27215.0
168510,0.0,2576.0
168511,32116.0,190184.0
168512,1445.0,148685.0
168513,1709.0,2784865.0
168514,0.0,105330.0
168515,0.0,108096.0
168516,48728.0,236355.0
168517,262032.0,1189448.0
168518,726336.0,447887.0
168519,0.0,58174.0
168520,0.0,9641.0
168521,0.0,973411.0
168522,0.0,3184.0
168523,171809.0,126737.0
168524,0.0,316560.0
168525,6105.0,4032686.0
168526,28680.0,91488188.0
168527,5790366.0,1133550.0
168528,7584497.0,2427525.0
168529,25481.0,544484.0
168530,0.0,13998.0
168531,4369.0,112322.0
168532,0.0,19589.0
168533,0.0,14485.0
168534,0.0,23032.0
168535,0.0,146649.0
168536,0.0,210522.0
168537,3828.0,2082334.0
168538,0.0,412299.0
168539,0.0,152922.0
168540,0.0,26344.0
168541,6198.0,419534.0
168542,267179.0,478245.0
168543,38055.0,234331.0
168544,1646.0,1047622.0
168545,0.0,23608.0
168546,0.0,260233.0
168547,0.0,95360.0
168548,35704.0,1435050.0
178602,0.0,1175000.0
178604,0.0,704852.0
178607,0.0,851337.0
178608,0.0,112063.0
178609,46213.41,1113943.1
178701,0.0,7771604.0
178702,0.0,2347112.0
178703,127251.0,2478491.0
178704,96815.0,7879442.0
178705,54745.0,5180690.0
178706,0.0,876748.0
178707,0.0,1700043.0
178708,87025.0,1717921.0
178709,0.0,98423.0
178710,0.0,500427.0
178711,0.0,9198897.0
178712,0.0,85996.0
178713,0.0,13346.0
178714,0.0,122378.0
178716,96414.0,2273787.0
178803,29915.0,2073947.0
178805,0.0,149916.0
178901,132360475.17,4776328081.38
178903,2374923.0,4061988.0
178904,0.0,406343.0
178905,0.0,2102437296.0
178906,0.0,24719.0
178907,162422.0,4810476.0
178908,706895.69,0.0
189001,0.0,11700.0
189003,1087.0,0.0
189004,0.0,131002.0
189005,1030.0,0.0
189006,0.0,6814.0
189007,0.0,8263.0
189010,0.0,7557.0
189011,0.0,198036.0
189013,27723.0,60851.0
189014,3100.0,77197.0
189015,287828.0,140489.0
189016,0.0,19046.0
189017,0.0,56420.0
189018,2783.0,532274.0
189019,0.0,76707.0
189020,5320.0,307488.0
189021,0.0,17444.0
189022,0.0,523181.0
189023,0.0,59972.0
189024,0.0,53876.0
189025,0.0,63128.0
189026,0.0,299115.0
189027,1748.0,799498.0
189028,0.0,1838066.0
189029,0.0,31809.0
189030,0.0,163171.0
189031,0.0,273430.0
189032,3720.0,236612.0
189033,0.0,4591937.0
189101,1514898.0,225244.0
189102,157404.0,184781.0
189103,0.0,5597.0
189105,0.0,21765.0
189106,0.0,12077.0
189108,0.0,8842.0
189113,0.0,14501.0
189114,0.0,3329.0
189201,0.0,4865.0
189205,0.0,16692.0
189208,0.0,4200.0
199301,585518.0,1972787.0
199302,293525.0,443968.0
199304,55212.0,85896.0
199305,530619.0,663247.0
199306,66645.0,15959.0
199307,0.0,11422.0
209401,5277.88,286448.0
209402,0.0,116550.0
209403,80211.28,923858.0
209404,27717.0,95584.0
209405,3183.0,373759.0
209406,0.0,2455226.0
209503,0.0,158233.0
209504,5397.0,80610.0
209505,0.0,161201.0
209506,5793.0,115919.0
209507,0.0,30462.0
209603,0.0,138010.0
209604,0.0,2328.0
209605,8645.0,7424.0
209606,0.0,2250.0
209607,21762.0,13639.0
209608,0.0,417991.0
209609,0.0,26127.0
209610,0.0,19567.0
209611,0.0,4962.0
209612,0.0,135165.0
209613,0.0,103145.0
209615,0.0,138749.0
209616,0.0,28000.0
209617,0.0,301404.0
219701,16473.0,27204.0
219703,60577.0,0.0
219704,0.0,8250.0
219705,202921.0,11053.0
219706,214137.0,0.0
