010101,5652786.57,95137439.91
010102,24607420.68,1052803217.09
010103,4726554.73,130089996.3
010104,661009.54,77304472.34
010105,1738952.83,34045745.54
010106,4037778.63,21629486.51
010201,90723469.55,1211897535.9
010202,100728783.46,129705991.31
010203,73908088.48,1246627659.27
010204,7191718.4,86782394.77
010205,1117352.96,50190481.81
010206,17081036.3,34428248.51
010207,109664276.87,136017690.05
010208,20639981.73,36533589.64
010209,25405594.92,920606.74
010210,254730524.4,36465335.75
010301,19319302.28,22261006.45
010302,80337639.68,430476318.69
010303,27388072.59,224912458.95
010304,25023362.3,249518586.9
010305,6836263.59,269644212.03
010306,27094705.2,457601530.28
010307,83853117.42,406445680.44
010401,12666730.19,766086927.74
010402,12327931.37,277392945.98
010403,6806404.58,95070420.89
010404,16391845.02,32710718.14
010405,37632548.97,114780166.39
010406,760725687.9,1025876233.16
010407,1925121.87,63013760.43
010408,4393614.18,16247218.32
010409,5850112.22,14676034.44
010410,367880.06,1433515.49
010501,1226257.01,7171962.64
010502,672092.09,12100084.13
010503,92159.27,696558.66
010504,19602613.6,72619566.27
010505,4435004.96,12076651.44
010506,1162740.78,243107.39
010507,45597.59,1283611.21
010508,2443868.09,7058417.98
010509,653564.16,1394579.27
010510,2710637.8,4967713.73
010511,19608401.41,22426033.78
020601,3291273.52,58152072.86
020602,225879328.82,174428892.53
020603,71105697.76,151825577.46
020604,77679462.2,16360176.31
020701,60335595.8,76655271.73
020702,127785323.26,41289426.75
020703,39110131.48,32089883.23
020704,73873081.53,9648399.44
020705,106780189.45,32069700.85
020706,47997586.25,5720904.33
020707,4281229.32,3745647.02
020708,13807330.74,14525165.99
020709,146147342.41,138553136.91
020710,26550466.22,119116795.61
020711,5500386.39,43308090.43
020712,25318092.31,45449980.41
020713,10132564.82,125173726.67
020714,779700.89,6586132.26
020801,2057545.56,11533778.23
020802,117284652.34,207238180.63
020803,72150837.31,305748822.37
020804,6631974.83,80503125.31
020805,108452353.38,137622679.6
020806,474243039.21,37963558.74
020807,29669835.49,39740769.17
020808,342105267.91,74381944.31
020809,313031434.62,92640322.88
020810,247836377.99,81642112.09
020811,28598899.62,51435825.79
020812,13765835.74,7350625.66
020813,20251780.87,25879840.13
020814,2956753.21,2198414.09
020901,245120087.83,604129888.15
020902,2047391.99,32129334.93
020903,14194.0,84483.02
020904,4797047.84,13470585.37
020905,145187.42,1314350.63
020906,151684.07,1045090.71
020907,51609.39,519228.78
020908,955988.02,2695950.39
020909,824926.29,2477211.4
020910,4263642.6,9985042.21
021001,41402494.7,862177396.02
021002,293942.67,3658406.34
021003,2427466.33,82489430.94
021004,49725.65,9571067.77
021005,45871039.26,129651065.44
021006,280328309.79,31010054.92
021007,940967.59,7804985.28
021008,1005439.94,6576683.78
021101,101883666.23,7493323.49
021102,11162129.94,2340277.79
021103,34499944.1,3146651.49
021104,12678924.33,11728750.15
021105,21347170.81,22161201.76
021106,4192020.11,3297559.27
021107,166616.43,28022240.27
021108,18007455.47,22496872.31
021109,2434986.12,7400005.34
021201,7259321.23,89731784.99
021202,1043431.02,26801782.06
021203,4896.04,1854.0
021204,117292.47,2259510.62
021205,56331.76,918380.35
021206,2609566.02,29888346.55
021207,2309208.63,20194938.32
021208,2892453.19,2244581.09
021209,87035806.18,143548561.06
021210,63779.23,1772438.78
021211,12780017.37,45241994.97
021212,5541138.03,14284161.88
021213,847629.78,1330475.92
021214,17028664.54,10092445.8
021301,3992040.41,9600994.08
021302,105832805.63,88114264.78
021401,849261.31,10225891.66
021402,85747.05,97837.2
021403,291371.7,1466867.93
021404,2113759.19,10965801.46
031501,6732823.12,4785099.39
031502,5497675.54,12860548.52
031503,138011.56,384395.61
031504,224071.39,10560687.99
031505,3684532.58,3826147.22
031506,1481157.31,1425039.43
031507,13267926.2,7173578.48
031508,1689645.17,35514453.67
031509,728676527.46,733324355.55
031510,30160541.52,15466192.24
031511,23217868.43,97470651.01
031512,17232153.4,14765904.16
031513,1968900.81,51697941.14
031514,5465219.36,48802190.01
031515,100271797.26,94260198.27
031516,12892276.24,20817967.58
031517,25071901.57,30255938.77
031518,10710958.51,16756404.87
031519,97078087.02,94281246.35
031520,21465071.26,14770536.1
031521,985817.36,4545668.53
031522,186776.2,508160.45
041601,135554261.56,15850727.44
041602,89700891.55,88434703.9
041603,3583527.56,4058552.72
041604,72399199.7,389964574.95
041605,9974732.01,72110544.78
041701,100305546.55,225098765.01
041702,61708306.06,57590357.41
041703,6986258.67,6925048.03
041704,78495430.51,99802395.39
041801,565786.26,84309653.42
041802,93388.34,143444.45
041803,1791704.65,8105138.61
041804,8390249.02,25142205.2
041805,4873642.0,18675571.44
041806,365842079.72,188347258.29
041901,31063088.26,94857533.67
041902,980306948.0,8983599.8
041903,110464.9,222982.86
041904,24131961.67,53102826.55
041905,618336012.29,278709154.59
042001,17674851.82,20508258.01
042002,656521046.43,38171234.98
042003,12051426.87,17904741.09
042004,14413508.45,85931683.16
042005,156230278.4,147422325.04
042006,19723963.18,2717554.07
042007,41481508.43,21406956.57
042008,225798853.69,102407862.01
042009,312923811.49,149977602.16
042101,114409079.2,34792048.13
042102,42968404.17,12811528.44
042103,177037467.94,48027282.64
042104,27475814.85,17461077.83
042105,106425706.28,47556809.45
042106,174716211.93,205603919.83
042201,132578524.28,5332079.06
042202,66584054.99,92188635.25
042203,32279954.39,290767433.86
042204,2257143338.57,188810317.13
042205,134743014.6,2013330.99
042206,6457843.4,2744999.54
042207,23765963.01,24311457.01
042208,428501286.7,231300203.63
042209,78508975.52,8180771.95
042301,61448669.84,48798256.11
042302,1693944.77,11140527.57
042303,8363385.38,20181396.55
042304,36238694.77,372223192.33
042305,50081.95,36538.95
042306,1563849.05,41754249.82
042307,511114.36,6196359.83
042308,1329637.33,4580616.46
042309,117160739.1,431396329.92
042401,196029301.66,123982956.14
042402,11813110.5,1149629272.51
042403,8993072.32,21811594.33
052501,7384708.55,24205978.56
052502,4056522.1,944696.16
052503,5024051.51,10945223.35
052504,517461.64,4973694.25
052505,9475161.18,51044036.39
052506,4481618.42,7807537.42
052507,7003963.42,120021839.91
052508,16597728.34,118406187.37
052509,1403337.3,553843.32
052510,1317368.04,7772874.13
052511,874291.51,4942203.54
052512,1429707.99,3152095.58
052513,6562483.86,1743561.72
052514,4285346.87,308262.03
052515,157411393.23,67774317.02
052516,67657717.91,354443279.53
052517,53842047.32,31382928.86
052518,8164848.76,1246236.57
052519,16595820.85,34228139.77
052520,6857545.47,6931990.67
052521,442644.36,1078400.35
052522,3721132.84,2783945.01
052523,93142562.5,112363269.6
052524,26263.41,105430.11
052525,938413.11,1707353.11
052526,18307400.15,18121265.7
052527,128378.57,622612.81
052528,4271062.71,19600139.43
052529,6705794.83,66733900.23
052530,28009604.6,32362978.3
052601,2042170.1,393045131.73
052602,13252.22,15925595.26
052603,1181181.5,1877292.48
052604,45150.0,1321090.0
052605,109776.08,9076.0
052606,6862923.2,57059162.12
052607,1160.96,24347504.97
052608,7393585.15,61252934.01
052609,0.0,1226069.87
052610,679460.47,917659.59
052611,14730.0,10139.0
052612,10646.0,22069.57
052613,454154.96,11436583.98
052614,57800.83,16041544.36
052615,11688848.26,29916097.18
052616,392359.28,9091.0
052617,145305.51,2031946.63
052618,13432297.15,1131717.72
052619,836918.91,906133.98
052620,43426539.12,69044501.39
052621,2108894.54,2245009.06
052701,3487932.97,572553397.23
052702,34352.52,2015770.13
052703,735719.63,47056423.93
052704,17592728.32,44736461.37
052706,9122443.83,4018599.0
052707,59883004.98,140157615.23
052708,19293.95,12211134.38
052709,35213417.03,15923573714.25
052710,4068525356.5,3905967858.48
052711,160471229.48,6521325289.56
052712,12417201.87,47424598.69
052713,51074298.23,61056844.57
052714,3832216.31,92051409.04
052715,4475848.32,1970017.42
052716,11046023.29,554464845.0
062801,3772667.74,17239345.84
062802,327226.25,191876.97
062803,46733406.78,44367366.86
062804,66565233.17,81531142.99
062805,1199117.81,6139729.25
062806,1420049.56,6274108.35
062807,5487207.04,3722094.63
062808,643728.69,1551771.99
062809,3352159.66,39577924.53
062810,15440449.3,5408927.8
062811,13510866.02,66607758.5
062812,3370592.71,16526718.41
062813,5143481.89,3968903.01
062814,1093487.93,63354104.46
062815,40622736.21,40467283.57
062816,4849227.59,6490282.42
062817,10285822.38,20982501.42
062818,148262403.59,120359093.12
062819,8247099.89,13712139.12
062820,743146.99,1310801.36
062821,23765125.83,17539534.64
062822,3759163.87,20679527.31
062823,21553238.78,54528420.84
062824,4718520.28,1783897.11
062825,9739575.91,27611904.61
062826,35646404.27,6335456.1
062827,17238703.79,41500622.48
062828,9991488.81,6026222.47
062829,863114.76,4198260.57
062830,1683085.83,7343862.24
062831,9223377.59,2248407.52
062832,13944897.58,3289140.04
062833,29139041.6,36936479.4
062834,1942533.25,17003658.19
062835,12021175.15,39102017.33
062836,45197185.78,74152912.54
062837,191819.63,3989611.71
062838,2398915.89,1725260.56
062839,7539233.5,22477281.4
062840,20623693.86,30710744.28
062841,13680228.62,28109906.04
062842,1816585.49,5561647.29
062843,276269443.88,66368527.52
062844,9707497.84,30622304.3
062845,123360.0,516450.41
062846,507781.09,9842643.73
062847,9353954.96,12942136.57
062848,8345.0,591074.7
062849,3008899.42,32416086.2
062850,1570392.79,9637557.7
062851,2135037.64,20113816.14
062901,167673299.4,176115876.07
062902,176743290.91,204118283.56
062903,171167513.34,157011823.21
062904,32766071.62,10915324.14
062905,74138613.82,460099716.62
062906,14551366.75,15861635.81
062907,68634044.19,153659459.21
062908,2913689.9,10767080.08
062909,75639387.49,261455228.63
062910,3922688.31,95088276.91
062911,317778.17,766990.26
062912,14983663.46,39552369.41
062913,2244352.56,2504597.07
062914,143453669.53,111708927.17
062915,91731887.65,274696259.29
062916,52729105.98,204306766.58
062917,252122393.44,494813826.39
062918,236250047.53,151572380.08
062919,2099934.16,21466149.19
062920,29348557.88,34145509.5
062921,106105108.23,296338256.13
062922,200578386.91,205674430.21
062923,40037695.43,26189756.33
062924,323236316.98,121514054.01
062925,12758991.09,24930524.55
062926,44746003.97,95292345.83
062927,1656724.47,6463024.56
062928,40300897.15,71182369.71
062929,167024533.49,205314067.1
062930,85514552.84,107341981.17
062931,86434003.67,271300084.22
062932,256107583.41,140906213.93
062933,550392328.37,1726357760.0
062934,318878669.71,623453652.94
062935,67343172.56,79320868.89
062936,43469739.74,89752867.58
062937,157018619.69,300374653.64
062938,10613455.81,20601745.28
062939,77379403.61,60168415.63
062940,9276154.56,16009405.9
062941,773695287.38,846640658.69
062942,15993716.0,2918440.76
063001,25691550.58,37959977.91
063002,250391353.58,483443058.75
063003,158641345.77,271548980.15
063004,5359669892.11,3833621282.85
063005,28394816.45,135055759.15
063006,69699695.12,200264421.42
063101,12848159.38,6869892.88
063102,26555541.26,193740229.01
063103,591630.63,21202185.24
063104,1075176.58,69069695.91
063105,23577340.7,199152864.95
063201,10993812.71,28207510.13
063202,83604170.6,38244363.65
063203,18627297.26,13998547.53
063204,167612957.06,573264868.4
063205,2833781.75,3651340.04
063206,116074565.65,332129235.77
063207,165561275.7,109679055.04
063208,346911446.75,193160171.59
063209,107657121.51,59401194.34
063210,29256812.24,12559013.1
063211,1119092.57,2202826.04
063212,61544041.84,70371024.19
063213,9897263.32,6937426.37
063214,109293587.85,77704636.84
063215,118243410.26,274711587.73
063301,46575911.22,36315079.9
063302,46991128.75,338267272.94
063303,337000224.53,201041891.34
063304,454966716.34,423684897.49
063305,181018370.57,151645575.86
063306,61373825.49,65709212.91
063307,222105588.03,204543924.95
063401,129297982.09,46624906.5
063402,597831744.88,359541774.79
063403,63153688.33,117341863.81
063404,13724388.47,50570016.53
063405,34228990.66,31129254.13
063406,28881173.41,38303268.6
063407,14147241.63,9586945.34
063501,10537749.86,83916056.19
063502,17692442.29,5981472.78
063503,27270655.16,18108134.75
063504,13897490.37,20880223.6
063505,48267026.11,67659646.11
063506,149826282.11,121621863.44
063507,21139998.38,69496521.01
063601,2666706.83,12117318.11
063602,739062.16,3150505.04
063603,9717598.59,30561530.15
063604,7782290.4,22397568.59
063605,142315.95,3609420.63
063606,2584345.47,7588386.67
063701,124495303.48,213601494.33
063702,95263269.61,187328768.29
063703,30973901.41,98867262.53
063704,5660073.8,1172508.85
063705,23806478.67,9996096.74
063706,33359787.77,4404997.59
063707,43466239.99,188648989.37
063801,14087303.09,33402549.59
063802,9712099.77,36769860.14
063803,571141.68,2195154.2
063804,1499232.67,2545854.48
063805,543214.91,890828.31
063806,10765654.93,39544062.09
063807,504102.29,414224.04
063808,311090543.79,344298797.37
063809,97673021.81,106649322.4
063810,10917438.79,22113826.9
063811,195218990.65,147775127.24
063812,206569256.97,103730876.58
063813,8103590.32,4413909.77
063814,31158038.8,19701354.77
063815,234785127.35,212348832.43
063816,25949989.03,34116570.78
063817,148684157.46,11407521.79
063818,134380908.17,134565585.8
063819,5324687.97,6943738.02
063820,3048065.26,9731064.46
063821,5438021.35,16467438.31
063822,98051598.77,447168319.88
063823,478481499.64,763729910.26
073901,513257421.65,1326906291.61
073902,315537552.32,906724957.01
073903,189653169.75,723765345.55
073904,291970385.63,588119790.65
073905,66728078.98,110381706.89
073906,134083989.63,298840160.8
073907,846531514.82,1088605853.12
073908,302429798.46,341384588.07
073909,368221486.47,259254597.85
073910,63843310.52,175006129.39
073911,33025538.13,137775408.62
073912,72375167.06,92038499.5
073913,19663594.5,20120600.39
073914,25035970.13,17530043.95
073915,19996032.8,43865586.65
073916,84889310.23,49936592.22
073917,434623845.45,233411325.9
073918,15536743.03,42365549.75
073919,515994684.18,209026929.41
073920,1568186567.81,806167215.85
073921,571585393.7,340825669.12
073922,186495555.51,81714934.06
073923,798047756.76,416234370.18
073924,277335495.22,99850864.48
073925,171896312.7,59734721.78
073926,1268133265.66,622585444.57
074001,15998438.68,118687751.93
074002,259215149.34,388998420.78
074003,767142.28,926271.42
074004,3697244.25,3440005.17
074005,84423804.61,126863885.29
074006,25005629.17,8975010.73
074007,3077030.45,17304976.81
074008,117642253.82,90931117.69
074009,386942706.64,62453055.33
074010,134055325.04,101307017.81
074011,946025542.06,1100045228.3
074012,53680918.84,27585563.71
074013,27165670.0,19340121.33
074014,18519903.33,34662932.4
074015,8180657.53,99539527.07
074016,447994015.01,217569421.09
074017,20523254.24,6065824.1
084101,77050649.71,977506031.06
084102,17914468.57,206063175.75
084103,4531390.04,46097143.57
084104,2718022265.97,1330587620.78
084105,497372095.13,296090280.55
084106,76444026.99,171976144.99
084107,79323163.12,111304207.62
084108,50041539.02,10278736.38
084109,124029489.29,9504653.47
084110,18286205.47,1358080.85
084111,41413888.0,52368403.53
084201,15766371.52,12862411.35
084202,1436450476.49,634553423.26
084203,481496784.93,190089188.06
084204,3009921.59,1082355.85
084205,44842590.09,10185490.4
084206,1418021.93,2137581.25
084301,4036635.05,74216031.67
084302,76321924.6,118708421.66
084303,99389799.94,54360175.64
084304,4852753.62,2695513.12
094401,1910038.64,56008460.29
094402,598915.8,9515138.45
094403,11379471.91,469784761.52
094404,1390244.48,13928512.1
094405,712267.5,1380074.08
094406,1506675.07,5289400.07
094407,134154443.57,1586566546.51
094408,108339938.19,220986820.26
094409,170575266.66,145955384.82
094410,108599348.69,99772746.15
094411,119696010.65,95855794.84
094412,113340210.17,188039940.44
094413,8544165.38,17135699.67
094414,54473585.11,8920283.33
094415,53686277.76,91751020.33
094416,2017354.01,34908224.74
094417,12927188.91,4709826.83
094418,180472971.53,199430590.73
094419,10151546.8,11893854.88
094420,49247215.4,32326037.65
094421,123739258.28,89474123.0
094501,8207807.71,21563598.65
094502,523104.52,2242373.35
094503,28037465.48,44405250.3
094504,20959847.21,33918229.53
094601,2211231.49,9841444.08
094602,4695409.11,36620421.92
104701,3242842.65,47442496.07
104702,189083.22,9858900.03
104703,6121369.66,1555683993.92
104704,2298328.54,100869517.54
104705,1275471.36,51872731.22
104706,1758727.71,10413267.19
104707,33756268.12,129899866.89
104801,17336719.53,267630024.32
104802,181123460.72,553996436.72
104803,160551429.42,55621023.05
104804,41499019.78,584627838.31
104805,216556171.42,232193789.09
104806,87253771.03,52083014.3
104807,20063261.38,18334295.95
104808,31522998.69,25444509.0
104809,27050832.04,80201518.39
104810,1063077844.27,779233330.2
104811,377469305.49,434867607.84
104812,1819674.69,5019437.36
104813,21977272.7,8650851.99
104814,73664532.08,9652012.16
104815,88282.36,34522.69
104816,6857541.26,54361688.25
104817,15920330.61,9797752.25
104818,593836203.2,158704637.37
104819,452470356.01,119120230.02
104820,127049862.74,47798582.3
104821,79768807.18,42791838.57
104822,11854256.23,5452130.81
104823,270527812.62,205695596.17
104901,468167491.43,180201448.35
104902,163352828.08,174313051.48
104903,27855399.48,4848123.12
104904,3723401.0,5634850.04
104905,17973319.39,5182496.11
104906,14854909.0,3226190.0
104907,960829.25,976166.67
104908,53991114.87,13068852.58
104909,18788325.62,5848612.53
104910,17820950.94,4922697.1
104911,374109198.9,142387859.44
115001,9003.0,144352.0
115002,2329357.77,80684467.11
115003,690940.81,25121007.26
115004,25197948.75,56259045.88
115005,7187059.14,15383814.18
115006,2067376.49,632727.9
115007,275819353.56,96936340.4
115101,13737325.35,449819222.05
115102,8725483.14,96575210.73
115103,6447535.84,53810038.84
115104,294854.22,363248.06
115105,116704419.72,343893866.93
115106,132886731.57,6276484.78
115107,303302210.93,185743751.56
115108,53507634.96,29349443.48
115109,37336773.4,4892550.7
115110,524692.36,1196378.91
115111,780203507.75,38555262.51
115112,984693401.24,72758833.42
115113,2071967.86,1438468.28
115201,12293652.85,418035485.79
115202,6126423.16,43622970.78
115203,17481538.33,5300466.28
115204,12937286.65,11450607.47
115205,354734190.95,406892218.58
115206,68176786.99,20742394.36
115207,16226789.01,30928434.78
115208,640626697.44,408689395.37
115209,575718630.72,245356021.2
115210,160824753.25,53252324.0
115211,240325050.26,32397188.81
115212,80804722.78,18184174.31
115301,7313445.52,49748315.19
115302,444857.23,1366101.18
115303,211701.18,502569.45
115304,223237.19,890790.24
115305,249794.88,1006314.24
115306,45565474.43,87572964.33
115307,156619.29,668787.69
115308,2962869.23,7807616.76
115309,214023347.78,79882959.31
115310,1102199.74,3678520.2
115311,3148372.42,4793276.94
115401,34954750.66,35462544.98
115402,747192414.73,922566920.02
115403,97909736.4,177752728.46
115404,40783794.31,91998271.27
115405,870133.36,2647560.68
115406,4668278.35,3933490.96
115407,693795320.62,366566626.91
115408,326038212.09,70621908.1
115501,64374346.27,72741177.68
115502,1868889.72,31088706.17
115503,196949324.31,306872543.28
115504,5441687.5,90730855.53
115505,7701535.34,31009980.51
115506,28373055.72,10220594.03
115507,2062897.64,3381574.21
115508,13633856.54,17562962.56
115509,404638553.16,126926932.32
115510,61618595.15,73156038.61
115511,15717005.26,3144376.16
115512,133156401.89,32392497.72
115513,60729841.08,64782177.24
115514,130059047.4,58576550.44
115515,217931218.09,56756192.14
115516,346218147.09,74560750.8
115601,79953510.34,32059908.36
115602,64267472.88,30786203.44
115603,516279931.13,198549655.08
115604,40069598.78,7329002.63
115605,3248206.15,19328250.52
115606,95531306.96,63247771.33
115607,15984786.98,18491573.2
115608,24694659.37,11686231.0
115609,3431277.62,4607205.06
115701,5967110.03,86125704.94
115702,29242479.86,57990579.84
115703,40325678.25,36718807.12
115704,8048643.09,6361384.82
115705,13433627.95,14712593.54
115801,93221655.76,68441746.2
115802,2959563.47,1835571.58
115803,4164652.37,1017470.16
115804,29994777.41,32535701.94
115805,2425701.36,2518500.59
115806,80968796.89,61361226.92
115807,52071174.12,8836278.73
115808,24150911.08,16325525.42
115809,2124389.81,572125.38
115810,45647115.43,50327366.14
115811,10789906.53,3015132.29
115901,17271932.49,3529974.84
115902,45464114.62,33685586.94
115903,494042216.04,148689309.01
115904,26218176.53,5943239.89
115905,7057437.24,1485449.47
115906,49780145.13,37380175.47
115907,33059141.03,12173102.32
115908,216528.45,526765.27
115909,1491558.47,6539284.03
115910,25635028.58,5703818.72
115911,114833604.33,88063259.03
116001,159380445.28,45699228.86
116002,726464994.59,311406920.0
116101,27017757.82,13897978.78
116102,29997749.48,14261009.09
116103,104655976.85,85051840.88
116104,288783272.55,149339987.23
116105,93874176.82,124756387.12
116106,80784587.8,46765504.27
116107,50192067.89,78407397.42
116108,163112021.87,173614688.96
116109,431131280.96,431084102.12
116110,2465573396.59,826062640.08
116111,64684994.06,102651986.94
116112,91877955.99,135370943.69
116113,4661232.44,8285140.93
116114,98869978.65,44200910.74
116115,781302683.07,86759664.36
116116,12701736.67,35469904.18
116117,88957381.07,16279460.87
116201,272016472.43,373520820.1
116202,305942948.17,226561838.02
116203,1590692552.67,960653347.8
116204,1767347072.13,592422408.16
116205,340338600.52,280947896.46
116206,222357481.05,119147913.06
116207,57986131.48,31231812.8
116208,75034334.49,44380177.83
116209,61496796.38,66772560.17
116210,144537413.94,115210510.67
116211,342374995.88,221791088.32
116212,174509351.23,164445102.58
116213,8893709.94,5021637.37
116214,326901501.05,65726906.63
116215,350672156.86,16590670.35
116216,9224360.13,19111161.2
116217,221547264.84,17009098.43
116301,41566359.9,12349919.32
116302,176734399.07,189932761.82
116303,42933949.38,24835900.04
116304,44982099.52,31501406.48
116305,16996296.01,26334338.91
116306,34168620.96,26612043.98
116307,81801293.83,105821615.44
116308,2059146.8,3400960.89
116309,54367995.77,20083738.03
116310,14200925.24,28041049.87
126401,53915978.02,13164480.26
126402,593653920.36,241894903.53
126403,4710063390.69,1003271550.71
126404,324546872.96,365822190.99
126405,166366919.59,64370886.72
126406,767678108.99,742297636.34
126501,518515.72,2809565.25
126502,574757.34,2281272.85
126503,10309101.01,1762075.88
126504,9241163.51,2444515.91
126505,52611806.52,67348591.48
126506,178349340.95,37549865.52
126507,6843113.21,5243959.21
126601,39691848.76,55079030.66
126602,1815579.81,545611.43
126603,7616848.2,2120129.04
126701,1198254.84,1802190.78
126702,6633922.47,61134507.68
126703,6884326.82,1384972.34
126704,4620845.75,6626643.3
136801,53273816.48,7686322.11
136802,1416061481.33,64023587.8
136803,21739597.62,2006013.74
136804,185947065.57,73809497.78
136805,131651036.95,99426434.44
136806,37663157.61,83596390.03
136807,144667742.34,8859435.88
136808,7421460.82,10458277.71
136809,16996139.5,18602495.5
136810,176851814.27,24143327.72
136811,49507136.15,4200709.37
136812,3370971.38,1118749.49
136813,17232918.69,39176784.67
136814,1545572.41,8412156.92
136815,23559359.14,84386355.58
136901,16503192.48,2025418.57
136902,90298402.72,61671156.59
136903,49706123.22,53381766.7
136904,9680992.99,3961576.62
136905,19053510.51,3496488.42
136906,4480979.04,4189466.8
136907,726179377.7,14662654.34
136908,2261743260.48,72466343.23
136909,20879155.91,23163963.67
136910,155044962.26,57048024.1
136911,63726135.94,139240872.56
136912,166966269.94,32372457.84
136913,96614838.81,101944345.31
136914,85437550.15,20952231.64
137001,2168315.19,6862464.49
137002,32923769.38,26619017.98
137003,9242068.52,22489082.67
137004,4906025.14,10590697.23
137005,53218875.51,119782899.67
137006,28572866.18,17084409.87
137007,371538657.57,128587470.37
137008,13003201.71,4818657.47
137009,83579993.64,39935280.99
137010,293539583.98,123053547.16
137011,7149072.13,157672623.63
137012,1113026.03,284455.15
137013,346895841.29,211938050.22
137014,11904278.3,14191043.51
137015,1216794.01,10591859.24
137016,39801969.45,10096129.21
137017,7065278.39,19473185.84
137018,7184391.5,40229291.68
137019,220967000.3,276091994.9
137020,72310184.56,33638110.46
147101,7850011.61,51338522.1
147102,103985943.27,386031456.55
147103,9612405.65,63663541.33
147104,5223613.25,13262792.82
147105,3129536.62,76883112.12
147106,56716627.98,351507674.86
147107,587628.66,2576845.42
147108,249505628.98,3668465318.71
147109,239948.25,388033.74
147110,96367440.61,865217200.72
147111,119082.53,178426.32
147112,41358337.25,83940789.47
147113,4456592200.42,252839479.56
147114,82039609.03,27442953.12
147115,39424351.79,17934343.48
147116,9756752.82,11685260.73
147117,74638445.7,62632468.38
147118,914201.28,212475.73
157201,8678866.06,111246807.77
157202,46563853.86,419362169.48
157203,702896.49,19754946.47
157204,114934205.9,508268489.02
157205,27798556.2,64829224.64
157206,17162629.85,5816497.43
157207,151381781.36,351458894.57
157208,444691746.54,1532734516.68
157209,123609520.92,740602913.21
157210,484769109.38,919203590.06
157211,106691470.82,183794674.32
157212,60233180.86,105274090.04
157213,88023251.05,261266593.19
157214,344641720.64,68094832.13
157215,182507971.87,40154345.51
157216,381254578.37,95673685.22
157217,153095136.88,114258516.63
157218,65172070.32,82652961.88
157219,615531543.34,1128044993.64
157220,103392897.24,135196606.66
157221,127900405.3,172216804.25
157222,379605358.57,115600791.16
157223,60579979.66,48422364.53
157224,33210501.54,52833980.52
157225,53941398.26,285269941.44
157226,60897437.3,99820459.24
157227,42101849.74,82146914.08
157228,159206182.73,198509191.88
157229,46376245.46,14170224.09
157301,11310475.54,13686151.68
157302,26069255.17,27204440.37
157303,17663718.12,52419385.21
157304,509750672.12,363878808.09
157305,209493427.65,14958574.53
157306,978417280.6,152876227.89
157307,574818677.44,169292145.62
157308,549216521.4,186748755.62
157309,106050544.81,15818483.93
157310,166376353.82,26929193.77
157311,71864672.37,24993367.35
157312,141809149.64,73195713.06
157313,1600697.56,874219.36
157314,133436262.65,52334562.48
157315,132916188.12,63361994.78
157316,1270440.71,1438647.77
157317,30529082.14,20126159.38
157318,676436618.5,283714426.15
157319,3830225.51,5660880.01
157320,95769137.11,66475847.98
157321,516953485.88,108545110.36
157322,262713930.41,57775877.66
157323,351598156.96,91260344.24
157324,126696805.81,16441263.53
157325,78262816.1,178029435.0
157326,968437195.61,335094612.78
157401,1264181.94,366548.07
157402,17248724.47,5323714.87
157403,47684170.66,1270871472.63
157404,60191129.13,220874032.56
157405,656991.22,7375165.92
157406,8264299.63,13232993.58
157407,151819974.59,94007876.12
157408,90189289.57,439013300.86
157409,164314626.38,265281256.45
157410,59415744.39,75459053.56
157411,187350805.77,128164728.48
157412,178388784.19,51897873.06
157413,23856196.05,18237875.75
157414,1324679.54,1075989.41
157415,20451339.09,6136112.41
157416,2005298.04,356364.17
157417,2463109.17,553140.98
157418,46518526.9,6646474.19
157419,68093064.9,55070195.91
157501,133519.0,24084637.06
157502,13752644.81,399163443.52
157503,3791007.34,38540370.44
157504,736874.92,5950462.63
157505,20064873.07,33960748.9
157506,4510836.07,28207006.12
157507,14187234.86,22491974.44
157508,7306975.75,12611011.69
157601,110090938.93,1185784581.98
157602,20769314.91,347216728.36
157603,5875165.97,10414084.62
157604,359660949.44,140872530.31
157605,40941728.94,109907339.41
157606,347783973.04,919800015.02
157607,406013456.26,171467271.6
157608,81658363.67,35212046.53
157609,9698920.4,5248660.2
157610,266542823.02,57740827.36
157611,5588777.55,1239762.16
157612,70576630.08,37241300.97
157613,2848679.57,7964183.76
157614,2555247.75,4937572.21
157615,286043879.94,15737977.53
157616,565896008.24,171806052.52
157801,14217012.95,48333659.02
157802,1365715.22,483230.91
157803,635075.34,710643.29
157804,1204436.57,5451788.16
157805,229397.14,196446.74
157806,5765394.84,2543980.8
157901,20524409.41,278521474.9
157902,8447290.05,17543757.47
157903,1350810.23,5095611.79
157904,4659221.84,4407169.31
157905,9178728.46,6064044.3
157906,4121221.41,714297.86
157907,11447940.82,6649971.42
158001,2123224.96,36728897.31
158002,783046.18,0.0
158003,1319262.67,5755754.07
158004,518876.13,1083197.96
158005,229303.19,964450.38
158006,389723.3,35689.0
158007,6763064.25,1569823.58
158101,3459931.45,8701345.62
158102,668899.52,7080086.5
158103,357419.45,1101306.6
158104,12426898.65,35665594.33
158105,1946851.13,21905506.47
158106,71601.0,1476200.72
158107,170503.94,69622.73
158108,54498174.61,83189947.17
158109,1073858.93,1633018.19
158110,145567.66,2142253.31
158111,279803.75,3906712.25
158112,2794945.73,14483277.73
158113,891948.08,4471824.16
158201,19480336.91,17326529.52
158202,101763047.78,72586229.37
158203,23170548.02,39059039.46
158204,19451886.99,25336511.63
158205,143007492.27,93424882.39
158206,13839604.01,14742141.1
158207,475791781.74,414249866.17
158208,53751042.64,54046166.28
158209,27001398.65,153181150.79
158210,14605678.82,6324296.03
158211,27027890.26,34548074.17
158212,3038498.88,132752500.55
158213,27587251.06,11114109.35
158214,7558289.77,15547975.75
158215,65839424.63,41225615.32
158301,243255874.47,98739054.11
158302,1032968041.31,241783653.81
158303,33397864.17,6405867.81
158304,2013511.88,2309129.02
158305,31915323.72,11477638.91
158306,78597812.36,24576830.57
158307,43775748.13,22195041.98
158308,169076633.39,38196893.44
158309,229422935.7,44233674.07
158310,8830209.72,4610753.16
158311,68342021.21,41406551.49
168401,18958402.16,669455.5
168402,123578982.19,13307693.78
168403,554928740.32,149935167.74
168404,24545554.26,6350320.63
168405,17272625.01,14390220.58
168406,131613115.56,69063496.14
168407,383566999.34,626442638.69
168408,704420581.52,564863620.64
168409,1023668761.25,858950337.37
168410,36955756.75,10919632.99
168411,1219795923.72,944283180.92
168412,219599605.38,185756031.96
168413,1597399928.61,872113467.18
168414,2142215187.06,1160013246.92
168415,772575662.21,809776913.13
168416,202847591.09,43981873.62
168417,308677707.14,93298498.29
168418,2298230747.8,374491139.8
168419,1378803687.18,369437483.52
168420,64156980.25,31768939.0
168421,723379178.26,570157018.87
168422,2499418617.92,337496130.38
168423,42318271.35,88317058.92
168424,679455809.0,238502522.2
168425,171514202.82,56090652.36
168426,352443460.88,126083225.36
168427,340869419.79,311939895.54
168428,619902497.18,176338741.56
168429,807655021.79,670511123.4
168430,171745595.07,61919320.35
168431,1292075373.17,573746325.14
168432,267037816.29,46055229.71
168433,589971782.43,175876003.95
168434,35915866.18,30564702.35
168435,59329031.6,6944594.68
168436,167184244.57,23855810.16
168437,102522424.99,26335512.33
168438,704171259.35,123757848.24
168439,205206470.18,90440149.42
168440,49283717.24,75634921.2
168441,391282956.0,182468250.73
168442,89972573.82,72612162.45
168443,428084939.12,528921423.98
168444,75510958.45,15296004.65
168445,332763197.39,116956738.58
168446,281914709.76,51320410.65
168447,419145147.91,195059895.35
168448,352133196.67,318602942.02
168449,22478922.47,19266466.61
168450,1385574402.29,175852376.98
168451,641113817.82,132983854.11
168452,119921337.64,116376841.2
168453,380580300.02,28738082.02
168454,199720041.78,32647382.57
168455,298387048.47,68178158.27
168456,64118656.14,252753556.48
168457,165700620.17,309332213.85
168458,153238601.82,296436825.43
168459,205337608.25,91084112.98
168460,140150818.44,98067650.5
168461,129941958.97,56164376.39
168462,543522558.44,214969873.74
168463,185797690.91,50970898.52
168464,447806078.31,57175671.46
168465,999395570.1,138557883.72
168466,691834353.49,369464277.35
168467,154567866.27,134226465.45
168468,50307648.12,18332283.45
168469,5146921.11,3791406.13
168470,30580665.59,101514888.84
168471,931300098.36,5129514629.29
168472,60187404.11,126638094.68
168473,1930288971.72,2568042804.74
168474,576767608.49,91245553.84
168475,98365585.28,40597990.78
168476,235503228.92,28278739.01
168477,1242668961.6,418247462.13
168478,118172341.86,6141996.43
168479,2742391044.35,977404145.89
168480,614618910.33,233587552.82
168481,3027814496.22,885817562.63
168482,732391524.57,731701812.66
168483,1153944981.4,649100892.86
168484,68924262.33,46428514.76
168485,204825804.38,153402668.61
168501,925229780.69,683707659.57
168502,161733339.82,75257741.44
168503,276975559.77,101226915.49
168504,872337844.16,785423547.06
168505,51074641.54,109352760.03
168506,24658602.81,126984562.7
168507,274653494.42,269297825.75
168508,156371284.13,281648802.06
168509,250851839.75,230171165.55
168510,2757078.85,34030334.44
168511,259092287.18,286392359.79
168512,296955548.66,193019203.8
168513,17885732.14,24941745.7
168514,151747843.33,81184389.66
168515,337834859.33,157654172.34
168516,1539491965.96,371767583.27
168517,1816286249.24,2714316740.38
168518,165489544.61,263468971.53
168519,4949278.24,118668226.27
168520,4355129.44,41075888.05
168521,24320722.38,544636997.64
168522,16568139.2,18262166.91
168523,56312115.12,218251968.9
168524,147836201.09,914822839.63
168525,447566021.03,2515019064.75
168526,150311725.1,89537916.31
168527,57869301.34,454170703.15
168528,174682812.79,856896415.46
168529,688978157.91,561030846.1
168530,27084940.73,12250060.92
168531,267815150.66,295082402.19
168532,178044740.79,274522551.24
168533,41332917.52,147865033.23
168534,194576561.95,283029594.61
168535,121078653.71,77508245.62
168536,1166860385.32,1452435941.17
168537,233843265.81,263253227.91
168538,341589736.82,464732844.27
168539,230503933.74,308271373.16
168540,416559969.48,270942842.19
168541,201482993.19,540639441.61
168542,2245086365.1,3136282714.94
168543,191210346.56,341115500.1
168544,962784259.09,655805912.44
168545,142136316.92,76044589.2
168546,55721606.71,47198996.14
168547,39606873.4,34590827.2
168548,33665594.07,42343882.85
178601,12300196.34,13289392.0
178602,3681229.69,2053025.94
178603,180916936.73,15007248.59
178604,29618795.03,11136679.05
178605,56615928.04,14832074.91
178606,18338901.07,13867049.26
178607,168177554.7,111396312.17
178608,7326187.41,8521339.45
178609,27816073.11,30976188.92
178701,1058669606.78,928027189.74
178702,63809217.35,282495072.44
178703,7323863480.1,17375376924.67
178704,2056177039.73,2366715735.14
178705,282055650.08,104641373.32
178706,184345293.29,71803645.07
178707,313278260.22,31280770.27
178708,6445409042.49,3286437600.63
178709,20670686.71,11695119.09
178710,7258986.0,17068418.0
178711,888220566.8,925523962.21
178712,135449657.0,36733539.9
178713,3918026.06,13869051.83
178714,625978074.62,403518406.52
178715,89081502.24,17776937.79
178716,279468078.96,251483055.97
178801,1621305.53,1298540.68
178802,2589941162.66,2752586936.03
178803,878307828.94,708998095.92
178804,1132696.45,3183466.97
178805,1278582.61,62678230.05
178901,1553895666.47,840475605.51
178902,5315308.85,71834.0
178903,644759399.05,189448153.91
178904,636363.39,6257321.81
178905,18374574.97,10802105.53
178906,3774349.73,4976854.76
178907,8684548.03,6360881.67
178908,3827756.23,43281.61
189001,94483434.23,251576185.04
189002,7394379.25,63875960.05
189003,649667668.11,142898417.26
189004,608889392.49,150900650.59
189005,4563242.64,23038410.78
189006,47689877.97,141675157.95
189007,31827434.89,9471228.67
189008,13998717.71,13323450.83
189009,146995607.78,487738459.16
189010,174500795.6,178867378.85
189011,2861157.28,22785693.92
189012,1473258.11,11088061.71
189013,86908652.82,217147414.77
189014,76584056.69,80346422.46
189015,19960840.38,69682251.18
189016,2555715.32,6603850.56
189017,34125825.24,48973217.82
189018,685451587.17,1296661909.11
189019,115394242.92,70986398.85
189020,23051503.03,25179210.15
189021,119935374.61,547102741.91
189022,138432704.64,250027423.55
189023,47108563.12,19197630.38
189024,49462336.44,36834379.68
189025,33596627.11,70084011.34
189026,179992873.98,235028124.78
189027,220240295.99,521739778.18
189028,82644325.9,48590612.35
189029,27016846.84,64607889.2
189030,156521395.54,420559688.46
189031,472209101.83,575128115.09
189032,405341643.92,465566926.79
189033,36823772.98,44866630.48
189101,72604939.07,174817538.6
189102,48237300.85,487669312.91
189103,1581635.16,1780013.61
189104,1395412.68,2906260.89
189105,15007263.86,26278701.17
189106,4269732.75,14689975.61
189107,50088669.86,59661480.59
189108,1264647.51,6256932.62
189109,1055132.49,4038828.28
189110,1008320.02,977159.31
189111,61273708.26,26647885.0
189112,1893449.8,459795.29
189113,104185579.66,39941798.03
189114,10825924.05,18031174.18
189201,7444404.09,18553892.16
189202,17991612.08,11306664.78
189203,1981229.58,565578.66
189204,12842469.18,511082.86
189205,2975210.54,11606716.89
189206,1679856.48,7570620.0
189207,80569331.41,31481771.13
189208,2443046.62,1621833.18
189209,38410927.03,24891121.31
199301,28219333.0,10782735.0
199302,17195972.72,5790252.06
199303,145323492.49,11022893.93
199304,1244344.56,1535728.96
199305,64033759.19,9471902.93
199306,113887164.78,28575094.12
199307,315585.93,339449.44
209401,3315607032.45,402633879.08
209402,65007851.8,24977060.42
209403,4133687464.3,505376707.19
209404,131999294.96,70934825.59
209405,1210095741.04,302871862.78
209406,88397417.64,31630329.07
209501,31407250.19,29934500.65
209502,10737989.64,82840616.24
209503,353767546.02,432349847.36
209504,74895332.05,182217744.06
209505,46772658.92,110466953.45
209506,446832581.95,287418912.92
209507,36994163.63,41341534.63
209508,101847203.57,18849737.04
209601,8399523.36,5215090.05
209602,2623852.06,13221472.09
209603,153645852.86,75587905.87
209604,1406405.95,587846.99
209605,2834918.23,3170655.32
209606,112888129.11,18903192.74
209607,81274686.07,56919488.73
209608,161004820.8,123013839.0
209609,8418151.51,22951737.1
209610,2309468.36,2190966.75
209611,4313292.06,8983789.33
209612,27544932.28,63971682.89
209613,18575340.03,33321094.07
209614,7571353.78,1530844.25
209615,19541703.56,18638470.34
209616,69508658.76,16813209.62
209617,3275895.81,6004882.79
209618,25441778.42,5483209.14
219701,182604595.34,20361635.58
219702,2956518.77,1618085.46
219703,64652039.9,5983761.44
219704,4844593.63,4996049.0
219705,15160417.88,2094353.18
219706,73639999.69,9889540.36
