010101,3161404.27,100925819.72
010102,15454458.31,1008358408.0
010103,1107438.02,131197186.09
010104,736766.34,87764775.59
010105,3821274.39,27166503.35
010106,6048875.81,23685153.73
010201,65643974.48,1124373238.94
010202,102042509.23,118635796.66
010203,71517781.07,1385349248.24
010204,3232636.6,101905232.19
010205,1466554.48,62827264.89
010206,18663430.38,30214702.89
010207,220893557.64,50395482.96
010208,22201374.64,38407362.95
010209,22961892.39,1203896.65
010210,310346577.38,56343820.29
010301,26775697.06,34094297.25
010302,93400722.72,487914785.23
010303,31285866.85,248673396.17
010304,29803909.57,303003763.76
010305,10409008.13,365018685.63
010306,34918353.85,412462287.81
010307,104364698.48,581933034.92
010401,4724694.48,656312669.05
010402,8361601.13,260590624.37
010403,5855343.14,109760372.44
010404,25662485.69,37571139.47
010405,25126363.09,136239212.96
010406,915861485.48,1088265988.9
010407,10368794.83,18637494.37
010408,6531618.83,13588219.12
010409,9322039.66,26889061.67
010410,220843.03,991117.58
010501,1143484.6,11471271.14
010502,522078.81,9738510.91
010503,69999.77,680006.78
010504,19473677.6,75699976.42
010505,4917697.96,10379048.2
010506,242039.48,691038.67
010507,850879.78,2203976.45
010508,1899290.05,5015485.84
010509,644059.24,1153506.54
010510,3303380.08,6792076.27
010511,16126728.55,13281768.59
020601,3324829.22,51515577.89
020602,283531500.92,192182381.52
020603,71551559.13,151400196.51
020604,83414932.82,18099268.07
020701,66044131.79,117570103.92
020702,158186666.04,57393150.04
020703,57119930.54,53877448.85
020704,76471997.41,23383979.91
020705,121448957.79,42329122.24
020706,64257259.16,6198886.8
020707,4512059.08,5646670.18
020708,11705787.2,18251310.09
020709,173723500.06,153992647.57
020710,33926431.86,138102125.47
020711,6119440.26,51814134.79
020712,31231953.8,53580923.17
020713,16016777.03,133033753.5
020714,991691.68,4114912.57
020801,3973872.92,11421937.16
020802,129168812.55,259105015.66
020803,64107350.73,328084786.74
020804,12181336.15,110228236.47
020805,103105686.87,157949822.87
020806,442971918.37,37071171.57
020807,35897279.3,37482350.99
020808,466172862.35,100253146.03
020809,304505494.11,99029935.6
020810,314143270.73,111977398.23
020811,33999823.91,52402372.45
020812,13537998.32,8170524.48
020813,22205549.68,24933145.71
020814,2573215.31,2112837.85
020901,312516228.23,384716511.38
020902,2306895.84,36785244.1
020903,49794.98,216500.13
020904,4377559.58,11086024.58
020905,544193.89,3045839.23
020906,261739.85,824105.1
020907,12546.81,999338.05
020908,781932.21,2865697.19
020909,960586.4,2098596.75
020910,3593028.53,12605765.09
021001,62838664.7,944507234.35
021002,502688.17,1851998.77
021003,884952.39,99721931.57
021004,144142.73,7541077.47
021005,62268814.64,163613634.97
021006,286261153.71,37126637.54
021007,1417522.27,2702317.87
021008,1156378.38,10421192.55
021101,108158724.3,6403190.16
021102,23541091.81,1989908.0
021103,51941548.41,6265708.18
021104,9346650.14,15274096.36
021105,5140281.49,23729106.65
021106,5464439.37,2757622.08
021107,165686.16,34309053.22
021108,29974300.32,29107462.47
021109,3381896.91,9518875.39
021201,10126368.49,137329155.82
021202,1337539.95,21332713.86
021203,50191.39,1964.0
021204,44456.04,2306594.58
021205,932368.01,2973981.14
021206,4954220.97,42209722.97
021207,3424454.16,27267083.07
021208,3035759.97,1867487.32
021209,88413541.62,137739373.77
021210,138165.0,2399637.93
021211,16474221.14,42591318.89
021212,5610647.3,18358646.12
021213,731389.44,1806678.65
021214,19988426.13,15282884.05
021301,3352900.56,13649636.66
021302,104737226.74,87126927.29
021401,1102548.79,8639583.34
021402,208436.81,102771.23
021403,230439.99,1235588.97
021404,659335.13,6954804.35
031501,7715270.11,5369697.16
031502,3697358.48,21498568.29
031503,244101.39,337537.9
031504,190289.0,12344885.88
031505,2837022.01,2884581.6
031506,1427778.97,3773064.18
031507,8272529.05,31451559.65
031508,1827216.34,31212807.27
031509,799446416.21,986696964.24
031510,31400264.85,18979785.19
031511,29002773.08,121488151.57
031512,24281671.78,59677795.64
031513,1507443.03,42324317.57
031514,3359117.34,76923199.52
031515,46470142.45,72058247.18
031516,16198896.62,27236015.25
031517,30443239.52,33826884.47
031518,10927424.76,19353604.11
031519,132122774.26,181883538.86
031520,22792228.8,13701233.52
031521,797625.02,3373180.1
031522,610348.89,700121.26
041601,169624107.01,17419398.43
041602,104842858.71,101035111.7
041603,3069216.26,1728304.74
041604,110295261.95,513186530.89
041605,12819036.05,78000072.85
041701,95877528.98,374230929.46
041702,80150159.39,56958232.95
041703,1509669.43,12793092.65
041704,82410726.99,101604860.68
041801,1318481.87,96744815.22
041802,250075.03,169896.89
041803,3946035.01,24281926.8
041804,8184856.69,38623308.36
041805,11290417.99,35527233.07
041806,405003046.51,228175558.62
041901,42206363.37,111753596.37
041902,1129327879.13,17601891.17
041903,160270.81,224204.15
041904,27853277.14,105509100.39
041905,789233589.79,290834149.48
042001,19656249.03,20073634.82
042002,832734739.13,89612621.52
042003,15428510.06,16929554.85
042004,15650791.69,97244262.78
042005,196924461.32,164221252.33
042006,19829006.45,2743593.75
042007,53902830.39,26980074.68
042008,236038906.4,104627280.54
042009,303025984.76,172089523.82
042101,17761341.46,37931834.87
042102,59715263.81,15207421.77
042103,227976312.32,57663891.04
042104,26903746.63,21774744.86
042105,132188661.79,65876898.02
042106,274324446.81,240859431.02
042201,196597695.49,6486382.13
042202,144739806.23,122422184.83
042203,48355274.14,332868637.6
042204,2610070209.57,204481076.19
042205,164626092.18,1469910.52
042206,8750217.36,2321554.9
042207,16385411.07,51527690.62
042208,512901548.72,289026316.5
042209,103611019.99,9800029.4
042301,28725864.2,50539661.46
042302,2805822.08,17507750.32
042303,7353954.54,17361716.64
042304,54743710.32,466410561.59
042305,17072.36,0.0
042306,1216968.7,43093024.27
042307,499541.69,1362532.15
042308,1026795.52,4601368.34
042309,149598752.08,457572708.61
042401,249843468.13,124466123.54
042402,17022477.58,1318196695.3
042403,3131901.34,27177889.33
052501,13333568.94,29410488.86
052502,4388631.92,1137994.88
052503,5957275.59,9497977.24
052504,368342.16,4346208.74
052505,9209147.79,50169913.34
052506,5524553.77,8793491.37
052507,4245452.13,105017919.2
052508,18483905.48,126069677.41
052509,853520.38,807652.26
052510,516507.78,19428617.79
052511,727447.73,6323390.19
052512,972777.03,4016914.28
052513,7980205.0,2981930.48
052514,2934941.43,1001290.82
052515,159820169.64,66567381.15
052516,57158797.35,340100377.75
052517,54056460.39,37426673.07
052518,6782790.36,817080.9
052519,19451818.15,38313020.7
052520,6528628.07,7303701.12
052521,365917.99,1099349.39
052522,4003296.7,3435272.14
052523,88148009.09,174489782.52
052524,3039.25,41850.0
052525,637520.76,1295381.23
052526,21219278.83,20603292.03
052528,5062605.65,8074554.38
052529,6406002.74,66738050.43
052530,35550020.85,36781442.28
052601,1121439.25,303459463.25
052602,27761.73,4080926.88
052603,6605359.81,316005.08
052604,62462.92,0.0
052605,53699.02,53548.0
052606,2277766.95,59772191.73
052607,0.0,32667596.59
052608,2718672.97,43278947.59
052609,13298.0,9377.49
052610,699193.37,1065237.72
052611,33870.0,191776.0
052612,34810.94,1134.0
052613,692863.89,22341532.91
052614,1764419.12,31330796.7
052615,13142092.12,26691051.18
052616,1086342.0,7527766.45
052617,809502.97,735030.83
052618,15944164.05,1224757.01
052619,1087641.15,1297828.31
052620,18865443.41,48695363.37
052621,3158716.13,1879299.11
052701,1789466.76,682359438.37
052702,198020.75,1885676.97
052703,1092393.67,47124828.34
052704,17483733.4,110643970.94
052705,104993.0,0.0
052706,11357849.72,6143187.0
052707,22391326.84,95828550.65
052708,888996.31,6545681.66
052709,125495039.11,13170938360.99
052710,3912374770.8,3755156177.12
052711,174138820.37,5590758169.16
052712,23812673.01,112276533.69
052713,65764943.88,45169384.21
052714,3359166.26,113916339.19
052715,6717588.49,1844642.78
052716,30493504.07,1757153742.39
062801,2659169.99,17328468.35
062802,142291.18,276000.72
062803,43065369.85,45271121.68
062804,56252810.82,76818904.76
062805,2044567.42,5784544.99
062806,1612146.1,6185733.08
062807,7439818.83,2474864.73
062808,652322.79,2918572.36
062809,1551309.11,55518482.14
062810,6082567.21,6671307.86
062811,12104238.21,74902379.1
062812,3495033.54,23266137.49
062813,7369924.13,3153462.03
062814,1075130.63,40638996.84
062815,40597031.81,41954481.08
062816,4765058.71,5727621.53
062817,12899510.09,18488102.41
062818,139852168.31,120935015.08
062819,6207065.31,10456049.52
062820,334184.97,1765429.66
062821,24756330.56,19756896.64
062822,1029447.66,11084912.24
062823,19560310.22,66943502.58
062824,8032451.23,1355516.67
062825,9737393.2,33006921.14
062826,54843075.13,7789573.86
062827,25958176.62,35935338.3
062828,11116827.9,7379152.3
062829,893909.99,2432927.26
062830,5176226.29,5397160.47
062831,9291057.42,2870654.92
062832,17673667.55,2909126.69
062833,29837618.73,39911975.18
062834,1485371.17,16597723.63
062835,24040947.8,38825896.4
062836,43619491.69,73129938.95
062837,392870.51,3012915.04
062838,1297653.38,1788513.32
062839,5521913.54,26301259.41
062840,14597152.49,20011551.06
062841,13678430.99,20596464.27
062842,30651956.96,13790856.95
062843,103693012.5,51177131.24
062844,7314513.06,30147633.22
062845,39760.0,1335373.93
062846,883165.86,6324758.95
062847,4839435.67,12586194.01
062848,12999.36,377530.92
062849,3920805.04,33958142.53
062850,4366826.39,7478839.69
062851,2390724.8,18009012.58
062901,203024847.05,119066640.46
062902,176444934.09,221775215.22
062903,121630366.9,122914901.73
062904,38273360.83,17202290.77
062905,62427898.66,417936115.7
062906,14890541.31,20889757.8
062907,87081581.65,158946581.74
062908,2613084.44,10831595.71
062909,54931439.42,193705876.64
062910,778460.68,77581197.01
062911,724431.9,973632.92
062912,11757962.8,42940896.91
062913,1909822.17,3038486.17
062914,161430366.45,109246458.71
062915,76665072.23,267680298.68
062916,56357490.47,191021498.14
062917,212215082.86,481721543.61
062918,207341661.99,180982953.29
062919,2102095.69,25022691.89
062920,39174467.81,33685275.56
062921,128222477.64,291812973.18
062922,222690083.02,231895351.96
062923,34270650.98,29968828.38
062924,288956881.83,143107597.12
062925,14693169.59,24195002.88
062926,44210584.58,84796212.93
062927,2952654.87,7315340.77
062928,74737063.38,59663302.56
062929,124386631.39,202219098.17
062930,100824602.85,119893967.35
062931,94623940.58,588019916.24
062932,154754760.54,217973511.63
062933,629800180.27,1291201062.01
062934,354608844.23,816881073.09
062935,77130854.92,59158028.89
062936,52766388.92,101155248.88
062937,201666892.38,477356653.68
062938,8416539.01,36648848.97
062939,67273899.23,44333698.82
062940,10962132.33,18764376.06
062941,758211794.4,969955156.09
062942,27600841.13,7992220.73
063001,25444340.94,37006540.48
063002,549829747.43,894080809.69
063003,175597260.18,300030727.5
063004,5967036763.62,5761670119.07
063005,45296424.5,135262743.16
063006,101651872.67,245079599.93
063101,13605852.42,7049072.66
063102,19025610.7,183075778.43
063103,1992511.25,23168232.54
063104,2212669.62,75015365.14
063105,27568228.06,197209419.97
063201,13563325.37,29175167.9
063202,89151991.94,40989484.45
063203,18184023.77,15096843.34
063204,177801228.29,503426366.75
063205,2410187.74,3050333.15
063206,122134753.55,310383288.72
063207,182617157.88,120728670.22
063208,405437232.64,208127210.49
063209,122858026.77,73164964.55
063210,33267877.94,15776031.74
063211,3189112.22,1912749.35
063212,56137705.24,54802008.94
063213,11452644.9,11077352.37
063214,120862306.09,96052893.51
063215,123341357.9,312201709.7
063301,46508642.87,29045409.95
063302,52534660.09,422684561.75
063303,431314605.84,212367387.07
063304,592837569.5,474685850.88
063305,259300194.0,190313470.0
063306,67304728.7,82049326.31
063307,267667989.43,223958513.09
063401,160592236.94,56579078.18
063402,723568994.14,423362105.68
063403,73014963.64,115389963.85
063404,24104857.98,52665412.7
063405,42821540.17,28919871.27
063406,24221273.97,36329267.2
063407,16432041.68,10660930.73
063501,9461346.14,82474955.11
063502,30231644.82,8274356.16
063503,33149644.09,20091452.33
063504,12242925.3,23460095.39
063505,54264663.84,72437133.54
063506,181036669.02,133732016.51
063507,22912339.47,77008660.61
063601,2399260.73,11759501.07
063602,143093.29,2698231.27
063603,7162625.69,21272435.33
063604,5666737.7,19309233.18
063605,156290.59,2343903.31
063606,2014714.94,9395688.8
063701,110564115.61,214884018.73
063702,112532434.95,172866016.29
063703,20724598.23,73887654.31
063704,2776753.19,967672.91
063705,25342460.21,10014475.78
063706,70791885.82,2746086.99
063707,36530999.16,210174895.85
063801,15867627.0,24445479.97
063802,11784647.4,37719801.59
063803,608982.6,2349055.89
063804,2269410.84,3064796.75
063805,300453.62,1171092.94
063806,9781903.51,38614669.09
063807,689936.27,813439.33
063808,336208940.63,414878787.5
063809,110947238.22,93897864.05
063810,13405513.66,23367164.62
063811,287564301.42,217406008.72
063812,246613598.1,101423568.51
063813,9448817.79,3364476.38
063814,43352190.41,26221136.16
063815,216181891.2,149957058.36
063816,30741513.7,36453396.1
063817,122222410.93,15967431.42
063818,93804045.57,110796131.44
063819,6540204.49,6719335.82
063820,4729463.95,13066951.09
063821,8751296.4,19164178.45
063822,167490138.93,541925300.87
063823,474722101.9,785816396.5
073901,464541046.47,1074960126.53
073902,262979489.78,826939706.5
073903,177682555.42,664258614.37
073904,275077675.11,523935615.38
073905,80122047.93,113371745.93
073906,140699292.81,317588741.36
073907,889105678.7,1113177451.7
073908,337195579.91,366272677.34
073909,411319777.09,268695038.48
073910,76309917.18,170756335.62
073911,27972593.91,154103799.27
073912,76422014.28,100431328.38
073913,22881129.07,23906899.83
073914,24503271.01,18009351.21
073915,26816932.11,39962968.43
073916,74961906.56,61530421.85
073917,508013472.76,273668910.8
073918,19907886.21,44936595.59
073919,567872362.0,215998830.28
073920,1702880106.32,813130159.37
073921,651814409.74,335740155.13
073922,210287887.52,103720648.43
073923,928388245.14,490258371.08
073924,324186446.93,104889868.73
073925,193927655.98,62951595.59
073926,1430405977.16,655709312.81
074001,13367032.4,116138365.5
074002,241729523.58,388825648.79
074003,871047.08,905387.42
074004,6095011.03,1012435.88
074005,115235376.9,112330286.11
074006,35332853.62,11712138.32
074007,2350434.73,16474843.49
074008,127464992.2,91916005.98
074009,403201581.1,65250582.5
074010,143161609.61,115328765.82
074011,1007531552.91,1146684173.68
074012,50809695.08,27694000.87
074013,21608391.88,15590062.16
074014,22256409.62,35336119.56
074015,12777494.93,105175640.58
074016,479491711.32,231798259.04
074017,26795042.13,8096364.91
084101,92240187.42,942799365.14
084102,33461357.45,185579489.49
084103,10447889.68,43101749.65
084104,3005712398.98,1503208868.25
084105,406471416.96,326853973.55
084106,96841562.13,303659050.39
084107,73676070.84,123714613.97
084108,51525092.15,13150989.8
084109,113216867.4,12223743.58
084110,17464634.35,1770283.0
084111,37937597.81,11205894.93
084201,25490131.89,13991957.61
084202,1503956975.38,747635896.23
084203,629064133.16,283616890.41
084204,3699386.76,758241.61
084205,64329927.06,18461841.05
084206,1434296.04,2561419.92
084301,4819010.2,74616093.92
084302,103165867.28,136961737.59
084303,132040664.38,61795048.46
084304,6355896.01,2779787.49
094401,2149321.39,65537684.91
094402,704458.1,8037752.09
094403,11216878.15,394061878.27
094404,1568174.57,15020434.52
094405,717114.26,1524328.11
094406,1235529.73,4697213.69
094407,112020550.41,1495602580.37
094408,103839644.55,233114650.47
094409,168082036.43,164498552.15
094410,111935876.96,96673796.76
094411,107254895.76,120155875.81
094412,122381504.09,223419297.81
094413,10280104.22,10829552.79
094414,57213567.24,8571594.11
094415,60944478.48,95219604.68
094416,2813586.32,36523069.8
094417,15724969.37,5081371.3
094418,203151285.7,250134285.56
094419,10534128.07,11620102.46
094420,49188347.0,38252955.34
094421,112701655.73,96945322.15
094501,2631745.75,17682996.95
094502,908602.92,5600301.88
094503,31075060.27,45018074.95
094504,22238180.73,38359636.33
094601,1711605.06,8721183.06
094602,5393021.19,44014750.29
104701,2571111.23,39281122.87
104702,324214.45,11736783.3
104703,11773849.79,1172189011.5
104704,2517692.64,101693183.44
104705,984002.86,25810460.51
104706,842858.16,13288695.45
104707,46167594.35,106473605.38
104801,14301904.88,274231510.19
104802,187090093.54,670054467.6
104803,192035055.68,68769356.87
104804,43828657.87,587206596.8
104805,148584946.02,230057961.45
104806,115476272.73,55159078.1
104807,12596856.12,18370538.91
104808,39211654.91,38870516.59
104809,12350675.91,59595548.72
104810,1097857831.96,765963771.49
104811,371143290.42,432011680.09
104812,2055493.7,5141493.47
104813,25459162.38,10732788.69
104814,74581265.22,9273573.94
104815,110484.4,28000.55
104816,4681508.11,37604284.61
104817,15135206.88,9286259.62
104818,787753515.48,232148390.26
104819,543829695.64,132317383.56
104820,134578256.36,44086898.49
104821,98832118.52,48493498.0
104822,15239050.14,4615933.92
104823,290679755.04,121663974.82
104901,455726553.52,224557518.37
104902,182455349.66,177987178.97
104903,27531544.98,3860654.39
104904,4082275.24,3702504.82
104905,22065300.26,5167396.72
104906,24655899.0,1658441.0
104907,6064114.99,6512351.32
104908,52975632.55,16196620.55
104909,16575320.53,7117926.15
104910,19806660.41,5001916.33
104911,428617570.34,114719234.4
115001,57552.0,180911.0
115002,3046403.52,48423570.36
115003,1604714.55,14622814.85
115004,17448890.23,48370122.7
115005,4987423.03,7365319.26
115006,1851018.03,302506.24
115007,240776938.55,82082492.32
115101,14616409.7,345414119.16
115102,4345264.4,53658357.11
115103,7475996.02,38834665.2
115104,475626.61,975451.66
115105,102342254.92,369591153.61
115106,142471628.21,16128954.41
115107,360455694.0,195266522.7
115108,29978237.87,18579582.07
115109,49055137.47,8012019.08
115110,536853.06,1189246.43
115111,702960509.56,34571510.64
115112,939722367.26,94973211.3
115113,1859913.11,2736932.59
115201,13100537.88,337699880.36
115202,7504404.08,43203620.79
115203,24767766.19,2955937.45
115204,12387639.62,6988332.25
115205,332350779.3,448764445.51
115206,67217140.77,16275414.37
115207,18500495.4,35847981.75
115208,886027832.36,429448705.34
115209,856904855.62,337855795.97
115210,164056648.36,32336477.88
115211,278458400.15,43547703.34
115212,106322800.7,15732336.07
115301,10547430.02,34828385.57
115302,245281.46,1126412.66
115303,114444.14,217699.46
115304,199001.58,646541.96
115305,329790.16,1646068.59
115306,35014687.55,77272758.66
115307,145057.46,800888.8
115308,2652210.32,6533269.05
115309,212226069.1,69048854.13
115310,922629.18,3419610.04
115311,4127538.84,5583840.99
115401,39599472.43,31616997.8
115402,715625756.74,729398078.21
115403,78477363.31,151671441.1
115404,44664035.95,82593176.51
115405,620540.69,167018.25
115406,7340030.84,1985506.8
115407,721910944.58,328841933.61
115408,327006310.82,63942043.32
115501,57561411.32,52475598.08
115502,1451385.32,28886927.28
115503,168879488.28,303034012.7
115504,6658776.68,89362877.98
115505,4466103.79,22645187.71
115506,34160604.43,9926997.33
115507,2377814.62,2030561.48
115508,21305831.39,17667448.32
115509,400675406.09,122805372.07
115510,53853277.56,50635643.06
115511,20252028.43,2275125.5
115512,129157650.13,29296874.11
115513,60043711.17,56392170.94
115514,127480975.78,74293428.69
115515,207358447.27,59851444.84
115516,295097584.0,40851224.96
115601,94449388.59,21541797.28
115602,69665219.89,23102309.54
115603,588567072.94,217177328.23
115604,21858706.16,6269252.66
115605,2503663.44,5841468.77
115606,120185179.99,54246417.12
115607,17413551.4,18647522.51
115608,26416158.66,12684346.55
115609,4634527.24,4151349.95
115701,6483614.57,66971974.8
115702,25998794.16,55228355.17
115703,53441771.15,36577210.91
115704,9852650.75,7463879.03
115705,12839200.56,21370939.46
115801,173060596.29,107754436.52
115802,3501861.12,1260556.49
115803,2192199.87,426703.99
115804,44661624.58,35914054.2
115805,1676184.03,1794726.46
115806,103638167.3,55157751.93
115807,62215040.42,8605485.11
115808,24043718.49,11310505.77
115809,1805510.85,550798.07
115810,56606633.09,46862278.98
115811,18441528.49,1266046.15
115901,12644666.65,3592149.7
115902,66731663.8,49323219.68
115903,439546880.1,148656145.69
115904,22363347.48,4860163.01
115905,6077386.44,1559253.45
115906,50025993.72,29708142.22
115907,30206016.1,11441306.71
115908,611320.24,406966.57
115909,1453947.87,6325544.07
115910,26647207.24,7382396.3
115911,127607704.57,104919386.42
116001,182662464.16,30367655.19
116002,693963501.27,303560275.68
116101,24798470.44,17802770.6
116102,40013865.97,21893129.24
116103,100600900.14,92515350.33
116104,246994702.15,158301849.5
116105,97200056.76,125297913.74
116106,105849311.96,53566784.41
116107,53320762.56,78641570.95
116108,175786009.34,216621348.35
116109,551561373.36,539942311.96
116110,2360786287.05,1050681787.74
116111,69066826.11,120869515.1
116112,102913479.17,151020408.24
116113,4598124.09,8635305.89
116114,136987151.05,47292732.38
116115,814151413.91,123334636.62
116116,13520601.21,41469605.64
116117,120197553.95,19368187.16
116201,285062216.44,431415431.85
116202,353757268.41,305635350.6
116203,1815794220.7,1116963879.26
116204,2067912435.03,865373307.36
116205,396611777.62,398401149.5
116206,314670120.99,191502302.94
116207,23306989.57,36956576.59
116208,75279180.67,51514302.0
116209,65438022.54,73858856.15
116210,173082283.47,113703819.06
116211,368733608.77,310939937.97
116212,228896650.36,209117998.56
116213,8226922.97,5789420.02
116214,267457327.49,74968846.86
116215,324864306.19,22875178.82
116216,10801849.84,18267793.47
116217,275630726.55,27056892.85
116301,42615780.94,21352831.42
116302,200819962.06,188955630.93
116303,42257864.06,27336400.25
116304,38032306.14,37006042.9
116305,16222248.97,35611899.21
116306,39156184.75,28472597.99
116307,87305193.29,99447780.52
116308,3285608.25,3265642.55
116309,55033135.5,26907469.77
116310,15527226.8,23423259.95
126401,56873013.29,18044533.02
126402,591492035.89,317570233.38
126403,5065629522.7,1381663992.22
126404,304184414.46,367036328.31
126405,158468294.07,63074741.93
126406,779486566.33,930222665.83
126501,657814.35,2975737.73
126502,390308.65,1938449.24
126503,11553520.08,1347308.05
126504,10022057.31,2129270.72
126505,63847055.35,59668737.67
126506,170736456.81,36660494.85
126507,7081425.87,4917465.26
126601,32078337.77,45809113.16
126602,2210596.4,5865022.91
126603,6732991.48,2241139.78
126701,1419375.27,706228.5
126702,6859768.49,57510737.42
126703,12054487.68,2850474.76
126704,9380831.89,6267537.52
136801,35986270.8,10700842.35
136802,1337844690.08,60525326.39
136803,20406785.34,2439508.5
136804,196956122.2,77353441.68
136805,137124081.64,95153767.47
136806,49289742.22,94394821.16
136807,157899241.72,9872282.68
136808,5940506.11,10044679.23
136809,22797383.47,24766545.39
136810,184785771.49,40858081.59
136811,38860094.16,3339016.64
136812,5318434.24,1592461.87
136813,19719382.4,34785304.93
136814,2062010.05,9514130.34
136815,24557184.61,83126186.59
136901,13313023.21,3143548.39
136902,108370307.04,72495740.85
136903,48645930.77,47668026.34
136904,13867063.45,5979286.67
136905,22323421.27,4001588.17
136906,5434766.54,3420808.15
136907,780993628.67,15642296.51
136908,2328492421.71,64891763.07
136909,25731022.49,24708928.64
136910,181549822.53,47750930.11
136911,62295191.21,124454059.61
136912,152110230.63,28259453.05
136913,80138575.41,83894800.85
136914,77070163.31,20980706.18
137001,1179689.85,6726282.61
137002,27498601.22,30527036.73
137003,9249075.85,23045010.45
137004,2364085.98,9937301.92
137005,53694775.88,148618155.93
137006,29325700.35,14691280.28
137007,385236101.92,146118069.31
137008,21472191.3,5535803.54
137009,76865681.42,52212014.71
137010,314098219.2,180744430.19
137011,7357270.42,143538746.46
137012,558191.01,281825.47
137013,374828935.56,221598032.91
137014,8231243.67,11110959.69
137015,1203324.13,13877042.27
137016,57566762.1,18279273.21
137017,10283663.14,18569169.26
137018,6427518.28,50431152.45
137019,239893232.26,272911056.8
137020,83711550.85,31215157.0
147101,4618844.21,27416478.49
147102,146300267.18,298566170.66
147103,10635926.02,45914757.29
147104,6801262.19,12319416.06
147105,3314263.46,64261640.96
147106,52615724.41,245438177.88
147107,1117846.57,2020180.17
147108,243492260.88,3529893800.43
147109,935793.14,490590.78
147110,94963240.23,440718122.86
147111,150624.71,199256.72
147112,36682707.49,68045545.38
147113,4236469473.13,297763457.05
147114,86821541.77,15937229.4
147115,33584599.12,18458324.54
147116,17202240.49,12126528.98
147117,117948840.47,95608334.34
147118,480620.56,424745.13
157201,12815609.03,119842022.08
157202,31807836.84,517433265.29
157203,2098720.26,29255830.18
157204,88551432.4,512448214.36
157205,24815467.69,55881875.3
157206,8846722.93,17146590.7
157207,147720700.87,364191861.39
157208,396367693.88,1394541755.72
157209,118705213.29,428540150.8
157210,343816554.17,957631397.5
157211,112195210.9,153347106.46
157212,56130245.08,73437127.29
157213,82206038.9,253682956.9
157214,371308880.76,97424260.42
157215,178863321.06,38199500.63
157216,347997306.58,98368075.2
157217,173467132.97,114465439.66
157218,52453908.83,38866625.27
157219,690362693.05,1143270369.37
157220,107664091.27,110469155.02
157221,101401972.46,143542493.7
157222,356121535.74,110222122.05
157223,59559864.52,42462492.8
157224,34681749.46,56906645.12
157225,47033106.7,378151823.6
157226,47181640.0,90751965.02
157227,42888820.5,83233374.2
157228,182819871.06,209649582.03
157229,52134266.1,14688394.28
157301,17601528.25,28851808.8
157302,53633022.92,33897967.57
157303,23984441.38,27700293.36
157304,599072537.08,385829790.87
157305,261126637.87,28429010.08
157306,1070077987.31,160913175.61
157307,690957770.95,181808912.57
157308,674492180.44,235367686.8
157309,93423621.39,23713960.76
157310,201616281.54,33479810.53
157311,82724020.59,18641113.65
157312,164891056.92,73968946.49
157313,1460102.43,774908.97
157314,123577269.05,56681610.95
157315,130292130.15,60562670.18
157316,1927714.41,1756441.69
157317,32085960.93,17764407.71
157318,716272052.06,271546086.1
157319,5407829.24,5471424.26
157320,96786157.36,63392527.11
157321,611274055.84,102834864.54
157322,280202873.7,62467814.32
157323,346602488.99,99103727.83
157324,121127945.51,20169009.55
157325,86482630.63,201379537.21
157326,1134780856.44,345785055.55
157401,2487465.4,7694404.0
157402,7068726.2,1657147.01
157403,34460621.42,1182263875.96
157404,60850795.83,225497133.5
157405,1483943.45,4139014.56
157406,11548387.16,12575687.3
157407,129192183.97,88838340.76
157408,96931690.19,366856084.8
157409,136539123.25,248337447.26
157410,36003836.14,54154585.94
157411,200724109.77,114371004.78
157412,200006606.73,58603301.76
157413,25377959.9,25685296.17
157414,1954073.68,1373567.61
157415,25702758.71,7380863.67
157416,1641929.64,169767.82
157417,2223240.87,108793.41
157418,56166815.32,10446192.75
157419,70324493.17,35756393.87
157501,716143.0,4306831.2
157502,11471905.45,332757214.97
157503,2679056.13,2212732.68
157504,1123928.71,5700448.79
157505,22350992.24,41292475.84
157506,6602230.73,30709189.9
157507,13390092.1,11877949.54
157508,5455044.28,12463579.44
157601,95218504.99,1191395253.97
157602,26336352.13,313747160.49
157603,3526233.06,11140820.09
157604,390976187.46,123445676.38
157605,47903079.1,91356775.63
157606,331783068.83,824039116.4
157607,427938033.81,164807779.86
157608,92280067.41,30745794.17
157609,12581111.04,3955322.94
157610,245059159.2,62965422.75
157611,3679490.76,3608134.98
157612,87253077.16,42227352.61
157613,7517496.84,6679546.42
157614,1530312.06,5013689.16
157615,348794925.32,15168237.45
157616,673306099.03,168215120.72
157801,9407664.57,62451827.61
157802,2294430.97,1027623.15
157803,435886.1,420429.07
157804,2379673.21,6063775.23
157805,155900.97,20927.25
157806,6679685.3,3215919.8
157901,16561994.25,198489907.95
157902,8195648.27,10051737.32
157903,855955.61,5222929.36
157904,6343379.38,4024863.24
157905,7405449.61,7736321.33
157906,4428816.46,930338.34
157907,11953344.7,13104765.56
158001,2430317.95,29634211.08
158002,580287.47,69576.0
158003,2129554.8,4563489.39
158004,853907.36,27836.18
158005,1215964.44,220526.93
158006,306030.0,10297.0
158007,5995709.35,950129.27
158101,2842170.04,8324550.18
158102,1275435.84,6427418.01
158103,303211.67,917175.98
158104,24126671.96,43233395.24
158105,2412949.55,21074675.52
158106,70716.62,1874206.94
158107,373412.8,247656.41
158108,60477651.86,75986827.41
158109,930917.9,1410946.52
158110,120925.72,3178258.67
158111,504804.97,3970163.0
158112,1283263.22,12241996.15
158113,1025270.83,6084606.7
158201,17615216.02,17905480.7
158202,107824099.4,65726698.37
158203,22423508.51,37825161.07
158204,26551719.51,28983545.38
158205,148991492.73,95657722.59
158206,18442280.98,16434597.0
158207,507099160.29,396265994.19
158208,55694835.01,51966122.4
158209,24421702.91,153624039.79
158210,15136956.71,6965396.38
158211,23366092.96,32829934.27
158212,11012057.02,156574649.41
158213,23106520.47,11350534.04
158214,8166541.78,17268342.41
158215,53672997.22,36533222.85
158301,273933502.33,112097488.76
158302,1101261488.97,286260058.07
158303,34657991.5,9249786.49
158304,2924701.74,2523518.43
158305,36902904.35,14293375.61
158306,71827134.04,23594334.26
158307,42760730.12,20936253.44
158308,197952360.43,36916342.21
158309,263684610.22,66815262.3
158310,11119007.26,4070794.41
158311,75249462.71,38509201.44
168401,1781858.31,2630247.76
168402,150878696.68,17656579.15
168403,601552509.84,191426572.23
168404,36604134.62,11111214.85
168405,20282397.38,28408935.31
168406,185066955.01,78319467.75
168407,437055786.44,467740275.83
168408,723442473.24,603908486.62
168409,1073755834.17,964550508.43
168410,33330740.13,14348221.61
168411,1547650785.92,1404966595.03
168412,245045143.71,169758375.07
168413,1935702592.9,826923718.92
168414,2346941281.5,1176817769.23
168415,795888035.59,735182158.1
168416,186565805.69,41673755.53
168417,345217862.11,71342198.21
168418,2465675222.81,449056021.73
168419,1611462594.81,375091647.57
168420,77795609.4,30048915.42
168421,848378397.71,625334959.52
168422,2850331604.44,348244151.47
168423,46659867.15,89787496.93
168424,860150236.34,244871309.44
168425,180569648.19,66561467.09
168426,383281601.01,155355329.34
168427,365268101.07,357849984.37
168428,617176495.53,183881047.74
168429,580705050.92,871878636.2
168430,172719153.64,78308063.81
168431,1337804088.88,696953138.49
168432,321934738.02,55188280.28
168433,747597551.95,184594553.81
168434,45359942.2,27642411.12
168435,65445373.46,11105956.4
168436,173785279.85,26642600.43
168437,115282010.79,17291414.17
168438,721446423.79,116357841.44
168439,284227391.8,106421001.85
168440,43912707.97,71656348.99
168441,370778065.46,198028325.91
168442,91149877.26,65306146.69
168443,481980788.5,588013168.1
168444,58989258.67,7849267.57
168445,363955996.97,86147345.07
168446,451612757.29,45734634.05
168447,375426473.41,181770121.56
168448,329094223.38,324674003.35
168449,12517658.75,5699775.2
168450,1535068433.86,218075376.55
168451,651013003.18,127534133.32
168452,114466266.66,99132328.93
168453,306172467.24,31651287.16
168454,273160505.48,38385239.45
168455,408227380.03,59068551.54
168456,72877588.56,167304009.18
168457,253326016.64,267067173.8
168458,151310272.84,237547094.64
168459,210548903.52,105238285.67
168460,167429442.6,90654639.41
168461,132671580.76,65343332.71
168462,556172660.91,231950914.72
168463,187343441.2,39933815.63
168464,474472698.57,35859219.34
168465,894903795.27,156254463.13
168466,742733820.29,378064849.32
168467,186677473.54,178235882.49
168468,43616474.8,21869207.19
168469,3869096.48,3154465.53
168470,19681515.7,102037634.6
168471,1112579952.35,4652257893.07
168472,47276578.7,120696508.64
168473,1317723970.25,2327799315.98
168474,639505051.13,124254374.22
168475,131137928.85,45434128.76
168476,272675535.01,30217268.47
168477,1225673699.9,373827875.59
168478,158678425.83,7800832.42
168479,3103226156.83,814031663.21
168480,720554174.74,258162956.19
168481,3264014343.49,920263354.57
168482,725593703.45,721804334.34
168483,1317008276.94,637030376.64
168484,79062610.72,46311452.89
168485,209275899.4,132503689.92
168501,904266543.71,792035136.85
168502,287038703.04,90366954.51
168503,322586038.66,128465377.8
168504,874405024.87,745980798.81
168505,59345406.22,100369420.5
168506,23148969.13,149847579.54
168507,286848961.73,250297882.93
168508,70183305.0,219192890.28
168509,296675225.54,263810213.61
168510,4307929.11,40331185.78
168511,297143526.32,260510866.84
168512,298737440.49,205068885.21
168513,14392014.27,21229051.86
168514,126728670.06,64301391.41
168515,400791242.13,150398444.77
168516,1816154768.02,510657324.92
168517,1177887002.19,1871810420.99
168518,184058386.82,266247053.36
168519,7573587.09,100729648.59
168520,6913080.2,29160188.9
168521,31375403.46,728215370.37
168522,8616026.33,23697582.79
168523,47674073.55,224513171.51
168524,151368176.95,982840196.93
168525,631312705.41,2178015535.8
168526,124619851.67,103379522.83
168527,50202945.39,470791816.06
168528,161195414.09,1162656731.09
168529,696239383.48,621490010.46
168530,43686692.21,18890231.63
168531,268425160.79,285704599.1
168532,173988389.78,182952117.55
168533,47393543.9,112703461.59
168534,167140183.99,194633053.62
168535,167147460.83,90303995.2
168536,1199529448.74,1310479090.12
168537,280876814.58,288170050.28
168538,415897821.58,469350017.19
168539,235405156.17,303825495.52
168540,456209537.96,213273666.06
168541,224269869.62,450749960.86
168542,1807680714.27,2183504254.5
168543,217716264.65,311731802.82
168544,997985095.97,724528423.81
168545,100730019.29,86223296.73
168546,63135102.46,46219348.35
168547,52376500.5,36788027.52
168548,29151378.6,58658797.89
178601,10657633.57,9337090.33
178602,7438509.06,10761453.47
178603,278956863.8,472275.02
178604,26891992.01,34632304.09
178605,35830920.94,8773974.77
178606,1485278.06,1707683.46
178607,148736369.55,140972696.75
178608,17993264.85,16201121.57
178609,27480735.5,25509776.51
178701,1140395439.99,914664359.15
178702,50352525.68,267081676.62
178703,6665820662.32,20771455255.62
178704,2309291549.71,2608342698.2
178705,329268889.87,147616028.31
178706,145808433.89,53908658.14
178707,217551783.54,40312638.25
178708,6742705044.65,3799019092.95
178709,16876794.14,10555202.3
178710,4111074.0,19993462.0
178711,965179545.3,683388426.84
178712,134884776.88,45808590.79
178713,4949407.08,18477495.61
178714,728844246.97,395743889.94
178715,103339888.96,24889764.78
178716,311412662.8,270751552.05
178801,1178613.15,1992638.46
178802,2470708464.13,3348362146.51
178803,744777039.82,695413617.95
178804,2593907.31,6478924.21
178805,1936501.18,63225104.13
178901,1585754476.15,1120237005.34
178902,39486764.04,45352718.21
178903,946129207.37,324129457.17
178904,9247980.0,18525688.44
178905,17577304.55,73757297.51
178906,5964599.51,40006727.43
178907,14039279.85,14100723.66
178908,8806819.89,280300.44
189001,90755444.68,230041752.2
189002,10049788.83,56959517.9
189003,592581856.04,172958491.44
189004,831293960.16,149627315.3
189005,4550820.65,17621842.71
189006,56115605.62,142569058.72
189007,31579628.25,9178611.8
189008,12021888.69,8639958.4
189009,101830525.08,472171442.27
189010,110377410.57,139241053.16
189011,3882451.53,25359901.88
189012,3000954.18,11131700.5
189013,74791590.0,158520514.65
189014,80648331.62,128759392.59
189015,18293574.51,67654578.06
189016,2754743.64,5906843.64
189017,37564386.86,49786728.06
189018,919208477.89,1477446029.3
189019,126655459.37,90140148.95
189020,21714018.88,19570970.28
189021,152923445.76,680534734.91
189022,161708918.55,318221340.86
189023,63589495.78,17464746.84
189024,44362632.01,39070243.51
189025,36136512.08,60051906.08
189026,195063259.78,235821206.0
189027,239781156.97,558157872.31
189028,82378428.97,177943841.39
189029,41475580.64,69196945.51
189030,121217497.04,236364462.83
189031,522747851.35,497726573.08
189032,468238869.56,500694731.26
189033,40033322.47,50000019.48
189101,94835054.44,155481432.09
189102,99029792.33,565820721.81
189103,1481428.27,2497926.37
189104,3132776.02,1568076.71
189105,14226236.78,31530055.11
189106,4343765.65,22826980.64
189107,43543245.88,41407867.49
189108,1864163.94,8955671.21
189109,1036215.16,2875808.25
189110,647159.67,804101.34
189111,56928950.54,24983928.99
189112,1935075.26,395345.08
189113,77829190.11,29125369.42
189114,9114266.35,18881931.92
189201,6139145.61,17056214.45
189202,18655423.04,11189492.71
189203,2172992.41,135295.1
189204,13180656.06,940258.36
189205,2934604.44,11393780.94
189206,1628866.18,8514469.4
189207,81901142.17,28311211.12
189208,2214653.1,1557716.06
189209,40135689.38,22195609.43
199301,1062247.0,12033454.0
199302,23892135.34,6173878.15
199303,175186522.35,9839384.2
199304,3507710.01,6980466.77
199305,49470593.76,14599201.44
199306,90196253.06,49222966.7
199307,328516.34,497818.0
209401,3464422663.85,408698902.22
209402,72442692.26,27118452.94
209403,4423133078.53,567129825.12
209404,166217969.44,80449993.81
209405,1214260072.03,326623501.67
209406,121776734.86,36940318.37
209501,32993167.83,12812350.28
209502,8143593.87,91316899.56
209503,353558314.0,471676439.42
209504,82092836.87,169268393.3
209505,45941340.36,97128457.94
209506,416085784.75,287709549.69
209507,37194946.43,42113430.58
209508,130264128.53,11221487.73
209601,7855314.37,8038483.61
209602,3952117.64,15832867.59
209603,171943396.7,77784601.85
209604,1390927.05,485567.93
209605,904111.59,2224654.32
209606,126950247.38,24944638.53
209607,94350637.84,56655420.25
209608,162084714.23,124603177.41
209609,7931094.93,25852888.43
209610,1990851.5,4184597.84
209611,4226219.86,6950507.65
209612,25410479.4,65557648.84
209613,22201430.73,32482663.37
209614,8460750.61,1229594.35
209615,16514339.07,13444920.15
209616,85015372.61,15654884.58
209617,3133951.23,4505876.62
209618,25440437.64,6681229.53
219701,183330410.48,130364812.0
219702,3324998.89,1644142.57
219703,46603205.52,5917875.34
219704,5311669.33,4635449.01
219705,15406646.04,1986918.04
219706,65116355.03,9441413.85
