010104,447852.0,230628.0
010106,740989.0,2321.0
010201,0.0,1777.0
010203,0.0,49952.0
010207,0.0,204800.0
010301,1034.0,0.0
010302,0.0,8546.0
010303,0.0,5938.0
010304,0.0,25985.0
010305,0.0,3920.0
010306,0.0,647391.0
010401,0.0,126184.0
010402,1019266.88,6086551.0
010403,0.0,51316.0
010404,0.0,2726.0
010405,0.0,154924.0
010406,0.0,111148.0
010407,5772.0,0.0
010409,0.0,10077.0
010504,0.0,3499.0
010511,0.0,12522.0
020603,0.0,1795183.0
020703,0.0,13913.0
020709,0.0,5498.0
020710,0.0,5541.0
020711,0.0,21390.0
020713,0.0,5111652.0
020801,0.0,1673551.0
020802,0.0,9535.0
020804,0.0,86154.0
020805,0.0,1391.0
020806,0.0,4557.0
020810,0.0,4174.0
020811,0.0,66924.0
020901,0.0,73247.0
020902,0.0,358568.0
020903,0.0,1069.0
020904,0.0,6138.0
020910,0.0,38113.0
021001,0.0,3707682.0
021006,0.0,95701.0
021007,0.0,3582335.0
021101,0.0,24626709.0
021103,0.0,1127278.0
021107,198951.01,3446916.0
021201,0.0,714050.0
021207,0.0,290143.0
021209,0.0,175248.0
021211,0.0,2147.0
021301,18536609.25,171080.0
021302,135720.0,1091310.0
021404,0.0,25212.0
031507,0.0,51194.0
031508,0.0,2783.0
031509,0.0,15026.0
031511,22968.76,469092.0
031512,0.0,9739.0
031515,0.0,2015900.0
031517,0.0,57540.0
041601,0.0,74943.0
041602,0.0,138044.0
041604,23647.0,148735.0
041701,0.0,253129.0
041702,91501.33,126851.0
041704,0.0,347037.0
041806,0.0,197069.0
041901,0.0,5235224.0
041902,0.0,1503772.0
041904,0.0,460046.0
041905,3890.0,1033741.0
042001,0.0,4550.0
042002,0.0,83549.0
042003,0.0,3010.0
042004,0.0,24296.0
042005,0.0,115915.0
042007,0.0,5383.0
042008,0.0,5362.0
042009,0.0,642922.0
042101,0.0,18038.0
042102,1381.77,802689.0
042103,0.0,128591.0
042104,0.0,6573498.0
042105,7953.73,0.0
042106,0.0,8674281.0
042201,0.0,16218.0
042202,0.0,220543.0
042203,68578.35,405369.0
042204,0.0,1872411.0
042205,0.0,41803.0
042207,0.0,6957.0
042208,0.0,1615614.0
042209,0.0,5975.0
042309,0.0,74821.0
042401,0.0,4473287.0
042402,0.0,15122.0
042403,0.0,8596855.0
052501,0.0,1004350.0
052503,0.0,1391.0
052505,0.0,6028.0
052508,0.0,48415.0
052512,0.0,62609.0
052519,0.0,21327.0
052520,0.0,103911.0
052522,0.0,64482.0
052523,493460.59,817017.22
052526,0.0,4174.0
052530,6495.95,50186.0
052707,0.0,2783.0
052709,3148015797.06,0.0
052710,79976208.33,4685796.0
052711,330960.86,84433.0
052712,0.0,25222.0
052713,0.0,3343343.0
052714,0.0,492052.0
052715,0.0,93566.0
062801,0.0,164897.0
062804,0.0,129777.0
062806,0.0,56239.0
062807,0.0,57799.0
062808,0.0,11130.0
062810,0.0,5186.0
062811,0.0,20180.0
062814,0.0,21610.0
062815,0.0,40506.0
062817,0.0,89490.0
062818,0.0,43766.0
062821,0.0,31951.0
062827,0.0,1838729.0
062828,0.0,38415.0
062832,0.0,7526.0
062833,0.0,33559.0
062835,0.0,53793.0
062836,0.0,112565.0
062844,0.0,3906.0
062847,0.0,13206.0
062901,0.0,24865.0
062903,0.0,32212.0
062905,0.0,100227.0
062906,0.0,178579.0
062909,0.0,385382.0
062912,0.0,24175.0
062915,0.0,94578.0
062916,0.0,53656.0
062918,0.0,4357.0
062921,0.0,94875.0
062925,0.0,2642.0
062930,0.0,17303.0
062931,0.0,182224.0
062933,0.0,7446.0
062936,0.0,3826.0
062939,0.0,9721.0
062942,0.0,182195.0
063002,29160.0,2769322.0
063003,0.0,231809.0
063004,142910.0,1148359.0
063005,0.0,211190.0
063006,0.0,1495156.0
063102,0.0,753828.0
063105,0.0,10471707.0
063201,0.0,52861.0
063203,0.0,1391.0
063204,0.0,101783.0
063208,0.0,730369.0
063209,17921.0,348308.0
063210,0.0,117912.0
063213,0.0,2783.0
063214,0.0,1744050.0
063215,1414514.0,269521.0
063301,0.0,65391.0
063302,145663.0,2263840.0
063303,0.0,9739.0
063304,0.0,705414.0
063305,0.0,1096345.0
063306,2801.0,32341.0
063307,0.0,6637.0
063401,0.0,20223540.0
063402,0.0,352754.0
063403,0.0,162159.0
063405,0.0,11087.0
063503,0.0,6913.0
063504,0.0,17460.0
063505,0.0,67334.0
063506,0.0,183912.0
063507,0.0,7710.0
063602,0.0,641854.0
063603,0.0,398630.0
063604,0.0,290361.0
063701,0.0,101133.0
063702,0.0,17928.0
063703,0.0,310261.0
063707,2783.0,56563.0
063802,0.0,19346.0
063808,0.0,2453995.0
063809,0.0,1391.0
063811,0.0,289298.0
063812,0.0,1391.0
063813,0.0,98263.0
063814,0.0,37146.0
063815,53277.0,3064056.0
063816,0.0,20908.0
063817,0.0,1391.0
063819,0.0,103503.0
063820,0.0,51368.0
063821,0.0,14497.0
063822,11248.0,1277703.0
063823,0.0,769248.0
073901,0.0,11419.0
073904,0.0,1189.0
073905,0.0,359503.0
073906,0.0,369825.0
073907,0.0,380828.0
073909,0.0,244001.0
073910,7459.0,158731.0
073912,0.0,475139.0
073913,0.0,54195.0
073914,0.0,5972.0
073915,7035.31,0.0
073916,0.0,9415.0
073917,3453.0,2771074.0
073918,0.0,133571.0
073919,5431.0,113017.0
073920,9768.0,155986.0
073921,0.0,91465.0
073922,0.0,1391.0
073923,10483.0,7067456.0
073924,0.0,318390.0
073925,0.0,175294.0
073926,14165.0,253996.0
074002,0.0,28359.0
074004,0.0,13901.0
074008,0.0,4228.0
074009,2044.0,66904.0
074010,0.0,19766.0
074011,0.0,1934138.0
074012,0.0,182651.0
074013,0.0,25319.0
074014,0.0,225645.0
074015,0.0,150192.0
074016,23741.0,201746.0
074017,0.0,78030.0
084103,247674.0,0.0
084107,39531.0,0.0
084201,0.0,7721.0
084202,0.0,65291.0
084203,0.0,339867.0
084206,0.0,19478.0
094403,0.0,158798.0
094407,5835.51,135412.0
094408,0.0,2545.0
094411,0.0,84649.0
094412,0.0,259752.0
094415,0.0,2797.0
094417,0.0,30772.0
094418,41955.44,1207943.0
094420,1065.0,2602.0
094421,0.0,5545.0
094602,0.0,8348.0
104801,0.0,8388.0
104802,0.0,104799.0
104803,0.0,66252.0
104804,0.0,1391.0
104805,0.0,19714.0
104806,0.0,5565.0
104810,0.0,282838.0
104811,0.0,27735.0
104812,0.0,14045.0
104816,0.0,5054.0
104817,0.0,1391.0
104818,0.0,435775.0
104819,0.0,2914626.0
104820,8259.0,227668.0
104821,0.0,1069036.0
104823,12580.0,258039.0
104901,7346.0,333366.0
104902,1490.0,4996.0
104906,0.0,85560.0
104907,0.0,64781.0
104910,0.0,98758.0
104911,0.0,524307.0
115007,0.0,34686.0
115105,12261.0,0.0
115201,46565776.45,0.0
115208,0.0,576305.0
115209,0.0,22904.0
115212,0.0,4174.0
115407,1249.0,161432.0
115502,0.0,948908.0
115506,19715.66,0.0
115508,0.0,4174.0
115601,0.0,63083.0
115603,0.0,2783.0
115605,0.0,1060.0
115607,0.0,10329.0
115608,0.0,4829.0
115609,0.0,2634.0
115701,0.0,1391.0
115702,0.0,2977.0
115703,0.0,66650.0
115705,0.0,227025.0
115804,0.0,2806.0
115810,0.0,1141254.0
115901,0.0,45913.0
115903,0.0,82242.0
115906,0.0,2450.0
115909,0.0,715482.0
115910,0.0,45377.0
115911,0.0,16696.0
116002,0.0,132174.0
116103,0.0,40136.0
116104,0.0,29100.0
116105,0.0,12502.0
116108,0.0,4174.0
116109,1173.0,121272.0
116110,0.0,1692.0
116111,0.0,16958.0
116114,0.0,15443.0
116115,0.0,11658.0
116116,0.0,4709.0
116201,0.0,74296.0
116203,0.0,138619.0
116204,17597.0,116976.0
116205,0.0,91805.0
116206,0.0,7275.0
116207,0.0,7806.0
116208,0.0,15660.0
116210,0.0,11223.0
116211,0.0,3433606.0
116212,0.0,1391.0
116214,0.0,1501.0
116215,0.0,4174.0
116216,0.0,54906.0
116217,0.0,56317.0
116301,0.0,51760.0
116302,0.0,8921.0
116303,0.0,158513.0
116304,0.0,2579816.0
116305,0.0,546414.0
116306,0.0,6230.0
116307,0.0,166531.0
116309,114222.44,2416169.0
116310,0.0,15700.0
126401,0.0,42535.0
126402,0.0,13106369.0
126403,5120.0,257211.0
126404,0.0,7149.0
126405,0.0,91831.0
126505,0.0,62173.0
126506,0.0,15093.0
126601,0.0,55306.0
126603,0.0,37565.0
126704,0.0,9257.0
136802,0.0,10048.0
136804,0.0,5565.0
136805,0.0,60001.0
136806,0.0,98832.0
136807,0.0,814707.0
136808,0.0,78996.0
136809,0.0,361252.0
136810,0.0,5303.0
136811,0.0,29090.0
136812,0.0,35219.0
136813,0.0,18742.0
136901,0.0,10314.0
136902,0.0,58625.0
136907,0.0,43633.0
136908,1234.9,801754.0
136910,0.0,108827.0
136911,0.0,242468.0
136912,2577.32,0.0
136913,0.0,13913.0
137005,0.0,1391.0
137007,0.0,116249.0
137009,0.0,9654.0
137010,4984.24,2260154.0
137011,0.0,1789.0
137013,0.0,140999.0
137017,0.0,43790.0
137019,0.0,142397.0
137020,0.0,196754.0
147102,0.0,494201.0
147103,0.0,505866.0
147108,0.0,452269.0
147113,0.0,43354.0
147116,0.0,517971.0
147117,0.0,58629.0
157204,0.0,139875.0
157206,0.0,37218.0
157208,7754.96,103975.38
157209,0.0,12421.0
157210,0.0,361445.0
157211,0.0,1694.0
157213,0.0,51145.0
157214,0.0,1830962.0
157215,0.0,98266.0
157216,0.0,1487272.0
157217,0.0,503409.0
157219,0.0,45541.0
157222,0.0,3000.0
157228,0.0,6957.0
157301,0.0,346239.0
157303,0.0,98128.0
157304,0.0,3094489.0
157305,0.0,202579.0
157306,0.0,1058253.0
157307,0.0,291379.0
157308,35276.0,5382662.0
157309,105072.0,467798.0
157310,0.0,11538.0
157311,0.0,427830.0
157312,0.0,171368.0
157313,0.0,33300.0
157314,0.0,56187.0
157315,0.0,69351.0
157316,0.0,48740.0
157317,19181.32,129883.0
157318,18750.0,146496.0
157320,0.0,50253.0
157321,3735.0,560168.0
157322,0.0,1200.0
157323,0.0,48177.0
157324,0.0,139585.0
157325,0.0,38294.0
157326,0.0,1647670.0
157407,0.0,27114.0
157409,0.0,7538.0
157411,0.0,45211.0
157412,0.0,2783.0
157415,0.0,99956.0
157419,0.0,38814.0
157508,0.0,20300.0
157601,28012.52,0.0
157604,0.0,151808.0
157606,35510.0,119348.0
157607,0.0,16856.0
157608,0.0,22261.0
157610,0.0,1860770.0
157612,0.0,3056.0
157614,0.0,5325.0
157615,0.0,66509.0
157616,0.0,374068.0
157804,0.0,2783.0
157806,1434.0,15549.0
157905,0.0,1039.0
157907,0.0,1713.0
158105,0.0,3253.0
158201,0.0,134478.0
158202,1154.0,3990.0
158203,0.0,11607.0
158204,0.0,59977.0
158205,14398.0,72642.0
158206,0.0,150375.0
158207,1544.0,1031169.0
158208,0.0,5574.0
158209,0.0,100180.0
158210,0.0,12522.0
158211,0.0,39395.0
158212,0.0,5476.0
158215,0.0,24427.0
158301,0.0,18250.0
158302,0.0,206382.0
158303,0.0,81431.0
158307,0.0,42046.0
158308,0.0,2800.0
158309,0.0,836582.0
158310,0.0,407649.0
158311,0.0,259242.0
168402,0.0,311427.0
168403,0.0,4174.0
168404,0.0,26758.0
168406,0.0,30641.0
168407,20196.0,43398.0
168408,2402.0,55204734.0
168409,1391.0,511994.0
168411,9981.0,2991540.0
168412,28348.0,155761.0
168413,26446.0,1348810.0
168414,2294.0,323397.0
168415,0.0,1329035.0
168416,0.0,24353.0
168417,0.0,208809.0
168418,10263.0,454789.0
168419,0.0,254378.0
168421,9989.0,288118.0
168422,0.0,1510128.0
168423,0.0,91742.0
168424,0.0,668993.0
168425,0.0,54083.0
168426,0.0,315995.0
168427,0.0,270596.0
168428,0.0,516363.0
168429,0.0,4353973.0
168430,0.0,1605455.0
168431,60704.0,178263.0
168432,0.0,340097.0
168433,0.0,341114.0
168434,0.0,9739.0
168436,0.0,460961.0
168437,0.0,36188.0
168438,0.0,298169.0
168440,0.0,25364.0
168441,0.0,236522.0
168442,0.0,14721.0
168443,0.0,356847.0
168446,0.0,101111.0
168448,0.0,451046.0
168450,0.0,1391.0
168451,0.0,87070.0
168452,0.0,632213.0
168455,0.0,637600.0
168456,0.0,6059.0
168458,0.0,22457.0
168459,0.0,184221.0
168460,0.0,8941.0
168461,0.0,72986.0
168462,0.0,76275.0
168463,0.0,6122.0
168464,0.0,89431.0
168465,3039.0,15956.0
168466,0.0,30124.0
168467,2840.0,38675.0
168468,0.0,15537.0
168469,0.0,1373.0
168470,0.0,12730.0
168471,193863.0,1602382.0
168472,0.0,26736.0
168473,156384.0,736904.0
168474,0.0,5583810.0
168476,0.0,36174.0
168477,0.0,170565.0
168478,0.0,638555.0
168479,0.0,1811006.0
168480,0.0,19397.0
168481,125910.0,1005767.0
168482,0.0,127406.0
168483,0.0,197619.0
168484,0.0,67823.0
168485,0.0,49061.0
168501,0.0,244860.0
168502,135569.0,3270547.0
168503,0.0,4074156.0
168504,23730.0,627335.0
168505,0.0,71552.0
168506,3321.0,239898.0
168507,7635.0,1644059.0
168508,1628.0,25526.0
168509,0.0,540185.0
168511,0.0,81445.0
168512,0.0,18635.0
168513,0.0,108784.0
168514,0.0,58717.0
168515,25798.0,23831.0
168516,8985.0,121684.0
168517,78746.0,14254637.0
168518,0.0,40717.0
168519,0.0,14253.0
168521,12443.0,57749.0
168523,2973.0,125739.0
168524,5566.0,40889.0
168525,0.0,1192233.0
168526,0.0,428796.0
168527,0.0,162209.0
168528,1024.0,137979.0
168529,2783.0,1379554.0
168531,0.0,179004.0
168532,0.0,303347.0
168533,0.0,16247.0
168534,0.0,3936.0
168535,0.0,147528.0
168536,37573.0,254487.0
168537,6202.0,1733448.0
168538,0.0,304669.0
168539,6052.0,25789.0
168540,0.0,15248.0
168541,0.0,442724.0
168542,8277.0,1308802.0
168543,11812.0,936703.0
168544,4441.0,2311829.0
168545,0.0,4751.0
168546,0.0,2645.0
168547,0.0,5045.0
168548,0.0,25529.0
178607,0.0,14623.0
178608,0.0,12073.0
178609,417603.36,219449.0
178701,1391.0,15485699.0
178702,0.0,4743407.0
178703,197769.0,762045.0
178704,12803.0,1588918.0
178705,0.0,2317219.0
178706,0.0,2483.0
178707,0.0,138784.0
178708,12978.0,765526.0
178709,0.0,214912.0
178711,0.0,786380.0
178712,9321.0,48763.0
178713,0.0,11587.0
178714,0.0,97461.0
178716,28951.0,6177778.0
178802,1647491.0,1843615.0
178803,59164.0,487308.0
178903,0.0,15016.0
178905,0.0,161428.0
178906,0.0,9088.0
178907,0.0,22557.0
189001,0.0,36649.0
189002,0.0,4915.0
189004,0.0,36665.0
189005,0.0,1391.0
189006,0.0,2783.0
189007,0.0,1391.0
189008,0.0,15293.0
189010,0.0,18087.0
189011,0.0,15052.0
189013,0.0,163340.0
189014,8313.0,4420.0
189015,468588.0,4919541.0
189016,0.0,24543.0
189017,0.0,34819.0
189018,44717.0,201524.0
189019,0.0,6957.0
189020,0.0,219719.0
189021,0.0,124799.0
189022,0.0,285757.0
189023,3948.0,268226.0
189024,0.0,72501.0
189025,0.0,62680.0
189026,5612.0,297822.0
189027,12961.0,691126.0
189028,0.0,33204.0
189029,0.0,12860.0
189030,4529.0,196757.0
189031,18657.0,634215.0
189032,0.0,70216.0
189033,91066.0,52265.0
189101,0.0,1391.0
189102,0.0,20431.0
189106,0.0,1391.0
189107,0.0,22796.0
189113,64086.0,0.0
189207,0.0,1391.0
189208,0.0,29217.0
189209,0.0,1220.0
199303,0.0,524522.0
199304,0.0,164174.0
199305,0.0,11319.0
199306,22855.0,486957.0
199307,0.0,61217.0
209401,1602.02,1599820.0
209402,0.0,410349.0
209403,2029.02,508696.0
209404,0.0,9318.0
209405,0.0,346508.0
209406,4847734.0,1805778.0
209503,0.0,36174.0
209504,0.0,1391.0
209505,0.0,30055.0
209506,0.0,34227.0
209603,0.0,20254.0
209604,0.0,2783.0
209605,5783.0,5147.0
209608,1719.0,52657.0
209610,0.0,5527.0
209612,0.0,35671.0
209617,0.0,39987.0
209618,0.0,12522.0
219701,876255.0,0.0
219703,0.0,5403.0
219705,4458.0,0.0
