010101,12129518.35,1194797.71
010102,38668723.56,547538.0
010103,46340469.02,315300.93
010104,45211909.57,40289.0
010105,14611995.74,2837860.67
010106,8533205.92,801292.91
010201,8777818.32,1547654.02
010202,2945929.81,2247807.0
010203,227634768.77,42227549.79
010204,6065272.91,125514.14
010205,4713786.53,702057.51
010206,4505955.96,8627407.14
010207,281442773.95,13044370.56
010208,29981987.43,144651.0
010209,2595808.02,868080.28
010210,2384603.26,739520.0
010301,3666992.69,771595.43
010302,20652.47,113592.64
010303,428833.33,917165.65
010304,192354.33,5048786.02
010305,29000.0,96429.83
010306,0.0,417630.59
010307,2951295.1,611914.91
010401,21564589.53,869674.01
010402,18807966.81,3947630.05
010403,3380728.28,4009222.75
010404,9034037.76,519458.03
010405,1859244.69,704044.46
010406,49607731.59,26299993.67
010407,12236619.61,5927391.72
010408,28000.0,710404.0
010409,19230569.81,694983.33
010410,104656.0,0.0
010501,25687.0,4749.0
010502,185802.0,1163792.31
010503,0.0,105498.84
010504,5170423.86,5759603.56
010505,37713163.92,3891513.98
010506,433092.72,15447.61
010507,14131065.78,0.0
010508,571890.44,169338.75
010509,0.0,18058.19
010510,435903.78,125134.91
010511,1442404.51,3562407.55
020601,168924.0,2739881.56
020602,12940669.46,17515339.41
020603,927880.54,4282498.19
020604,1408743.08,1327270.33
020701,448438.33,2912496.44
020702,543828.55,2440575.23
020703,5362707.68,1693139.5
020704,6192981.77,588304.98
020705,326527.9,569608.73
020706,5222527.91,605178.72
020707,2334593.49,920913.08
020708,202170.31,115807.0
020709,50265905.07,2053309.0
020710,52216436.02,3983396.03
020711,405532.22,309895.75
020712,17043675.85,7699080.89
020713,4275111.62,5925096.5
020714,0.0,1790.51
020801,245443.05,110882.31
020802,5384468.94,4085845.48
020803,192553.37,7271050.46
020804,29000.0,1081397.6
020805,82157.31,18083138.54
020806,1078311.68,278629.81
020807,15146244.68,1419776.18
020808,3883883.57,712352.56
020809,22737756.46,1142182.29
020810,7550084.68,2460700.77
020811,18499579.17,1377949.94
020812,555559.87,1790.0
020813,1699179.09,1055821.22
020814,2656.8,128284.81
020901,12191099.86,11287805.95
020902,4037644.29,2441706.91
020903,0.0,4182.66
020904,12405132.93,1261085.9
020905,3000.0,3482.0
020906,24231.16,53540.9
020907,2000.0,87069.88
020908,9165.0,227714.53
020909,824550.12,126014.58
020910,815569.25,2751323.72
021001,152131694.75,3697925.0
021002,794541.26,11169.0
021003,15581179.62,5003860.14
021004,928363.89,21207.35
021005,179330082.76,12999137.92
021006,198342.79,1384419.47
021007,212284.72,0.0
021008,6512204.34,378453.58
021101,17314123.01,3934.25
021102,1001353.29,75858.11
021103,8342742.95,43209.62
021104,612355.82,81089.63
021105,281763.69,75596.12
021106,21731.77,20537.68
021107,12549482.83,459676.16
021108,701639.75,778562.84
021109,0.0,176937.14
021201,1531799.56,5979116.76
021202,9535.24,5575478.59
021204,321730.55,19961.94
021205,22191754.47,177912.57
021206,55729191.25,4853932.36
021207,15683139.97,3110570.43
021208,488649.74,5712465.68
021209,9174294.32,15983414.41
021210,84825.69,1152663.0
021211,4644911.53,2592635.58
021212,598522.42,148129.61
021213,143439.76,6162.27
021214,1412349.61,50178.0
021301,7464.01,234081.76
021302,1523348.57,5803261.8
021401,6503680.75,228689.07
021402,13041.23,3581.0
021403,2167555.56,128761.62
021404,236378.87,66044.0
031501,2529377.03,734280.0
031502,263672.39,96101.44
031504,105360.59,51377.31
031505,74489.0,131476.0
031506,722835.64,0.0
031507,4681806.2,1792987.74
031508,0.0,9955.0
031509,7530.0,442546.49
031510,4000.0,6720.0
031511,25279.61,1682860.15
031512,26511363.14,15423792.7
031513,0.0,192586.97
031514,1449871.96,2300299.32
031515,6135662.0,935189.56
031516,296743.65,7514510.3
031517,6203636.88,7715102.99
031518,919041.72,709219.03
031519,345707.66,3975857.48
031520,24000.0,1963242.82
031521,58207.0,83944.71
031522,79511.81,0.0
041601,48901015.0,549477.81
041602,54837196.78,2655113.07
041603,2000.0,0.0
041604,65299.09,3789849.1
041605,961995.26,219862.37
041701,2436750.77,4616182.93
041702,17848901.2,1420857.49
041703,1159720.26,1578942.74
041704,11273713.37,19481719.69
041801,0.0,9726.0
041803,62175.74,909539.0
041804,5000.0,2335962.47
041805,77994.38,4176157.85
041806,32345461.77,41475657.6
041901,7264630.71,17447129.31
041902,6179102.27,863815.35
041903,0.0,1002.97
041904,2996084.97,5610863.72
041905,25342609.66,29249537.0
042001,44185264.2,1605074.9
042002,12353345.93,5992691.96
042003,229764.18,210240.0
042004,1427318.19,2961497.66
042005,120810733.65,8104946.43
042006,42570.51,57780.08
042007,3653419.13,1069376.38
042008,26493120.09,16481292.6
042009,57306311.64,15528867.22
042101,8601426.22,5324525.02
042102,5576929.45,3357281.45
042103,8286768.81,5893716.1
042104,9327321.01,7096804.37
042105,11119958.63,2218024.85
042106,19575791.06,41207123.15
042201,227675.89,2473151.39
042202,29388993.32,8418896.02
042203,867428.62,5953076.22
042204,64339080.21,3695181.69
042205,1040133.76,110673.0
042206,47207.95,28238.82
042207,5277223.06,330278.43
042208,3213908.82,11569594.26
042209,94199.48,10873.39
042301,1169562.63,9727487.78
042302,7616357.85,47123.34
042303,3411482.86,1219613.0
042304,982713.44,67383440.69
042305,15047.64,0.0
042306,3356948.55,18236.0
042307,501981.92,466929.93
042308,2506391.5,472162.21
042309,117964577.84,43155491.62
042401,8105540.45,15535189.42
042402,1417421.0,4949196.73
042403,6312828.31,2241561.89
052501,71935.44,12282253.74
052502,0.0,1921.0
052503,595847.62,250240.25
052504,66661.65,338051.48
052505,1397894.21,1580763.72
052506,32126.28,279409.23
052507,293564.04,2483087.06
052508,4683079.11,4709359.65
052509,62735.42,728239.89
052511,3775.96,104356.63
052512,78765.5,251653.68
052513,33303.19,162143.41
052514,0.0,14380.38
052515,64791.0,639408.77
052516,103108.84,958930.47
052517,1832338.06,3201025.7
052518,161282.44,0.0
052519,15469.94,2227211.59
052520,130510.03,4744208.23
052521,24989.99,42405.37
052522,1857791.28,38059.8
052523,18812390.48,12572047.54
052524,30116.23,128964.79
052525,0.0,64038.96
052526,40400.58,1979222.55
052527,3541.77,0.0
052529,5713.29,1924255.57
052530,3261424.71,1069220.24
052601,202862.96,12878.0
052602,1760.2,19434.51
052603,0.0,38162.0
052604,0.0,9952.0
052606,155625.58,3446122.14
052607,0.0,7523.0
052609,0.0,163928.0
052610,25501.29,9208.78
052613,6268.0,0.0
052614,222283.58,101206.0
052615,0.0,291271.0
052618,3940.02,378128.79
052620,3640725.08,0.0
052621,4004.17,96963.15
052701,1796038.68,33852676.72
052702,175108.53,5788197.07
052703,867972.06,1016063.34
052704,13886782.98,12051885.14
052705,3455.48,0.0
052706,1132774.3,178913.73
052707,11703069.41,270161.58
052708,2083897.1,312128.71
052709,1971967.25,420572.0
052710,424005764.76,300485623.1
052711,16807225.29,129979000.82
052712,20199637.47,3626121.35
052713,16906191.9,6505588.91
052714,3327.08,49547.0
052715,192181.79,309671.16
052716,96906402.88,36110714.27
062801,30270.34,3770391.95
062802,0.0,10884.22
062803,28800542.48,12816990.93
062804,1034740.78,9165817.26
062805,164715.21,190952.18
062806,2880171.95,1049253.5
062807,910093.88,391622.1
062808,104781.84,723423.04
062809,1228914.05,313403.84
062810,2000.0,74622.15
062811,10284261.87,3170468.51
062812,0.0,146783.35
062814,7394943.48,156814.5
062815,11516813.54,6711773.2
062816,0.0,54965.56
062817,78901.94,911760.02
062818,72589448.9,3453328.25
062819,25216.16,509321.87
062820,28008.47,225657.91
062821,161636.67,1934696.71
062822,95675.0,55695.84
062823,15568.61,297367.23
062824,49935.82,1095538.04
062825,20056.0,653534.06
062826,4031998.89,386486.89
062827,383859.34,1888372.99
062828,3974755.6,309563.04
062829,15049.0,301964.0
062830,102448.93,114578.69
062831,0.0,380165.36
062832,365243.8,385042.25
062833,6025630.7,4420242.62
062834,238501.19,894644.9
062835,3956261.41,11977834.06
062836,256722.66,10933138.82
062837,10475.71,389234.9
062838,0.0,40716.01
062839,6271001.77,2297838.54
062840,110924.59,1983863.24
062841,2120561.86,2393115.16
062842,162706.23,125266.46
062843,11828.0,825139.24
062844,2454225.0,1821388.47
062845,42107.0,111007.0
062846,131620.0,2118162.61
062847,29902.01,1163349.1
062848,0.0,25331.0
062849,44790.8,97347.68
062850,8086.0,177933.52
062851,9388.19,612329.1
062901,12161157.33,15247779.22
062902,52042996.4,40414503.85
062903,412314.51,12747451.85
062904,1678.66,554612.89
062905,1101607.86,15916548.46
062906,3006073.46,1188594.97
062907,75305.97,955699.33
062908,294046.22,1202434.81
062909,1463354.5,4836927.86
062910,2148506.97,162090.53
062911,45963.0,4631.0
062912,349482.69,2106993.39
062913,0.0,95272.64
062914,4987796.63,6253374.5
062915,11111981.66,15683978.85
062916,5489582.03,4273127.08
062917,17830535.12,9213372.25
062918,956129247.0,14897388.37
062919,422128.19,268172.37
062920,1802627.06,3422243.49
062921,22392908.33,32898905.4
062922,55747922.01,14019248.06
062923,4021426.16,2175991.55
062924,9228404.34,3587363.25
062925,6188559.64,4305978.47
062926,1267812.09,7017859.77
062927,2686.0,360937.01
062928,3491552.73,271205.83
062929,36737399.36,11248502.92
062930,10849977.9,15333290.81
062931,746142.79,1465889.13
062932,46618751.48,5249907.68
062933,55763280.93,44265527.69
062934,20599434.27,21740841.89
062935,13844285.64,1730670.03
062936,3010001.23,13441039.69
062937,15818710.0,5018547.88
062938,1072.0,346783.2
062939,15323917.0,4248671.42
062940,49200.66,481319.95
062941,33876106.67,25834400.34
062942,4036067.1,210923.48
063001,391405.84,161325.18
063002,20689584.86,45659156.17
063003,9024641.04,6976744.67
063004,366662306.78,533036890.07
063005,2431616.47,9441663.17
063006,29315984.3,21325701.19
063101,391619.83,693208.56
063102,14344439.92,35544917.49
063103,57000.0,1184795.94
063104,1092313.1,3919361.38
063105,4781562.49,14575071.05
063201,8856.55,78089.64
063202,50264.8,267482.68
063203,235542.97,1176170.64
063204,13684440.13,26396648.27
063205,45645.41,1042107.48
063206,10331492.6,32044331.25
063207,2286417.62,9163418.27
063208,5274509.88,50822917.57
063209,3020994.13,19366060.74
063210,839394.43,1644537.63
063211,2881.0,449241.85
063212,1571336.73,5402858.85
063213,58681.58,994021.23
063214,3694467.74,20977446.59
063215,6341098.07,43570867.45
063301,1959008.9,1501576.28
063302,3942181.12,41027195.09
063303,2837268.57,19441113.35
063304,8026387.49,41066407.62
063305,6302720.22,29625953.96
063306,3031647.95,14886939.26
063307,26318051.26,49849360.14
063401,4270701.0,10105551.91
063402,81852264.49,101837777.18
063403,1654925.63,22871819.0
063404,73897.87,2112019.24
063405,7463327.77,5210969.48
063406,18863486.91,2679905.54
063407,88193.81,1061801.79
063501,17444502.83,2065702.55
063502,396851.51,514884.19
063503,127152.35,1614779.89
063504,8716850.98,6577563.9
063505,1084821.43,4316613.59
063506,5447974.8,27176376.07
063507,84233.0,6476200.11
063601,919549.0,88364.0
063602,66773.14,214807.0
063603,371761.07,688976.95
063604,83976.82,746533.54
063605,5985320.01,864617.57
063606,69351.64,243921.79
063701,2330499.2,13876183.75
063702,4438825.35,42431656.04
063703,3489613.25,5246350.22
063704,211747.84,8899.72
063705,99811.45,199184.81
063706,1035644.78,1429178.72
063707,525321.39,8939862.1
063801,316518.79,4965339.38
063802,419465.24,3980510.65
063803,0.0,56455.21
063804,13000.0,531379.21
063805,1811.5,40977.3
063806,1487528.06,309012.11
063808,60156837.87,139963985.07
063809,2949378.18,7936595.76
063810,3990240.18,6841500.09
063811,1868914.03,4462209.61
063812,1693466.42,11631168.75
063813,118158.0,454470.84
063814,614487.18,4032608.43
063815,10683849.29,10602839.46
063816,3804235.9,6140175.27
063817,47685.43,33527.8
063818,51542.0,323017.89
063819,37285.68,982848.0
063820,526955.7,2175458.99
063821,385916.96,1148386.03
063822,6981062.74,22333562.36
063823,49104115.9,81382414.41
073901,148942860.48,82633693.02
073902,122335178.72,39628887.51
073903,57037635.02,58924821.35
073904,117342877.28,39373751.15
073905,389992.12,9877170.37
073906,626509.74,13987449.88
073907,6160654.63,118432481.19
073908,1449153.87,19102809.89
073909,3944743.06,23315569.87
073910,268736.6,6795991.73
073911,103100.72,8443357.09
073912,8228023.53,5572141.46
073913,223117.67,2390235.94
073914,2027205.29,2741650.12
073915,1981932.97,858635.65
073916,10120160.33,26171757.93
073917,26227881.99,90876147.51
073918,19304621.38,6409451.81
073919,7634655.35,41937992.13
073920,76780290.73,102168380.94
073921,34863613.17,85122423.26
073922,1772274.19,14790393.81
073923,112818322.24,132662139.09
073924,34620754.78,22189617.87
073925,19783247.0,19638457.18
073926,95126166.71,321643078.64
074001,127280.01,1736413.43
074002,1172896.98,36550572.25
074003,51674.85,1857.81
074004,77461.41,76406.96
074005,2732255.86,18568304.53
074006,144002.89,2191982.25
074007,17650.0,102308.97
074008,7017701.59,15905513.16
074009,50343886.19,44167123.52
074010,24754844.48,16749528.24
074011,115383142.64,80839984.81
074012,866653.71,2195350.55
074013,7994410.94,2705943.68
074014,5103663.48,2838186.71
074015,18597967.61,16193101.61
074016,70432372.62,85708450.04
074017,408779.73,2263189.12
084101,7444658.63,2477538.49
084102,280266.56,376190.5
084103,38308.01,804009.0
084104,15933648.49,208829073.48
084105,1582096.0,18863247.86
084106,594099.87,10600331.11
084107,12031762.63,13134810.79
084108,681817.3,4336832.54
084109,344479.25,4884031.04
084110,573200.47,22519.51
084111,15584469.97,12714042.47
084201,927794.4,661718.47
084202,41507769.9,29533342.93
084203,41597373.04,21274695.51
084204,189831.29,422940.38
084205,6595622.73,5611247.81
084206,4000.0,0.0
084301,773715.24,334384.82
084302,3298860.19,6651651.58
084303,4620877.0,3041506.17
084304,79044.92,482314.57
094401,7934671.78,822264.43
094402,6430481.06,10557.66
094403,49855199.8,7071049.66
094404,6710596.96,78526.08
094405,8308.41,66081.08
094406,136220.29,721253.0
094407,66480454.39,123427464.84
094408,20337037.96,11559980.27
094409,13383622.0,16278894.11
094410,41754849.18,36520297.51
094411,12917209.13,20097380.72
094412,5760190.77,14984633.69
094413,334157.87,932883.67
094414,2203854.03,898202.38
094415,40541244.84,14978004.43
094416,10683360.62,561928.89
094417,693733.18,234273.51
094418,68594343.17,22592165.8
094419,1113381.01,726114.79
094420,2090620.18,756109.38
094421,11731288.8,10245082.54
094501,0.0,14619.02
094502,0.0,1675.55
094503,188222.96,2711753.12
094504,193446.0,3574377.03
094601,1803325.93,440480.97
094602,592907.95,978584.45
104701,9395.82,8227.0
104702,1502.07,973301.2
104703,521988.77,24124257.16
104704,130584.96,6061289.83
104705,0.0,44617.0
104706,4776288.95,827321.43
104707,4308610.11,3063533.37
104801,297256.98,27042519.18
104802,46388964.53,69679325.43
104803,1517342.96,10605683.67
104804,8112048.03,31941010.78
104805,36097518.71,32664107.87
104806,2531186.84,2149366.46
104807,634317.13,3026229.47
104808,4981965.99,13770310.63
104809,422413.25,11619634.98
104810,3727167.22,119414950.24
104811,58910881.99,43521867.41
104812,44243.19,1543177.68
104813,709786.36,5780380.44
104814,5224527.46,6821612.93
104816,795093.55,2172992.72
104817,1838670.23,2938012.0
104818,98953816.53,86561930.82
104819,35031365.24,103584865.89
104820,3782137.53,9593529.51
104821,3273908.38,26171697.03
104822,511379.76,2716945.01
104823,80684540.01,52916343.82
104901,16982346.78,39445775.91
104902,4644776.1,10967258.73
104903,1202917.38,341428.19
104904,492132.45,65218.52
104905,739660.01,724432.38
104906,1148788.32,2012464.71
104907,993590.35,324931.35
104908,204564.74,3185473.89
104909,370536.99,728455.5
104910,739739.89,1886472.81
104911,18536349.79,52338143.94
115003,8474.0,0.0
115004,480489.0,155907.39
115005,0.0,17896.0
115006,0.0,25092.16
115007,101695.18,2750790.86
115101,2613663.6,7208325.98
115102,683607.8,154368.94
115103,588634.0,8270.0
115104,9304.22,2878.0
115105,9192672.16,5642354.07
115106,2579048.33,6205348.45
115107,5368132.05,6558810.85
115108,0.0,11601.95
115109,214293.0,42922.71
115111,1062851.31,23864900.28
115112,4209399.91,60502104.78
115113,14325.0,42495.3
115201,484132.61,2895035.38
115202,950907.23,466389.93
115203,62863.24,10188172.75
115204,417426.28,477956.47
115205,28718008.57,38511426.7
115206,883811.15,4849687.29
115207,2938561.26,229849.23
115208,13184530.66,53337620.31
115209,18452056.33,49345707.06
115210,1602232.38,7615564.65
115211,229605.77,6928929.16
115212,357255.4,2292298.63
115301,633432.27,5328905.09
115302,42366.91,266861.31
115303,40998.47,6001.0
115304,0.0,5372.0
115305,3764.12,88789.02
115306,14888679.42,650324.77
115307,8512.42,408456.07
115308,348985.73,146405.61
115309,2580786.62,11132971.96
115310,0.0,63775.55
115311,123627.79,121956.6
115401,11064858.05,10827889.93
115402,19766230.96,45429247.31
115403,180699.83,2367608.96
115404,2127182.79,1251849.96
115405,3071.0,35000.0
115406,56815.0,275494.55
115407,44435939.14,58476143.87
115408,9295784.86,24716315.76
115501,4564128.73,5884956.62
115502,53195.03,9537448.68
115503,5447834.61,5083524.35
115504,41803.88,4256601.23
115505,144892.85,49099.0
115506,3605757.56,1557007.97
115507,18870.16,0.0
115508,6620724.33,2701167.95
115509,5868060.2,18594609.32
115510,1318585.93,4483641.5
115511,271348.0,85023.4
115512,1161883.74,20447505.75
115513,685829.91,3517438.34
115514,533213.1,6636544.55
115515,1758370.65,32277198.06
115516,5916387.68,23587660.45
115601,6432564.9,11114927.45
115602,2249588.28,4810083.13
115603,12722361.19,27544373.52
115604,77856.65,2679141.21
115605,392710.39,154141.63
115606,5483932.56,654018.06
115607,6972831.84,2378132.9
115608,2523644.27,1077835.08
115609,2335910.68,833269.19
115701,105611.87,329976.2
115702,6003698.49,3172511.06
115703,4762200.38,12109634.6
115704,13821.34,524776.65
115705,886187.93,3718652.91
115801,6081832.51,10108549.85
115802,4293387.43,7662775.24
115803,55307.0,65285.76
115804,675374.24,15899615.41
115805,77044.99,6001.0
115806,1962584.89,34299476.82
115807,1124926.28,7307916.87
115808,92402.16,2408590.31
115809,169944.58,47113.72
115810,637427.89,7165535.81
115811,42352.51,855210.72
115901,30585.0,828336.79
115902,24288243.65,10159918.85
115903,5975877.32,67846267.93
115904,737820.13,2074643.02
115905,246018.99,1166750.25
115906,1728134.58,14638820.28
115907,217141.19,3724560.63
115908,8000.0,359626.39
115909,79921.48,919326.05
115910,1472446.27,2262190.67
115911,1722039.64,15597946.71
116001,1552270.17,17962657.51
116002,12077747.89,99773849.93
116101,2249322.54,1486691.64
116102,4181463.15,3516151.65
116103,4933133.91,9260757.99
116104,24177802.5,21523815.27
116105,2744483.69,2826430.67
116106,5126543.67,1442499.14
116107,23574165.33,13662379.59
116108,108952712.59,52728612.63
116109,74273651.01,47219416.52
116110,151173666.63,105058759.16
116111,9835947.98,5985374.97
116112,19375708.68,7800821.8
116113,270655.44,610842.73
116114,4381063.21,2374872.76
116115,34313370.43,37087030.05
116116,6574747.93,2487843.79
116117,5453471.18,13647531.9
116201,22536876.25,11237979.75
116202,42835801.71,14629406.1
116203,190902452.82,42503940.41
116204,228428577.65,81131941.57
116205,14037040.49,10134943.23
116206,31839917.28,15724867.88
116207,3728182.43,2720062.15
116208,12499917.72,9333142.73
116209,4927124.63,1900233.72
116210,21280129.24,9967594.93
116211,17012476.62,25448473.27
116212,70874591.71,28178794.19
116213,1233433.72,308970.81
116214,583439.06,1081963.07
116215,869847.35,854365.65
116216,1034939.04,779734.93
116217,12712739.1,10630803.48
116301,2375100.63,4941169.53
116302,16766257.86,5925719.2
116303,7140334.56,3538210.07
116304,1769113.19,1447805.03
116305,11242621.73,936522.93
116306,10165898.08,3589147.1
116307,23828059.21,11825184.43
116308,100154.06,164368.28
116309,1222252.31,11306433.69
116310,3803728.1,1403990.29
126401,578516.34,1224495.51
126402,32195543.1,22205921.41
126403,205083619.09,52068050.21
126404,9432899.75,8569861.78
126405,7860300.42,3533085.87
126406,94124208.94,90926666.78
126501,149501.54,109833.25
126502,1835.0,9378.54
126503,566455.39,107443.71
126504,56942.0,69018.81
126505,1178299.09,5580573.15
126506,3431359.61,9683787.41
126507,374497.8,325365.85
126601,1108202.29,3473871.01
126602,344058.36,18149.6
126603,473703.63,97968.84
126701,259319.8,685502.92
126702,788134.19,2347120.46
126703,25073.0,19732.07
126704,196639.66,420724.04
136801,42661.31,375598.37
136802,1671236.29,13917522.49
136803,74000.0,481095.92
136804,1181713.83,14795878.81
136805,11426512.14,21650832.44
136806,10492278.81,9677135.4
136807,2767221.06,7819644.68
136808,5018231.28,337594.02
136809,260747.11,12602008.85
136810,9771542.04,4522497.77
136811,3459243.48,4958346.64
136812,138356.15,1570400.87
136813,6688230.38,13929255.35
136814,20743.0,254032.7
136815,11295401.48,7467967.34
136901,658390.78,202926.06
136902,20484438.08,11162644.01
136903,11564212.13,11595421.6
136904,6936165.49,4331198.07
136905,5175336.15,7557603.8
136906,31693.2,111789.08
136907,327181.61,17674555.91
136908,14151437.99,57869564.64
136909,2444341.27,931055.36
136910,25354476.61,9103397.4
136911,22266346.27,2926096.02
136912,3025145.41,1953214.12
136913,12794771.71,2299207.8
136914,1378870.29,1932698.13
137001,416618.68,101152.75
137002,3256035.6,18025082.17
137003,2367932.62,2528346.66
137004,229518.14,3077291.85
137005,34347299.98,14614829.22
137006,2796300.36,7582788.6
137007,11950860.96,18786953.41
137008,4169162.3,1712576.98
137009,38899406.27,12796592.07
137010,18840488.73,34537664.95
137011,4204297.59,4891973.72
137012,0.0,20883.0
137013,34745159.58,20881303.4
137014,147479.36,523885.73
137015,101192.0,9258547.68
137016,284175.7,1001750.73
137017,6286056.16,1913518.44
137018,100479.61,1324461.54
137019,9882824.43,28255108.76
137020,359027.43,1787050.9
147101,0.0,69086.82
147102,619326.0,2505862.78
147103,8553.12,563476.24
147104,1548.0,117582.59
147105,30879.0,779473.64
147106,259345.07,1478558.28
147107,4000.0,173062.07
147108,10102270.92,1504808.99
147109,0.0,153996.0
147110,151338.0,951184.92
147112,7750926.11,10088.0
147113,720761.03,15565270.52
147114,368482.1,82654.68
147115,2917364.27,3608982.0
147116,32200.0,44032.57
147117,487637.41,1910157.18
147118,59015.08,27988.68
157201,50515.16,852439.08
157202,731324.88,5160278.06
157203,6926.96,361801.0
157204,45197078.64,7608213.14
157205,227056.73,1559853.79
157206,34514.9,497340.76
157207,9056983.69,20914081.64
157208,122329678.69,38512431.47
157209,34902301.89,18466399.93
157210,37542593.43,94524776.81
157211,15661795.75,19924110.88
157212,3125679.46,33441167.22
157213,815732.63,20008004.07
157214,12016636.21,32924189.95
157215,4242248.79,9169210.67
157216,27853062.78,52354290.19
157217,2313692.82,20527671.21
157218,151637.29,1601458.77
157219,8303997.62,41901951.51
157220,5047447.17,6795422.4
157221,16782.3,41325.26
157222,652084.76,11463086.05
157223,73202.95,1613405.54
157224,5283608.1,6448051.1
157225,1087531.61,9472644.75
157226,3342296.95,7330775.26
157227,0.0,2775623.93
157228,11650893.13,19652597.6
157229,918438.17,4190045.99
157301,438293.8,174012.18
157302,366674.66,7070034.73
157303,852599.85,823424.44
157304,2696223.19,44875452.53
157305,501109.18,1344351.55
157306,39540568.66,57605237.54
157307,14135683.85,31562250.65
157308,99454933.13,83531847.64
157309,23387998.56,5097837.31
157310,18282897.8,33299958.32
157311,1548850.63,3547530.22
157312,13384948.97,12107471.06
157313,70635.39,47730.93
157314,5541951.02,9258356.97
157315,1065404.0,11961911.57
157316,46353.46,26313.47
157317,1141405.07,2110149.51
157318,22784074.79,125092052.09
157319,100728.45,271993.71
157320,5693209.89,58579495.77
157321,68705015.28,22892479.71
157322,32798476.05,11476639.08
157323,8235522.5,13445679.96
157324,1705980.3,8660687.95
157325,9435196.39,15576635.89
157326,86705563.23,161898908.14
157401,0.0,1790.0
157402,12830.62,38543.63
157403,361883.48,6117733.66
157404,22839245.9,3904201.1
157405,0.0,221490.91
157406,5565.0,379010.16
157407,13247552.51,11034992.6
157408,13542291.61,41497358.4
157409,18983748.44,15812173.69
157410,259463.25,6967757.0
157411,7562332.25,22325059.16
157412,5331361.29,10803670.85
157413,2794941.75,14037222.81
157414,3429.0,1447941.13
157415,2004751.33,6191046.32
157416,57240.21,1808077.1
157417,84475.02,1790.0
157418,401069.82,944342.91
157419,3246941.11,14188210.89
157502,167503.81,757643.69
157503,361496.93,23217.0
157504,13538.0,71347.76
157505,128198.0,1381683.01
157506,434029.0,3932445.54
157507,3763.0,251787.16
157508,42419.0,800546.97
157601,24216245.62,136439559.96
157602,36929253.5,2738030.43
157603,37532.64,107685.88
157604,132179055.59,77638759.04
157605,49604856.02,4286055.84
157606,188741699.69,51030209.56
157607,14403490.46,34417746.72
157608,9589426.79,8166679.02
157609,5546767.81,1256262.51
157610,34320360.34,22001995.23
157611,686528.2,649276.97
157612,19717492.33,17203371.51
157613,1650533.26,313011.87
157614,4787780.16,587910.0
157615,521690.55,4569192.75
157616,99242756.89,38726295.33
157801,150444.63,3424983.16
157802,869473.33,0.0
157803,199213.16,183516.17
157804,314329.88,1592535.1
157806,88072.92,297451.71
157901,361170.46,7598207.59
157902,1724896.19,170797.0
157903,2648.11,23963.0
157904,6106.17,121174.92
157905,31140.59,2816334.53
157906,46439.65,78316.03
157907,2937433.92,2301858.67
158001,34060.0,756131.6
158002,340422.93,43909.8
158003,88215.88,2714743.05
158004,0.0,22333.58
158005,20319.0,6666.0
158006,0.0,57000.0
158007,30710.49,430208.72
158101,1380437.64,2202103.96
158102,240122.0,7039430.38
158103,0.0,423656.8
158104,95605.05,6178056.43
158105,6269.0,203752.81
158106,0.0,89946.15
158107,10000.0,0.0
158108,156263.0,396785.85
158109,0.0,3581.0
158110,13019.97,19801.84
158111,8243.09,698216.17
158112,7205687.6,2813199.54
158113,156783.32,67566.38
158201,299439.39,1570302.32
158202,2236525.65,7759262.99
158203,1605916.56,4209579.74
158204,880121.23,3231930.06
158205,4134358.68,14336909.14
158206,267222.33,2545771.93
158207,33964867.6,52439820.77
158208,4509990.84,10012718.77
158209,500487.39,13651104.13
158210,221692.93,1203908.8
158211,353701.71,2879994.23
158212,423582.83,6694547.27
158213,338920.12,1614016.62
158214,134350.53,1749465.26
158215,1136480.55,3590689.31
158301,19449866.92,25739185.3
158302,48267200.83,139155654.99
158303,5517638.9,2209311.11
158304,220136.26,509884.32
158305,9659459.8,3175708.13
158306,982382.86,887174.32
158307,870748.28,4994532.65
158308,1534046.1,9902838.02
158309,11283937.16,22176654.57
158310,731955.95,2066323.65
158311,17881267.48,9737323.59
168401,615869.0,872966.0
168402,6859544.07,6017889.94
168403,15758520.11,43599166.8
168404,15662213.47,2112972.51
168405,126743.66,1194132.59
168406,14791509.76,14724089.52
168407,2005016216.91,105475094.79
168408,644482430.47,19023111.42
168409,196961686.07,1007612399.47
168410,843796.0,233685.59
168411,71587933.28,117855087.61
168412,16341597.06,14163927.54
168413,147044662.6,199886077.69
168414,84408205.48,246420776.2
168415,43424819.83,63977085.99
168416,7114157.91,6176548.57
168417,6776697.55,14173868.67
168418,245520443.97,79671521.73
168419,123887866.48,68170789.95
168420,305021.59,5544052.41
168421,31678516.14,195749076.29
168422,23529352.31,72363192.95
168423,11957246.17,8622829.54
168424,27203082.14,47707719.88
168425,6370051.57,5830644.9
168426,3627366.1,8315359.55
168427,755229.51,33974314.07
168428,44159578.23,38496959.48
168429,1487881.23,48833398.67
168430,6146218.31,7766572.97
168431,133758335.23,50394575.7
168432,23771126.64,23904224.59
168433,119974802.86,79466065.07
168434,882458.42,3776733.7
168435,1143797.74,1663297.08
168436,7082990.91,15873096.9
168437,2863293.24,3987018.63
168438,11497787.63,35097376.22
168439,2626911.18,9726389.18
168440,744065.55,5142514.81
168441,8076897.43,25727342.2
168442,810307.43,7086448.29
168443,9153800.82,48506073.01
168444,52428.09,119472.43
168445,598117.91,4915113.56
168446,198812.0,926034.57
168447,1050844.87,5806964.87
168448,3462551.21,9819222.62
168449,238051.0,103516.94
168450,15079466.66,44090661.02
168451,6716262.58,10365254.09
168452,1950360.01,10062913.47
168453,2484140.04,4351580.12
168454,1671618.62,10075310.34
168455,3175430.7,4510906.01
168456,697459.92,5781172.81
168457,2512096.75,46965931.45
168458,3190041.13,13099606.62
168459,1629596.39,15129720.04
168460,1920764.01,16590255.84
168461,1365305.55,5855012.57
168462,5726446.27,37432314.67
168463,2611097.27,5171716.15
168464,6674285.5,7812178.31
168465,3874010.85,32290987.03
168466,39860832.37,50230410.01
168467,2035263.96,14432526.56
168468,950581.47,5247379.55
168469,79133.0,200502.31
168470,67862663.16,7417754.9
168471,2693136263.39,674290269.06
168472,11280616.89,5943413.18
168473,641157667.87,1343461756.53
168474,10526832.78,37527330.06
168475,6028474.78,35860745.79
168476,1920296.63,3881814.96
168477,23337702.86,85871500.26
168478,14289052.48,12419373.27
168479,78867478.84,260678750.65
168480,68134210.31,70425404.28
168481,105475442.15,174521291.19
168482,54658184.96,95181962.93
168483,54832894.62,272223304.18
168484,4063944.82,14586515.59
168485,13504770.15,24756327.56
168501,159729894.12,220541676.11
168502,54646756.43,9062550.26
168503,141792247.49,74950173.62
168504,152986592.06,311017083.36
168505,8091426.45,32610695.88
168506,1185815.8,12360108.35
168507,59688792.82,136191432.05
168508,3962737.98,33310794.17
168509,80034794.23,39228944.33
168510,54094114.67,16489976.65
168511,105682386.52,81608911.41
168512,60829568.42,42790204.24
168513,444323.86,1732293.68
168514,3701846.4,13289955.31
168515,14815554.6,33843669.66
168516,65971822.26,84514680.4
168517,329270491.89,210187433.08
168518,84787173.06,73271908.94
168519,138182562.56,13569742.68
168520,32503870.86,1900313.77
168521,557191610.77,84886561.47
168522,179947648.71,531252994.73
168523,15313153.24,143099182.98
168524,18721478.4,99342632.28
168525,822198694.84,428293932.47
168526,1807333.87,3558254.1
168527,243056262.1,45677786.65
168528,550506630.33,112243382.61
168529,383763950.16,415889727.38
168530,3372095.91,3329214.46
168531,10525471.06,72459106.5
168532,132619084.44,402833429.74
168533,38176947.56,125571271.15
168534,89581931.77,547132458.31
168535,28673870.87,16565436.35
168536,338137733.38,446776279.52
168537,125889829.13,58938611.82
168538,105622427.64,150896356.55
168539,490096163.39,51656407.59
168540,106602475.78,496303385.81
168541,88523429.84,469452671.48
168542,170180108.96,1305150837.64
168543,49461622.82,95732060.61
168544,748801423.61,461707482.91
168545,7521624.71,19306527.32
168546,7052341.22,8223862.05
168547,9037428.07,99460357.09
168548,8220720.53,13607672.12
178602,75626.0,0.0
178603,22521.0,17210904.0
178604,0.0,1177000.0
178605,16148896.26,0.0
178606,45226162.64,15346504.08
178607,78580304.91,50392446.73
178608,842422.32,3324651.77
178609,3560974.37,1542344.54
178701,4559720.4,135416183.33
178702,186404339.97,27572545.73
178703,1808254969.79,910892017.78
178704,8758360.1,279163183.51
178705,7952517.56,19271929.12
178706,5759160.19,646428.96
178707,7255196.18,203048000.85
178708,932466836.09,765422903.11
178709,2633303.16,1033714.03
178710,2568.0,0.0
178711,747961.6,21079916.77
178712,6188609.36,3357029.98
178713,960638.0,746168.0
178714,6150642.63,12752883.11
178715,1195569.26,2654511.77
178716,163222305.83,94421947.11
178801,180530.0,805840.2
178802,908882.0,1091851.89
178803,8274281.03,4865954.14
178804,1746217.96,92895.0
178805,3989.0,203639.0
178901,2276582.83,16091745.07
178903,2570777.56,6577976.36
178904,2506191.0,2831602.0
178905,1031879.79,309150.56
178906,713635.09,29059.0
178907,2355893.76,98409.07
178908,0.0,2278.0
189001,32881329.35,20706983.01
189002,1494470.09,4181195.02
189003,2327393.23,5387200.44
189004,445965.01,6212770.24
189005,7096786.21,1791450.7
189006,78746265.54,16185215.2
189007,445039.79,1864670.23
189008,755607.97,1020256.64
189009,9787298.71,19186297.16
189010,594884.23,4359804.79
189011,2243357.88,3363026.45
189012,81732.0,1196754.24
189013,4769284.41,62807513.32
189014,6271640.0,4656023.94
189015,5234030.7,5562735.96
189016,380978.76,1700767.37
189017,607864.76,6314912.81
189018,56135622.22,78268471.37
189019,2158999.5,8050227.49
189020,437266.2,1801470.15
189021,6662328.84,28656937.44
189022,27335859.06,22740416.22
189023,2252211.99,2736048.34
189024,1190193.95,4763444.97
189025,2463284.14,8067107.18
189026,23214954.49,27770603.48
189027,22032567.07,51039900.37
189028,18643545.15,25339372.77
189029,50337618.93,16548970.61
189030,26051822.7,46474623.0
189031,27435965.49,89516722.52
189032,170259075.63,95683173.39
189033,2211938.13,3658652.05
189101,83627.64,4147847.36
189102,615957.93,10572283.99
189103,23989.6,133777.56
189104,3199.0,17191.0
189105,358927.47,2349396.31
189106,51306.64,1867265.53
189107,1585647.62,836725.14
189108,0.0,68482.21
189109,467711.6,150630.67
189110,0.0,1051773.52
189111,8434.0,3591.0
189112,68679.64,16220.0
189113,1233407.58,393822.84
189114,418615.82,1242367.48
189201,100528.31,668365.31
189202,1537331.53,310434.32
189203,28630.19,6110.39
189204,8059.0,30543.5
189205,28835.0,478682.3
189206,60712.49,279994.65
189207,177977.0,597497.43
189208,65455.61,132355.44
189209,425855.48,1605484.2
199301,173466.0,0.0
199302,1819885.0,263788.0
199303,65581.13,1003080.9
199304,38100.39,429636.79
199305,1344413.11,116670.97
199306,6290839.46,3982215.57
199307,0.0,16677.0
209401,393416300.06,123160398.08
209402,2396538.38,2595056.68
209403,104544163.41,121402918.53
209404,28507237.21,9461671.5
209405,109801652.44,72895537.13
209406,29176369.47,11059599.84
209501,965551.19,1122685.18
209502,2213409.62,4097831.99
209503,35015104.75,53494069.46
209504,172770261.24,29145044.76
209505,992985.35,5410426.39
209506,13486506.85,23589781.47
209507,2337430.33,6537200.09
209508,3524541.52,1268159.65
209601,58864.0,5153.35
209602,264952.92,2525997.71
209603,8871884.0,11673058.3
209604,14746.04,105203.6
209605,220600.66,266298.77
209606,1063390.8,11538775.18
209607,5828949.5,12290262.06
209608,2871821.31,8143143.13
209609,159103.92,2138617.39
209610,27730.18,223662.67
209611,178018.42,1387004.19
209612,2745956.89,4900210.61
209613,79846.6,2132047.35
209614,73455.88,120486.14
209615,185726.93,1024902.76
209616,64717.24,885277.27
209617,112069.11,497479.74
209618,41887.17,170831.93
219701,2533980.56,1580226.97
219702,643855.0,204617.13
219703,590782.76,962640.22
219704,3989585.58,1330298.85
219705,241811.15,2572805.25
219706,21206801.48,230224.6
