010101,126248.44,16571.9
010102,394756.03,73989.46
010203,2575.43,3751152.77
010204,8227.24,1258562.48
010208,1312.0,808274.13
010210,7176.0,3517864.45
010302,1721.0,4527263.29
010303,14099.44,1176668.76
010304,3558.0,602730.84
010305,6936.0,579731.97
010306,12402.0,1325249.55
010307,1957.57,945051.66
010406,332078.61,8610805.51
020603,12626.0,0.0
020803,335619.22,0.0
021006,1136.0,361255.78
021302,2541.0,11150.98
031509,21196.0,9886925.81
031519,24812.48,215076.06
041601,5490.0,3345381.86
041604,7255.0,2086200.0
041701,156289.0,63278.99
041702,20422.57,0.0
041704,24093.96,3617084.71
041806,6094.0,2936280.58
041905,17043.26,1039122.77
042001,2399.63,0.0
042004,3228.14,0.0
042009,1724.16,30912.05
042103,6593.04,0.0
042104,1279.0,324073.43
042105,2977.22,1378572.77
042106,6779.07,4016665.17
042201,1890937.3,1082938.29
042202,6216.14,5318140.23
042203,9525.0,713076.93
042204,13423.32,7514692.6
042208,278491.59,18810774.72
042209,11604.68,95705.38
042401,145765.0,1554197.24
042402,5355073.0,27822076.52
052501,2339.08,2104.0
052507,1439.03,0.0
052508,2927.85,20906.05
052515,1096.39,1822.86
052523,1118.22,1883551.05
052530,554896.97,59177.17
052701,2173.05,0.0
052709,1787331.28,0.0
052710,36672.13,36694142.04
052713,94863.35,0.0
062827,14519.0,1860.31
062925,2250.0,3473.54
062930,16888.89,0.0
063002,22468.8,119514.37
063004,45112.0,12123350.37
063204,25996.0,0.0
063206,2908.53,3409.99
063208,79521.13,1459482.0
063209,24130.72,474551.83
063210,3480.78,178357.79
063213,1563.0,32624.8
063303,1241131.55,31265894.27
063304,211622.64,23798006.26
063305,16782.54,1426372.21
063306,7203.24,420995.55
063307,49117.54,6017167.78
063401,14073.84,568288.85
063402,7091.97,3173873.42
063404,2999.0,19526.62
063405,10804.0,913328.45
063506,2738.75,219410.66
063701,106803.0,57282.42
063702,97104.79,463330.35
063705,57499.0,7035.0
063814,27644.5,89284.3
063820,19442.03,0.0
063823,5717.51,1013427.06
073916,6363.0,3228.3
073917,4495.0,556196.93
073918,2904.0,88553.53
073919,2430.8,310037.16
073920,2628.9,361160.71
073921,2027.12,255389.08
073923,17854.26,1387504.92
073924,2921.0,620430.36
073925,1218635.95,329731.22
073926,54646.99,4002843.63
074011,85672.93,10443286.3
074012,44801.26,48643.88
074016,21942.61,174644.01
084102,131733.88,0.0
084105,2345.0,27298.68
084107,1334.0,0.0
084202,1631401.52,6620670.04
084203,87085.51,6336082.3
084204,1368.0,1176.0
084205,15284.0,14414.87
084303,1759.0,156440.74
094401,12847.76,201848.64
094403,15525.54,41177.59
094407,56603.42,2242204.94
094408,2202.0,20393.93
094409,2666.04,231910.59
094410,2136.83,666041.7
094414,1183.95,100666.39
094415,162473.65,197569.75
094418,66322.36,3324250.4
094419,3713.0,24480.55
094420,13733.0,273488.98
094421,50698.16,808609.22
104707,274628.38,0.0
104802,35697.21,1083489.12
104804,15939.0,115065.77
104809,2185.69,52668.04
104813,17611.89,621892.84
104814,66281.65,99171.7
104817,1172.0,46171.06
104818,6439.22,2620809.99
104819,10081.0,4795873.38
104820,17720.28,2182173.12
104821,120596.0,313879.9
104823,10121.11,1375519.86
104901,2330321.31,4177475.82
104902,2117379.44,1965377.93
104906,46902.17,2771.0
104909,8439.0,17638.89
104910,11212.27,38961.91
104911,456990.82,983997.13
115007,8182.6,89505.47
115111,4300.0,15298.61
115208,51830.0,345804.22
115209,52014.0,491300.63
115210,16826.87,1339516.46
115212,9252.0,11043.22
115402,14803.68,0.0
115404,108968.35,11253.58
115407,1631.05,30925.22
115408,117626.0,0.0
115512,16855.0,241402.16
115513,1294.0,5720.53
115601,8535.0,1067301.48
115704,46957.0,2613.78
115808,1626.0,41053.87
115903,2187.0,32402.51
115905,1042.0,4386.75
116001,3287.0,7957.82
116101,139627.96,530285.39
116102,10831.0,98666.35
116103,33893.13,384460.2
116104,82049.69,421722.41
116105,68381.54,236169.13
116107,1215.0,81576.82
116108,7674.0,453176.93
116109,26060.93,2093654.68
116110,36707.68,3763950.13
116111,19660.0,116304.86
116112,36121.14,2088043.16
116114,36652.13,5160155.51
116115,11871.0,1615425.04
116116,1081.0,0.0
116117,1523.05,153695.78
116201,146671.17,2474127.37
116202,94384.75,1069138.78
116203,1687269.44,4793043.94
116204,3809050.9,5973277.56
116205,34666.98,1932730.17
116206,30453.2,687262.36
116208,16571.28,347538.18
116209,31077.71,575326.66
116210,17311.64,3070999.77
116211,149796.34,9020203.01
116212,5765.0,1165471.62
116214,17802.0,422885.93
116215,17281.0,341842.49
116217,3108.33,169767.02
116302,29941.17,2788750.78
116303,4024.0,275070.46
116304,7460.0,35253.09
116305,6892.0,4025.52
116307,20938.0,526141.67
126401,6110.0,63976.96
126402,34454.0,803331.84
126403,57012.24,13392710.7
126404,38791.73,812050.45
126405,4197.68,783375.71
126406,2668.0,44950.01
126501,1231.0,0.0
126505,27282.8,322109.75
126506,21341.12,1125301.97
126601,51993.06,117050.7
126701,2171.0,0.0
136802,14707.34,3228612.05
136807,1132.7,117384.92
136808,1926.1,0.0
136809,2101.64,916990.66
136810,8349.21,134630.37
136811,3125.11,25641.9
136813,40712.78,202869.69
136907,7058.0,31081.57
136908,31025.33,2312413.44
136910,13148.47,914713.02
136911,28722.89,501099.79
136912,13601.97,1058994.68
136913,24576.82,774972.96
136914,1121.0,24198.12
137001,1949.0,0.0
137007,1105.0,146503.14
137008,1205.39,1625563.49
137009,2731.0,127433.47
137010,58711.21,6224.31
137013,25448.75,2250507.41
137020,1729.0,76163.66
147101,22368.0,239128.2
147102,8376.0,385071.51
147108,1585778.9,1854115.58
147112,206146.0,0.0
147113,117397.85,8182872.06
147114,3017.0,347229.88
147117,17307.22,691359.11
147118,137545.06,73706.37
157202,11538.88,0.0
157204,274081.45,0.0
157209,2329.1,154692.53
157210,1961.34,369952.93
157211,31428.39,0.0
157215,1056.37,80666.13
157216,3323.05,1051080.56
157306,5414.27,152675.68
157308,24445.48,1973681.27
157310,83853.0,64893.59
157312,4300.0,110141.63
157315,80504.0,154343.68
157317,2094.72,0.0
157318,10463.73,0.0
157320,8349.54,0.0
157321,5149.85,142995.66
157322,14532.79,665739.46
157323,44705.36,2422205.57
157324,8351.56,579849.44
157325,2345.0,335401.47
157326,39801.57,2524325.34
157404,72103.09,0.0
157418,1500.0,10939.03
157419,1342.0,56134.34
157602,92191.91,0.0
157603,2731.0,0.0
157604,10427.19,1254985.6
157608,1181.64,0.0
157610,24429.99,923324.26
157614,1689.0,0.0
157616,33694.89,1599763.68
157802,16962.49,0.0
157806,2650.0,22258.9
158002,20982.16,0.0
158203,1694.0,4365.0
158204,9118.0,14723.04
158205,51262.05,1420170.92
158206,3030.0,23870.19
158207,1222.0,1944.0
158211,46421.92,422830.78
158213,1531.0,26382.69
158302,3844.0,1183863.94
158306,157835.77,677328.99
158310,1460.0,72373.73
158311,5849.18,0.0
168403,13034.0,814171.59
168407,18345.1,29333.41
168408,40776.9,73236.12
168409,7209.0,20936.72
168412,229936.0,0.0
168413,302543.78,873325.38
168414,36912.76,592869.82
168415,29815.0,1478569.98
168416,4383.91,142469.8
168417,14311.45,68351.19
168418,46577.11,1750917.06
168419,20518.0,864522.52
168421,16794.29,272537.82
168422,3622.95,253261.41
168424,16985.02,759787.78
168425,2541.0,37468.48
168426,52953.01,267334.92
168427,60278.76,424043.99
168428,4831.0,1365562.75
168429,457644.37,1682063.93
168430,147662.95,96646.36
168431,70246.7,8333378.44
168432,2565.0,57673.92
168433,4539.0,1958.0
168438,176202.43,393916.29
168439,6645.0,0.0
168442,121866.0,150203.47
168443,3270.0,297758.23
168447,2928.0,0.0
168448,267407.95,0.0
168450,14762.0,554286.75
168451,239430.0,174366.65
168452,65839.89,41227.95
168462,1183.95,12027.72
168463,12433.59,71937.18
168465,16492.21,200100.56
168466,7059.74,0.0
168470,30858.0,321292.14
168471,103150.98,4267684.34
168472,33601.0,296359.13
168473,318264.59,3996846.99
168475,205167.0,6644.0
168476,63395.0,187517.21
168477,82290.46,10533.23
168478,6370.0,978798.4
168479,129193.25,1362058.41
168480,203248.0,0.0
168481,24359.99,1498455.71
168483,4694.0,2502.0
168485,6734.0,7913.82
168501,3788.73,118622.96
168502,4342.0,230045.43
168504,12156.6,913047.25
168506,46074.09,414007.86
168507,16036.0,636508.92
168508,23537.14,733152.11
168509,59498.4,1789395.69
168512,10749.0,48553.19
168513,31903.0,21243.05
168514,3012.0,0.0
168515,2345.0,31757.23
168516,121126.49,4028940.31
168517,272636.92,2749008.43
168518,80849.86,1722066.28
168519,75780.0,1098095.6
168520,15322.0,159700.51
168521,41588.2,3233438.53
168522,3963.0,22567.2
168523,12553.0,249651.02
168524,4759353.92,18189273.53
168525,171255.0,1857903.7
168527,661525.09,5782191.67
168528,55205.39,1976318.78
168529,9344.0,1124201.22
168530,7818.0,114508.59
168531,11947.26,1287571.43
168535,7436.75,5708.0
168536,52719.72,2806721.56
168537,108252.68,2375312.19
168538,150788.58,825175.83
168539,2882.0,852469.12
168542,6039.0,58196.45
168543,21397.19,296164.89
168544,3292.21,1598829.93
178701,3552.0,110344.09
178702,7058.0,138663.98
178703,8156971.95,43709066.62
178704,466691.06,1724571.5
178705,60256.09,36152.0
178706,22588.99,423560.61
178707,1972.95,380187.14
178708,205042.36,10581832.22
178711,216233.11,712901.92
178712,11880.05,275506.54
178714,157100.6,2543235.35
178716,55237.56,436220.81
178804,7626.0,3392.17
178903,95514.68,150984.77
189002,27406.0,1003703.88
189003,10263.0,1071347.64
189004,58180.22,7004979.79
189005,23092.0,33401.33
189006,84366.07,1374998.94
189007,11076.0,247424.73
189008,1843.0,0.0
189009,34284.62,269995.32
189010,47370.0,46830.11
189014,1179.0,3125.66
189018,82290.47,881826.22
189019,4408.53,225338.03
189021,6010.3,420458.56
189026,5492.0,113234.07
189027,1329.0,12753.0
189029,5189.0,0.0
189030,63221.59,52708.32
189031,8817.0,230215.02
189032,7504.0,0.0
189101,55679.01,1787398.48
189102,225166.22,2275575.94
189103,3078.0,25747.01
189105,17675.0,257914.67
189107,1878.0,15650.93
189201,8281.0,3426.89
189202,2809.9,45152.44
189207,1022.0,60466.02
199302,3805.0,20921.0
199303,30437.0,173711.66
209401,15609.87,2981260.05
209403,2020270.22,16382295.19
209404,20236.06,1774368.34
209405,39370.96,3199763.15
209406,12805.0,30923.19
209502,9710.0,566723.24
209503,60176.83,4365727.14
209504,404950.21,1958340.16
209505,1563.0,72826.54
209506,129620.39,7899147.03
209507,260152.8,983181.55
209602,57317.0,0.0
209603,19879.95,432797.08
209606,4474.28,96525.35
209608,21848.53,866135.51
209613,17050.75,459633.75
209617,2542.0,60120.71
219701,35557.61,94417.2
219703,659668.0,0.0
219705,2905.0,0.0
