010101,6225.0,7065.8
010102,2737977.58,267014.29
010103,2915290.01,23735.48
010104,24209.28,18037.02
010105,393979.5,909567.87
010106,128910.97,21806.02
010201,78053.0,13209342.04
010202,79314.0,11269909.86
010203,1043963.92,22458925.17
010204,19727536.72,12214.0
010205,0.0,5887.89
010206,23953.93,3853354.02
010207,91158.47,26239359.04
010209,0.0,507629.73
010210,2357018.73,616120.81
010301,4174.12,52431.93
010302,0.0,886226.28
010303,811783.43,4172710.81
010304,33714.0,645977.9
010305,0.0,32672.39
010306,0.0,291131.64
010307,2261340.76,1526646.54
010401,815942.98,11806340.35
010402,0.0,1132475.83
010403,178642.62,3903110.96
010404,27353.0,730831.2
010405,179998.09,2127294.12
010406,2909502.89,7596138.44
010407,603076.18,229166.82
010408,0.0,1201655.57
010409,458813.77,391677.73
010410,0.0,11157.82
010504,132281.32,1855223.55
010505,0.0,3571.0
010506,0.0,11000.0
010508,342442.06,131718.67
010511,0.0,23921.6
020602,2834882.83,3539908.42
020603,363642.38,252708.28
020604,550331.0,111681.42
020701,806110.69,318846.11
020702,25080726.77,271897.55
020703,1793090.89,646982.84
020704,7810489.9,36497.13
020705,44811.22,14669.03
020706,44113.89,205122.2
020707,7125864.21,200683.63
020708,146988.17,16170.83
020709,15232110.73,463809.84
020710,8051447.15,1573456.52
020711,801510.38,222142.34
020712,6585843.24,656561.95
020713,370583.84,2137050.64
020714,6519.77,66031.54
020801,14640.93,328151.12
020802,655153.37,712899.03
020803,8290.57,10286559.89
020804,61209.26,266623.42
020805,183420.8,5530132.92
020806,10363765.94,330566.16
020807,5074549.97,218282.0
020808,8732537.59,486492.96
020809,2782489.86,211490.11
020810,481643.39,1121545.94
020811,3119337.95,392576.99
020812,7528.94,0.0
020813,647150.88,587277.43
020814,0.0,1165.13
020901,523968.42,6808977.65
020902,251718.51,1380644.57
020904,462285.25,668973.5
020905,0.0,19729.58
020906,0.0,15167.13
020907,0.0,13525.7
020908,0.0,4419.07
020909,1752601.32,200080.57
020910,138275.11,169111.49
021001,17773.0,10731225.32
021003,7589.0,14634.12
021005,425339.48,8522793.75
021006,3167320.83,82325.3
021008,0.0,28605.73
021101,24418.4,13410889.56
021102,4054.0,84752.16
021103,29284.5,2022816.13
021104,8947.09,253485.24
021105,33754.39,408494.71
021106,234699.0,245130.63
021107,0.0,1755656.62
021108,40262.0,891565.37
021109,0.0,223214.93
021201,3697.0,184500.33
021202,36334.3,3758103.56
021204,4534.0,18037.12
021205,40594.0,0.0
021206,334028.05,981137.95
021207,923837.7,1130488.69
021208,54454.29,262806.73
021209,91175.6,5510878.55
021210,0.0,918747.08
021211,2657641.37,1212369.34
021212,173914.17,1149013.18
021213,10669.0,0.0
021214,176369.58,190009.36
021301,1013.0,7555.58
021302,45358.98,1781678.9
021401,3589.0,3625.49
021404,49704.1,258432.2
031501,21122.62,0.0
031502,2494.21,180625.22
031504,0.0,108788.84
031505,8926.68,200531.66
031507,0.0,75973.5
031509,0.0,385157.78
031510,4121.0,147225.59
031511,1824518.32,578120.63
031512,7041198.55,21231976.85
031513,211238.77,60676.71
031514,0.0,1069688.32
031515,110229.0,84743.21
031516,140734.09,2136099.24
031517,163675.19,4197271.95
031518,22827.88,26758.49
031519,88669.8,48624.11
031520,28872.44,58904.02
031521,0.0,8165.32
031522,431839.23,0.0
041601,7475554.1,2776236.03
041602,2769658.06,12238942.99
041604,76290.7,3338503.01
041605,8815664.71,1849190.11
041701,103243.3,24639005.38
041702,169188.82,1679028.95
041703,0.0,207228.04
041704,8813466.08,4072377.96
041801,0.0,208041.93
041803,108269.39,864674.98
041804,2823.0,840883.87
041805,927979.33,1886507.87
041806,8960760.46,25515352.94
041901,1334548.19,8634050.93
041902,91650.29,1000319.47
041904,1411203.1,1718076.37
041905,35680100.44,24866190.07
042001,13608905.15,884125.27
042002,931582.22,777118.32
042003,658380.04,191365.68
042004,1430165.32,121634.48
042005,15756738.85,12834316.13
042006,303833.0,5291.4
042007,541360.09,1481739.99
042008,3059733.39,1867576.54
042009,2499963.5,5727966.87
042101,12033.26,2683037.15
042102,5472167.38,1955565.68
042103,2897778.03,7345613.22
042104,574988.82,4696358.93
042105,1456203.48,3724560.5
042106,7919244.94,33820349.7
042201,179120.53,2964514.92
042202,23317453.99,14864117.21
042203,4210374.91,3497388.8
042204,54272594.69,359991.55
042205,0.0,38192.19
042207,324516.23,91863.13
042208,1490217.48,8747298.84
042209,436974.82,98272.24
042301,0.0,520760.36
042302,89280.36,65956.18
042303,0.0,54692.69
042304,0.0,12039775.8
042306,399573.37,608748.7
042307,165339.77,0.0
042308,12978.49,0.0
042309,52288.5,5288986.7
042401,124440649.82,7361436.96
042402,20850736.53,8345592.43
042403,0.0,11276.0
052501,303444.85,3627196.74
052503,465096.13,0.0
052504,1856.0,339458.32
052505,61315.76,385655.07
052506,561697.92,45377.21
052507,11197.0,673646.7
052508,544939.81,222507.59
052509,29682.0,136082.71
052510,122376.09,0.0
052511,0.0,4195.35
052512,32274.72,81242.34
052513,0.0,7951.07
052514,56520.04,2225.03
052515,16948595.07,407018.87
052516,429838.54,308538.1
052517,748687.24,40920.26
052518,1706572.77,1384.54
052519,0.0,3118444.43
052520,776765.21,220686.99
052521,201108.55,0.0
052522,194956.0,2729212.21
052523,4937494.98,16296464.78
052526,136225.88,33440.15
052529,1309894.66,180744.15
052530,1097242.62,155390.77
052601,0.0,2751712.0
052602,140296.37,0.0
052603,41879768.53,0.0
052604,0.0,4389551.0
052606,0.0,152485.27
052607,61658798.48,0.0
052608,25033993.14,17384.96
052610,0.0,109000.0
052616,0.0,1506.0
052617,17988.91,0.0
052619,187281.06,1555.0
052620,470074.35,5989.0
052621,42528.57,0.0
052701,534363.74,11670805.68
052702,439072.69,1471120.79
052703,2737.0,686530.78
052704,12046.0,288972.97
052707,0.0,44702.48
052708,0.0,67273.92
052710,12902517.54,61514438.01
052711,4273334.11,21799637.44
052712,28048.69,646622.75
052713,4926763.94,21329760.98
052714,0.0,10891.0
052715,1123673.82,84909.39
052716,9136484.87,122076263.05
062801,6249.0,42926.55
062803,3761.0,32375.01
062804,4577567.25,1692752.34
062806,67989.0,465347.86
062807,15380.22,110100.48
062808,0.0,69646.74
062809,25638.42,187551.65
062810,0.0,9993.19
062811,4795536.99,207826.22
062812,0.0,14113.36
062814,0.0,249690.69
062815,24452.94,561225.43
062816,0.0,14112.37
062817,16996.94,34968.97
062818,0.0,560614.76
062819,0.0,90671.07
062821,115568.35,186451.98
062823,0.0,12233.89
062825,0.0,206276.58
062826,31309.0,5439.78
062827,77720.42,157210.08
062828,9039.0,121043.45
062829,29681.02,9887.73
062830,0.0,284260.75
062831,0.0,23727.97
062832,3952.0,250597.96
062833,45427.98,684120.13
062834,16228.54,68738.39
062835,24990.64,1116315.12
062836,397539.59,690433.77
062837,0.0,178951.89
062839,121673.7,68053.02
062840,1200.84,2100.0
062841,0.0,34514.35
062842,0.0,229855.55
062843,1325843.98,8492780.05
062844,0.0,15485.65
062845,35344.0,1748.0
062847,3297.72,47866.14
062849,83973.33,341249.11
062850,0.0,6291.0
062851,6077.0,15502.87
062901,252856.72,196109.67
062902,5490.45,182617.78
062903,0.0,311016.95
062904,2501.0,48728.49
062905,54855.12,721579.33
062906,0.0,19893.87
062907,0.0,39271.19
062909,12177.64,15195957.28
062910,262261.66,3022.0
062912,4449.61,55277.58
062914,5149.71,129060.45
062915,268929.78,1470322.52
062916,16022.65,347883.41
062917,5685.0,617751.22
062918,114834.93,1569371.73
062919,0.0,44954.98
062920,0.0,333375.59
062921,0.0,231586.77
062922,50640.0,1085011.18
062923,9026.0,124292.67
062924,4945.0,430505.64
062925,0.0,39721.1
062926,0.0,41412.61
062927,0.0,7754.0
062928,0.0,29859.9
062929,2513.0,312756.02
062930,1722.0,563711.66
062931,0.0,149284.77
062932,3189.0,114379.9
062933,361041.4,4154678.98
062934,0.0,189034.47
062935,3637.71,328771.42
062936,17818.4,810301.95
062937,0.0,7922.76
062938,2565.0,4462.09
062939,48269.55,793723.2
062940,0.0,13196.43
062941,0.0,742454.44
062942,0.0,374364.26
063001,0.0,77015.85
063002,143091.4,9041517.69
063003,21019.79,326845.41
063004,41323619.92,81587076.14
063005,48791.69,1229912.58
063006,62051.08,3438329.63
063101,0.0,642980.14
063102,0.0,6507011.05
063103,30443.85,87501.36
063104,0.0,355545.05
063105,20484.47,9828551.22
063201,0.0,21052.62
063202,0.0,190343.55
063203,8634.0,82122.65
063204,156708.83,2098710.48
063205,0.0,94277.83
063206,190244.13,1710860.54
063207,64889.71,318887.72
063208,894193.06,10844276.15
063209,849256.34,3122833.19
063210,10050.0,39378.58
063211,0.0,74370.35
063212,20885.93,563197.57
063213,12616.83,361032.36
063214,15199647.3,9580681.0
063215,151728.54,2239767.2
063301,360355.47,149240.03
063302,305623.3,14320521.37
063303,577570.13,2583191.64
063304,3939357.17,6994616.04
063305,1285836.27,6565696.14
063306,41335.23,2427878.79
063307,479424.34,8925101.36
063401,401330.51,3009265.33
063402,1695268.28,29737283.05
063403,114624.19,613402.15
063404,14291.0,761644.38
063405,296024.59,1876376.59
063406,54173.0,338183.47
063407,4709.0,185730.53
063501,9187.0,98992.18
063502,0.0,11196.0
063503,1988.0,120313.85
063504,197873.56,909733.09
063505,50525.0,469461.91
063506,86926.91,3525259.97
063507,39574.0,773066.94
063601,0.0,2710.0
063602,0.0,323812.0
063603,0.0,152334.0
063604,759039.2,232883.29
063605,21894.65,20200.28
063606,18299.0,29438.61
063701,193609.13,2478389.54
063702,2735.0,247159.35
063703,0.0,414730.93
063704,6608.0,153501.26
063706,1608.0,21114.34
063707,91036.09,634066.17
063801,31911.71,196538.12
063802,133042.73,191957.39
063803,0.0,6352.59
063804,2165.51,35049.63
063805,0.0,5907.25
063806,0.0,3299.71
063807,1887.0,0.0
063808,542279.32,8577365.6
063809,46215.0,1489962.53
063810,26627.0,88635.34
063811,8675.0,3070985.57
063812,0.0,284101.83
063813,11700.0,214067.74
063814,24410.59,782514.86
063815,6061727.82,325308.38
063816,3274467.82,1111680.37
063818,0.0,2004.0
063819,4189.0,235042.77
063820,44088.1,1136398.71
063821,2390.43,448400.16
063822,362005.35,4686128.4
063823,5052087.47,9964352.69
073901,2301220.42,28378829.9
073902,270973.98,2926589.93
073903,459874.07,4510271.59
073904,1561243.64,3488471.22
073905,302337.05,1534754.77
073906,64103.76,711323.89
073907,2095862.74,6499960.03
073908,0.0,89168.73
073909,171319.6,1948168.44
073910,21506.29,222161.12
073911,0.0,46487.9
073912,110214.45,2855973.79
073913,2477.0,123075.84
073914,1831.0,37959.13
073915,790110.54,1139064.01
073916,2031645.05,15369889.54
073917,28015432.31,12918096.46
073918,21275.2,562634.17
073919,62239.98,1701469.79
073920,5328932.6,20330963.82
073921,2499219.1,10019711.77
073922,750964.17,1307141.74
073923,8997378.63,26470180.31
073924,856073.63,2556891.83
073925,2398445.72,4975769.4
073926,1557451.8,13327835.89
074001,0.0,32197.58
074002,15713.78,920957.61
074003,0.0,68002.1
074004,0.0,2984.91
074005,0.0,147989.37
074006,10167.0,127723.01
074008,103837.17,1331221.41
074009,94728.67,1505252.65
074010,1336976.69,4791094.74
074011,164977.12,14886764.07
074012,34969.93,226691.6
074013,15438.07,829017.27
074014,0.0,585040.59
074015,21656.12,1189469.66
074016,501542.07,3198764.61
074017,1308.0,25672.63
084101,1652444.06,51493.7
084102,1258785.82,1322692.93
084103,398138.65,0.0
084104,320516.1,21692516.05
084105,62056.02,414789.84
084106,15709.88,4752190.43
084107,31499.46,1161126.54
084108,9326.0,2751.0
084109,0.0,1154.0
084110,5408.0,0.0
084111,3266.0,15097.16
084201,12741.05,45218.57
084202,278094.59,4389757.03
084203,689332.06,1390193.22
084205,16640.53,120337.45
084302,902700.46,2300326.99
084303,5441869.57,462216.81
084304,30732.78,44088.32
094401,34169.11,2051238.44
094402,6846.5,96123.73
094403,356431.95,2327537.29
094405,0.0,1218.0
094406,26786.0,0.0
094407,3752054.77,13111427.86
094408,257072.85,386393.6
094409,161465.23,4235122.81
094410,687950.27,13879921.98
094411,155032.15,9332588.63
094412,121004.18,1784105.47
094413,35973.52,55243.82
094414,6217.65,121684.15
094415,834167.24,1447193.36
094416,0.0,27054.27
094417,1325.0,51344.94
094418,2801752.66,5474638.27
094419,0.0,50365.14
094420,675381.24,111039.09
094421,835412.31,1096464.65
094503,2639.69,241277.44
094504,0.0,500700.08
094601,2713.0,35379.83
094602,0.0,105177.29
104703,0.0,317708.71
104704,3112.0,315329.37
104706,0.0,37032.38
104707,664161.01,221586.1
104801,15185.51,3403907.73
104802,1062693.07,4594190.6
104803,0.0,2865661.8
104804,230289.73,2144497.49
104805,768637.8,7787886.52
104806,1735.0,187142.57
104807,0.0,104083.28
104808,1119844.32,3468181.4
104809,15763.59,822380.48
104810,190759.44,7887868.54
104811,122048.3,10210724.05
104812,4154.0,96825.78
104813,0.0,2402276.25
104814,5629.0,106141.58
104816,7631.0,129549.36
104817,0.0,538457.14
104818,1164832.1,15717353.08
104819,6149435.31,15727863.93
104820,289283.33,1042470.47
104821,566814.18,4165114.47
104822,15316.14,91882.73
104823,167791.81,2304116.46
104901,1233338.43,4189857.86
104902,669580.89,2565135.55
104903,49044.27,285123.86
104905,32830.7,9228.88
104906,168117.63,126181.21
104907,111096.78,1588798.71
104908,3249.0,500977.55
104909,0.0,25404.0
104910,330752.67,132753.05
104911,2016772.83,1945964.48
115007,69939.52,4218871.52
115101,546908.57,128159.91
115103,16122.77,9465.0
115105,0.0,1364634.04
115106,487066.57,5986.82
115107,523828.32,139975.85
115108,476585.5,13902.54
115109,69943.3,0.0
115110,1247.0,0.0
115111,29550.11,3604537.28
115112,393071.08,6600257.19
115113,0.0,26090.69
115201,6726.0,2101994.17
115202,77300.63,125959.02
115203,0.0,18210.17
115204,136193.34,580878.59
115205,1902612.3,2842079.05
115206,0.0,258412.82
115207,2738803.75,105330.46
115208,1714403.25,69550887.35
115209,6290852.74,24558205.98
115210,254559.19,11087890.41
115211,5124316.63,9059147.42
115212,13323.31,1289471.4
115301,0.0,3473.0
115305,0.0,14425.3
115306,0.0,65314.0
115307,0.0,30134.16
115308,0.0,2077.92
115309,84365.04,4900652.81
115310,0.0,37573.26
115311,0.0,170614.86
115401,129147.16,6383361.06
115402,81623.66,2072470.51
115403,1242.0,65037.93
115404,16960.82,125686.96
115405,0.0,3697.0
115406,57000.0,24455.11
115407,1342890.08,45765195.68
115408,95783.64,4915410.07
115501,0.0,486110.63
115502,0.0,3577761.67
115503,116727.3,876215.63
115505,0.0,5490.43
115506,9113.6,184768.58
115508,85431.32,1901389.29
115509,116924.93,676901.69
115510,0.0,40542.79
115511,2495143.79,16507.89
115512,32204.85,7095569.0
115513,137548.86,6400255.24
115514,125816.25,13168628.78
115515,987572.13,19546143.54
115516,158049.41,6904025.91
115601,1167192.43,823346.66
115602,810920.67,709082.6
115603,400196.7,7055652.42
115604,1545.0,324390.05
115605,0.0,44164.48
115606,0.0,238948.96
115607,547339.34,622073.05
115608,298159.5,48370.71
115609,51481.17,182467.0
115701,37126.82,44973.68
115702,193351.43,543993.28
115703,139889.36,3174680.22
115704,27336.0,1494.0
115705,10720.48,90491.78
115801,29294.02,831573.7
115802,1599692.07,370351.0
115803,2469.0,27541.48
115804,13864.63,676320.2
115806,46597.72,5410619.54
115807,22026.13,4607761.57
115808,89984.45,659025.93
115810,0.0,733868.22
115811,0.0,365569.47
115901,1980.73,38479.89
115902,11769.0,0.0
115903,230718.81,15432825.52
115904,1182.0,28976.08
115905,0.0,2583.0
115906,18911.99,121111.15
115907,27410.58,616300.66
115909,0.0,66898.47
115910,56713.0,166582.88
115911,106677.76,483094.88
116001,543980.1,2410555.54
116002,4447636.22,34676559.18
116101,1795596.78,391607.24
116102,1029785.88,238640.88
116103,2435634.96,695193.96
116104,14672589.65,2938792.98
116105,1234410.14,358096.73
116106,44286108.01,6779356.29
116107,5692895.13,559117.78
116108,4174902.68,804143.21
116109,28308804.73,7584059.29
116110,9861472.3,4560408.0
116111,453208.85,553653.96
116112,306922.72,541188.34
116113,233224.79,7664.47
116114,392243.65,844480.66
116115,3029104.58,2905817.18
116116,418722.46,170011.93
116117,335697.22,2385531.48
116201,10089262.67,1097151.08
116202,13484426.12,1707280.95
116203,96599485.74,8518563.31
116204,160483960.34,9845057.88
116205,94944255.8,2094397.13
116206,105663311.94,5919147.45
116207,870868.42,1147048.45
116208,512425.76,763939.5
116209,779729.36,454631.16
116210,6501259.01,759372.58
116211,22142314.5,2895155.69
116212,116470.8,831549.76
116213,16625.73,8743.25
116214,543470.74,155099.79
116215,16127.6,91062.27
116216,124566.79,96530.95
116217,510598.38,6213603.88
116301,407550.36,647228.29
116302,12269231.31,2307635.85
116303,139777.25,72391.14
116304,2412368.9,298391.29
116305,2575971.76,1085068.54
116306,27640.0,309498.32
116307,1312316.69,2480298.47
116308,15402.0,8982.0
116309,40059.07,265282.7
116310,51609.56,10170.75
126401,176993.0,462477.37
126402,714154.14,4282353.54
126403,56414592.26,14267686.25
126404,291932.16,1572743.95
126405,20053687.2,3690872.1
126406,24632882.67,14317766.82
126502,44974.48,14022.0
126504,205360.39,11241.98
126505,503171.05,595976.47
126506,274540.14,262054.31
126507,0.0,1221.0
126601,33315.4,634768.61
126602,1000.0,6455.0
126603,0.0,16526.77
126701,0.0,1695.0
126702,0.0,257785.64
126703,0.0,17777.0
126704,0.0,48195.17
136801,28958.17,21689.75
136802,6139264.82,6383508.16
136803,0.0,45998.32
136804,9179.0,828819.56
136805,17132.0,439268.64
136806,69894.52,2105408.57
136807,1810239.09,585803.6
136808,5449.56,21806.56
136809,17774072.89,398753.23
136810,3831239.37,1058150.66
136811,3900.41,77368.83
136812,9950.0,26704.12
136813,4046.0,503462.9
136814,4086.47,33910.2
136815,5748366.04,381453.15
136901,2256.69,1971.9
136902,10345688.91,3617859.7
136903,375217.38,810034.84
136904,1294358.12,1457110.9
136905,3148223.45,2597636.43
136907,40959.27,1496508.3
136908,1310865.89,18563867.57
136909,0.0,500373.84
136910,4060388.86,1626747.76
136911,100641.42,1012130.89
136912,55591.74,831005.06
136913,26138.69,343392.43
136914,30425.29,47361.5
137001,85762.83,3512.66
137002,14063.91,1225.0
137003,5966.87,251547.97
137004,0.0,187487.35
137005,16936.62,4088232.37
137006,30095.56,290204.64
137007,50419.05,1625911.21
137008,4976.89,183790.28
137009,63738.58,501005.29
137010,260445.3,14763325.01
137013,65142.66,2036107.46
137014,0.0,2682.22
137015,0.0,3872.9
137016,0.0,195307.61
137017,1026.37,379299.21
137018,0.0,465204.18
137019,286418.52,2811223.83
137020,15982.0,224951.35
147101,0.0,11391.0
147102,50903.0,24289.0
147103,0.0,101000.0
147104,0.0,1190.0
147105,0.0,1287.0
147106,3265.06,32248.56
147108,0.0,52741.48
147110,0.0,1070.0
147112,655263.8,0.0
147113,399904.74,591530.91
147114,65199.0,164973.51
147115,2976.0,11362.99
147116,24202.0,47749.0
147117,84994.95,1751637.98
157201,0.0,11475.0
157202,180203025.38,2588079.04
157204,18876355.14,42933016.42
157205,902781.21,101234.22
157206,25152.0,29457288.04
157207,0.0,76475.89
157208,122130323.39,98755669.02
157209,17421134.93,3545160.68
157210,59896728.05,7764672.1
157211,795303.51,455213.18
157212,1893555.16,2392911.71
157213,276582.13,14533637.84
157214,15598835.37,27617587.4
157215,11487.11,270440.67
157216,2877616.66,7451556.07
157217,4260919.93,2926040.86
157219,41894.35,1279872.38
157220,13924.89,242299.24
157222,186531.52,288415.86
157223,5002.0,162898.88
157224,0.0,13349.14
157225,3327.54,2307048.33
157226,0.0,564994.69
157227,1478.34,0.0
157228,46040.0,736329.06
157229,0.0,162009.56
157301,6981038.32,21545.38
157302,8900.0,1044272.92
157303,49704.02,269701.18
157304,534002.01,2762244.07
157305,783055.65,285469.21
157306,46291826.04,5436208.63
157307,8518871.59,3861087.77
157308,31156525.06,24325502.52
157309,541026.56,1107087.28
157310,836010.38,2307845.43
157311,544547.12,1279806.44
157312,55995.98,640287.27
157313,425422.59,9209.1
157314,7619219.52,1576024.0
157315,13558.0,665231.19
157316,12509.7,4525.65
157317,3948468.59,218247.83
157318,497772.56,3586728.38
157319,2201.0,128975.3
157320,267868.42,459480.56
157321,14902430.89,8584995.93
157322,133734.09,1294183.46
157323,58742.47,1636001.46
157324,98024.78,599381.21
157325,2086394.22,2770312.85
157326,3087676.1,10014202.93
157401,445761.3,0.0
157403,105116.85,9743.67
157404,8072285.46,0.0
157407,47148.48,375287.07
157408,25144.0,8292766.53
157409,12977.39,876423.92
157410,0.0,119611.85
157411,11511.71,1348870.83
157412,75543.72,725827.61
157413,144484.74,18897.4
157415,0.0,65089.82
157418,0.0,30424.41
157419,1978.94,280051.46
157502,0.0,17411.48
157505,0.0,4592.0
157506,0.0,2495.0
157507,0.0,10599.0
157508,0.0,4082.03
157601,1449684.1,2135738.5
157602,1651212.76,822970.85
157603,6778.0,0.0
157604,2653513.09,12340121.61
157605,107398.0,1456136.46
157606,1035013.47,3408356.12
157607,103534.93,3018409.01
157608,483296.47,302961.24
157609,9611.36,69285.29
157610,293129.53,2331718.72
157611,2786.0,0.0
157612,4971.88,4054240.94
157613,0.0,152314.26
157614,588958.2,357519.43
157615,24992.0,332022.6
157616,4765245.33,3497378.89
157801,2524176.26,50290.82
157802,297728.5,0.0
157804,5171.0,85677.78
157806,594944.05,60514.68
157901,6751.1,8113564.83
157902,515435.83,14872.0
157903,42984.1,11144.98
157905,2206.0,35609.91
157907,30751.22,38257.36
158001,0.0,54720.38
158003,0.0,131017.77
158007,3883.0,18333.0
158101,6512.0,2569.0
158104,0.0,269027.07
158105,0.0,3431.97
158106,0.0,15940.0
158107,4766.0,0.0
158108,0.0,7638.49
158109,0.0,5464.0
158110,0.0,14037.27
158112,0.0,3827.0
158113,6925.37,0.0
158201,17741.0,163658.29
158202,5061.0,339699.69
158203,48105.0,277611.91
158204,283098.0,230407.47
158205,124286.8,873652.71
158206,28691.3,74122.86
158207,359727.77,2973034.66
158208,170319.43,656815.98
158209,9423.47,234327.12
158210,0.0,40287.36
158211,11858.0,297178.28
158212,10201.0,826356.73
158213,0.0,56648.05
158214,3336.0,169744.49
158215,11353.0,460378.63
158301,221152.24,2531706.82
158302,481476.05,6586782.2
158303,471436.44,205758.72
158304,103308.0,24752.92
158305,12032.63,414061.55
158306,69109.17,234756.05
158307,18436.0,120030.27
158308,50365.89,4114687.37
158309,135273.14,3829084.17
158310,72282.0,31616.33
158311,158675.37,882810.84
168402,4807.0,563234.88
168403,921947.59,2011971.29
168404,1276.94,18552.0
168405,0.0,8237.66
168406,784296.0,1955331.38
168407,9327.0,235643.6
168408,63182.9,998021.05
168409,115915.85,2256148.91
168410,3444.0,665975.0
168411,285697.0,27246.0
168412,675883.47,1311596.26
168413,1541625.72,9933012.83
168414,2468890.28,10773139.09
168415,476106.63,9072698.5
168416,6462.33,942246.42
168417,964935.74,2637764.95
168418,2374903.55,9018443.46
168419,3024724.92,13601585.75
168420,16940.0,70114.56
168421,1599089.73,16500236.51
168422,4542679.68,19422761.94
168423,14010.59,830932.65
168424,207110.35,8058682.84
168425,110181.62,485489.43
168426,77683.0,811627.67
168427,365777.05,2535274.48
168428,1598389.37,9208061.98
168429,5970238.12,22697576.6
168430,1054411.0,3561392.15
168431,2288955.09,9790299.15
168432,252329.55,1632093.93
168433,471778.2,2324812.63
168434,53638.79,612990.19
168435,4986.0,1206845.21
168436,3344.0,1089377.05
168437,62668.0,2171285.56
168438,721757.41,5018832.33
168439,2440.0,217818.65
168440,1039.0,256728.25
168441,292513.6,2366186.9
168442,55568.15,755098.64
168443,616675.27,18299807.34
168444,0.0,48820.0
168445,95439.0,23588.07
168446,28986.0,100340.0
168447,20938.91,902357.94
168448,96921.68,146535.31
168449,0.0,11204.93
168450,93952.86,1256759.0
168451,1433492.08,1376973.18
168452,288254.1,2216029.28
168453,51608.52,407520.77
168454,132221.44,354837.02
168455,185928.07,956184.58
168456,99251.49,349411.44
168457,0.0,241071.33
168458,24011.69,144288.29
168459,36172.39,629918.49
168460,30838.06,114278.95
168461,0.0,229549.51
168462,61549.53,4199204.89
168463,6460.0,490141.15
168464,68914.57,360905.38
168465,885146.18,1784981.49
168466,413980.42,1201284.96
168467,72963.0,1009078.11
168468,101360.94,334164.53
168469,0.0,4999.41
168470,77889.0,1054167.5
168471,3052431.24,75653161.32
168472,436499.98,1611665.02
168473,632850.7,12581691.12
168474,5755040.46,10959034.1
168475,0.0,258615.0
168476,11931.45,158056.47
168477,1884952.57,4566641.22
168478,183078.89,1399880.9
168479,3574836.17,21060094.34
168480,785276.13,2041617.19
168481,1017561.32,18563564.22
168482,197672.94,4633007.9
168483,1941152.59,4717686.97
168484,27388.45,772151.9
168485,100927.11,188039.32
168501,494792.6,4643906.84
168502,3342118.86,2342266.3
168503,50362.36,276100.59
168504,6243405.7,14543776.88
168505,23864.0,303433.51
168506,12404.47,651531.6
168507,5896277.92,7992435.8
168508,24728.0,2315643.3
168509,193337.77,3764932.19
168510,0.0,184856.51
168511,36046.99,984617.55
168512,69326.82,902152.66
168513,1967.0,101387.65
168514,118502.26,1130034.68
168515,254523.45,2045020.18
168516,14921623.52,15743920.68
168517,2476019.42,48254426.58
168518,141004.06,2329061.15
168519,1450.0,212019.31
168520,0.0,2199.0
168521,29445.77,2121997.56
168522,1444.0,54091.99
168523,277158.72,2787594.49
168524,731578.91,4603185.43
168525,987239.68,34170363.43
168526,211068.72,1373675.33
168527,9198.04,759472.11
168528,2389298.58,21349345.09
168529,684808.99,1853575.08
168530,33897.0,406385.97
168531,103773.0,1851412.8
168532,16269.33,1146776.45
168533,2000.0,405505.15
168534,2409743.84,3165622.1
168535,438770.08,1261086.12
168536,2744766.29,12517778.69
168537,15167160.45,11698544.5
168538,1451614.93,2978625.02
168539,35185.12,2870338.67
168540,0.0,28945.94
168541,152269.55,1929729.57
168542,162380.13,15524076.9
168543,193943.73,6270916.87
168544,19182591.92,18415440.66
168545,43183.78,1098880.16
168546,167471.13,651455.37
168547,493358.98,278198.25
168548,1037.0,282847.7
178601,0.0,22590.97
178602,280310.0,0.0
178605,0.0,41020.0
178606,119806.74,204658.15
178607,6279997.32,1578909.29
178608,1345.0,85587.8
178609,17507.05,21565.92
178701,806906.42,20022928.31
178702,853523.09,3129057.97
178703,708904.58,143808317.8
178704,2720364.84,38050402.61
178705,74014.0,11068524.76
178706,40057.0,1041396.01
178707,129578.81,363846.48
178708,15913567.25,19303901.94
178709,13189.0,1324708.01
178710,2777.0,0.0
178711,42653.88,4533983.69
178712,2445246.49,991659.42
178713,0.0,513215.08
178714,30777.0,1679922.82
178715,3455.0,609480.69
178716,290795.96,11037617.88
178801,0.0,1375.0
178802,0.0,8602434.0
178803,20665.0,412133.0
178804,3203.0,14842.48
178903,61480.49,210709.93
189001,83248.0,552864.58
189002,6384.0,368609.18
189003,2548.58,289590.85
189004,6771.0,422903.03
189005,795078.0,30316.68
189006,2111.0,418926.89
189007,2055.0,106225.18
189008,7992.0,36988.46
189010,14672.84,209845.0
189011,9112.08,317373.75
189012,3496.0,32923.0
189013,39544.0,779131.52
189014,11032.0,32701.0
189015,72818.0,812362.53
189016,0.0,46893.83
189017,8826.0,327475.26
189018,11677367.13,28160521.06
189019,505560.65,1530788.7
189020,0.0,37036.73
189021,881454.04,9548108.83
189022,129636.62,8965416.32
189023,13151.2,247837.01
189024,50878.0,82595.47
189025,20961.79,567997.95
189026,119755.61,1996142.83
189027,391437.55,5774472.24
189028,173490.99,3059213.67
189029,88299.0,227201.19
189030,703910.58,2153011.36
189031,1253554.28,5054941.79
189032,416648.59,3959902.17
189033,960717.0,690815.55
189101,1023.0,79535.0
189102,394768.61,1043189.92
189103,0.0,14883.3
189105,3449.08,188984.36
189106,0.0,20623.63
189107,1848.67,52095.48
189108,0.0,1889.0
189109,0.0,15884.0
189110,0.0,28811.0
189113,0.0,10928.68
189114,0.0,29301.0
189201,0.0,33837.88
189202,1106.0,116916.33
189205,2977.36,50003.48
189206,0.0,49014.28
189207,15418.0,437670.27
189208,0.0,2436.0
189209,2978.0,92729.19
199302,0.0,23000.0
199303,0.0,22449.0
199304,0.0,131491.0
199305,0.0,6810.0
199306,0.0,155914.0
209401,14107026.66,11731025.66
209402,24599.31,1057558.76
209403,10940275.83,15807658.79
209404,8506986.19,3562179.3
209405,1035885.3,7640673.78
209406,122175.59,1029634.1
209503,1843455.72,5206539.19
209504,323527.04,13764813.27
209505,55602.35,800565.41
209506,748446.7,2563212.64
209507,1641.0,332524.07
209508,1205.0,26751.36
209601,0.0,2092.31
209602,0.0,32185.94
209603,45786.05,1476512.34
209604,10147.0,2759.0
209605,2456.0,12463.0
209606,52924.39,11539771.19
209607,258539.39,5932431.38
209608,21633.08,1013628.01
209609,3487.0,230542.99
209610,0.0,52474.56
209611,71610.07,86403.22
209612,5877.33,343877.23
209613,80084.86,436616.56
209614,0.0,3853.88
209615,14728.42,191984.41
209616,0.0,73809.65
209617,0.0,35006.42
209618,1141.39,41996.94
219701,385382.46,79132.62
219702,0.0,8073.98
219703,52900.0,6832.66
219704,215301.38,0.0
219705,15130.0,2000.0
219706,196824.0,0.0
