010104,0.0,389985.0
010105,10131.0,3683.0
010205,1851.7,0.0
010206,182182.54,0.0
010207,0.0,738447.39
010210,10192.51,0.0
010301,1886.0,0.0
010302,23154173.89,6976.0
010303,182040909.68,5133482.0
010304,4740421.47,26102.0
010305,3296629.42,23389.0
010306,9466208.0,210482.0
010307,110861246.49,9172.0
010401,0.0,5063602.88
010402,8395.51,6005340.08
010403,0.0,703283.79
010405,1769.04,4803.29
010406,13239.73,123788.0
010407,1086.18,68645.73
010408,0.0,2892.51
010502,0.0,91682.0
010504,0.0,5460.0
010511,48447.19,11699.0
020602,0.0,8938.0
020603,0.0,3446.0
020701,0.0,14479.38
020702,35392.69,79781.15
020703,0.0,11362.85
020704,0.0,63196.93
020705,0.0,1571.0
020706,0.0,63303.19
020707,6154.69,3105.69
020708,63634.44,10935.0
020709,154203.3,44808.85
020710,0.0,1446.0
020713,1497.97,178874.0
020714,0.0,2354.0
020801,0.0,9201.0
020802,0.0,7342.0
020803,0.0,237642.28
020804,5303.39,348366.96
020805,7890.43,461944.9
020806,5848.52,64839.03
020807,184984.65,8665.39
020808,0.0,676634.53
020809,0.0,11024.64
020810,13456.7,38018.76
020811,0.0,1310.0
020813,0.0,4018.47
020901,0.0,26379.0
020902,0.0,5708227.26
020906,0.0,10399.0
020910,0.0,2319.0
021003,0.0,127083.06
021005,0.0,7945.59
021006,5123.44,0.0
021101,16849.95,1383675.56
021102,0.0,9464.76
021103,0.0,2287378.53
021104,0.0,62765.56
021105,0.0,22693.61
021106,0.0,4844.46
021201,3113.87,4449.0
021202,6896.89,0.0
021301,0.0,18691.83
021302,0.0,8617.0
031501,0.0,24716.08
031504,63427.52,0.0
031507,0.0,10449245.23
031508,0.0,189728.04
031509,0.0,13978.63
031511,4835.13,1916420.0
031512,0.0,272604.73
031513,0.0,715985.0
031516,25838.88,45544.64
031517,0.0,711271.0
031519,21650.33,0.0
031522,1119.81,0.0
041601,0.0,4607.0
041602,0.0,4885.22
041604,222733.74,555870.1
041605,635214.89,0.0
041701,52850.45,23271365.57
041702,0.0,61026.0
041704,15776.13,1182031.43
041801,450314.45,0.0
041805,0.0,1367.0
041806,0.0,267634.3
041901,43738.38,267455.77
041902,35250.43,219262.69
041904,0.0,380545.31
041905,35219.2,782641.89
042001,16169.31,12627.57
042002,0.0,22779.98
042004,0.0,5584.0
042005,28726.2,523271.47
042007,0.0,11911.86
042008,0.0,57918.34
042009,30833.81,426361.17
042101,0.0,817045.45
042102,0.0,100352.0
042103,0.0,71120.7
042104,0.0,1518903.57
042105,18877.29,120101.0
042106,47365.0,182178.29
042201,3259.54,6308.22
042202,9225.87,1301071.69
042203,777729.43,18830.0
042204,5908.07,6791.0
042207,76151.11,24291.0
042208,10923.64,54340.0
042209,0.0,2647.28
042301,12164392.1,425280.0
042306,0.0,22474.52
042309,9736.4,0.0
042401,0.0,442782.63
042402,0.0,15842626.66
042403,0.0,42857.0
052501,0.0,71516.62
052505,0.0,21517.47
052508,2434.33,41048.0
052510,10967.25,0.0
052511,0.0,49200.0
052513,0.0,56017.0
052515,0.0,7892.0
052516,287396.49,3652.81
052520,19712.28,44247.25
052522,0.0,235601.03
052523,5546.81,12562314.35
052526,0.0,7036.0
052530,12303.94,0.0
052601,240817923.18,0.0
052701,0.0,1402.57
052703,0.0,6185.0
052709,0.0,2577.0
052710,2637.83,20968710.72
052711,7420.54,335695.5
052712,0.0,115455.93
052713,0.0,1777843.72
052714,0.0,335379.14
052715,0.0,1475.76
062803,0.0,7501.0
062804,0.0,21674.69
062807,0.0,25137.41
062808,72399.91,0.0
062809,0.0,4818.44
062811,0.0,71808.0
062814,0.0,11132.64
062815,0.0,406718.21
062816,0.0,1385.82
062818,0.0,1000.0
062819,0.0,5699.0
062821,0.0,7433.75
062823,0.0,19363.31
062827,0.0,10044.0
062828,0.0,36855.31
062829,0.0,2312.0
062831,0.0,12400.0
062832,0.0,25715.0
062833,0.0,236266.0
062834,0.0,9000.0
062835,5180.25,5460.0
062836,0.0,20665.98
062839,0.0,131532.0
062844,0.0,1404.0
062849,0.0,53003.68
062851,22335.11,25784.0
062903,1488.99,32637.0
062904,5497.53,0.0
062905,0.0,10592.0
062906,0.0,29900.0
062907,0.0,9764.0
062908,0.0,5023.0
062915,0.0,20119.0
062919,0.0,3379.98
062922,0.0,115248.0
062924,0.0,282297.0
062929,0.0,130533.0
062930,0.0,41862.0
062938,0.0,10006.0
062939,0.0,91051.0
062941,0.0,96600.0
063002,0.0,232562.28
063003,30334.0,103023.0
063004,48506.0,3344609.11
063005,0.0,173267.0
063006,0.0,424281.0
063103,4120.66,406439.0
063104,17581.68,0.0
063105,2192546.29,47886.18
063203,0.0,6001.0
063204,0.0,1711391.0
063205,0.0,153996.0
063206,0.0,6373.0
063208,0.0,751621.13
063209,6114.75,28786.65
063210,0.0,111708.0
063212,12375.38,85458.0
063214,0.0,82034.86
063215,0.0,29563.0
063301,145297.0,206875.0
063302,0.0,128414.64
063303,0.0,532948.16
063304,14727.0,177938.05
063305,100634.54,160784.27
063306,3254.0,235651.0
063307,8355.0,1575583.25
063401,92405.24,1139453.75
063402,11515.68,933814.59
063403,0.0,74322.54
063405,10809.0,21843.0
063406,0.0,506081.22
063407,0.0,1423.0
063503,0.0,21063.0
063506,0.0,193965.16
063507,0.0,3762.0
063602,45277.05,65284.43
063603,0.0,177739.0
063604,0.0,12237.0
063605,0.0,448600.76
063606,0.0,180640.0
063701,0.0,5260.0
063702,0.0,8085.0
063703,0.0,114232.0
063706,2292.0,0.0
063707,0.0,79950.09
063804,0.0,55031.0
063807,0.0,22011.23
063808,10952.0,1211011.49
063809,0.0,48223.0
063813,0.0,35167.0
063814,8689.29,80113.0
063816,0.0,6370.32
063817,107700.13,0.0
063820,0.0,1797.0
063822,0.0,24242.0
063823,0.0,179391.37
073901,60237.32,1136151.21
073902,0.0,277398.93
073903,0.0,41164.77
073904,0.0,51195.0
073906,0.0,66754.04
073907,19685.44,167364.37
073909,0.0,109860.54
073910,0.0,8649.0
073911,1062.71,267776.53
073912,12673.23,0.0
073915,0.0,89858.99
073916,0.0,1447.0
073917,0.0,652406.9
073918,0.0,241714.88
073919,0.0,125316.0
073920,1219.89,71697.0
073921,90157.57,396309.62
073922,1333.0,37947.48
073923,21327.21,1469567.08
073924,1242.97,1190321.18
073925,0.0,109768.66
073926,46043.86,889995.08
074001,0.0,3250.62
074002,0.0,1349.0
074003,0.0,5767.0
074005,0.0,34270.9
074006,0.0,4423.0
074007,0.0,1534.22
074008,0.0,520104.0
074009,0.0,35828.0
074010,0.0,542718.17
074011,240865.03,4261537.3
074012,1028.42,145120.02
074013,6079.52,98455.57
074014,0.0,29537.0
074015,0.0,135589.0
074016,1886.0,264329.85
074017,0.0,2603.0
084101,59007.03,0.0
084102,682109.21,0.0
084103,13156.76,0.0
084202,34320.0,2039140.33
084203,5114.0,85381.34
094401,0.0,419392.67
094403,0.0,251505.61
094404,0.0,1829.28
094406,0.0,1105041.0
094407,0.0,1561786.69
094408,0.0,102560.65
094409,3374.77,86787.06
094410,0.0,10669.0
094411,0.0,10531.0
094412,188641.74,1321639.53
094414,0.0,7274.0
094415,0.0,4009.0
094417,0.0,17361.0
094418,0.0,404961.12
094419,0.0,6554.0
094420,0.0,114257.0
094421,1751.17,19339.0
094501,0.0,1021.0
094601,0.0,158982.1
094602,0.0,36592.0
104702,5165.84,0.0
104707,20911.18,3927.0
104801,1926.59,336413.48
104802,0.0,1239420.99
104803,0.0,327063.16
104804,0.0,708485.17
104805,0.0,751844.43
104806,0.0,2083.23
104807,0.0,12252.81
104808,0.0,574815.31
104809,0.0,156683.2
104810,0.0,774866.29
104811,0.0,28852.0
104815,0.0,152118.73
104816,0.0,1575.0
104817,0.0,10187.37
104818,680778.75,724184.78
104819,0.0,2952686.12
104820,0.0,836407.51
104821,0.0,19167.73
104823,0.0,790256.31
104901,750423.0,505303.62
104902,7478.07,0.0
104903,0.0,53498.0
104905,2424.0,0.0
104906,0.0,8190.0
104907,0.0,1716349.0
104909,7201.0,0.0
104910,1275.0,2864.0
104911,10235.0,111508.77
115006,0.0,547380.0
115007,0.0,1212.0
115108,0.0,100573.0
115111,0.0,40560.0
115112,0.0,113533.0
115204,6539.0,45069.0
115205,0.0,642877.03
115206,0.0,127738.0
115207,0.0,447076.0
115208,152050.0,9464562.04
115209,94989.08,421130.07
115210,0.0,327196.0
115211,0.0,51143.72
115212,16633.0,335919.57
115304,0.0,22299.0
115307,77688.55,0.0
115310,58700.65,9960.65
115401,1652.0,25169.0
115402,0.0,86152.48
115404,7547.0,18893.0
115406,0.0,111574.0
115407,37083.0,3580138.03
115408,0.0,483476.0
115504,0.0,8524.0
115505,13309.5,0.0
115506,0.0,43695.0
115508,0.0,189772.0
115509,0.0,164943.0
115510,0.0,11286.0
115511,0.0,3940.0
115512,0.0,111545.81
115513,0.0,392957.22
115514,0.0,664125.09
115515,0.0,95283.0
115516,0.0,2889304.55
115603,0.0,30738.0
115604,0.0,4200.0
115607,0.0,802180.0
115608,0.0,995115.16
115609,0.0,82423.0
115701,6329.0,110640.18
115702,0.0,105116.62
115703,0.0,71761.21
115704,0.0,10217.83
115705,3892.29,502161.91
115801,0.0,834149.0
115804,0.0,17818.0
115805,4066.0,9789.0
115806,0.0,1594426.0
115807,7027.0,21380.0
115808,0.0,2801.0
115810,2703.0,52717.0
115901,0.0,17265.65
115902,0.0,163983.0
115903,0.0,140981.54
115906,1772.0,0.0
115909,0.0,2914.0
115910,0.0,5035.0
115911,2670.0,40715.49
116001,6301.0,30790.0
116002,21607.0,205664.0
116101,0.0,21209.0
116102,2348.0,9792.0
116103,1000.0,62891.0
116104,3405.0,1413181.14
116105,40031.0,42973.0
116106,3800.0,234843.0
116107,9045.0,27585.0
116108,0.0,163736.0
116109,97715.0,366288.87
116110,350743.0,52699.0
116111,9213.0,55804.0
116112,71927.0,42831.0
116113,0.0,1067.0
116114,0.0,55505.13
116115,0.0,37461.0
116117,2510.0,26536.0
116201,27723.0,13804.0
116202,9239.0,182308.0
116203,3875501.0,2175167.27
116204,640988.0,2750423.19
116205,84751.0,1082340.66
116206,86826.0,160906.79
116207,0.0,90401.0
116208,0.0,46428.0
116209,0.0,115586.0
116210,17349.0,266933.87
116211,20487.0,435417.0
116212,5647.0,29997.0
116214,4027.0,6197.0
116216,0.0,13264.0
116217,0.0,179037.0
116301,2708.0,3544820.73
116302,0.0,529626.94
116303,0.0,176528.28
116304,0.0,24100.76
116305,0.0,393052.0
116306,0.0,29490.4
116307,0.0,91937.0
116308,0.0,8324.0
116309,5388.11,348738.66
116310,8328.66,5479.0
126401,0.0,279224.66
126402,0.0,3283390.92
126403,410079.0,108530.08
126404,0.0,274204.16
126405,31648.0,133715.8
126406,0.0,218216.32
126505,30820.0,2169.0
126506,0.0,2413.0
126601,0.0,2337.0
126702,0.0,85833.0
126704,0.0,10930.0
136801,0.0,4384.82
136802,0.0,248374.17
136804,0.0,580442.0
136805,0.0,22625.0
136806,0.0,42451.0
136807,0.0,21576.92
136808,0.0,14947.0
136809,0.0,2496.0
136810,0.0,206720.75
136813,0.0,1820.0
136815,1449.99,5041.0
136901,0.0,27986.82
136902,0.0,26730.36
136903,0.0,10611.0
136904,4709.05,0.0
136905,0.0,106692.88
136906,0.0,16069.0
136907,0.0,180078.47
136908,0.0,2215104.33
136909,0.0,30399.0
136910,4871.0,410875.57
136911,0.0,21862.82
136912,10747.24,18868.96
136913,0.0,14538.0
136914,3704.11,12147.17
137002,0.0,1411.0
137003,0.0,40524.25
137004,0.0,40546.44
137005,0.0,160444.02
137007,0.0,65046.93
137009,0.0,180294.14
137010,0.0,497372.87
137011,0.0,13609.58
137013,3390.11,975989.54
137014,0.0,3693.0
137016,0.0,7793.91
137017,0.0,2109.0
137018,0.0,25377.0
137019,9098.0,633618.53
137020,1987.43,18809.0
147102,1706441.0,177222.0
147103,4744.58,0.0
147108,59212.0,76034.0
147112,47538.0,0.0
147113,114014.0,61153.0
147114,0.0,4258.0
147117,3353.0,21556.96
157201,0.0,2650.46
157202,0.0,2779.3
157204,22334.24,208933.0
157208,0.0,119155.0
157209,0.0,316713.58
157210,47957.38,2666894.24
157211,0.0,224801.0
157212,0.0,33838.0
157213,0.0,25013.0
157214,0.0,704093.24
157215,0.0,386791.39
157216,0.0,383127.0
157217,21481.65,673407.19
157218,0.0,1666.93
157219,0.0,10224.13
157220,0.0,64173.0
157222,0.0,5652.0
157223,0.0,10246.0
157224,0.0,12747.51
157225,0.0,80694.0
157226,0.0,19095.0
157228,0.0,14906.13
157229,0.0,34907.36
157301,0.0,13327.96
157302,0.0,4344.7
157303,0.0,22360.83
157304,0.0,1197230.1
157305,16175.66,12137.77
157306,0.0,967301.4
157307,0.0,229322.81
157308,0.0,2233708.23
157309,0.0,64269.5
157310,0.0,936063.8
157311,4977.47,306201.61
157312,43143.27,1038074.62
157313,0.0,15450.02
157314,0.0,251445.15
157315,0.0,122409.0
157317,0.0,520378.98
157318,14928.38,127143.46
157320,0.0,25637.0
157321,0.0,231904.45
157322,0.0,1837.0
157323,0.0,1196741.03
157324,0.0,9604.96
157325,0.0,252120.78
157326,18273.98,1611642.67
157403,1345834.05,0.0
157404,250734.71,68934.0
157407,0.0,7561.0
157409,0.0,12150.91
157411,0.0,2570.0
157413,0.0,27483.0
157415,0.0,5991.0
157416,1595.0,0.0
157418,0.0,74197.0
157419,0.0,7356.0
157603,0.0,121425.0
157604,0.0,563246.67
157605,0.0,363514.0
157606,0.0,57467.91
157607,0.0,10847.87
157608,3724.0,0.0
157610,0.0,64699.98
157612,0.0,999937.0
157613,0.0,25419.0
157614,0.0,80551.0
157615,2676.0,1385.54
157616,0.0,78138.73
157905,0.0,86901.63
157907,0.0,16484.18
158201,0.0,51176.11
158202,0.0,39329.0
158203,0.0,3109.0
158204,0.0,19176.0
158205,0.0,94826.55
158206,0.0,25075.0
158207,65376.0,2852289.0
158208,0.0,2730.0
158211,0.0,56778.0
158212,1056.0,96804.0
158213,0.0,1793.0
158214,0.0,8252.0
158215,1028.0,164160.0
158301,0.0,203622.09
158302,8198.16,112813.0
158303,0.0,51921.72
158306,94977.0,5000.0
158307,0.0,7550.0
158308,0.0,212219.0
158309,0.0,346721.72
158311,0.0,231583.59
168402,0.0,94501.0
168405,0.0,50088.0
168407,1998.52,727633.88
168408,1889.0,408789.0
168409,91214.0,6406786.03
168410,0.0,504321.0
168411,146640.0,681497.0
168412,0.0,191650.0
168413,8692.0,1938352.9
168414,62703.0,1629166.67
168415,9976.0,540110.75
168416,1672.0,42033.0
168417,0.0,15578.0
168418,26175.0,1064265.62
168419,0.0,146536.0
168420,1073.0,18478.0
168421,19319.0,628151.38
168422,1378.0,1020078.23
168423,1687.0,57473.01
168424,0.0,183584.97
168425,14074.0,445935.11
168426,0.0,66605.0
168427,1991.0,186822.3
168428,0.0,129138.86
168429,140307.0,1554524.68
168430,0.0,519600.0
168431,24928.0,3013158.94
168432,0.0,17887.0
168433,89127.99,54673.0
168435,0.0,1703.0
168437,0.0,27634.0
168438,1137.0,304670.68
168440,0.0,33183.0
168441,0.0,30817.0
168443,0.0,25026.84
168445,1577.0,0.0
168446,0.0,19033.0
168447,109360.0,0.0
168448,1136.0,26167.0
168450,0.0,466295.0
168451,0.0,20405.0
168452,0.0,28328.18
168453,0.0,12740.0
168454,0.0,26789.0
168455,0.0,31183.0
168456,0.0,6710.0
168459,100095.0,14706.0
168461,0.0,27010.0
168462,0.0,193993.0
168464,0.0,171295.0
168465,0.0,13214.0
168466,0.0,108708.0
168467,4869.0,153665.0
168468,0.0,55866.0
168470,7767.0,3408.0
168471,1599812.0,962469.12
168472,217932.0,35494.0
168473,1886.0,641228.52
168474,0.0,1982575.7
168475,0.0,9833.0
168477,5689.0,795685.13
168478,0.0,17428.0
168479,59088.0,2569279.12
168480,18786.0,11608.0
168481,0.0,208525.38
168482,3773.0,466920.82
168483,37949.0,502130.76
168484,0.0,168386.0
168485,116085.0,344042.95
168501,293838.0,410211.96
168502,0.0,446273.42
168503,24656.0,94097.15
168504,30286.0,1716177.07
168505,8804.0,3068.0
168506,29194.0,2240630.35
168507,29361.31,661923.06
168508,0.0,58318.73
168509,0.0,54290.87
168511,0.0,51246.0
168512,0.0,31128.57
168513,0.0,516102.97
168514,0.0,44376.0
168515,0.0,208634.0
168516,0.0,227223.6
168517,96379.0,393813.68
168518,4363.0,29526.0
168519,0.0,3544.0
168520,0.0,2452.0
168521,54844.0,242122.0
168522,0.0,7931.0
168523,80086.0,231791.64
168524,8248.0,1122781.0
168525,2916.0,304707.73
168526,18373.0,328363.84
168527,637833.0,206037.96
168528,20927.0,573833.01
168529,33713.0,1697323.87
168530,0.0,1005.0
168531,0.0,10478.67
168532,2367.0,2819.0
168533,0.0,24627.0
168534,5276.0,126744.0
168535,0.0,404014.0
168536,19335.0,559319.36
168537,0.0,1134798.71
168538,0.0,35058.0
168539,1052.0,94613.0
168540,0.0,7477.0
168541,215842.0,271164.0
168542,440468.0,16962.0
168543,4717.0,301385.1
168544,0.0,1743111.85
168546,0.0,127472.0
168547,0.0,25167.0
168548,0.0,28211.0
178607,2551.0,9870533.53
178609,0.0,10817.0
178701,447900.51,1045159.51
178702,50729.0,2050809.01
178703,680833.0,11378805.96
178704,37462.0,8857602.11
178705,0.0,686602.12
178706,0.0,13522.0
178707,0.0,2447.0
178708,5058.33,1213765.83
178709,0.0,7516.0
178711,4942.0,553093.0
178712,0.0,10957.16
178714,0.0,3285.0
178716,95132.18,867333.7
178801,0.0,1983.0
178802,381213.0,0.0
178803,61326.0,553349.0
178804,135862.0,0.0
178901,0.0,425126.63
178902,1355514.42,4664991.45
178903,659034.0,93125.0
178904,9624.0,0.0
178905,0.0,1132973.0
178906,0.0,10153000.0
178907,5508.0,53855.0
178908,0.0,7253.0
189001,0.0,4317.0
189002,0.0,10352.0
189004,67723.0,205372.0
189005,0.0,2876.0
189007,0.0,8021.0
189008,0.0,20876.0
189009,0.0,11247.0
189011,40943.0,5038.0
189012,0.0,6802.0
189014,14210.0,49895.0
189015,4370.0,365144.15
189017,0.0,50616.0
189018,28322.0,373161.46
189019,0.0,1456.0
189020,0.0,8638.0
189022,0.0,120764.0
189024,0.0,8413.0
189025,21289.0,3493.0
189026,0.0,156179.0
189027,150753.0,23620.0
189028,0.0,127164.0
189030,12512.0,25194.0
189031,7160.0,73713.0
189032,5111.0,91446.36
189033,0.0,100789.0
189102,1886.0,37827.0
189103,0.0,2295.0
189202,0.0,2510.0
189207,0.0,1593.0
199303,0.0,1961.0
199306,0.0,167576.33
209401,17934.55,428639.91
209402,0.0,56579.34
209403,29142.62,3774411.65
209404,1033.0,102847.23
209405,0.0,310460.0
209406,0.0,552799.0
209501,0.0,16273.02
209502,0.0,4895.0
209503,0.0,51731.54
209504,0.0,32834.0
209505,0.0,43310.39
209506,0.0,51453.61
209507,31939.0,218476.0
209603,0.0,140677.0
209606,0.0,18273.0
209607,0.0,68629.0
209608,0.0,54814.0
209609,0.0,1267.0
209610,0.0,7869.0
209612,0.0,10415.0
209613,0.0,236454.01
209615,10122.0,182184.0
209616,0.0,17113.0
209617,0.0,32376.0
219701,0.0,11308.0
