010106,140982.0,4708.0
010202,0.0,22816.0
010203,0.0,35931.0
010207,0.0,51716.0
010303,0.0,1409.0
010305,0.0,5261.0
010307,0.0,216639.0
010401,0.0,14299.0
010402,0.0,199541.0
010403,0.0,7958.0
010405,0.0,8955.0
010406,0.0,18919.0
010407,0.0,495904.0
010408,0.0,34490.0
010409,29712.96,0.0
010504,0.0,7534.0
010511,0.0,22842.0
020601,0.0,6267.0
020603,105770.0,0.0
020604,0.0,1471.0
020701,0.0,366522.0
020702,113685.9,11471.0
020703,2271766.85,0.0
020706,89706.89,0.0
020708,84339.43,0.0
020709,435332.96,0.0
020711,0.0,53764.0
020712,190601.34,7520.0
020713,432408.44,24092.0
020802,569807.68,0.0
020804,18237.03,50982.0
020805,110588.92,29866.0
020806,3197962.61,3538.0
020807,13958.48,0.0
020808,3003131.8,5099.0
020809,214988.05,23811.0
020810,813475.38,0.0
020811,14326.66,0.0
020813,18181424.12,0.0
020901,61654.0,25426.0
020902,21250.0,1620551.0
020904,32575.12,11655.0
020905,0.0,1464.0
020906,2914.91,0.0
020910,8590.89,0.0
021001,119652.7,33288274.0
021003,0.0,9500.0
021005,15560.98,1490.0
021006,995514.97,80545.0
021008,0.0,23716.0
021101,0.0,9426001.0
021103,0.0,359369.0
021104,0.0,104725.0
021107,0.0,242474.0
021108,0.0,56892.0
021202,1259694.17,23139.0
021206,6223.17,0.0
021207,5079.42,0.0
021209,16593.0,1639.0
021210,0.0,5664.0
021211,2842.62,0.0
021212,280122.95,0.0
021402,10108.0,0.0
021403,10350.54,0.0
021404,2692996.1,20858.0
031502,0.0,103529.0
031507,0.0,68694.0
031509,0.0,2825.0
031511,0.0,1639.0
031512,0.0,1640135.0
031514,0.0,100274.0
031515,0.0,1429.0
031516,11799.0,302223.0
031517,0.0,74482.0
031518,0.0,2549.0
031522,6887.86,0.0
041601,0.0,35718.0
041602,0.0,205417.0
041604,4056.0,74826.0
041701,0.0,6877216.0
041702,10539.94,0.0
041704,16595.65,2092984.0
041805,0.0,6215.0
041806,0.0,284321.0
041901,0.0,37429.0
041902,0.0,1921662.0
041904,0.0,8244.0
041905,0.0,2010257.0
042001,128981.33,4012.0
042002,2084456.23,125830.0
042005,1645.9,16877.0
042007,36349.79,5842.0
042008,306128.62,0.0
042009,3709317.5,43710.0
042101,0.0,30749.0
042102,0.0,35139.0
042103,0.0,45142.0
042104,0.0,165417.0
042105,10820.65,82099.0
042106,98003.0,397201.0
042202,42058.97,323195.0
042203,0.0,205901.0
042207,0.0,49840.0
042208,0.0,20521.0
042209,0.0,1349.0
042306,0.0,1935.0
042309,0.0,37531.0
042401,8152215.95,186545.0
042402,48151.0,102016.0
042403,0.0,414764.0
052501,7723.17,9160.0
052506,0.0,8832.0
052507,0.0,7161.0
052508,0.0,3500.0
052514,0.0,9200.0
052515,0.0,12613.0
052516,11580.82,23069.0
052517,0.0,1802.0
052519,0.0,11573.0
052520,3667.07,2197.0
052523,0.0,94260.0
052524,0.0,51100.0
052529,32121.88,1153.0
052530,0.0,13256.0
052607,344438.27,0.0
052617,23607.99,0.0
052620,41352.2,0.0
052621,0.0,5500.0
052701,0.0,38479.0
052702,0.0,6004.0
052704,0.0,18341.0
052708,0.0,3335000.0
052709,174367.45,0.0
052710,182639.58,4511167.0
052711,0.0,61850.0
052712,0.0,6965.0
052713,249308.02,13011283.0
052715,0.0,3802.0
052716,1252200.0,3860100.0
062801,53719.73,0.0
062804,0.0,18901.0
062806,0.0,47245.0
062811,0.0,6485.0
062815,0.0,56773.0
062818,0.0,22181833.0
062819,0.0,4343.0
062824,0.0,1624.0
062826,0.0,8295286.0
062833,0.0,9103.0
062834,24207.0,0.0
062835,0.0,86624.0
062836,0.0,609544.0
062837,0.0,331066.0
062840,0.0,3298.0
062841,174799.15,140473.0
062847,0.0,42354.0
062849,0.0,150207.0
062909,0.0,26354.0
062916,0.0,63520.0
062918,0.0,4595.0
062922,0.0,54358.0
062924,0.0,5746.0
062926,3547.0,0.0
062929,0.0,1690.0
062930,0.0,22860.0
062941,0.0,26139.0
063002,4250.0,357528.0
063003,0.0,5448.0
063004,3116.0,2596120.0
063005,0.0,60776.0
063006,0.0,57786.0
063102,0.0,1012399.0
063103,231389.51,43500.0
063104,0.0,27283.0
063105,0.0,83900.0
063202,55268.2,0.0
063203,0.0,10420.0
063204,42182.0,316506.0
063206,0.0,1750.0
063207,0.0,7116.0
063208,0.0,1105161.0
063209,0.0,291335.0
063210,0.0,158682.0
063212,0.0,2354.0
063213,0.0,52780.0
063214,3990.72,354174.0
063215,6151.0,18884.0
063301,0.0,2000.0
063302,0.0,35022.0
063303,0.0,11450.0
063304,61175.0,12301.0
063305,5678.0,318845.0
063306,0.0,237342.0
063401,0.0,3300994.0
063402,0.0,643532.0
063403,0.0,72484.0
063404,0.0,34194.0
063405,0.0,28231.0
063406,0.0,21524.0
063501,0.0,5762.0
063505,0.0,281457.0
063506,0.0,96062.0
063507,0.0,2825.0
063602,2417206.06,0.0
063605,0.0,185014.0
063701,0.0,47419.0
063801,0.0,972155.0
063802,0.0,55254.0
063808,0.0,634766.0
063811,0.0,2239.0
063812,4216.46,21143.0
063813,0.0,3439.0
063814,0.0,82338.0
063820,0.0,18591.0
063821,0.0,1874.0
063822,0.0,61364.0
063823,6308.0,65564.0
073901,831900.0,154887.0
073902,0.0,37449.0
073904,0.0,47745.0
073905,0.0,396239.0
073906,0.0,110779.0
073909,0.0,4128.0
073911,0.0,37800.0
073915,0.0,34720.0
073916,31063.6,0.0
073917,3238.0,63404.0
073918,0.0,7652.0
073919,2624.0,2440.0
073920,15691.0,228014.0
073921,22672.21,140426.0
073922,1991.0,10028.0
073923,12172.73,897326.0
073924,52031.0,596595.0
073925,0.0,19291.0
073926,130542.15,214654.0
074001,0.0,15002.0
074002,0.0,57022.0
074003,0.0,1580.0
074005,0.0,1412.0
074007,0.0,29392.0
074008,0.0,22826.0
074009,11505.0,35956.0
074010,1048.0,93791.0
074011,11760.0,2984909.0
074012,0.0,66189.0
074013,0.0,17179.0
074014,115330.0,187766.0
074015,93361.24,19253.0
074016,32461.0,63424.0
084101,73873.11,0.0
084102,257345.96,0.0
084104,5330.0,0.0
084202,17669.0,215315.0
084203,0.0,26385.0
084301,2823.0,0.0
084302,4383.0,0.0
094401,0.0,23673.0
094403,0.0,111110.0
094407,0.0,1729049.0
094408,0.0,1700.0
094409,0.0,24659.0
094410,0.0,438497.0
094411,0.0,597112.0
094412,17266.94,86577.0
094413,0.0,12436.0
094415,0.0,11714.0
094418,14036.92,348516.0
094421,0.0,15317.0
104801,0.0,251962.0
104802,0.0,90023.0
104804,0.0,46575.0
104805,0.0,10145.0
104808,0.0,18876.0
104810,0.0,27718.0
104811,0.0,2746.0
104812,0.0,1714.0
104813,22692.0,83733.0
104814,0.0,43991.0
104816,0.0,1440.0
104817,0.0,2171.0
104818,0.0,63878.0
104819,3805.12,670341.0
104820,845400.0,120599.0
104821,0.0,19141.0
104822,0.0,32695.0
104823,0.0,44644.0
104901,1411.0,965727.0
104902,0.0,8964.0
104905,0.0,1000.0
104907,2999.0,6549653.0
104909,6028.0,2167.0
104910,0.0,7338.0
104911,0.0,93578.0
115003,653906.22,0.0
115101,389242.95,0.0
115102,92626.17,0.0
115109,1103.0,0.0
115201,79495885.16,0.0
115202,602644.78,0.0
115203,270462.97,0.0
115204,70096.0,2843.0
115205,5905711.6,20583.0
115206,86939.32,0.0
115207,37360.0,0.0
115208,11688234.28,3625.0
115209,22766712.51,359788.0
115210,0.0,13833.0
115212,92872.0,16000.0
115306,0.0,9827.0
115309,0.0,19435.0
115401,0.0,10018.0
115402,128794.0,868764.0
115403,0.0,111186.0
115405,0.0,12083.0
115407,43700.0,5892.0
115408,1442373.0,0.0
115503,0.0,114098.0
115504,0.0,1883.0
115505,13629.58,0.0
115512,0.0,52330.0
115513,38074.0,19171.0
115514,0.0,4524.0
115515,0.0,13207.0
115516,7459.0,0.0
115601,96342.0,0.0
115602,15544.0,5424.0
115603,58156.48,38660.0
115607,0.0,9934.0
115701,1444.0,0.0
115702,229604.0,1625270.0
115703,28198.17,4981.0
115704,0.0,5324.0
115705,1239.0,15243.0
115801,0.0,117244.0
115802,4366.0,0.0
115804,0.0,179648.0
115806,130550.0,7648.0
115807,1160.0,2825.0
115808,0.0,1164.0
115810,8237.0,0.0
115903,3949.0,17596.0
115904,0.0,74974.0
115905,0.0,1356.0
115906,0.0,7325.0
115909,0.0,9625.0
115911,15249.0,4379.0
116001,0.0,60347.0
116002,68380.0,4534.0
116101,0.0,100574.0
116102,0.0,110072.0
116103,0.0,530510.0
116104,6164.0,698820.0
116105,0.0,7500.0
116106,2246.0,3000.0
116107,5874.0,18725.0
116108,16686.0,1715.0
116109,138374.0,21947.0
116110,1490.0,60291.0
116111,2104.0,150117.0
116112,2075.0,662523.0
116113,0.0,34597.0
116115,66200.0,639727.0
116116,63589.0,8400.0
116117,5645.0,1051.0
116201,7602.0,33921.0
116202,0.0,415209.0
116203,4384229.0,690779.0
116204,14916.0,4392.0
116205,446167.0,93981.0
116206,1740.0,1772.0
116207,5308.0,14203.0
116208,1002.0,0.0
116209,58061.0,30628.0
116210,0.0,112166.0
116211,89731.0,38415.0
116212,14277.0,0.0
116213,3827.0,0.0
116216,26475.0,0.0
116217,9435.0,6664.0
116301,23962.0,18325.0
116302,470121.0,5116.0
116304,0.0,5217.0
116305,0.0,95000.0
116306,0.0,33570.0
116307,7487.0,167691.0
116309,0.0,63426.0
116310,37442.74,1489.0
126401,0.0,2644151.0
126402,3074.0,899013.0
126403,9982.0,97356.0
126404,107496.0,135027.0
126405,3555.0,182975.0
126406,0.0,2918.0
126504,10094.0,87257.0
126505,1072.0,19374.0
126506,5274.0,91655.0
126601,0.0,5849.0
126702,10836.0,5280.0
136802,0.0,14652.0
136804,11787.51,23362.0
136805,0.0,10823.0
136806,0.0,5384.0
136807,0.0,96252.0
136809,9073.97,7988.0
136810,0.0,8575.0
136811,0.0,156394.0
136812,0.0,32795.0
136813,7925.0,0.0
136814,0.0,13949.0
136815,0.0,1461.0
136901,0.0,78055.0
136902,0.0,151434.0
136904,0.0,9850.0
136907,0.0,10841.0
136908,0.0,370893.0
136909,0.0,1072.0
136910,0.0,90304.0
136911,0.0,70253.0
137003,0.0,43079.0
137004,0.0,22193.0
137005,0.0,15372.0
137006,0.0,45352.0
137007,4413.0,0.0
137009,0.0,15404.0
137010,2918.61,42890.0
137013,2113.28,68821.0
137015,21832.0,0.0
137016,6298.0,0.0
137017,0.0,6630.0
137018,1511.0,0.0
137019,1928.83,33210.0
147117,1046.0,0.0
157201,0.0,107847.0
157204,573298.69,0.0
157206,1437.93,0.0
157207,0.0,6163814.0
157208,386894.61,1527043.0
157209,0.0,158559.0
157210,9217.64,991160.0
157211,0.0,47395.0
157212,23431.73,5114.0
157213,16378.31,55587.0
157214,20363.38,290217.0
157215,1234.12,24964.0
157216,0.0,244408.0
157217,0.0,445347.0
157219,58802.57,22465.0
157220,6997.09,0.0
157222,49093.33,0.0
157223,10076.0,0.0
157224,2745.17,0.0
157225,161608.57,3879.0
157226,0.0,151504.0
157228,125488.78,2615.0
157229,0.0,9602.0
157301,84076.91,0.0
157302,288545.42,68018.0
157303,0.0,4366.0
157304,212723.82,355596.0
157306,6848.32,246285.0
157307,21197.0,67077.0
157308,0.0,61038.0
157310,5064.36,1730.0
157311,0.0,28216.0
157312,2882.0,79651.0
157313,0.0,109065.0
157314,0.0,36528.0
157315,0.0,64988.0
157317,0.0,181597.0
157318,9835.26,27862.0
157320,7660.0,41813.0
157321,0.0,50915.0
157322,6111.0,5518.0
157323,15859.33,180671.0
157324,0.0,18564.0
157325,40514.5,22440.0
157326,69063.61,238191.0
157404,9092.81,0.0
157407,0.0,29978.0
157408,0.0,153712.0
157409,0.0,66951.0
157410,0.0,52133.0
157411,0.0,24958.0
157413,0.0,4114.0
157417,0.0,6000.0
157419,0.0,1878.0
157502,208469.0,0.0
157505,0.0,35770.0
157506,0.0,5775.0
157601,194933637.02,0.0
157602,4306546.0,0.0
157603,3594.86,1501093.0
157604,2900.0,0.0
157605,9453651.95,0.0
157606,0.0,176457.0
157607,3391.0,33438.0
157608,0.0,2525.0
157610,0.0,17078.0
157612,111404.0,4238.0
157614,654752.93,117013.0
157615,11770.0,61894.0
157616,45500.0,21327.0
157806,0.0,12000.0
157907,1586.0,5818.0
158001,0.0,7320.0
158003,0.0,143061.0
158104,0.0,27296.0
158112,61774.0,0.0
158201,173757.0,10158.0
158202,0.0,2753.0
158203,0.0,4207.0
158204,1584.0,0.0
158205,0.0,11797.0
158206,0.0,39336.0
158207,2600.0,8702.0
158208,0.0,34877.0
158211,0.0,14824.0
158213,1003.0,0.0
158214,4132.0,0.0
158215,19134.0,5501.0
158301,0.0,30747.0
158302,1541.0,166664.0
158303,0.0,46086.0
158304,0.0,9202.0
158307,0.0,3384.0
158308,4778.0,0.0
158309,2030.0,54269.0
158310,0.0,4080.0
158311,0.0,369281.0
168402,0.0,9305.0
168403,0.0,17833.0
168404,3546.0,0.0
168408,0.0,148792.0
168409,15707.0,312873.0
168411,0.0,333500.0
168412,99971.0,27726.0
168413,31598.0,20720917.0
168414,11472.0,106428.0
168415,9432.0,125567.0
168416,0.0,4623.0
168417,0.0,37936.0
168418,0.0,58923.0
168419,85197.0,94814.0
168420,2244.0,0.0
168421,6429.0,69181.0
168422,84522.0,77764.0
168423,0.0,7786.0
168424,0.0,81049.0
168425,0.0,5234.0
168426,97319.0,0.0
168427,0.0,136267.0
168428,0.0,56152.0
168429,0.0,33600.0
168430,40158.0,0.0
168431,0.0,797936.0
168432,0.0,45965.0
168433,0.0,93046.0
168436,0.0,60000.0
168437,0.0,123684.0
168438,33563.0,149060.0
168440,0.0,5013.0
168441,0.0,2026.0
168442,0.0,6489.0
168443,0.0,373578.0
168445,8467.0,708893.0
168446,0.0,8045.0
168448,0.0,1158069.0
168450,0.0,5647.0
168456,0.0,6528.0
168457,0.0,9417.0
168458,2890.0,0.0
168466,0.0,118067.0
168467,0.0,24650.0
168468,0.0,5464.0
168470,0.0,2089.0
168471,96751.0,1764442.0
168472,0.0,1050.0
168473,80638.0,292814.0
168474,0.0,104806.0
168477,38106.0,98846.0
168479,0.0,311229.0
168480,16265.0,8627.0
168481,663605.0,181642.0
168482,44126.0,129674.0
168483,20862.0,70066.0
168484,62066.0,8919.0
168485,5910.0,14126.0
168501,10200.0,321806.0
168502,0.0,163266.0
168503,0.0,11677.0
168504,10239.0,583502.0
168505,0.0,1187.0
168506,0.0,8088.0
168507,0.0,425043.0
168508,0.0,1530.0
168509,0.0,13263.0
168511,20763.0,55287.0
168512,13303.0,11960.0
168513,0.0,10194.0
168514,0.0,18968.0
168515,0.0,11335.0
168516,17115.0,2512853.0
168517,10841.0,225125.0
168518,0.0,25096.0
168519,16533.0,4238.0
168520,0.0,22300.0
168521,0.0,21838.0
168522,0.0,2835.0
168523,9382.0,0.0
168524,0.0,28907.0
168525,35062.0,359635.0
168526,1000.0,60432.0
168527,1411.0,0.0
168528,0.0,203972.0
168529,0.0,712003.0
168530,0.0,108500.0
168531,0.0,44849.0
168532,10801.0,16777.0
168533,1319.0,1887.0
168535,0.0,45217.0
168536,52256.0,144423.0
168537,0.0,30861.0
168538,0.0,10911.0
168539,1000.0,491957.0
168540,0.0,143971.0
168542,26574.0,6941.0
168543,42421.0,4772.0
168544,22754.0,677346.0
168545,0.0,343772.0
168546,6054.0,55100.0
168547,0.0,41994.0
168548,3294.0,12683.0
178606,0.0,34113.0
178609,0.0,33725.0
178701,21051.71,479489.0
178702,182253.0,1639625.0
178703,21208.0,3611445.0
178704,25212.0,398567.0
178706,0.0,87024.0
178707,51749.0,0.0
178708,321651.34,381188.0
178711,0.0,98999.0
178712,0.0,477401.0
178714,9891.0,0.0
178715,0.0,38158.0
178716,7370.87,69902.0
189001,9829.0,0.0
189003,184623.0,0.0
189004,173555.0,0.0
189006,0.0,1060.0
189007,0.0,3780.0
189009,70593.0,9186.0
189010,0.0,4199.0
189011,0.0,14126.0
189014,0.0,74236.0
189015,0.0,139381.0
189017,0.0,7672.0
189018,0.0,392799.0
189019,0.0,27241.0
189021,0.0,4553.0
189022,0.0,211110.0
189025,65289.0,20631.0
189026,0.0,20419.0
189027,0.0,35240.0
189028,0.0,2166.0
189030,2441.0,4173.0
189031,0.0,8475.0
189032,0.0,80199.0
189033,0.0,12952.0
189102,19061.0,17547.0
189105,3195.0,113587.0
189209,0.0,1412.0
199302,0.0,17916.0
199303,0.0,65532.0
199305,0.0,2649.0
199306,0.0,1410.0
209401,0.0,117568.0
209402,0.0,33073.0
209403,1754.93,407788.0
209404,2000.0,20817.0
209405,28550.0,239279.0
209406,0.0,97300.0
209501,0.0,6366.0
209503,1049.0,8663.0
209504,0.0,11194.0
209506,46843.0,13397.0
209603,278965.54,11599.0
209605,0.0,2089.0
209608,0.0,55639.0
209609,0.0,3342.0
209611,0.0,2231.0
209612,3962.0,0.0
209613,0.0,6580.0
209615,20566.0,0.0
209617,0.0,10106.0
