010101,104643712.78,69910712.6
010102,1307629511.59,114185100.39
010103,51274126.71,26889100.59
010104,30677569.04,38782875.63
010105,181028909.8,31114889.48
010106,38436098.6,64531607.12
010201,771416586.82,954434384.65
010202,116071135.74,101184598.37
010203,920253444.43,743901506.05
010204,72067121.28,642688685.34
010205,38220171.06,70254910.5
010206,79184593.04,171631528.0
010207,1205988395.56,437215158.72
010208,65505681.61,88112730.2
010209,45329966.44,32536200.95
010210,146022780.68,310548874.47
010301,72873334.38,34313498.23
010302,396327426.88,826084950.35
010303,284924704.41,172296501.1
010304,109179145.39,835991828.57
010305,60215633.4,132571433.57
010306,176827028.32,822950529.46
010307,216396882.28,366803398.15
010401,554040479.57,369417441.95
010402,678678192.62,315170790.2
010403,451709636.67,184301476.13
010404,287424769.82,93684801.92
010405,268717786.09,483327425.97
010406,2658452479.16,911174368.44
010407,124293916.13,69177862.87
010408,65807849.54,33854063.58
010409,15570509.13,51942345.54
010410,1638212.91,5769758.16
010501,274689.86,212953.0
010502,1578965.33,4879182.01
010503,265807.12,414947.38
010504,82999073.42,188733306.62
010505,59670361.98,11954187.98
010506,5449039.51,8605722.25
010507,174220.42,2451950.46
010508,1041568.65,11513946.38
010509,1235057.62,2114874.31
010510,2615247.89,3463397.66
010511,36057367.51,64267610.19
020601,13126006.38,86500969.66
020602,145479671.1,636792101.51
020603,23906053.21,508424547.13
020604,14286469.71,50115043.04
020701,424678051.89,117826392.89
020702,98853329.82,364028071.75
020703,99931145.29,105948479.66
020704,121158344.6,54623543.23
020705,143215684.07,91070634.07
020706,38542015.46,62595931.87
020707,12404042.69,50963299.41
020708,62730810.46,124248562.35
020709,264934261.12,635808109.31
020710,223743349.21,360759219.06
020711,5323019.25,14952977.83
020712,72734829.44,69598576.4
020713,183664929.05,67341766.87
020714,10123727.46,25451307.48
020801,5198229.14,34606594.21
020802,102491634.02,321267897.33
020803,130988547.4,238083374.02
020804,111282824.24,401343038.03
020805,75273099.22,847532354.39
020806,41334443.13,197072747.09
020807,53537593.46,159717145.89
020808,587795086.29,219208572.3
020809,230472553.17,180480314.85
020810,152718545.03,401413478.08
020811,36922359.28,179740636.04
020812,3423872.38,12429654.15
020813,103758231.18,56768904.38
020814,684526.59,6497014.06
020901,103678797.0,576702133.11
020902,45812165.34,103003095.97
020903,484442.3,719910.84
020904,14474351.25,28648121.03
020905,20795483.99,46099688.61
020906,1198016.08,1672484.59
020907,329467.35,1136762.31
020908,2061468.61,4054032.65
020909,1842324.39,5064067.32
020910,37440258.66,28522791.88
021001,2579179685.27,65619023.88
021002,3453336.05,5104976.17
021003,781398563.63,5097843.19
021004,11133101.1,705803.75
021005,1399006813.69,157318112.95
021006,84881021.02,278467896.14
021007,14957652.86,2135896.49
021008,13841862.02,11915553.03
021101,194647438.71,54086290.24
021102,34453973.1,15391230.77
021103,89442786.91,20159265.6
021104,44725058.33,28402745.83
021105,25874088.39,21058670.86
021106,4693263.8,34823142.29
021107,418958205.69,12670489.91
021108,114690301.02,73476459.88
021109,142163160.56,17038762.95
021201,8517753.62,117223837.2
021202,1061872.02,17789362.45
021203,23103.07,23928.98
021204,7199191.0,13030210.61
021205,509859305.81,15548286.65
021206,174747786.98,31908124.98
021207,10841862.14,27900385.41
021208,5092132.5,8917907.93
021209,320401946.53,228563380.45
021210,7652755.83,1423220.31
021211,54488168.6,58472338.91
021212,15430514.25,23964025.61
021213,15452911.42,7543485.13
021214,33460470.77,26245846.07
021301,67927497.64,53926933.8
021302,257188417.3,154827244.47
021401,3757930.16,9573778.61
021402,41914.7,288861.37
021403,168736.63,1104884.88
021404,7247587.23,12087103.35
031501,30717722.18,15678398.46
031502,75123053.74,1161937.37
031503,4163951.46,809550.84
031504,19627138.8,23857007.28
031505,7267124.65,8508037.15
031506,23487938.47,5458289.62
031507,23743157.51,40585741.24
031508,16087214.51,35232434.9
031509,35372143.77,321778132.2
031510,1068442.68,612193.03
031511,5483650.12,149112675.91
031512,167004728.08,72332620.37
031513,16846461.41,52751340.27
031514,215787880.31,96158368.11
031515,70859316.93,70717946.43
031516,26049069.28,97755497.84
031517,45225949.17,228556675.56
031518,54531983.51,24862017.77
031519,62715481.06,174602528.72
031520,16254374.8,24720689.87
031521,4755659.43,7185123.77
031522,4255416.23,845007.65
041601,161549214.04,139664011.2
041602,402162841.62,249327288.2
041603,8989313.34,5097932.32
041604,194597460.41,668392031.66
041605,43063281.97,237142162.69
041701,1330449027.91,311263288.13
041702,537585523.21,191583862.72
041703,11149206.83,31296765.11
041704,222403590.45,263088349.56
041801,12986316.21,264919881.63
041802,364588.95,5173105.82
041803,106437960.38,174960766.19
041804,212541444.57,195812243.0
041805,116295697.68,94549410.35
041806,992846688.71,1276365765.92
041901,691925211.26,315955140.86
041902,138225368.14,337381257.32
041903,2634828.76,644403.31
041904,319486575.59,248926817.58
041905,1200581415.06,1306415350.2
042001,18490628.36,70177077.26
042002,23154116.81,156818454.28
042003,48489789.88,65483270.2
042004,185617025.72,364207470.54
042005,490117303.31,477616171.79
042006,33757348.94,15911006.9
042007,187316594.59,95754743.3
042008,142240772.88,590483764.44
042009,203491217.33,698374883.07
042101,151298002.25,188120442.78
042102,176963054.53,71083121.76
042103,175280922.11,289431090.62
042104,96717880.28,81158464.82
042105,371182527.64,217934717.61
042106,834382463.79,548164229.52
042201,856883910.77,98790657.68
042202,441173947.65,415572878.34
042203,153563875.74,439190070.85
042204,6846172856.43,572531076.87
042205,35214595.71,33140326.44
042206,40402234.27,13847877.64
042207,201832644.1,55056615.95
042208,2748433835.52,825346229.96
042209,20014736.97,16986595.06
042301,26821143.87,51694352.99
042302,41049660.03,8045790.23
042303,98959276.02,25505936.8
042304,18857426.75,910421030.92
042305,28622.34,6720508.5
042306,55361256.75,119259023.2
042307,1640533.85,185486.3
042308,6316774.48,17114221.71
042309,1355240559.13,542946192.7
042401,133076003.43,147250574.43
042402,435216555.11,1750622576.44
042403,188195537.12,176806811.83
052501,57600584.99,72798864.07
052502,80373.48,355695.13
052503,63353620.4,9348378.57
052504,1101903.75,5862027.66
052505,57058474.62,57590835.69
052506,4038948.36,12092392.62
052507,59201981.51,51496780.89
052508,60250606.31,65465379.8
052509,34426766.06,7796010.6
052510,2992882.27,32984807.02
052511,8157720.34,6582920.36
052512,19786091.84,4761369.56
052513,1624021.47,2870818.4
052514,4627939.31,4179171.77
052515,13672384.34,13249094.06
052516,17183424.31,38473576.34
052517,129104181.43,97752412.51
052518,9481182.49,36840834.66
052519,18718164.36,36776181.46
052520,54433454.82,15317706.25
052521,3946490.17,2307982.81
052522,67567072.54,41217934.03
052523,222502666.2,225749022.33
052524,113260.75,117371.93
052525,7198994.25,2714168.05
052526,61125830.7,23441177.14
052528,436659.31,4863178.44
052529,14747271.97,10403753.59
052530,25540798.21,99153043.27
052601,3930119.16,485807501.16
052602,18380808.42,44447385.69
052603,165940.59,11897542.48
052604,210932.82,73003.94
052605,708532.91,71610.0
052606,1527514.5,67268438.43
052607,111005.7,4370000.54
052608,4788950.39,174682104.95
052609,7934.58,18571.54
052610,783864.85,1920233.96
052611,164519.66,325661.0
052612,14815.0,90837936.0
052613,1786915.43,27172933.46
052614,71396.52,26784535.57
052615,2389346.19,27875027.36
052616,3183966.0,317308.0
052617,599575.54,7824239.49
052618,11888285.58,13230557.83
052619,12720231.44,23739913.94
052620,105627872.17,52323789.79
052621,7047136.11,11319878.19
052701,16997284.38,954765038.18
052702,22436.01,4811188.15
052703,3615449.9,78511461.77
052704,167705631.95,355748086.32
052705,9844.75,1116893.88
052706,14535593.73,5372037.41
052707,487893746.89,274076455.3
052708,6722176.54,20331504.3
052709,31057091.9,21644045976.24
052710,5959486214.12,8286399118.38
052711,1092419722.29,8562012809.07
052712,97101482.03,125421683.26
052713,114273707.39,296281332.65
052714,15156560.74,14379027.69
052715,37576978.05,13879376.44
052716,3646414004.71,903193455.57
062801,13101424.75,35003079.04
062802,2082665.19,1283509.46
062803,112586672.92,129462680.34
062804,160973749.7,146698654.81
062805,52794678.5,9123945.3
062806,6204609.28,21536126.35
062807,10771062.46,20503209.31
062808,5828151.51,29360485.19
062809,15599479.73,113191004.41
062810,2770016.23,12579806.51
062811,128146987.64,171353076.1
062812,28709268.95,26975364.1
062813,10350912.03,14172807.33
062814,47217221.79,215975932.42
062815,158703448.11,58318087.14
062816,4270190.91,8293340.01
062817,6516894.69,28850055.75
062818,230834937.51,227677918.76
062819,2175754.27,28108312.33
062820,1593236.92,5461814.79
062821,14701979.56,38853696.25
062822,3590739.16,17040517.22
062823,62421951.05,27516877.29
062824,4530731.59,7106149.89
062825,75654480.01,54875508.88
062826,4579480.35,18868103.89
062827,133378702.03,66839799.29
062828,20949246.95,22885918.43
062829,43314864.13,13693000.4
062830,1997238.48,12184844.39
062831,348015.18,4931160.64
062832,4864476.2,11342918.23
062833,22832679.81,52426929.99
062834,14515448.98,27026130.38
062835,67859346.62,86533211.52
062836,127812392.51,114490482.16
062837,3221834.65,12748746.78
062838,882117.49,2181748.6
062839,24232794.71,17080660.88
062840,6124342.55,26356301.93
062841,7144859.8,30019264.85
062842,16950202.1,12236498.7
062843,67773101.77,421903498.16
062844,1810475844.4,1187835779.72
062845,6351642.19,8836069.89
062846,70438054.85,30406022.57
062847,27158915.67,24855362.16
062848,678930.95,1403811.88
062849,11062396.96,48072340.79
062850,5423672.65,12667392.22
062851,4969343.39,14132110.26
062901,244379496.73,542268791.7
062902,431958084.79,786408491.41
062903,402668580.4,311614424.97
062904,53565732.72,24249335.66
062905,447566699.68,546064272.86
062906,31204767.2,30717416.77
062907,194148331.22,122850124.62
062908,24993328.15,15499690.41
062909,426727237.9,173397726.28
062910,120398577.92,70902958.95
062911,5256718.48,2557396.83
062912,90299866.14,102719067.5
062913,710265.62,1302305.28
062914,273154363.05,211100558.5
062915,360403156.16,260148466.05
062916,416519641.69,225989663.78
062917,210848693.34,386220478.31
062918,272344768.06,573214037.79
062919,13100126.32,25630119.46
062920,78103025.01,45357261.07
062921,435045124.38,204620816.0
062922,547425025.54,969668243.32
062923,32416122.81,53000350.01
062924,200604405.86,278323710.74
062925,95598517.23,28113855.41
062926,266826011.46,189258898.82
062927,38614181.29,6532704.95
062928,30404465.39,8305094.39
062929,136351936.91,105754390.4
062930,536794134.57,714577046.15
062931,52184031.54,129179238.93
062932,222325136.56,147123867.1
062933,2620082396.15,3199089914.59
062934,419464535.34,829331058.25
062935,164673549.71,347305344.2
062936,398041470.51,339054985.79
062937,259688600.65,2413468144.99
062938,43941654.17,53019492.48
062939,61940654.4,78718958.01
062940,107229049.06,25665700.78
062941,401915297.3,310497881.6
062942,25329118.46,29285245.06
063001,154564491.94,213604128.97
063002,1598900516.05,1137899401.92
063003,554670521.32,376134937.26
063004,18251138683.02,10273438943.27
063005,152423657.73,309319917.36
063006,416984888.01,433887825.24
063101,12493803.75,19350470.54
063102,126042747.6,613629914.24
063103,12102420.84,50282956.39
063104,17355635.48,282829849.04
063105,127017456.29,374668986.63
063201,11891318.59,5725008.75
063202,49895621.49,10049466.32
063203,39090159.6,32327013.92
063204,705310477.25,513593238.61
063205,5728266.45,7571540.22
063206,366576548.94,422949991.25
063207,52877836.91,77085813.03
063208,552088328.01,444638716.61
063209,201249303.11,164910271.3
063210,29814255.33,22547927.75
063211,9933217.15,4505935.66
063212,107841036.35,94708237.18
063213,38428660.54,27597263.29
063214,253267308.21,222286094.55
063215,317808128.99,569562876.02
063301,227648164.15,189607911.69
063302,1160478679.48,1006279937.38
063303,3699607568.38,276687044.41
063304,4166787878.72,556302082.4
063305,1009994272.88,344378891.69
063306,60533138.7,148173791.72
063307,684453045.56,375821857.39
063401,143775236.05,202197808.1
063402,1077684996.01,1271394983.92
063403,350913661.87,179631917.08
063404,61506091.37,94473391.69
063405,76023365.23,61933339.87
063406,35501871.01,68703341.52
063407,3123463.8,25411261.43
063501,244522540.71,57420183.2
063502,41866306.43,24610434.04
063503,137650756.22,50484235.56
063504,45310879.91,68297707.91
063505,276474148.21,112866655.18
063506,328893969.06,279707658.42
063507,157285796.8,249779240.18
063601,22124145.0,7909704.83
063602,25604572.02,11330967.99
063603,58046771.87,37672322.86
063604,17798265.17,19697244.97
063605,822373.78,9491868.32
063606,5710209.05,23925035.76
063701,546246133.26,320789742.34
063702,586135344.33,408638471.02
063703,112459750.64,173425871.92
063704,6932553.91,21619022.08
063705,26165430.89,110089389.87
063706,14959370.54,39949504.31
063707,199729853.58,267309093.75
063801,121655605.11,60938173.43
063802,75794353.64,47925964.41
063803,3967943.15,1734567.37
063804,14661761.07,11589413.74
063805,3055098.09,12808295.69
063806,55220289.69,61498581.83
063807,550867.18,1364000.41
063808,2254886759.63,1564375639.23
063809,239477616.25,147924660.11
063810,59289157.17,25783933.89
063811,1110060722.4,254659554.81
063812,90384184.15,154451255.54
063813,10366761.62,5194058.51
063814,32694954.35,46373797.8
063815,209434036.31,382070256.86
063816,70710952.86,61510110.76
063817,44858751.25,21552631.6
063818,204725336.39,247620470.3
063819,13902789.29,29241904.68
063820,14539126.84,37057453.34
063821,69863045.12,34818481.25
063822,813142713.12,915582972.17
063823,1214052504.19,974252049.06
073901,1446313654.08,1350467201.24
073902,1314423867.81,870433261.42
073903,713702561.33,539553730.08
073904,1125062763.07,441517572.41
073905,66767108.31,205783776.59
073906,785485219.88,440298567.32
073907,746800922.64,1634744372.66
073908,442498420.68,458001158.23
073909,279440540.01,376100369.2
073910,220927157.22,172146396.93
073911,232631215.87,141255568.81
073912,161765799.63,135529852.3
073913,136866235.39,117405291.06
073914,133419591.92,33675494.58
073915,114547413.22,18136415.27
073916,102257012.12,274896214.51
073917,432004544.29,671806241.14
073918,278722462.0,223014265.24
073919,386528266.4,559852922.2
073920,1224801249.41,1869996380.06
073921,579169478.97,886660568.68
073922,100408227.55,227644912.66
073923,1617080135.95,1799879491.88
073924,324559985.04,456718746.53
073925,277133262.98,425002468.13
073926,1653789621.12,1976574439.61
074001,30536997.63,334130077.68
074002,969580199.4,560321812.21
074003,1970250.0,3543945.98
074004,5130367.85,3669981.49
074005,382190557.32,283295554.24
074006,70171649.75,23987905.1
074007,2936977.34,7337575.77
074008,151695574.71,142815253.64
074009,285746875.42,266565853.05
074010,249905765.64,204937600.72
074011,2982886652.04,1930187520.48
074012,108064331.78,86017061.27
074013,8432580.78,26777486.63
074014,63922962.99,61151222.63
074015,51845895.01,113336603.44
074016,835260954.75,719825586.2
074017,8619380.88,12758216.51
084101,257146723.68,41697422.22
084102,63440278.09,19890463.96
084103,10213142.31,31233130.85
084104,220872485.74,321121768.39
084105,49544347.64,23642688.03
084106,13514282.96,23852288.33
084107,42287372.53,41518527.49
084108,3282704.88,7391874.14
084109,3126044.25,15885054.22
084110,2611442.07,3512482.57
084111,4627799.78,2787137.02
084201,23644872.24,42264957.47
084202,1813469483.3,1171500056.7
084203,198474932.74,382871751.1
084204,1023551.54,1716680.05
084205,135267429.3,43552766.03
084206,7586404.28,5292289.28
084301,11322337.21,18335871.08
084302,31060277.69,32823765.97
084303,33102060.1,59436067.72
084304,1991105.78,2280541.57
094401,53705886.52,45504482.97
094402,6988097.31,21556247.13
094403,279724815.81,258716162.17
094404,11063565.89,22777469.17
094405,1658676.96,1970790.13
094406,25535079.77,10035534.77
094407,352168745.78,1024918963.43
094408,91253850.04,148886537.35
094409,100948774.1,178180684.8
094410,352035372.8,191990055.41
094411,309048954.03,292780740.45
094412,179021674.74,274935535.69
094413,3488085.98,8889837.31
094414,9766608.73,44013072.27
094415,97786355.06,153847239.07
094416,289969901.78,16992060.39
094417,3585605.09,12220392.65
094418,182429599.86,344413535.17
094419,11342351.39,29236212.25
094420,29713868.7,82191766.87
094421,68151240.7,259326172.97
094501,4397104.8,6442734.34
094502,1973427.99,565135.29
094503,35736708.9,204191642.76
094504,23775968.85,131512684.47
094601,4878113.66,30264871.93
094602,8430901.03,77170889.13
104701,228674.15,14977955.65
104702,23448685.86,17922859.54
104703,168353875.47,893504553.48
104704,59449199.77,49017827.72
104705,3040137.39,34786317.51
104706,34640241.55,35811701.21
104707,195024901.32,115346019.83
104801,382740093.44,293469917.93
104802,853525409.36,1270665801.44
104803,142757750.48,147286457.75
104804,325634810.84,317682580.9
104805,536595710.65,447448161.75
104806,237149813.64,97535704.38
104807,24648848.31,37640083.75
104808,105223100.47,70635613.15
104809,39625000.69,108031867.67
104810,1640180072.8,2163429157.8
104811,879410514.09,752684720.94
104812,3091663.3,9260163.48
104813,345692631.27,26633767.99
104814,69586791.86,150874022.35
104815,372499.97,58783.4
104816,11964044.45,37952685.07
104817,82471576.16,71157931.99
104818,854371386.3,1133585437.68
104819,485550575.63,1206902367.57
104820,220462696.27,174767257.74
104821,158820377.43,169303964.04
104822,16445684.78,41233675.23
104823,180857294.38,265940456.02
104901,737823551.3,781089324.34
104902,556779751.33,522275184.34
104903,7413424.04,25476695.51
104904,7275349.52,9035633.8
104905,18814111.42,16022802.4
104906,14503933.43,4433339.86
104907,46926789.88,44579909.57
104908,38579456.2,42114806.44
104909,23868867.8,39963374.43
104910,7642892.88,13087561.33
104911,577617929.96,735304227.89
115001,165703.0,27120.91
115002,178546.18,5441563.23
115003,138162.0,1057298.8
115004,1377887.8,6632398.8
115005,870733.58,2173749.44
115006,248627.68,1719079.29
115007,70901438.9,89204616.31
115101,33874245.91,110976320.04
115102,1339215.1,6496647.56
115103,14890174.99,5793047.03
115104,543607.42,87631.43
115105,148238350.57,20276051.18
115106,10518692.68,9184430.69
115107,15526484.64,37442135.35
115108,12973480.09,3458952.16
115109,5257117.64,6699997.21
115110,187757.0,44447.0
115111,39942921.12,59379214.22
115112,103042629.09,108579360.06
115113,798691.28,721444.05
115201,24929222.81,77876679.57
115202,16824623.65,28614610.05
115203,3521683.24,5535818.87
115204,5255365.29,3578260.74
115205,53798672.96,169984961.03
115206,12954833.74,17696855.59
115207,48912173.12,7477773.65
115208,329764176.9,319824319.87
115209,293861900.74,172962128.72
115210,123743145.98,57006849.72
115211,115055923.54,78841473.38
115212,40982043.23,25570985.03
115301,232438762.57,25692661.11
115302,7478559.7,341546.82
115303,124117.3,786893.2
115304,715789.19,1001018.42
115305,1200483.22,2197023.12
115306,43147291.06,45166250.67
115307,198833.58,2356301.39
115308,610704.01,3608409.92
115309,78202778.69,75779727.03
115310,1815913.16,1714682.45
115311,2579493.25,2309965.76
115401,31081731.78,18290687.59
115402,589348887.61,711521929.85
115403,43169779.34,60985767.61
115404,14871082.57,74447596.65
115405,417045.74,256402.59
115406,2345667.9,2821790.49
115407,480420558.61,435560314.05
115408,85775791.99,63961689.43
115501,44140186.73,17282687.03
115502,880697.11,15552680.53
115503,103890438.58,195611730.95
115504,3316847.78,75145652.9
115505,10380947.93,5725034.45
115506,24327239.08,14083745.67
115507,2860787.56,1518013.98
115508,14207744.02,9857489.42
115509,72747888.31,266991879.05
115510,20669686.29,29651814.06
115511,9067270.0,12159108.04
115512,159966886.11,55927670.27
115513,48860622.94,44220516.53
115514,31171887.84,47461486.12
115515,243349874.55,96964146.93
115516,132211780.96,76566880.02
115601,119477972.47,117443357.57
115602,42220684.39,54430187.59
115603,394032123.23,354038684.14
115604,25070088.04,7129123.44
115605,13098357.06,8140638.28
115606,58331593.25,27161337.34
115607,40191586.71,60883138.59
115608,11322295.47,28289598.35
115609,12376785.77,11264258.35
115701,6547250.9,38604029.5
115702,59118335.92,115695267.66
115703,154350609.14,208157186.41
115704,27144621.6,30190462.66
115705,42421330.81,47027779.55
115801,129519891.58,90193571.34
115802,4724078.23,5017316.86
115803,2079977.73,465986.73
115804,135065694.02,33905208.64
115805,5931622.68,3319826.41
115806,149767769.55,68866297.49
115807,43832920.54,25054188.36
115808,65087966.55,18262201.89
115809,5076236.93,868750.92
115810,56770366.55,94689140.74
115811,17447745.19,3023831.96
115901,6905689.78,9611165.01
115902,48965687.87,156336202.97
115903,365682286.67,227215991.6
115904,8875048.61,21830219.94
115905,4389930.55,10462115.73
115906,66355160.3,81460733.65
115907,16328967.95,12834588.74
115908,588299.84,1417871.52
115909,5976330.7,3533806.95
115910,7000726.63,13665569.36
115911,137642139.76,156907182.68
116001,62891671.08,57420795.7
116002,486298978.38,403747150.57
116101,16857123.14,30760656.28
116102,34970973.79,78503703.19
116103,37160580.2,113755087.75
116104,189650231.01,421035366.93
116105,122857352.61,173495904.2
116106,93598272.25,168927939.46
116107,79801193.26,236116030.39
116108,222083858.83,596828166.97
116109,577995156.74,1750126825.31
116110,605390114.78,2237394644.25
116111,142173454.56,325331030.4
116112,108225648.93,263250273.46
116113,9222939.03,24432870.52
116114,186790803.13,140643250.95
116115,132901509.25,499231584.39
116116,39623248.74,129012658.61
116117,52976798.49,68745123.37
116201,134411155.88,453095634.65
116202,215530398.53,596808026.23
116203,437944419.71,1904514091.27
116204,1039874055.43,2859761181.53
116205,154383490.79,615212928.92
116206,186732543.63,469379971.05
116207,10932794.5,64676742.4
116208,51099390.42,137328889.04
116209,80741499.32,192616885.83
116210,197708544.0,355371847.59
116211,459077553.69,505831102.34
116212,362348172.65,585258914.61
116213,2858897.57,8456893.31
116214,86932834.49,104742324.93
116215,71695990.09,56783253.02
116216,14384679.13,41237498.32
116217,135631004.01,48818853.82
116301,15228168.38,61250840.46
116302,218521449.41,740967788.6
116303,62421928.42,125669752.52
116304,37128242.11,163970318.09
116305,14429331.33,111813501.29
116306,63335388.05,128604673.35
116307,141466278.47,301144999.16
116308,8517073.58,5241101.6
116309,36659551.03,9566873.3
116310,8772517.92,14771091.32
126401,28398367.62,36304089.3
126402,162464515.34,731967638.85
126403,677957321.76,2541920850.59
126404,143479551.78,676808395.31
126405,45341369.33,145462345.54
126406,130388401.63,261093496.1
126501,62635.42,494051.37
126502,405227.06,797484.01
126503,1759565.88,3743409.2
126504,961115.14,5438754.04
126505,45267183.02,118681728.96
126506,48308127.49,126448877.7
126507,6774614.84,5415671.22
126601,18482390.71,68490239.21
126602,1652070.58,6635065.76
126603,2707669.6,16292095.98
126701,969595.99,2187631.1
126702,11861138.41,81342479.93
126703,254144.05,3499271.27
126704,5526621.19,25020995.02
136801,8281824.63,44348907.2
136802,91006485.93,139082976.93
136803,6790289.47,196594925.06
136804,67716577.24,166494568.02
136805,116701146.56,146378458.51
136806,155575461.21,146519430.98
136807,89345119.52,34004056.11
136808,12084186.6,8904806.52
136809,53471262.03,83828997.83
136810,75501601.11,208016440.4
136811,16850991.15,69154171.37
136812,2134884.56,1798294.39
136813,76626768.95,35266599.05
136814,6882911.82,9099947.62
136815,219995326.64,164173111.36
136901,11102955.89,6092764.4
136902,238853710.56,99482290.69
136903,41171222.8,61937853.44
136904,22662698.48,22723586.46
136905,84567924.99,23620149.6
136906,660826.38,8849323.13
136907,41990489.61,188542770.91
136908,107314682.81,862081527.65
136909,88337004.54,56745802.75
136910,148444555.87,181817115.11
136911,117883190.81,136873750.59
136912,58255251.95,133913822.09
136913,29312026.0,87011108.6
136914,26538541.17,47406897.66
137001,14483026.92,17807058.19
137002,36132771.26,59906285.85
137003,60109101.25,21441903.59
137004,6265892.74,3465198.29
137005,292866362.39,166490856.49
137006,26221799.36,40558040.08
137007,381472670.01,670435540.07
137008,10024212.48,40270288.54
137009,138085302.4,176541115.24
137010,757149889.49,585825576.26
137011,120806442.39,73484659.46
137012,367440.92,475368.84
137013,923581685.43,310320407.67
137014,44959803.47,7580837.29
137015,51782315.48,3180251.58
137016,12333211.37,38729146.19
137017,21448641.22,51157808.61
137018,39168669.65,45498040.53
137019,473126629.54,521289912.02
137020,83239436.95,62023364.4
147101,10331879.17,16586843.75
147102,137115179.68,420808495.78
147103,38484027.68,151267746.42
147104,23452505.0,17726113.31
147105,388286.43,6857616.53
147106,76504910.66,164306418.98
147107,968842.05,2549050.82
147108,378379234.8,342603985.58
147109,604100.73,2655802.18
147110,145592324.15,175620157.75
147111,225764.6,1915524.47
147112,282527530.91,59167523.68
147113,1012915761.43,932918765.3
147114,20397570.12,7251637.85
147115,76917381.83,117919946.68
147116,14206609.96,16485636.3
147117,193085931.13,264895102.93
147118,21214135.21,1297892.96
157201,6065568.44,64766552.77
157202,297807918.04,721919440.15
157203,2415491.4,44667707.67
157204,1593765483.56,825098507.24
157205,64060122.68,34195226.74
157206,5162526.87,4681776.08
157207,1036932435.24,612351249.56
157208,1262703676.17,1787647886.95
157209,378124108.84,618220648.71
157210,1867047064.18,1750858482.27
157211,156150755.08,396543165.56
157212,188452710.55,235437674.44
157213,399449392.04,457341950.45
157214,368618295.6,410274973.79
157215,125214951.86,204106589.04
157216,343505486.42,639133526.51
157217,259008201.03,368997894.78
157218,538126305.36,151247273.83
157219,1202762441.27,1614387090.8
157220,431051396.13,185075558.26
157221,170461192.9,28089214.2
157222,278658392.64,184548281.82
157223,75423672.15,91016080.92
157224,346690229.1,145615859.22
157225,1597074466.3,268901736.95
157226,186976067.3,202809384.47
157227,100278889.58,102362874.62
157228,487934550.33,365103555.33
157229,34805528.15,86999151.51
157301,22196476.24,50718453.52
157302,198129265.04,64334945.16
157303,154658457.42,34591708.46
157304,954325740.37,467162035.83
157305,173468386.37,56351957.12
157306,507354717.56,903572652.86
157307,351557068.8,387047365.84
157308,593435487.77,1000943627.67
157309,78300982.68,71354529.68
157310,250798884.21,311737561.22
157311,52059655.68,57985732.12
157312,215227815.39,178764565.63
157313,7895927.47,7592168.81
157314,121252859.79,344380699.09
157315,89902223.03,98413124.13
157316,2150004.23,2425892.12
157317,43574350.57,74451340.12
157318,798948141.31,1067210127.05
157319,3964120.25,4543817.39
157320,162398707.62,219571034.3
157321,173242935.46,329032762.06
157322,83857667.72,211177425.62
157323,193285104.18,285193840.88
157324,37229064.93,73687708.54
157325,314899276.88,249052823.06
157326,1082137174.12,1334081844.95
157401,265482.8,280942.33
157402,7182108.82,1045225.38
157403,174340197.67,1621362703.02
157404,460145670.98,141242295.15
157405,5597217.06,7878696.89
157406,23364786.55,14949222.99
157407,250935871.48,175146260.65
157408,1020606898.26,333529720.6
157409,161988663.68,275446538.56
157410,64103166.03,54453254.21
157411,126677500.61,268215741.62
157412,94364969.82,129019565.68
157413,33187170.41,41261678.95
157414,2625421.47,1728775.93
157415,20252197.62,20039282.34
157416,250532.55,2873272.13
157417,1001987.1,1261115.65
157418,18418490.77,22326332.61
157419,111318927.84,70940255.42
157501,2112622.47,146359709.41
157502,121090163.37,427873689.61
157503,66193489.1,8336443.52
157504,3686312.87,31074026.47
157505,88232235.84,107038564.82
157506,50754688.44,53766549.02
157507,34079670.57,37296774.36
157508,21711020.45,9962250.88
157601,350966036.81,987358492.16
157602,320702222.86,187858322.19
157603,15064511.73,25387603.85
157604,200811681.17,622813801.84
157605,139293748.84,41346516.23
157606,1189667205.11,892078956.59
157607,363210098.92,431453688.99
157608,55748325.31,116917681.23
157609,14814615.3,14692236.68
157610,145550181.7,335127661.74
157611,6782107.45,7087730.19
157612,285109311.52,185276709.86
157613,23174787.23,8864274.17
157614,14647449.15,4650093.53
157615,254762211.66,105763163.81
157616,364847112.21,765954172.81
157801,9092098.05,102773010.06
157802,9739996.75,10508272.51
157803,572602.72,1414539.17
157804,9904865.46,30192870.34
157805,156525.26,217958.72
157806,4531536.1,8734302.93
157901,193363584.21,213811682.36
157902,44036019.87,4476373.45
157903,2312229.28,16551837.72
157904,1819253.53,11768205.81
157905,108102012.63,43013995.41
157906,1660063.36,5114079.03
157907,13199095.12,43692505.92
158001,17229952.43,70238879.74
158002,2452413.63,1640113.43
158003,3670294.42,2317016.73
158004,3074768.31,512291.84
158005,15052530.26,2288014.33
158006,361861.15,70370.0
158007,5506999.12,4042338.03
158101,14123181.92,17516597.56
158102,4445689.1,26521918.13
158103,1488885.93,7890998.58
158104,15572860.23,37921417.42
158105,31457200.38,60902868.81
158106,453498.2,7517243.05
158107,1311560.34,2413026.98
158108,103877486.93,179920108.75
158109,111085152.0,13431319.66
158110,344388.8,22201593.98
158111,1726807.6,14109066.9
158112,60191278.71,26990540.21
158113,2621333.77,9872003.69
158201,38481672.73,52314959.06
158202,90228280.79,112414857.29
158203,45832571.19,64394298.79
158204,44317864.91,74222648.27
158205,237616629.61,207952195.95
158206,37259013.74,41391031.62
158207,345750179.86,612989322.2
158208,60549515.69,73902974.98
158209,41200079.89,153904974.98
158210,20967670.67,16815390.04
158211,39058287.59,61754865.5
158212,61959169.44,115368746.18
158213,9495630.9,20574237.56
158214,14296296.3,25794075.7
158215,53624574.23,82057881.38
158301,388439742.49,362210632.14
158302,430776287.63,828238934.41
158303,33292290.36,33094917.34
158304,7433396.14,9278511.43
158305,24553676.58,25084083.5
158306,27384922.03,68111038.58
158307,78081236.4,70609796.73
158308,106840601.77,135355526.35
158309,301984367.7,237537328.52
158310,18779813.1,18265592.28
158311,81070278.58,44479397.97
168401,168811197.87,840206268.96
168402,69978562.43,30776568.05
168403,437601360.76,348103381.94
168404,57487887.77,14875117.32
168405,39200246.57,13104840.79
168406,168782563.58,41996843.31
168407,531366205.96,704901272.36
168408,3042055213.99,1472963047.83
168409,1782272761.69,3041432995.8
168410,84643461.83,12207123.11
168411,5203237541.52,4986060028.1
168412,380722115.64,323510798.58
168413,1889700593.67,2460126298.74
168414,2153133629.08,2121338299.71
168415,867836372.51,1192154644.79
168416,85212253.76,103855577.95
168417,188561823.03,70806226.23
168418,1091752067.98,1672438958.64
168419,1181146048.61,753272951.89
168420,33633869.78,27730383.89
168421,1636411586.53,1433977482.02
168422,637684569.38,1135159268.91
168423,95829656.7,179521161.69
168424,375436593.6,665293622.66
168425,163520489.8,219191835.37
168426,284220961.86,348827199.56
168427,897189850.61,765980015.17
168428,776125348.81,536868738.32
168429,1472353415.45,1145816333.06
168430,311108611.14,128110527.38
168431,1760783987.16,1734369194.41
168432,269915436.48,316190714.22
168433,751256523.0,1045702974.73
168434,92800747.58,94574643.43
168435,39587828.25,17580649.38
168436,70318908.3,135228752.91
168437,27316589.88,28231805.54
168438,394561652.95,317465884.8
168439,160525039.44,144227084.47
168440,24310324.07,71540280.16
168441,349689889.69,229542708.75
168442,45080892.04,85430323.78
168443,605897150.53,572165736.55
168444,12287398.19,2555767.15
168445,164421759.35,22199097.86
168446,25649990.92,23261755.7
168447,34392566.85,30665158.88
168448,484308915.73,99976476.58
168449,50428319.0,5971486.16
168450,291417174.34,578965886.1
168451,236991591.65,198959652.2
168452,29866545.26,71809775.29
168453,14557164.22,14988968.48
168454,31988307.95,46441355.32
168455,274192214.41,104107558.53
168456,70845499.55,176551691.87
168457,70320704.62,191291388.69
168458,48409790.45,198184413.72
168459,60840273.18,81340954.96
168460,34474097.77,78638751.53
168461,21124951.06,56343253.33
168462,219859676.4,233910627.06
168463,36442987.33,40285044.13
168464,73024357.69,88265607.23
168465,78350549.99,255055964.43
168466,421041704.12,718093261.87
168467,98933258.64,343705317.57
168468,31743746.26,15446924.4
168469,2398949.18,2516990.2
168470,133302699.98,132651785.61
168471,4955765755.14,11649418311.11
168472,112125779.92,230936832.17
168473,1759484358.78,4610682585.95
168474,428914774.45,324128835.99
168475,113809041.22,61559989.49
168476,32781759.18,112745355.19
168477,736353963.32,502945654.92
168478,47428481.38,12954306.47
168479,1165344790.06,1523453483.55
168480,382506624.62,389998590.59
168481,1951538059.35,2010435302.22
168482,1330542930.43,1102260351.92
168483,1269449979.25,1376623498.98
168484,102727458.69,111684880.04
168485,400704015.58,215780202.42
168501,1323649588.46,1159821600.94
168502,495648749.14,137177791.18
168503,532890856.26,283830224.72
168504,1280626081.71,1424177667.13
168505,178952443.73,184920557.51
168506,232713513.04,302665496.02
168507,650316176.51,604724110.99
168508,86308930.24,578205984.22
168509,466108507.78,497136470.58
168510,20694068.41,106761278.05
168511,906026641.51,659865150.74
168512,703185896.67,690030601.52
168513,40018526.74,48798731.8
168514,117499312.63,112363154.4
168515,252606263.51,228514078.63
168516,1071871958.33,1339189042.69
168517,2219582836.83,2033212113.48
168518,198242551.01,497170902.86
168519,97946285.65,269038768.76
168520,49544755.84,155018566.17
168521,210545663.22,2375668761.08
168522,29791720.01,161067538.57
168523,336430085.31,567994442.69
168524,1084129334.95,1704133658.83
168525,3949787808.75,3862550822.74
168526,532171652.23,340026141.43
168527,335008752.9,760230083.95
168528,1183504185.63,2025667147.68
168529,1948963652.18,1920240123.16
168530,143321148.65,31976566.0
168531,310534973.63,1115712511.62
168532,142408108.15,241584535.8
168533,121872570.82,197571825.71
168534,232698998.97,421966849.27
168535,482705333.91,105835487.39
168536,3581346594.1,2372454824.22
168537,823991124.04,511606746.96
168538,1762278486.91,794855393.23
168539,751813901.54,1042699342.68
168540,544939003.4,238944930.78
168541,736162094.48,1039939581.13
168542,5539656841.71,5488019683.53
168543,566168928.38,777303138.72
168544,1580289226.28,2377923599.67
168545,209269557.61,72390300.21
168546,114707370.34,61529408.73
168547,132970558.77,90627662.21
168548,114251919.36,151645802.05
178601,25888209.0,38944893.0
178602,62835821.91,27213712.74
178603,112400264.0,9862294.17
178604,17835042.98,23333526.9
178605,58143357.94,7112939.11
178606,26325887.24,29784295.81
178607,513039043.06,247408741.37
178608,86418895.27,5407315.12
178609,59915178.02,96189618.65
178701,2643509460.08,2386999446.75
178702,253204938.63,720098739.16
178703,35908215808.49,24592842133.04
178704,5638063599.59,5197554835.2
178705,404002350.53,268331519.77
178706,57432270.99,110573613.67
178707,301933879.27,235245778.62
178708,18079811769.72,11917162213.1
178709,45576510.08,14962091.51
178710,438324724.0,411706352.0
178711,476773414.65,1257294145.84
178712,104395364.0,277469331.65
178713,18018467.84,35797758.83
178714,290465318.65,635898467.98
178715,19603463.95,80484708.39
178716,857530930.61,827582525.55
178801,2281987.75,3051247.52
178802,21434634162.75,5740797268.08
178803,4334114113.23,7940063097.32
178804,14103629.36,15246529.8
178805,34655288.74,19760130.69
178901,520208150.61,722662216.29
178902,14660269.21,12055317.64
178903,1015671300.02,684399414.83
178904,2464542.56,3060997.37
178905,24015532.04,185159579.0
178906,442345605.18,7988412.16
178907,40646037.16,18855625.28
178908,18413202.72,1061045.46
189001,351121473.54,409074492.24
189002,36094920.45,95681005.64
189003,211524500.89,265178564.45
189004,142817546.37,224280457.71
189005,32435477.8,40384828.1
189006,123824588.05,282335551.17
189007,40936691.68,23181946.34
189008,12344360.9,20804552.87
189009,386443289.45,1208401377.51
189010,135589123.79,202264714.2
189011,8212861.9,32676898.74
189012,23449766.24,41123319.51
189013,139421823.53,422164259.74
189014,578373610.05,373408844.91
189015,560377868.15,253477330.27
189016,3318056.11,12088857.97
189017,72276882.61,69667083.2
189018,1805657713.16,2397937724.85
189019,190869528.18,212751818.67
189020,74468758.29,50155035.39
189021,1813175306.63,1778187939.72
189022,944778761.94,721739777.4
189023,55807301.65,49700838.84
189024,28988532.39,57779363.5
189025,65240424.27,138084169.0
189026,536418198.72,520801263.39
189027,669985460.29,913146470.32
189028,175515677.89,103537929.32
189029,183815913.9,210342092.93
189030,427685504.72,504054840.63
189031,787653287.52,841104263.46
189032,1098685773.1,1189076310.43
189033,69699452.57,70368807.72
189101,82702321.78,142671015.11
189102,146454538.41,457694525.84
189103,2319607.23,6347600.08
189104,6400056.5,15197078.78
189105,14140224.3,37302851.82
189106,42067299.11,17313895.75
189107,35457257.74,44762986.17
189108,3442682.82,12764233.11
189109,1051747.82,2868977.97
189110,9269493.46,2554719.91
189111,32748625.49,31632039.82
189112,515760.8,78680.94
189113,141919440.07,64786463.34
189114,109508830.28,33396135.08
189201,5662544.57,34180210.7
189202,7816621.89,23044033.07
189203,1735499.41,342068.07
189204,4326978.81,4977182.8
189205,74790748.98,15868211.78
189206,3151709.76,15799918.81
189207,3352942.27,55419959.78
189208,1035321.96,3905456.77
189209,48802089.82,30135181.85
199301,50747588.0,23426947.0
199302,217534.0,21180043.0
199303,9388016.3,51897695.64
199304,6702634.2,16343169.64
199305,23510946.42,19120403.48
199306,310028290.63,65397709.56
199307,1619264.3,4166142.49
209401,1158062488.58,2531073390.99
209402,84909870.19,100074055.58
209403,1454894158.89,3279749330.15
209404,140784335.07,389855375.13
209405,610499582.13,1001626168.86
209406,161426653.18,283669227.33
209501,34767197.04,52614636.17
209502,36090518.93,117261757.69
209503,412378079.81,1137989334.69
209504,117709966.96,671640301.08
209505,19208678.66,179052777.5
209506,673819545.35,931776453.63
209507,44486772.68,83041789.2
209508,13506697.74,15589364.08
209601,773441.06,4047472.33
209602,39158923.21,31041840.71
209603,74999673.1,217379125.74
209604,693011.01,1357850.17
209605,2083041.56,3412625.65
209606,45931953.2,37370896.73
209607,35258559.02,45563047.76
209608,296792747.99,230436746.59
209609,39665876.7,29467922.36
209610,9822101.7,14943058.88
209611,1688743.15,14433288.33
209612,156536824.83,124070177.58
209613,168925704.15,45681123.52
209614,2049530.43,1517329.36
209615,35559031.9,29277635.83
209616,211364143.32,66486682.06
209617,3111295.18,20554884.3
209618,11088937.17,20449563.89
219701,1228560376.05,238810938.07
219702,28965839.04,4582966.56
219703,142841940.64,85468667.96
219704,26168710.17,18378121.25
219705,14311605.53,24702255.9
219706,289093143.59,61778554.11
