010101,116827207.32,88824271.81
010102,1577617506.63,74540281.91
010103,134063696.51,26038035.68
010104,43511368.26,47166832.18
010105,219955798.84,34579750.01
010106,56053674.89,68134342.34
010201,1193539145.64,1335221046.97
010202,103792528.05,244581634.86
010203,1073718472.75,1079298692.4
010204,76895428.99,708550961.28
010205,39539082.62,85591565.57
010206,155073553.11,200107621.52
010207,1228963167.48,958780486.82
010208,71989702.28,112042317.6
010209,47462839.79,32080456.81
010210,121794945.89,402133340.25
010301,69196389.95,43879691.9
010302,387523162.79,1376700224.02
010303,261699580.5,219685359.99
010304,160231371.53,1331493128.66
010305,100870981.74,198118038.53
010306,165772296.23,1053046953.93
010307,245715796.15,571360127.53
010401,857505586.22,553361063.0
010402,1058934283.96,264607070.93
010403,700898627.67,156627247.23
010404,513485723.62,191421785.07
010405,402971740.58,674663752.73
010406,3524952034.6,1388026801.03
010407,181643141.99,99048518.56
010408,79355688.4,56990797.59
010409,26511344.99,95360701.01
010410,5420544.2,7846197.82
010501,46710.03,1613712.45
010502,1095458.7,4650652.54
010504,98970669.83,224694228.16
010505,63023296.92,13684051.75
010506,5616265.81,9177088.21
010507,472370.04,1108568.6
010508,4752834.06,14166178.15
010509,1427.0,0.0
010510,5801436.6,3517987.39
010511,54361763.9,81762754.54
020601,15287820.78,113745140.47
020602,125946657.96,831152152.1
020603,20656832.15,516649245.94
020604,15083356.57,75402631.3
020701,612552499.7,67142274.02
020702,270543531.26,596242057.36
020703,140368464.03,164229481.94
020704,170490389.29,87652651.6
020705,142590304.42,127367866.57
020706,51006333.51,87424029.02
020707,10109240.99,74248979.59
020708,65882716.62,117443127.21
020709,261087744.97,844184805.3
020710,289559589.02,540144566.02
020711,12947556.77,31345145.44
020712,85448268.51,106606900.19
020713,187598571.04,93174663.79
020714,10974672.98,19070181.44
020801,7851204.17,62622015.22
020802,174289622.87,487305260.67
020803,175326789.34,376074482.33
020804,80396950.12,377483359.95
020805,82399461.2,1058508293.39
020806,32877870.27,214924530.48
020807,68592989.93,230246260.31
020808,657444550.46,258378064.31
020809,236826779.41,229993168.14
020810,125165885.41,403932237.66
020811,36492929.53,281185818.23
020812,4955760.95,13818951.26
020813,84355717.55,81267092.3
020814,1160775.03,5939731.01
020901,156076547.49,1474975285.64
020902,39620913.39,156552240.2
020903,1020651.01,1025752.71
020904,28371627.3,60654736.93
020905,12592364.1,24055512.04
020906,3107032.89,3454855.66
020907,1398526.18,1737912.36
020908,3735106.04,10954077.82
020909,4836122.29,10939625.72
020910,54901258.07,58436426.94
021001,4784626864.42,188219531.18
021002,6439073.4,514541.98
021003,985109198.02,23762569.56
021004,16787814.94,1516310.98
021005,1801088501.54,212794989.53
021006,89222874.76,401818366.27
021007,32797396.02,2071659.26
021008,24450430.16,24394551.96
021101,235381139.66,81167648.87
021102,28234169.65,19409987.01
021103,122762609.95,33917197.39
021104,48897871.62,33442901.06
021105,15943782.44,31204279.47
021106,10843214.01,40280626.76
021107,537484801.3,12804391.67
021108,174066840.84,94665144.65
021109,210207433.56,66142934.07
021201,18740613.67,220861644.24
021202,4445519.13,16481474.53
021203,0.0,82098.51
021204,13679880.07,18163712.59
021205,880763920.28,420426529.36
021206,260770971.95,132295978.72
021207,24495366.93,52710453.63
021208,11063497.4,12069144.66
021209,535522432.65,334754176.35
021210,5759761.64,2441843.14
021211,46171329.99,83222525.91
021212,15982318.88,36762079.6
021213,32009132.51,5130656.74
021214,60508157.65,23262826.05
021301,104033559.86,70023303.82
021302,336962114.45,206031076.59
021401,4241813.65,10852249.66
021402,0.0,109722.0
021404,9635744.73,20040349.58
031501,71972975.26,26906348.32
031502,103020043.8,7402798.84
031503,5397425.35,531311.66
031504,44245075.36,35797225.89
031505,2630354.68,11344866.78
031506,40177545.12,3550103.75
031507,22228964.09,326079737.68
031508,11285986.88,38427649.45
031509,42123362.61,377105925.05
031510,1299900.38,2092265.92
031511,13833886.79,270742466.64
031512,483839321.14,180967323.54
031513,8157023.58,60359137.44
031514,295828163.58,221147406.15
031515,122459559.22,222216630.49
031516,46959334.22,87421855.96
031517,50060937.02,386680399.25
031518,50446771.13,31959328.65
031519,66465859.99,250105829.66
031520,39005158.76,36938233.06
031521,6746839.09,15777176.05
031522,13024944.5,2310877.06
041601,201303803.35,218855381.6
041602,490936993.88,487680779.72
041603,14145075.06,8100160.11
041604,185250461.56,835139679.14
041605,64793654.32,304047562.95
041701,1440454614.13,307512374.68
041702,702553050.44,255209656.12
041703,9065714.72,33024728.76
041704,194362306.46,356904234.55
041801,44291627.24,469229749.46
041802,557709.83,13709599.76
041803,150180495.94,299695723.49
041804,362777057.86,336479504.32
041805,164090891.12,133862501.97
041806,1291194557.67,1704911664.58
041901,1223896107.35,389300439.95
041902,219363882.04,534228238.21
041903,3017452.31,1736447.5
041904,463587017.52,314314339.55
041905,1666181322.84,1764023935.07
042001,16914139.21,86948177.87
042002,47563170.37,234283674.23
042003,53754555.83,83883804.45
042004,309960132.82,449695804.09
042005,590737938.91,732739015.29
042006,29872100.25,22160436.78
042007,285576951.53,178067021.08
042008,201098505.07,721008131.99
042009,280572835.4,992176322.13
042101,265690142.34,276154592.42
042102,252255047.14,98586863.63
042103,303416338.85,556845392.35
042104,150752820.08,112737267.76
042105,459754152.36,286777220.84
042106,1451966055.12,848535660.47
042201,889878436.33,90710953.63
042202,643030127.38,697902698.9
042203,271269579.07,654926359.09
042204,8608080602.03,644131917.35
042205,36640237.33,55629437.79
042206,39677413.92,16661619.48
042207,759661986.63,134250266.03
042208,4033750036.92,1173813090.36
042209,26616408.9,33296872.85
042301,78753808.56,93343851.88
042302,54885803.01,22208567.0
042303,209946510.15,60668019.89
042304,43732717.66,1163962625.07
042305,365393.6,16243787.88
042306,85348868.04,223456541.6
042307,2290267.15,97296.49
042308,9298615.79,14855928.16
042309,2173700778.19,873081894.89
042401,181305613.94,143984846.22
042402,365817703.06,1912784488.34
042403,271530306.21,273518394.75
052501,86483162.95,117871335.3
052502,142196.44,245172.7
052503,70968407.11,16714469.54
052504,1249427.62,7166117.56
052505,54159032.92,68792130.84
052506,3796212.54,13745589.98
052507,51947277.74,56928717.93
052508,88636794.23,79322085.4
052509,29791478.79,25863633.81
052510,2043324.25,31536181.48
052511,4768160.93,8999552.56
052512,19409758.64,6658506.88
052513,3378374.11,5002073.72
052514,13226713.06,11531965.02
052515,12840009.37,12927058.66
052516,13580033.08,44991096.4
052517,118417665.55,119381627.05
052518,6300054.68,38420671.92
052519,32718152.91,53538269.84
052520,60579262.64,32106808.35
052521,5298512.36,2484811.2
052522,96913771.49,55898907.17
052523,268168958.42,377871885.46
052524,2927.16,0.0
052525,10022067.23,4427196.41
052526,79994314.97,26226190.74
052528,542306.76,3194731.21
052529,14540519.76,10999742.93
052530,34759728.83,106861323.87
052601,18428962.48,1425249674.18
052602,32953948.2,91745949.15
052603,1141637.58,107439.96
052604,1550431.97,3737031.47
052605,1483355.84,25184.0
052606,9006574.58,68047900.75
052607,21197835.52,104849.21
052608,26805802.22,155745942.53
052609,2360709.09,881812.59
052610,1174004.74,2735743.05
052611,68702.19,147969.85
052612,34099.64,24612729.34
052613,1394623.1,24136313.21
052614,10142799.39,10615175.84
052615,7469089.59,31815323.09
052616,957193.0,3506578.84
052617,700056.29,892427.53
052618,11984193.26,12510274.04
052619,24648061.43,37626310.89
052620,160569441.35,42488906.86
052621,8362759.53,8612710.34
052701,41387112.06,1776292288.09
052702,2209703.79,16779995.82
052703,4982155.64,99284693.81
052704,41404780.89,252641886.49
052705,402916.97,138714.86
052706,17026029.99,2329028.51
052707,640087920.56,356315537.01
052708,916767.9,29105857.73
052709,80289676.47,27071276492.52
052710,12217435405.72,21825193807.21
052711,1581429804.38,19377263278.42
052712,137718220.57,141150773.84
052713,197126636.36,711856415.63
052714,7636223.36,115806256.48
052715,37585180.53,23762178.64
052716,2886338926.95,1479717279.9
062801,16970109.4,53130648.27
062802,1922381.74,1923361.43
062803,104509039.94,172229914.54
062804,374895744.79,266022825.36
062805,59676021.3,14992908.16
062806,11544555.9,27487706.31
062807,7265204.8,40014610.19
062808,10910595.96,23016401.82
062809,24089348.46,149903785.65
062810,3488369.84,14904960.52
062811,183145040.55,276617068.86
062812,21630835.41,27961129.31
062813,17820555.81,20437849.55
062814,16986071.85,314692587.37
062815,256515718.05,115785619.26
062816,3824411.31,9809059.27
062817,17554065.98,110335215.63
062818,339931007.68,343766412.13
062819,2719067.24,9508099.49
062820,2264939.29,4951257.21
062821,18542842.7,35495847.02
062822,199372.19,18459186.78
062823,76748164.34,42206912.16
062824,480011.71,8891617.38
062825,116045840.3,118908724.87
062826,5295464.59,22777561.02
062827,145283629.98,105866234.43
062828,21194165.25,36499355.72
062829,31972232.9,11348634.01
062830,2987091.75,6562091.72
062831,1251479.45,5342652.09
062832,5069192.88,18380520.69
062833,38870809.5,89376773.72
062834,18224112.66,48481887.14
062835,100581285.32,138824370.04
062836,171349474.26,171628758.48
062837,2889326.11,11450975.27
062839,19100600.4,27564056.29
062840,7890635.7,18724934.6
062841,11178832.72,48984870.31
062842,35250533.52,16282705.05
062843,73079610.46,579208862.08
062844,2991553740.6,2537034982.88
062845,8766300.24,15934231.89
062846,71289701.54,63567110.56
062847,30005388.3,26164030.65
062848,168812.04,459683.22
062849,20150681.68,66624496.9
062850,10492514.59,22022864.25
062851,9232706.77,23207587.16
062901,417944908.85,1099244083.47
062902,404174762.85,903678326.63
062903,330056480.7,364037825.31
062904,63395723.65,56536657.34
062905,533698692.13,630284762.06
062906,43455789.76,61175898.03
062907,204992491.32,150683608.82
062908,3133972.18,10815821.2
062909,547844850.54,601585061.01
062910,162844988.55,80669082.12
062911,2606763.44,7846413.32
062912,110032343.33,121048314.5
062913,765700.06,621082.62
062914,241510066.56,218421885.59
062915,259747607.86,360378220.38
062916,557996561.01,444831359.28
062917,302686835.2,361214208.32
062918,334266767.2,345330522.5
062919,12144577.25,31038900.3
062920,91642369.32,38673747.31
062921,681078968.77,380356648.38
062922,592499331.2,1010240326.12
062923,39028562.13,115293575.61
062924,280284902.72,315580603.79
062925,84710823.29,28387028.09
062926,273393340.26,280862594.01
062927,12200788.57,6941804.96
062928,8229090.69,40819767.28
062929,268551370.19,189727799.75
062930,770364173.47,1007900423.97
062931,45020841.53,142002771.34
062932,385318056.18,240358209.93
062933,3329142765.74,2925555200.18
062934,702300791.6,580776727.89
062935,211976352.01,301137514.9
062936,426974506.39,419574297.79
062937,318344583.18,2488664519.27
062938,77279715.11,47859917.32
062939,72334101.91,71239455.27
062940,103698477.5,38939901.89
062941,154747320.66,552547118.09
062942,22924942.35,24305729.75
063001,520697585.35,1277144985.46
063002,5576137790.93,4031749314.23
063003,524091100.03,195707465.89
063004,28213090752.55,18899299197.88
063005,186580873.97,460311193.54
063006,587068975.93,545932998.64
063101,22003873.08,39653013.05
063102,241030587.91,1233605228.4
063103,8087466.36,98111952.79
063104,66949252.65,428884440.29
063105,94693320.74,523972253.95
063201,15530115.85,9376254.45
063202,64512917.94,8747699.53
063203,47380808.87,62396528.23
063204,466486073.66,429787787.21
063205,6286157.26,10586925.23
063206,376650064.35,485189596.03
063207,70881706.02,96178548.85
063208,652060653.28,486853216.91
063209,270693018.68,283753694.11
063210,29754963.63,47184853.86
063211,12684888.12,4389863.05
063212,136920140.83,101162301.67
063213,33864854.22,35377826.03
063214,274456834.36,271432092.12
063215,397858957.43,911013577.83
063301,284766571.84,299342025.29
063302,1475705014.56,1752711322.53
063303,4713150167.68,305356608.76
063304,6087311452.41,1031253797.61
063305,1372583564.34,378995623.4
063306,90703285.58,178537279.83
063307,779669725.37,425741179.98
063401,243305909.28,288322615.89
063402,1834756301.18,1558802823.06
063403,631670618.54,291791015.47
063404,50830383.4,150199051.63
063405,61700108.61,73773439.18
063406,33322961.21,119214554.39
063407,5887934.37,31050553.22
063501,197939346.66,42734414.24
063502,47739963.21,34671735.9
063503,138429893.29,51768620.28
063504,133060509.09,123073100.4
063505,306859598.58,123056153.8
063506,387566460.45,310857679.37
063507,280030997.32,230480344.9
063601,16795328.0,17803710.52
063602,18130470.05,13213699.73
063603,80119523.42,13519241.7
063604,55969516.93,26192449.44
063605,1104631.9,4987839.52
063606,7219368.94,22483128.88
063701,215725249.28,177822447.64
063702,206185238.05,167147262.09
063703,94227032.36,144923245.85
063704,1700910.23,1605474.44
063705,20715745.94,31228443.83
063706,12347584.97,26378580.01
063707,175414999.66,242276728.06
063801,109031279.93,94119992.23
063802,92912271.78,78993005.91
063803,4685162.61,5629632.07
063804,13712334.53,10894909.76
063805,8598767.26,31891129.49
063806,71067224.41,79102569.54
063807,1539093.31,2274267.4
063808,2771305426.03,1721816176.24
063809,295293022.08,136813266.47
063810,80705952.79,28805505.93
063811,2073987233.47,514371683.83
063812,113004618.87,158440544.29
063813,11226009.73,8089924.72
063814,45996031.74,56188471.08
063815,420807701.05,355205531.27
063816,102426334.45,76217505.54
063817,45819016.34,60563031.86
063818,391305152.49,328798934.97
063819,19968778.79,32127458.65
063820,34453672.01,69250057.8
063821,137851691.47,63096660.79
063822,1330230179.74,1434113050.19
063823,1567314713.37,1596818584.34
073901,2139198485.36,2095353467.22
073902,1626942404.15,1472611073.53
073903,703115558.52,621684106.93
073904,1259521027.43,511033392.86
073905,75488790.8,176817352.08
073906,1018710325.16,629548194.46
073907,810702490.84,1888153266.44
073908,643055193.64,549872625.71
073909,400452683.75,564800754.63
073910,260642966.18,203827653.97
073911,347952823.19,218901491.6
073912,137311387.93,136616405.5
073913,180348795.13,907287745.56
073914,148561073.33,37627053.01
073915,244620107.11,45249904.84
073916,120897249.95,370895743.08
073917,626274117.06,949880547.28
073918,304323894.9,311492348.89
073919,504597537.03,676058871.13
073920,1459187566.21,2391576343.01
073921,705602477.8,1260068773.56
073922,100783643.9,265632314.89
073923,2085517417.73,2512566703.62
073924,369139956.11,749865303.64
073925,306753174.49,730151077.33
073926,2054238125.81,2731299016.03
074001,108334681.88,576610123.77
074002,1352778410.05,724497438.86
074003,8413757.66,2783318.82
074004,10412083.52,6154875.57
074005,485289261.58,396348844.72
074006,74575303.93,20311441.73
074007,2302629.26,4275820.36
074008,159364155.2,224591763.0
074009,295454009.0,345522658.88
074010,297023553.35,310126992.12
074011,3231478743.77,3412527423.66
074012,171748673.28,144111179.02
074013,11903034.66,38107094.78
074014,93671258.92,69619830.22
074015,59872148.62,190071928.49
074016,1090074570.54,873138247.85
074017,8317711.82,12440743.45
084101,322039996.76,39017150.86
084102,32880429.96,20703389.61
084103,25568903.87,44892393.49
084104,218986490.56,284917278.95
084105,69736913.59,40305062.59
084106,10716876.94,19624212.94
084107,35732716.8,63496627.88
084108,2060214.47,11646298.8
084109,3165506.13,25151644.47
084110,4179938.53,1118840.59
084111,4345790.08,1588358.48
084201,34917335.63,73188867.39
084202,3918250187.92,2169356773.26
084203,352326143.86,594617847.52
084204,65486.0,0.0
084205,238435731.95,68405595.22
084206,4263250.1,15294021.3
084301,42825773.28,13594456.17
084302,29981231.84,33386791.13
084303,50507510.13,92155781.17
084304,1107460.48,5141130.88
094401,100313255.57,76919686.47
094402,9599249.85,51003807.08
094403,388760075.29,186383937.17
094404,11147927.13,32585698.35
094405,1599175.01,3312713.4
094406,32656551.18,9044039.96
094407,319380406.97,1216712350.87
094408,66683470.56,130210136.78
094409,57558059.83,297904648.01
094410,395342851.3,283117870.78
094411,240750476.45,494999986.96
094412,150262109.78,358923837.43
094413,5033744.04,17953314.28
094414,11170706.65,41373467.62
094415,113114910.01,238075891.85
094416,333885085.1,17027988.04
094417,3024645.82,16615149.13
094418,134575836.34,600165682.65
094419,8639070.46,41716644.97
094420,27113562.24,85510612.98
094421,67064811.88,388811219.5
094501,1569914.52,6237438.3
094502,464752.08,570937.27
094503,28053109.18,165349810.88
094504,30880363.12,109945732.55
094601,6246296.19,27508246.03
094602,6896526.3,75892889.52
104701,293240.34,41948598.4
104702,97535723.0,37812706.82
104703,254038329.36,1112175117.01
104704,37193088.5,47083086.98
104705,3090403.3,49222382.06
104706,39319029.79,46761016.33
104707,473941439.27,155804586.29
104801,435164667.44,234092349.74
104802,882505385.44,1396152668.44
104803,151360790.37,154035273.61
104804,353689447.76,381211375.76
104805,602404751.43,557424160.18
104806,257679783.37,90435745.49
104807,33048495.76,32663482.46
104808,142466499.33,84309581.79
104809,14235592.79,63439530.54
104810,1440329132.5,1959364120.38
104811,986182570.02,920105868.53
104812,3314227.55,10601539.73
104813,288267300.2,39015540.45
104814,50459234.56,169374888.06
104815,2667.79,0.0
104816,9080983.48,21695566.97
104817,65392426.53,77815142.84
104818,790371195.52,1402291176.23
104819,598489809.68,1631314429.81
104820,228032191.73,189022262.09
104821,187501711.24,253852872.61
104822,12534566.74,38143116.57
104823,163723387.68,287054138.34
104901,769311308.89,911272520.43
104902,591435886.55,499851959.16
104903,10909733.43,61178210.3
104904,4088270.12,8876363.7
104905,11504790.69,17094678.42
104906,7253121.84,2478410.12
104907,59440304.25,15475765.35
104908,15401823.09,35475989.86
104909,17946803.17,30700013.4
104910,6510282.6,19002223.69
104911,596484792.34,938915624.6
115001,0.0,177176.34
115002,35071.3,4975656.08
115003,57007.0,522752.42
115004,785864.09,5753501.62
115005,171664.86,1446628.42
115006,250836.42,376666.37
115007,68317741.24,82313602.0
115101,23485350.89,12370422.85
115102,397316.87,1322455.48
115103,3547570.01,1712646.79
115104,188473.1,117082.38
115105,9158735.52,5962822.71
115106,10307313.62,4093828.32
115107,8366090.5,23987753.33
115108,940385.38,6573808.67
115109,2087647.29,7124037.4
115110,52602.54,245213.0
115111,31669645.7,54065140.94
115112,71447064.83,69017871.78
115113,626611.56,325421.73
115201,14961069.81,40460333.12
115202,10221768.19,34838311.85
115203,4174900.11,8823074.24
115204,6164791.1,2478912.4
115205,17268715.99,99023086.17
115206,6887494.78,19055610.03
115207,27970893.99,5773724.76
115208,225162742.99,278966971.49
115209,128189016.36,89497089.1
115210,40974130.05,32193228.72
115211,68223972.02,43284745.29
115212,28870958.75,25371435.46
115301,208447323.01,15577478.77
115302,4753079.45,230817.4
115303,575164.74,1312202.37
115304,36682.74,0.0
115305,346788.27,3416276.67
115306,24368700.34,23362501.71
115307,148502.55,963494.76
115308,928179.28,2663431.8
115309,40540909.62,50784404.47
115310,757364.33,1074688.69
115311,1090754.21,3114802.09
115401,8579244.56,20894054.43
115402,418051435.71,502999004.83
115403,7827442.87,43532240.49
115404,19588294.76,65169418.29
115405,484875.42,12125679.2
115406,1495968.92,2166916.23
115407,287024669.89,304233546.51
115408,40620296.25,33474573.46
115501,42207990.24,20062615.47
115502,4406795.88,25811397.05
115503,67103777.29,214912715.98
115504,2038884.74,63304280.12
115505,9328541.36,7141051.66
115506,14361294.64,6373669.43
115507,7983329.69,486503.48
115508,8637297.75,7116333.28
115509,49104226.16,139647466.16
115510,9288678.84,32137759.62
115511,4147472.01,18259879.92
115512,124859306.55,44331659.56
115513,33131887.3,47416485.55
115514,42086220.74,40373248.56
115515,127708308.51,85625247.58
115516,58108625.32,63726320.21
115601,120146805.7,142634308.52
115602,52895394.36,67605494.21
115603,521715825.96,475620126.55
115604,38504988.37,15907783.44
115605,16065680.65,10981382.25
115606,33956708.44,13158304.46
115607,46925795.32,74365156.56
115608,17347747.76,38542331.68
115609,8287384.95,16569075.37
115701,6636232.21,32658939.42
115702,22940049.35,161458838.67
115703,111141612.75,247264203.11
115704,22709689.54,35161879.88
115705,41694430.5,81326167.14
115801,37795328.55,62420210.93
115802,2821242.11,3120078.76
115803,773548.91,683364.53
115804,90736389.21,26609601.65
115805,1434548.01,1428906.39
115806,123459489.72,61708295.28
115807,35211927.54,19131863.03
115808,52470919.47,23824335.33
115809,3759895.36,1594006.09
115810,44189398.32,67602820.33
115811,4700681.9,13315680.82
115901,88030592.39,22807693.49
115902,36232901.65,101587950.95
115903,254970095.87,203023221.85
115904,16666775.88,36190654.67
115905,5262504.15,7017256.85
115906,34542201.75,50961305.44
115907,26585093.96,17999326.48
115908,654460.11,1354332.38
115909,13021832.1,5964656.71
115910,6831054.5,13997010.0
115911,148029673.12,173572407.21
116001,20980483.17,28819530.15
116002,392818235.49,396037650.8
116101,24194313.23,69207530.11
116102,48601551.33,138960345.05
116103,57753142.88,138966698.8
116104,411842259.64,1056467380.75
116105,171919419.99,380345655.28
116106,127646687.73,337116295.49
116107,86337649.23,293802865.9
116108,192056386.98,677183225.46
116109,564377100.69,2162282137.07
116110,733131443.36,2996746932.88
116111,178731163.45,494754685.56
116112,106045460.86,286061764.43
116113,15680944.04,48819859.49
116114,178454271.76,191302415.43
116115,107037764.59,663747688.41
116116,62173998.81,213690589.23
116117,61828244.4,118556208.61
116201,152493583.55,520170345.92
116202,250775576.61,767486916.73
116203,483796747.41,2162876530.74
116204,1181953318.61,3151444533.49
116205,158081414.22,711533051.8
116206,249402944.36,770804435.72
116207,13260460.14,55506617.46
116208,71070519.23,134059120.59
116209,101556934.89,273870677.42
116210,302988199.08,509852221.99
116211,557494599.4,551834301.05
116212,356492725.79,686892157.53
116213,2978830.84,4457333.06
116214,212345664.03,259238095.08
116215,55696115.93,45893540.05
116216,15614778.1,52627019.08
116217,124090567.24,85445899.05
116301,16860850.84,79595352.5
116302,191928718.23,1071218083.71
116303,66393005.5,244333474.36
116304,27976667.03,187599553.11
116305,15172690.11,176949399.34
116306,70071297.33,180962115.51
116307,187159142.52,444546181.06
116308,2662306.86,4839630.84
116309,65518978.75,7820490.33
116310,5058703.62,10692763.33
126401,52610582.86,80902945.97
126402,244919467.9,1211916955.1
126403,936841697.08,3482315823.58
126404,238393710.02,1018171924.13
126405,56672855.3,127841377.92
126406,97365938.44,203493643.24
126501,168925.57,482596.19
126502,410866.48,340439.74
126503,0.0,296940.0
126504,2559025.42,13304219.07
126505,63758748.12,132485894.55
126506,97597109.55,225382239.73
126507,4940421.26,8314027.18
126601,13379429.85,110779893.93
126602,2964678.35,14776608.32
126603,1881642.12,15417092.04
126701,1574402.66,3659857.61
126702,17001599.51,82834063.4
126703,230075.21,5344968.97
126704,7041481.07,40790069.33
136801,11681867.53,71978756.69
136802,70707597.83,249931922.09
136803,4373150.32,193002990.39
136804,56223883.08,156645105.74
136805,137858577.42,162342755.86
136806,150216240.28,202247947.03
136807,102650711.1,58785625.09
136808,10105270.27,24019422.35
136809,36818733.15,147596746.8
136810,68173481.79,314387233.91
136811,13409293.56,78279314.48
136812,6478867.52,2139834.16
136813,90725753.29,29404296.9
136814,10224186.12,13357953.33
136815,318299931.53,239921540.88
136901,10214624.93,4963768.22
136902,229868602.32,106470184.23
136903,30324750.82,66915844.02
136904,6761017.01,26109627.2
136905,66911123.91,36605640.64
136906,1068337.42,8932807.88
136907,35908433.83,310915294.7
136908,54279833.51,964391970.27
136909,58415982.0,63021459.2
136910,138435195.13,264787954.02
136911,123761641.6,181830419.06
136912,57091209.95,195515512.33
136913,21315822.91,93346126.63
136914,23684594.27,59604041.2
137001,17954821.5,11090462.96
137002,97152889.56,75204746.71
137003,52492980.95,26347107.51
137004,3589202.89,4104472.77
137005,398865604.5,201123165.74
137006,27028924.16,42654514.65
137007,377090889.36,682439405.17
137008,14366818.73,48007769.28
137009,154616185.01,207508442.61
137010,730282276.67,945908377.41
137011,13894242.59,16764164.29
137012,50705.82,35647.0
137013,811852186.02,359129147.66
137014,47198994.92,10731874.31
137015,44020749.27,5291224.92
137016,7445774.23,62209683.76
137017,22422220.02,48077704.14
137018,52523989.9,21258138.56
137019,459566938.28,613267158.05
137020,66349853.22,78578107.34
147101,18150979.41,18687159.64
147102,234864453.17,567260904.26
147103,63394993.11,109890659.14
147104,25407180.95,17377924.11
147105,627427.76,3809114.81
147106,92411460.01,435809181.36
147107,2772136.12,3995108.66
147108,1139298657.66,781508587.65
147109,840346.01,10787287.5
147110,195612195.33,218059067.72
147111,501390.43,190295.94
147112,503786315.43,35992912.79
147113,2703875285.61,1884577915.34
147114,30732426.78,14264932.59
147115,117782032.86,213669538.92
147116,24144650.08,26948268.84
147117,277613514.03,333169023.05
147118,17021506.89,1565488.21
157201,11739653.39,56092141.35
157202,462132499.37,663150135.41
157203,4189817.71,20965296.01
157204,2716057616.97,899341577.65
157205,86745205.41,34122391.67
157206,12534662.53,12199431.98
157207,880368889.45,1003695576.09
157208,1409795309.9,2065521883.97
157209,339226591.36,699582185.96
157210,2105535412.67,1881874899.29
157211,206064066.26,414376232.86
157212,153655471.73,325389895.56
157213,422155385.68,421440660.85
157214,413691258.48,411650201.78
157215,107441828.72,205271163.02
157216,201504912.51,743520114.1
157217,301931060.91,339935553.05
157218,82119196.08,117060304.49
157219,1293073750.28,1863016789.45
157220,382285059.52,176018650.7
157221,240497252.54,47326476.58
157222,312220501.15,238731848.29
157223,86792896.41,96708687.95
157224,372124028.27,142993264.57
157225,3241542790.24,453653291.29
157226,213125330.68,104815064.7
157227,120961728.4,124506564.97
157228,603717741.78,507124122.61
157229,32890603.07,52788092.66
157301,13479165.39,71710571.55
157302,244953904.0,107200213.48
157303,412310803.26,69004797.3
157304,1362762621.38,560880012.2
157305,446275031.46,146246143.16
157306,471854819.25,952015226.83
157307,420879498.64,522811543.83
157308,928362642.6,1608946135.98
157309,91898422.66,110737770.56
157310,258884757.12,489398219.1
157311,99277309.74,105850673.55
157312,234823766.29,217024670.04
157313,8747218.04,7775713.7
157314,96724292.58,425025508.65
157315,132607248.57,133829278.2
157316,4279056.79,4345044.29
157317,34552367.32,92565051.97
157318,1222295933.48,1382515016.08
157319,5625194.77,5733946.72
157320,215288626.2,262205016.76
157321,156298429.55,537317093.2
157322,56592661.4,214355894.93
157323,276169862.57,428811554.01
157324,23089334.71,116102107.12
157325,253554146.78,273321359.17
157326,1486379961.07,1972098889.66
157401,5062446.83,3976.0
157402,7876442.47,978894.71
157403,500169251.66,1718963027.21
157404,1336782707.41,355013327.19
157405,1420581.37,8780095.78
157406,32486266.99,26974646.55
157407,501582129.39,254828235.06
157408,949947198.43,1041671520.79
157409,185022835.65,506285000.46
157410,18829794.7,51198594.14
157411,183220488.46,438919083.59
157412,103886052.5,220523699.02
157413,32205836.7,126545248.09
157414,7557.0,0.0
157415,29150542.57,35158333.91
157416,2761.0,0.0
157417,5242.0,6545.0
157418,11510102.47,27138688.11
157419,139641773.4,99887137.02
157501,639277.0,227599041.89
157502,212074651.23,399524270.84
157503,41421329.56,15249351.56
157504,3361162.97,34545936.63
157505,178993019.96,187451783.38
157506,64067062.75,218146453.95
157507,89589934.39,31193374.31
157508,35452648.62,21165424.62
157601,741047862.78,1014043560.28
157602,516572175.09,427798235.88
157603,26190157.87,45931448.53
157604,224235878.46,958676329.01
157605,179923896.79,95292182.65
157606,1516746145.93,1307660237.13
157607,334476997.12,544360834.11
157608,45522493.88,108838213.98
157609,21596936.49,23234860.1
157610,198966566.5,580316746.95
157611,10391721.67,12933306.9
157612,304958625.42,206419397.33
157613,24491162.76,13408694.9
157614,7399548.56,43752275.5
157615,311316148.36,184119142.08
157616,490169655.2,868533955.82
157801,94243665.14,70231909.94
157802,50548428.23,12114363.27
157803,7989.0,0.0
157804,29161243.53,25055523.9
157806,14976460.96,29424286.39
157901,152487536.95,357014034.88
157902,62860283.63,5372964.66
157903,21587431.03,26610634.63
157904,2159465.02,20860143.05
157905,171486972.52,75855566.43
157906,3006.0,0.0
157907,14904852.2,87913411.37
158001,23478179.81,102661516.57
158002,5025233.19,6568739.22
158003,10121783.31,11638910.25
158005,19316.0,0.0
158007,23844170.01,10542455.8
158101,22959515.11,38103708.84
158102,2661657.99,34186278.17
158103,6134666.59,5329185.72
158104,20209194.41,50719049.37
158105,31300705.41,64914727.22
158106,1066767.54,2043416.84
158107,2746862.09,1605746.09
158108,103597361.76,272285831.14
158109,166977057.0,39564817.85
158110,1522760.44,68289027.47
158111,5894200.48,40496664.68
158112,107287633.76,34802685.48
158113,3442076.71,14358553.07
158201,38604977.71,70179950.83
158202,63525503.98,126521503.15
158203,45736228.89,76580613.69
158204,44296233.56,110278449.89
158205,238672725.72,275183498.48
158206,20800017.21,45487218.18
158207,387894538.92,584825804.59
158208,70488520.87,83346627.09
158209,59017879.17,163380441.59
158210,26908623.11,15035276.4
158211,37454944.46,86547919.13
158212,95354904.01,157460186.03
158213,11227851.22,27253794.57
158214,15488095.32,33891096.15
158215,45781876.29,105173780.77
158301,365376569.24,507052875.62
158302,542900091.19,1209368376.82
158303,41257249.56,39337806.82
158304,3631989.41,11189773.13
158305,24291941.86,31950854.51
158306,22377499.93,84080831.36
158307,415607203.74,109947674.05
158308,101870348.67,181882346.17
158309,417860978.98,421711323.12
158310,22121808.49,19913435.31
158311,113504267.69,69416405.05
168401,731703527.56,1469017196.51
168402,75152946.43,113146436.39
168403,530976711.84,556448565.93
168404,72216139.54,62477942.61
168405,28987174.87,14657884.79
168406,388858481.99,142548268.92
168407,948561221.04,659762202.12
168408,3109093770.1,1853614113.28
168409,2556808591.1,3026814787.13
168410,115792696.6,34551177.2
168411,9985357623.55,6679819514.89
168412,475153830.48,448309639.53
168413,2640424879.47,2261815675.29
168414,2673539613.63,2438176882.22
168415,856153855.68,1421053857.5
168416,96817878.51,112396549.2
168417,210360282.64,86951006.92
168418,1094752554.42,1975127296.13
168419,1320720817.76,981586105.42
168420,26897597.97,22323709.46
168421,2169022789.96,1867692861.1
168422,709420806.04,1376336669.51
168423,64560085.82,187344585.73
168424,418772536.82,736783462.05
168425,287049763.28,270607525.12
168426,308159302.69,338863580.04
168427,802668323.0,816567522.69
168428,801026777.3,644013125.59
168429,1473235695.28,884196501.07
168430,296925725.63,170382278.48
168431,2266228217.38,2088016200.33
168432,407203125.29,479754263.8
168433,839320589.64,1400412683.9
168434,78748604.44,93420393.42
168435,41955203.09,20396359.91
168436,126113999.54,233191150.61
168437,34509443.08,33331897.36
168438,504702921.43,383616896.81
168439,148742065.26,123962811.33
168440,17380162.82,68070332.17
168441,324921164.89,231121308.7
168442,99956941.1,86696279.73
168443,1764247458.46,4791519918.37
168444,3770192.99,2335457.91
168445,72524305.56,14004352.75
168446,14536884.09,6778461.65
168447,11934283.23,14815070.68
168448,347491802.37,50730659.43
168449,46493992.98,12910207.01
168450,182676302.16,722071090.29
168451,253604641.04,229731169.56
168452,14563224.23,69759861.6
168453,15924457.27,14695673.22
168454,47505740.75,35469480.84
168455,216060598.91,91810424.24
168456,64539562.81,93943576.96
168457,82170308.21,136961356.66
168458,54732938.04,165421650.26
168459,75197318.08,71039596.27
168460,31446974.39,66590319.5
168461,20568951.32,45633742.21
168462,208619185.25,160608658.15
168463,32544833.6,33618881.58
168464,55462169.38,67650119.02
168465,65661486.98,287429721.57
168466,462854136.73,564400024.76
168467,129758858.41,414234967.6
168468,22464213.37,35965877.37
168469,3296344.13,1407861.83
168470,119265159.38,234893613.82
168471,2645419320.52,10683807025.89
168472,48593754.47,235060046.97
168473,987227329.69,1821458505.83
168474,713586326.59,387864396.57
168475,68559842.23,87272197.35
168476,24630129.74,146472244.23
168477,792785532.84,467071500.32
168478,52673079.04,8211183.63
168479,1404013103.4,2111326847.5
168480,303607149.36,391934813.43
168481,2673356346.78,2742789872.57
168482,1702779284.55,1321770744.07
168483,1900483482.6,1729252074.61
168484,132874122.38,150968879.8
168485,300562103.07,275570226.96
168501,1582256834.24,1557513423.8
168502,745213397.61,509820088.65
168503,668132943.57,907895680.3
168504,1757072384.73,2517427573.46
168505,205322759.35,189594220.83
168506,135780148.5,256745957.67
168507,782582412.36,1065666215.21
168508,123828478.36,802282855.61
168509,402628234.33,801634571.72
168510,22301839.8,107847508.02
168511,1163290859.28,879074980.6
168512,817006576.1,763710069.64
168513,36497241.03,107182793.38
168514,115327981.71,99933431.34
168515,256657110.07,242639139.01
168516,1124312972.22,2211517390.59
168517,3177725478.96,4247470457.06
168518,281437386.65,667476784.92
168519,47823644.55,242396641.01
168520,408561.6,1127848.82
168521,100014274.69,768070482.98
168522,59871258.0,50844712.37
168523,359709261.32,590976016.7
168524,907905273.65,1584534939.13
168525,1254367297.14,6966058677.41
168526,628836774.41,816928791.67
168527,230514894.1,624586339.0
168528,766252750.64,4991301876.05
168529,908861622.73,867033615.93
168530,201679400.42,82933678.71
168531,371072198.82,681151558.88
168532,178302320.61,192762337.77
168533,136985126.46,170177441.48
168534,217709154.99,366651854.96
168535,647828480.21,284586439.92
168536,4573864019.07,3016450341.11
168537,1264106092.39,1126087300.45
168538,2244612176.11,1260381922.83
168539,948963910.12,1168193663.49
168540,260440211.91,91376160.81
168541,1317468142.75,3809026004.37
168542,6111481997.12,5737079015.23
168543,478025886.23,866534155.06
168544,2438053833.62,3799065771.72
168545,334930437.57,99275790.33
168546,79173594.9,64189163.48
168547,109706504.37,81405306.69
168548,74369456.09,69664228.88
178601,139021719.38,28060050.44
178602,6060519.33,102406816.83
178603,474777567.08,66547001.0
178604,25772213.29,11532569.01
178605,19420859.48,1317749.39
178606,120494682.58,56779474.71
178607,589347459.3,393910556.55
178608,91964573.75,16660666.93
178609,107141980.63,107968955.92
178701,2592586619.04,2277058693.99
178702,244766242.06,821485035.53
178703,23804851463.44,31426157498.75
178704,4237838056.92,5246342484.34
178705,516700363.14,290819532.09
178706,84624193.47,334388950.18
178707,555652239.45,242720216.81
178708,18799595640.11,12061469253.24
178709,72424060.36,32838471.31
178710,69813507.0,325544987.0
178711,349425495.89,1347868124.31
178712,106361165.93,386157707.36
178713,85775896.05,69717405.62
178714,307606174.71,661563317.89
178715,25418879.26,109822861.94
178716,632423959.33,925472594.18
178801,3647298.86,3192285.1
178802,41872684467.24,12174227064.39
178803,7330452663.0,12237031693.36
178804,11341975.43,18216633.18
178805,44559758.74,15929811.19
178901,1716357566.43,929510780.59
178902,11909241.73,1858026.75
178903,822189251.52,880908927.66
178904,6931582.65,9494727.23
178905,49217237.07,35680340.06
178906,38531364.15,18334094.36
178907,81843612.14,36296320.93
178908,18764207.7,770885.85
189001,351435711.9,736440199.6
189002,77712451.93,202524646.87
189003,220241552.57,422396524.47
189004,185327523.68,407854527.71
189005,47134889.23,34349725.21
189006,36527308.68,96112395.87
189007,35925043.77,41342752.19
189008,6729681.32,6640738.37
189009,1286761.0,143195.0
189010,50064662.8,46794757.65
189011,10251997.81,51182112.79
189012,32303200.27,59545038.32
189013,146007038.97,198907193.98
189014,864762146.75,402128461.89
189015,921715366.41,253129799.96
189016,2309468.02,12712865.68
189017,42817797.06,68996989.5
189018,2775428292.25,3920922648.91
189019,242373134.16,510681062.82
189020,65263466.3,55191753.18
189021,2984680194.88,3639699933.4
189022,1478784066.02,993269916.04
189023,61933561.81,55134835.6
189024,31571429.65,60481633.64
189025,100093303.54,170196537.09
189026,694465907.82,663195701.24
189027,945314941.65,1338454124.3
189028,234753537.62,189435545.44
189029,190016627.46,339537928.25
189030,523718675.76,515617874.25
189031,906732917.1,883626651.43
189032,1428732801.26,1277838577.3
189033,84038903.0,74097488.88
189101,339303025.01,525047814.38
189102,443867663.27,1158492246.73
189103,3531542.29,7376623.72
189104,7016060.46,2860311.01
189105,22630422.11,61412423.05
189106,46091854.77,18208161.1
189107,35817591.93,37777355.86
189108,13555823.16,15570298.44
189109,848705.84,1376402.13
189110,5107271.54,2004319.54
189111,29661155.01,23491276.38
189112,496788.39,275818.86
189113,169017986.65,70421097.7
189114,120814189.77,56503356.17
189201,13384153.54,47236658.92
189202,12970711.81,42883509.48
189203,1269.0,0.0
189204,0.0,1001923.0
189205,95084796.95,39257912.19
189206,5450027.72,24223607.52
189207,24228483.41,117573368.48
189208,1892173.73,5696533.83
189209,61521583.58,44477179.51
199301,54145727.0,1831623.0
199302,927387.0,1719761.0
199303,19467696.68,64452307.12
199304,11324796.81,36104616.28
199305,59290354.19,24214772.85
199306,377584022.48,150746346.61
199307,2019851.03,2351657.93
209401,1149780387.12,3517506082.07
209402,95949082.56,166449442.85
209403,1231628947.99,4586502576.42
209404,140225497.64,637671161.59
209405,740443370.42,1632753640.73
209406,198961073.21,371957312.51
209501,65431.06,0.0
209502,34893.0,12844907.0
209503,389685051.89,997136440.43
209504,249823001.86,1845849362.32
209505,20213937.42,164970228.58
209506,543335519.45,1119027726.07
209507,51355543.86,104290416.19
209508,33871248.56,33979409.57
209601,992740.64,5448167.47
209602,51668321.87,34695745.88
209603,93347250.78,308839908.97
209604,1038382.66,1768372.78
209605,3200119.29,4800652.85
209606,34099420.47,44632772.08
209607,24938772.37,40814074.12
209608,325686863.71,318557372.03
209609,47476971.81,45485953.39
209610,10429039.7,27744788.89
209611,1401573.63,17372133.42
209612,134639632.52,97393503.86
209613,221121912.18,61274855.75
209614,1400175.53,2041856.31
209615,31921527.19,37664841.86
209616,234738880.9,112498548.33
209617,4738955.38,23729467.08
209618,22976271.62,36061924.75
219701,1492321621.25,337250351.18
219702,32636388.67,7853405.3
219703,239285917.59,89003127.07
219704,7964286.9,7621274.83
219705,50276799.89,23540120.92
219706,266058856.47,54535419.2
