010101,106708861.0,82972841.0
010102,1835500566.0,76872825.0
010103,160029810.0,28057885.0
010104,49111644.0,39926802.0
010105,266160165.0,28422268.0
010106,62994212.0,55496212.0
010201,1303376024.0,1418883240.0
010202,64013150.0,350892060.0
010203,1206106286.0,1154381801.0
010204,74023187.0,681301396.0
010205,30408670.0,85879628.0
010206,230000924.0,232315776.0
010207,1360153516.0,1216686113.0
010208,66683760.0,85614581.0
010209,57855254.0,30621228.0
010210,102963493.0,451198699.0
010301,68416559.0,30805120.0
010302,358921929.0,1135362881.0
010303,312289387.0,238577362.0
010304,165424271.0,1415139646.0
010305,94883627.0,205483827.0
010306,157401153.0,1070755137.0
010307,245162825.0,582851482.0
010401,834397357.0,592726075.0
010402,1105672180.0,315698703.0
010403,807257270.0,141049098.0
010404,609350754.0,230146682.0
010405,410373758.0,670058267.0
010406,3709948432.0,1491465639.0
010407,176800952.0,178497169.0
010408,82931902.0,89286022.0
010409,27193083.0,92810188.0
010410,6217470.0,13196277.0
010501,13458.0,2106107.0
010502,578073.0,2843997.0
010504,131772879.0,312477425.0
010505,73827290.0,20818088.0
010506,7854682.0,22128463.0
010507,245977.0,1132982.0
010508,2114789.0,12728202.0
010510,4255623.0,2328088.0
010511,61378876.0,133961211.0
020601,19336078.0,94905839.0
020602,133097067.0,674614638.0
020603,14716528.0,432240466.0
020604,7747350.0,60387869.0
020701,513370422.0,115211277.0
020702,366497787.0,563684065.0
020703,139699639.0,158430847.0
020704,146735338.0,82392527.0
020705,81411263.0,133222276.0
020706,71178994.0,101659639.0
020707,16700221.0,77093488.0
020708,91336314.0,132978024.0
020709,310317475.0,894605526.0
020710,284914034.0,575712854.0
020711,4477757.0,36022306.0
020712,93884375.0,118458837.0
020713,254909604.0,113829867.0
020714,5608582.0,27166685.0
020801,3453517.0,85473512.0
020802,216108077.0,535635494.0
020803,200346714.0,466785802.0
020804,102189135.0,478445116.0
020805,117923419.0,1058627768.0
020806,49398752.0,291278265.0
020807,83140498.0,252887441.0
020808,716706468.0,301997544.0
020809,251237466.0,268568085.0
020810,168876706.0,523609189.0
020811,26402065.0,363933964.0
020812,1902596.0,5352904.0
020813,97791732.0,80144443.0
020814,665521.0,5067417.0
020901,411644094.0,2343611990.0
020902,52048801.0,163858913.0
020903,1504134.0,2079505.0
020904,44823793.0,82697358.0
020905,20170718.0,24909911.0
020906,4595185.0,3888904.0
020907,1973109.0,4575884.0
020908,8868438.0,14613973.0
020909,4823883.0,10342320.0
020910,42195326.0,57536675.0
021001,5053299752.0,98219153.0
021002,9708791.0,776179.0
021003,1332947135.0,29316113.0
021004,9299705.0,5418579.0
021005,2398471266.0,273964495.0
021006,55084522.0,458164888.0
021007,31669057.0,6554544.0
021008,53589680.0,26300663.0
021101,253790412.0,105719069.0
021102,25674588.0,29720390.0
021103,130789568.0,52010247.0
021104,54971253.0,42265634.0
021105,12915562.0,32728852.0
021106,10354245.0,36440794.0
021107,583961062.0,20908830.0
021108,65909765.0,113331952.0
021109,154991175.0,74957267.0
021201,27640984.0,400381086.0
021202,4107535.0,51779342.0
021203,13321.0,64933.0
021204,6080402.0,28291296.0
021205,936245237.0,300929226.0
021206,401969407.0,143158413.0
021207,31952170.0,63182725.0
021208,1875322.0,20473723.0
021209,603315312.0,406137727.0
021210,1449410.0,3370489.0
021211,53566849.0,90922667.0
021212,14584934.0,39816090.0
021213,35139097.0,10852689.0
021214,66595786.0,15718714.0
021301,121489508.0,84064802.0
021302,119569793.0,235999764.0
021401,2945173.0,11426933.0
021404,8702449.0,21268692.0
031501,111361789.0,13507629.0
031502,93744642.0,11630186.0
031503,4504085.0,184574.0
031504,50262231.0,68652381.0
031505,2903995.0,13579603.0
031506,97464089.0,2716484.0
031507,100312822.0,266139479.0
031508,21008533.0,58586558.0
031509,39033909.0,376121786.0
031510,1614903.0,771718.0
031511,2687188.0,483824938.0
031512,642556551.0,315907224.0
031513,5193710.0,72541259.0
031514,379369793.0,274831334.0
031515,149695499.0,281836671.0
031516,37720672.0,85594204.0
031517,58641810.0,458013553.0
031518,68598868.0,21238483.0
031519,87386039.0,347339089.0
031520,80180676.0,49078889.0
031521,7957010.0,20488121.0
031522,13120518.0,493801.0
041601,216973080.0,232541877.0
041602,566864548.0,542102922.0
041603,11381147.0,9208791.0
041604,191440050.0,980299237.0
041605,70444948.0,295347497.0
041701,1787574425.0,327947163.0
041702,142206663.0,354959015.0
041703,1085314.0,54338273.0
041704,210000446.0,390841301.0
041801,14777460.0,382464797.0
041802,329474.0,1812433.0
041803,164551687.0,330426778.0
041804,303369631.0,217228949.0
041805,229872696.0,173987632.0
041806,1531127265.0,1796754200.0
041901,1734732422.0,450053966.0
041902,230179884.0,628182220.0
041903,3731285.0,3715334.0
041904,451728395.0,340987431.0
041905,1833956708.0,2064018343.0
042001,13863861.0,87433843.0
042002,32988348.0,223392488.0
042003,46097926.0,84491255.0
042004,388271289.0,564737470.0
042005,632267576.0,742315168.0
042006,60935462.0,23040414.0
042007,325329959.0,208917202.0
042008,222710012.0,832866292.0
042009,236149272.0,1259847188.0
042101,264394768.0,332343816.0
042102,54161830.0,118692180.0
042103,361923157.0,606173468.0
042104,168092195.0,115681435.0
042105,437975835.0,284018707.0
042106,1546134583.0,960901269.0
042201,788090404.0,111715007.0
042202,791796064.0,802105749.0
042203,454426208.0,703990270.0
042204,10073105325.0,811737507.0
042205,41875151.0,49801433.0
042206,54672307.0,20807504.0
042207,912893946.0,142661724.0
042208,4739089749.0,1272357030.0
042209,25877423.0,36626483.0
042301,92524636.0,108823401.0
042302,98517421.0,32547248.0
042303,302769014.0,94740060.0
042304,32382247.0,1574230604.0
042305,36431.0,2712176.0
042306,176594854.0,432430247.0
042307,4707542.0,203842.0
042308,14619731.0,26311156.0
042309,2357232231.0,1028600107.0
042401,169415622.0,192070984.0
042402,371985453.0,1997635572.0
042403,265661167.0,357019952.0
052501,84313401.0,87751850.0
052502,78061.0,105375.0
052503,46661414.0,30268245.0
052504,693844.0,6655161.0
052505,48181944.0,84761234.0
052506,3535345.0,23311270.0
052507,51021454.0,55540094.0
052508,73508532.0,76747079.0
052509,36693555.0,27317797.0
052510,0,50836431.0
052511,36518.0,10553053.0
052512,17490190.0,6403662.0
052513,1467119.0,4108850.0
052514,12534471.0,16432670.0
052515,8764589.0,13480755.0
052516,10710656.0,73317208.0
052517,96667481.0,113217162.0
052518,3518453.0,33696972.0
052519,25857519.0,52864448.0
052520,63857869.0,30345129.0
052521,4335611.0,3372065.0
052522,129499793.0,60175989.0
052523,132517077.0,426031733.0
052524,0,41483.0
052525,10572180.0,4759974.0
052526,73536535.0,23831651.0
052528,73835.0,4198681.0
052529,14426998.0,16651896.0
052530,38166955.0,102245533.0
052601,15868034.0,1807620411.0
052602,36181569.0,88777113.0
052603,158637.0,99120.0
052604,484615.0,627521.0
052605,345.0,84181.0
052606,1121971.0,108910749.0
052607,984.0,81821.0
052608,43850150.0,190837298.0
052609,1521594.0,614303.0
052610,986835.0,9791998.0
052611,10.0,5188393.0
052612,2417.0,83886.0
052613,379833.0,27472665.0
052614,202106.0,154461243.0
052615,7451122.0,65788372.0
052616,269417.0,196452.0
052617,710334.0,310493.0
052618,9538807.0,15548315.0
052619,15277173.0,17515901.0
052620,225024146.0,24014258.0
052621,5926808.0,8752766.0
052701,30700251.0,2903537614.0
052702,19239.0,19512048.0
052703,5102753.0,93243259.0
052704,18041224.0,230880911.0
052705,14562.0,3481.0
052706,40125044.0,3485726.0
052707,770551557.0,492268516.0
052708,103798.0,54458633.0
052709,368784302.0,47566401611.0
052710,16125966171.0,37159763922.0
052711,4121001522.0,24258346109.0
052712,142454902.0,126383552.0
052713,135861739.0,1019063258.0
052714,6093558.0,33702048.0
052715,19979677.0,39973618.0
052716,3167260225.0,934752739.0
062801,21980920.0,91898148.0
062802,604730.0,1276247.0
062803,125014551.0,272906253.0
062804,127306375.0,218812691.0
062805,702651.0,19729477.0
062806,6667439.0,27698906.0
062807,10887495.0,48062626.0
062808,8808463.0,37030534.0
062809,9574787.0,190701607.0
062810,384015.0,17261172.0
062811,30316537.0,263475935.0
062812,22153302.0,22227283.0
062813,11543.0,37536913.0
062814,35676195.0,387370617.0
062815,52172297.0,207240078.0
062816,2920661.0,10939287.0
062817,2511175.0,101224089.0
062818,310622029.0,347033645.0
062819,3692899.0,5329542.0
062820,2285219.0,8133188.0
062821,14145963.0,30489223.0
062822,130370.0,14728695.0
062823,68042523.0,44485848.0
062824,27244.0,4213842.0
062825,147577017.0,131485253.0
062826,521855.0,21446482.0
062827,91906916.0,114759973.0
062828,28737253.0,43832890.0
062829,13647244.0,12030500.0
062830,1441445.0,6848682.0
062831,622302.0,3636173.0
062832,4794585.0,22591235.0
062833,27529548.0,91200864.0
062834,8453033.0,53276179.0
062835,63225635.0,179013956.0
062836,151159212.0,186986852.0
062837,4982762.0,12766759.0
062839,0,25394269.0
062840,5188143.0,19946835.0
062841,6476644.0,48385600.0
062842,10342151.0,8426988.0
062843,92259455.0,662678644.0
062844,1876116046.0,2588961439.0
062845,13102798.0,19152489.0
062846,93958714.0,208299108.0
062847,0,23800131.0
062848,266255.0,650564.0
062849,29902870.0,97919659.0
062850,12286268.0,21557974.0
062851,14587578.0,12996391.0
062901,1109809437.0,1308741832.0
062902,443183213.0,1180054723.0
062903,245277595.0,439140006.0
062904,58262352.0,62650218.0
062905,229217982.0,756488540.0
062906,60841185.0,69375691.0
062907,22575339.0,164155808.0
062908,2543630.0,7291716.0
062909,838224228.0,559269880.0
062910,108773783.0,80031568.0
062911,1981950.0,7260109.0
062912,46014568.0,125189783.0
062913,0,2259458.0
062914,231906353.0,230008034.0
062915,66554062.0,376374050.0
062916,62740810.0,470802129.0
062917,52597655.0,449012846.0
062918,174422605.0,395821182.0
062919,12766815.0,26032439.0
062920,139681059.0,69502523.0
062921,30240143.0,230973443.0
062922,149104495.0,1270211205.0
062923,37107247.0,113463787.0
062924,101531446.0,393264786.0
062925,132433184.0,26038913.0
062926,315099204.0,315346683.0
062927,9251004.0,6090831.0
062928,9444303.0,47628138.0
062929,1534325.0,89283494.0
062930,396688765.0,1726938803.0
062931,4725965.0,125494174.0
062932,181921012.0,328126464.0
062933,2341644828.0,4308922629.0
062934,410105687.0,669628322.0
062935,237820958.0,421786397.0
062936,320619288.0,363517368.0
062937,300466438.0,2258244732.0
062938,95729383.0,71650619.0
062939,14301341.0,60399694.0
062940,91542035.0,39311295.0
062941,188547697.0,806911057.0
062942,18142840.0,26276460.0
063001,864976676.0,1693840685.0
063002,5239002738.0,4066866209.0
063003,408463921.0,134269019.0
063004,27283676157.0,19340607194.0
063005,230607007.0,512795033.0
063006,672395641.0,555430880.0
063101,22967546.0,52695655.0
063102,267410178.0,1827144579.0
063103,4567302.0,122401927.0
063104,33300276.0,407261975.0
063105,80670138.0,602837925.0
063201,13474779.0,11990902.0
063202,68224509.0,11027365.0
063203,56959620.0,68451205.0
063204,314811718.0,420680479.0
063205,3840626.0,6014105.0
063206,328971460.0,575418907.0
063207,60937232.0,108779695.0
063208,692811321.0,511735702.0
063209,275976333.0,345186625.0
063210,11768414.0,32328117.0
063211,13101193.0,4490993.0
063212,130193685.0,87516978.0
063213,68590505.0,31561734.0
063214,325422369.0,286573118.0
063215,598109627.0,1310572537.0
063301,273696540.0,297470197.0
063302,2011969112.0,2382982094.0
063303,4845337163.0,458145902.0
063304,6710799739.0,1165729595.0
063305,1096517432.0,410604041.0
063306,112393373.0,191963830.0
063307,733170959.0,442673791.0
063401,166775545.0,265425203.0
063402,2034499404.0,1777969693.0
063403,728316059.0,277076469.0
063404,54893249.0,157505378.0
063405,69747710.0,89439797.0
063406,48495311.0,112646029.0
063407,6743409.0,31261685.0
063501,289931150.0,48223492.0
063502,62979103.0,50096622.0
063503,197010555.0,67358793.0
063504,167003836.0,132817224.0
063505,381556185.0,153569842.0
063506,414827535.0,315190789.0
063507,349291924.0,234532129.0
063601,0,26588781.0
063602,0,14368875.0
063603,104584373.0,227857364.0
063604,70896105.0,25327899.0
063605,647783.0,7540832.0
063606,1421344.0,51656367.0
063701,116765091.0,155841630.0
063702,94275883.0,60396073.0
063703,55515810.0,79115157.0
063704,613640.0,630002.0
063705,21347290.0,16840734.0
063706,4559237.0,4390943.0
063707,263668546.0,273038785.0
063801,126944540.0,113299329.0
063802,82843488.0,82021152.0
063803,0,10277519.0
063804,0,17621422.0
063805,4678641.0,54656711.0
063806,81460161.0,74204278.0
063807,2076624.0,2772258.0
063808,3522982941.0,2229338715.0
063809,287877298.0,154344629.0
063810,93418212.0,57447038.0
063811,2366046542.0,599099595.0
063812,109953722.0,171431483.0
063813,10184234.0,10830395.0
063814,58021391.0,62122767.0
063815,510955923.0,328746442.0
063816,124489235.0,81406938.0
063817,48241286.0,61543930.0
063818,312012825.0,268131873.0
063819,26858433.0,39128674.0
063820,27718453.0,77258044.0
063821,203416592.0,104687269.0
063822,1436440586.0,1443892721.0
063823,1891810165.0,2041551693.0
073901,2466780158.0,2430359872.0
073902,1827606281.0,1629301556.0
073903,890738342.0,695912796.0
073904,977226291.0,560473240.0
073905,41973815.0,214254482.0
073906,1260083151.0,668706101.0
073907,951285253.0,2007830681.0
073908,656374679.0,537073027.0
073909,333489133.0,733557294.0
073910,0,238048277.0
073911,572147059.0,269706133.0
073912,29770819.0,161130479.0
073913,172378871.0,80268142.0
073914,0,54378639.0
073915,288294581.0,61707055.0
073916,98780003.0,342578033.0
073917,541073551.0,1079484751.0
073918,319289638.0,373528779.0
073919,556495474.0,711023567.0
073920,1378861517.0,2441971039.0
073921,762550221.0,1359569394.0
073922,83467950.0,245664650.0
073923,2291513820.0,2727567376.0
073924,397184662.0,782761113.0
073925,380732799.0,729999105.0
073926,2137311074.0,3033471928.0
074001,113206178.0,618747910.0
074002,1090843382.0,878399324.0
074003,4405270.0,1987221.0
074004,10508300.0,1768798.0
074005,511437832.0,498886716.0
074006,133710350.0,23854380.0
074007,3110934.0,3434470.0
074008,179743094.0,219067176.0
074009,235183556.0,353288407.0
074010,257879346.0,294696028.0
074011,4005092673.0,4018051521.0
074012,190817021.0,147525787.0
074013,17316432.0,37935197.0
074014,105257591.0,52625263.0
074015,71571566.0,215885625.0
074016,1180748310.0,870363147.0
074017,9178553.0,11491552.0
084101,369613865.0,34182785.0
084102,38609470.0,32871122.0
084103,31819963.0,87326689.0
084104,236822572.0,346878911.0
084105,98382166.0,65634733.0
084106,15333853.0,34255609.0
084107,49665761.0,83289631.0
084108,1929699.0,12481149.0
084109,14829521.0,28439206.0
084110,8843858.0,240013.0
084111,236303.0,975958.0
084201,47362342.0,69458694.0
084202,5706496376.0,3501903242.0
084203,485973660.0,591735982.0
084205,358376004.0,103523022.0
084206,4393884.0,32076580.0
084301,42929702.0,12136094.0
084302,31421840.0,46548695.0
084303,82491845.0,105977783.0
084304,891627.0,2664356.0
094401,125429401.0,82778746.0
094402,10318148.0,49156802.0
094403,325902900.0,158822926.0
094404,12602284.0,33833234.0
094405,2528939.0,3520673.0
094406,29277368.0,10120215.0
094407,272059944.0,1027774381.0
094408,56216111.0,117422079.0
094409,60468316.0,292776110.0
094410,499034687.0,298586020.0
094411,297834520.0,494717063.0
094412,159137722.0,311725087.0
094413,3428115.0,20675245.0
094414,12574362.0,39397083.0
094415,134429720.0,235288921.0
094416,404106221.0,17177001.0
094417,3758002.0,17322564.0
094418,126205201.0,605611141.0
094419,8746633.0,44581391.0
094420,30433925.0,72560195.0
094421,69591017.0,403652496.0
094501,52255.0,7609866.0
094502,653249.0,167801.0
094503,24156207.0,143370169.0
094504,45235041.0,137053542.0
094601,9974453.0,24070098.0
094602,6263864.0,65816970.0
104701,201124.0,31536274.0
104702,192353527.0,39961131.0
104703,282433705.0,1185006952.0
104704,476678.0,33770437.0
104705,3128306.0,29905423.0
104706,26528047.0,34120271.0
104707,498762775.0,138062474.0
104801,467653605.0,223348934.0
104802,712851202.0,1304962258.0
104803,182049978.0,129776016.0
104804,351092926.0,379430078.0
104805,667477985.0,581618899.0
104806,273414370.0,41277462.0
104807,25929253.0,31676228.0
104808,147466226.0,62040699.0
104809,5594843.0,50484083.0
104810,1302436580.0,1894584248.0
104811,558312101.0,581040315.0
104812,4883072.0,10012941.0
104813,108837290.0,49783565.0
104814,70530205.0,150857227.0
104816,2519107.0,19625170.0
104817,45262245.0,67129033.0
104818,816611021.0,1529139615.0
104819,626671597.0,1768813957.0
104820,198443852.0,198900765.0
104821,160814182.0,287689363.0
104822,10643083.0,39671495.0
104823,415827315.0,600025567.0
104901,858907341.0,929763169.0
104902,513709472.0,458552333.0
104903,3612917.0,45258181.0
104904,3752146.0,6375171.0
104905,9877822.0,12444447.0
104906,6618141.0,16404756.0
104907,13457358.0,2184391.0
104908,21616952.0,35722655.0
104909,12872322.0,24484213.0
104910,5244251.0,19669966.0
104911,567081143.0,918806980.0
115001,521.0,354262.0
115002,39.0,10128308.0
115003,9564.0,215671.0
115004,369982.0,13325519.0
115005,48454.0,2704384.0
115006,100256.0,448080.0
115007,94297069.0,91059915.0
115101,16157216.0,8266557.0
115102,863001.0,1704040.0
115103,878528.0,1962543.0
115104,87511.0,81014.0
115105,4281490.0,4076265.0
115106,7791614.0,5124648.0
115107,3593230.0,21266863.0
115108,763165.0,13730914.0
115109,2085143.0,5863669.0
115110,17191.0,241424.0
115111,28524551.0,55000291.0
115112,60306083.0,59068625.0
115113,476147.0,899812.0
115201,5091368.0,35660857.0
115202,12944903.0,29585123.0
115203,1946409.0,10862781.0
115204,3330998.0,3890520.0
115205,11042758.0,79292462.0
115206,5530946.0,15567262.0
115207,38564049.0,5394658.0
115208,175662446.0,202914353.0
115209,94991100.0,77505837.0
115210,36074179.0,24292512.0
115211,62652912.0,41512862.0
115212,16733992.0,21300720.0
115301,247867060.0,18971808.0
115302,0,111645.0
115303,385266.0,1293959.0
115305,297706.0,3070317.0
115306,19202250.0,21928740.0
115307,97823.0,249266.0
115308,324746.0,2545972.0
115309,32518358.0,36128077.0
115310,214150.0,1100594.0
115311,711613.0,2760862.0
115401,5925491.0,20153603.0
115402,296057365.0,486536788.0
115403,1245482.0,29969504.0
115404,8412660.0,81021643.0
115405,8618.0,233018.0
115406,1116324.0,3361016.0
115407,260454910.0,316584209.0
115408,39651764.0,44144264.0
115501,40399013.0,23179708.0
115502,6379136.0,28414074.0
115503,40552134.0,216356605.0
115504,938191.0,67281664.0
115505,6633430.0,7377980.0
115506,26956375.0,2693552.0
115507,5591768.0,149376.0
115508,9901209.0,6674547.0
115509,48033834.0,118569102.0
115510,16028807.0,30667648.0
115511,10213861.0,20895101.0
115512,130551114.0,36673292.0
115513,28090099.0,37387508.0
115514,30535361.0,40836561.0
115515,116812114.0,73380490.0
115516,82055833.0,60990502.0
115601,94837982.0,109739386.0
115602,55723914.0,44559048.0
115603,546197586.0,452216051.0
115604,36168883.0,9792343.0
115605,15822018.0,13135426.0
115606,27552593.0,14361450.0
115607,53614899.0,81084810.0
115608,15358900.0,42137361.0
115609,9661985.0,13122517.0
115701,8410043.0,27336295.0
115702,21460175.0,134733840.0
115703,94060246.0,219559318.0
115704,16739794.0,30413269.0
115705,105514691.0,76082892.0
115801,45659469.0,47461715.0
115802,605264.0,2834633.0
115803,546534.0,686162.0
115804,112476795.0,34353469.0
115805,1269302.0,2804381.0
115806,125342827.0,60050797.0
115807,45147185.0,21623163.0
115808,61618953.0,22404456.0
115809,3650962.0,1544325.0
115810,43326885.0,57120463.0
115811,1971494.0,2046553.0
115901,6096560.0,14679806.0
115902,13714297.0,111719434.0
115903,248707334.0,194055371.0
115904,11343235.0,31295163.0
115905,5111191.0,6345695.0
115906,34874874.0,52746386.0
115907,22779146.0,14547293.0
115908,181020.0,749533.0
115909,21666321.0,5324780.0
115910,6668442.0,14593443.0
115911,133780360.0,159482032.0
116001,21973384.0,27539990.0
116002,472522189.0,374782599.0
116101,23903794.0,75843450.0
116102,44780982.0,120523175.0
116103,45795381.0,156985306.0
116104,529820786.0,1106199252.0
116105,214045204.0,462810325.0
116106,149473345.0,364980647.0
116107,96105690.0,285814514.0
116108,211975831.0,595389051.0
116109,722674547.0,2023430668.0
116110,874952739.0,2849201304.0
116111,195278061.0,481399281.0
116112,154274061.0,277242754.0
116113,35440582.0,56542501.0
116114,341512174.0,198048678.0
116115,123600488.0,610042184.0
116116,99138538.0,208053424.0
116117,60795593.0,115821852.0
116201,186904439.0,532274986.0
116202,308217944.0,757333356.0
116203,558226417.0,2160097456.0
116204,1345321406.0,3072044430.0
116205,201004637.0,700687239.0
116206,263284098.0,694662725.0
116207,9971209.0,48648070.0
116208,48238004.0,111017329.0
116209,112555006.0,265134644.0
116210,553251894.0,526327443.0
116211,1031645757.0,562340258.0
116212,432573896.0,685825990.0
116213,2928814.0,5730389.0
116214,293272398.0,309986301.0
116215,65054488.0,45022622.0
116216,17928712.0,46840292.0
116217,86029261.0,70089618.0
116301,19454169.0,83488300.0
116302,246722220.0,935202658.0
116303,66696949.0,231269561.0
116304,32157477.0,178407792.0
116305,18689992.0,182282402.0
116306,100146842.0,220838172.0
116307,218558128.0,467740278.0
116308,7256135.0,9106514.0
116309,76032268.0,8362338.0
116310,5704385.0,11360339.0
126401,68103719.0,73416210.0
126402,439853477.0,1365041500.0
126403,1477799429.0,3549589382.0
126404,453866147.0,1142766709.0
126405,89587289.0,123068358.0
126406,107022562.0,188311145.0
126501,92928.0,139478.0
126502,86769.0,282501.0
126504,3419483.0,13382845.0
126505,77316754.0,177114886.0
126506,129189705.0,206602759.0
126507,6759719.0,9913519.0
126601,15733668.0,116639661.0
126602,6969640.0,13337970.0
126603,603727.0,14282460.0
126701,2741722.0,4173521.0
126702,23007975.0,83804688.0
126703,299939.0,6227302.0
126704,9938521.0,53153364.0
136801,14096448.0,95873075.0
136802,76666245.0,226660094.0
136803,1256353.0,177566415.0
136804,67475028.0,140241203.0
136805,146514724.0,164523847.0
136806,150068642.0,225963239.0
136807,112035572.0,46380972.0
136808,8774436.0,23713011.0
136809,33637484.0,158140249.0
136810,64881090.0,319756749.0
136811,11238560.0,76400847.0
136812,105101.0,1568036.0
136813,74714602.0,42748116.0
136814,10941457.0,10590862.0
136815,447956898.0,282306597.0
136901,12549103.0,4452836.0
136902,250948404.0,115153872.0
136903,29041648.0,60625849.0
136904,1975253.0,27273946.0
136905,75987561.0,27864773.0
136906,290889.0,11622423.0
136907,32288882.0,247897982.0
136908,45101794.0,928635310.0
136909,129217952.0,79888382.0
136910,107270275.0,286446709.0
136911,127923521.0,146766307.0
136912,73217483.0,165866903.0
136913,43548128.0,72480706.0
136914,29489160.0,45506971.0
137001,23498168.0,13765372.0
137002,123370525.0,78270908.0
137003,58808083.0,17930077.0
137004,1880134.0,2416447.0
137005,304266518.0,195603450.0
137006,14502790.0,34308645.0
137007,350322500.0,638112193.0
137008,22561824.0,30277821.0
137009,143518785.0,188638498.0
137010,782179515.0,1066117702.0
137011,5827524.0,12872902.0
137013,797980600.0,313704870.0
137014,39375514.0,9105092.0
137015,39690265.0,6356043.0
137016,8358182.0,56658108.0
137017,20178704.0,46248177.0
137018,50061232.0,19717136.0
137019,520402520.0,571908874.0
137020,55570198.0,83183470.0
147101,8727771.0,15893011.0
147102,353339723.0,938757866.0
147103,96448466.0,203368756.0
147104,31845454.0,22614763.0
147105,535920.0,3950931.0
147106,216400219.0,502679247.0
147107,5180137.0,12927276.0
147108,2312653498.0,710163566.0
147109,1738197.0,15248024.0
147110,101909886.0,199553768.0
147111,619587.0,182677.0
147112,519735352.0,35842231.0
147113,3259614090.0,2910738515.0
147114,32297142.0,23965896.0
147115,134013223.0,112853217.0
147116,28700940.0,26659621.0
147117,401653532.0,604082623.0
147118,36180136.0,14421964.0
157201,38343562.0,87724959.0
157202,286904299.0,592183621.0
157203,10262924.0,15253765.0
157204,2781932701.0,1113420177.0
157205,17098973.0,38581704.0
157206,9448028.0,14320199.0
157207,1040521178.0,1049033716.0
157208,2077602040.0,2061537107.0
157209,311990674.0,606475041.0
157210,1874750809.0,1811097754.0
157211,150932043.0,390785502.0
157212,156635553.0,345392059.0
157213,396639611.0,478873117.0
157214,557370450.0,448914499.0
157215,114929054.0,211950482.0
157216,198432394.0,798215545.0
157217,368936441.0,315377044.0
157218,91884930.0,161872755.0
157219,976828312.0,1692019313.0
157220,321250035.0,156257743.0
157221,255513048.0,51168708.0
157222,405228565.0,265047532.0
157223,107192425.0,99273032.0
157224,538859469.0,242154072.0
157225,2780940919.0,434143018.0
157226,199312870.0,121496014.0
157227,102690400.0,99261878.0
157228,676601419.0,583879210.0
157229,27156510.0,56367699.0
157301,19293065.0,71941506.0
157302,41746520.0,85198569.0
157303,0,51959082.0
157304,1676156548.0,663422196.0
157305,289027928.0,152162412.0
157306,435864394.0,942198053.0
157307,391135495.0,557403153.0
157308,689907681.0,1666358939.0
157309,117176614.0,118897649.0
157310,264460482.0,511615400.0
157311,108096764.0,92557909.0
157312,217510138.0,214359149.0
157313,5474217.0,5028724.0
157314,108992182.0,482596850.0
157315,161727594.0,152703707.0
157316,2875982.0,3288855.0
157317,29203729.0,83606714.0
157318,1300390173.0,1520791578.0
157319,3322513.0,5222134.0
157320,253017541.0,257996366.0
157321,165340915.0,512731813.0
157322,33888818.0,226407466.0
157323,298031301.0,381291031.0
157324,14410474.0,109227086.0
157325,186552103.0,274506313.0
157326,1740472582.0,2209571284.0
157401,6057261.0,2632502.0
157402,19274347.0,2327542.0
157403,380812745.0,1808569073.0
157404,1388665836.0,426264335.0
157405,1022351.0,11446265.0
157406,0,24463395.0
157407,572895613.0,192372127.0
157408,837925625.0,1057664288.0
157409,166929052.0,420380713.0
157410,28702607.0,56018105.0
157411,149851536.0,351637065.0
157412,104941228.0,250381522.0
157413,29963743.0,108011274.0
157415,35207677.0,33845292.0
157418,13334451.0,25608417.0
157419,200764504.0,114457366.0
157501,244878.0,211733719.0
157502,241053165.0,552215732.0
157503,57661393.0,17563408.0
157504,5678248.0,22414670.0
157505,266761204.0,312480799.0
157506,81540291.0,136446110.0
157507,153063442.0,29178721.0
157508,51892217.0,28542256.0
157601,420090435.0,1021103728.0
157602,597481396.0,452454529.0
157603,13853322.0,38632010.0
157604,250532142.0,998592352.0
157605,170234410.0,97395107.0
157606,1627074734.0,1484622951.0
157607,376663429.0,507279568.0
157608,34288494.0,127311771.0
157609,29978315.0,31942375.0
157610,178995987.0,515637186.0
157611,8630919.0,19613795.0
157612,299718747.0,246773211.0
157613,44629102.0,13995015.0
157614,9899741.0,36497915.0
157615,297934246.0,173360098.0
157616,716124568.0,889338798.0
157801,115060802.0,71772311.0
157802,20550748.0,15651996.0
157804,18254152.0,29571585.0
157806,17739053.0,50805719.0
157901,158530688.0,333234772.0
157902,79095542.0,15107264.0
157903,2275549.0,23768398.0
157904,625227.0,13180517.0
157905,0,79719115.0
157907,0,69519194.0
158001,14472324.0,110387144.0
158002,6375689.0,1362477.0
158003,20435633.0,19596686.0
158007,23611123.0,4906878.0
158101,39886060.0,38077668.0
158102,2514187.0,44704568.0
158103,8943021.0,27937408.0
158104,8494259.0,64716070.0
158105,33783471.0,66664072.0
158106,4297471.0,8167068.0
158107,1365767.0,920316.0
158108,130174378.0,468888481.0
158109,0,41754639.0
158110,1129268.0,79252803.0
158111,6130445.0,33221358.0
158112,163572735.0,51922885.0
158113,8722565.0,12811669.0
158201,41960092.0,78214431.0
158202,62991605.0,123896993.0
158203,33538527.0,88520579.0
158204,39002059.0,125733487.0
158205,247502397.0,292634578.0
158206,27354626.0,37776990.0
158207,435571889.0,629729718.0
158208,79912304.0,86842986.0
158209,46784226.0,203752437.0
158210,33404517.0,23198635.0
158211,52333642.0,104260053.0
158212,85689993.0,158553022.0
158213,15498274.0,25409797.0
158214,14628134.0,33958289.0
158215,50322429.0,114678280.0
158301,310725454.0,469163200.0
158302,452411779.0,1143036779.0
158303,35857411.0,30401528.0
158304,6963357.0,13550928.0
158305,21874754.0,30548747.0
158306,29840842.0,71660250.0
158307,302684975.0,76994452.0
158308,148969168.0,234317979.0
158309,481136150.0,434776588.0
158310,12274580.0,30799844.0
158311,117625482.0,69173842.0
168401,690017260.0,1604479680.0
168402,41991391.0,95763662.0
168403,529496247.0,638311722.0
168404,28914525.0,23784955.0
168405,52857423.0,11263868.0
168406,323246114.0,95201423.0
168407,837068090.0,534548497.0
168408,4205289869.0,1664659967.0
168409,2522111721.0,3366866576.0
168410,150738089.0,33793749.0
168411,11345768912.0,8296580043.0
168412,576377077.0,387263773.0
168413,2412102101.0,2474859967.0
168414,2834624286.0,2605222364.0
168415,603016555.0,1317406160.0
168416,79004238.0,126467482.0
168417,138786156.0,80307660.0
168418,1397754302.0,1898705063.0
168419,1487977571.0,919050009.0
168420,32218588.0,13658587.0
168421,2435778429.0,2071325338.0
168422,911205328.0,1524478412.0
168423,68056052.0,165442151.0
168424,470140625.0,833782580.0
168425,488192219.0,298879301.0
168426,169942121.0,275031126.0
168427,1027917837.0,1156660069.0
168428,914900269.0,652299116.0
168429,1721004165.0,1240893568.0
168430,313560296.0,177584462.0
168431,2872285834.0,2954691338.0
168432,530672087.0,653124180.0
168433,1126625158.0,1778259890.0
168434,63265155.0,146994625.0
168435,45589333.0,20247246.0
168436,132651151.0,223831103.0
168437,22089961.0,31569018.0
168438,590390964.0,443069737.0
168439,137375266.0,122086306.0
168440,15998736.0,60824215.0
168441,381892606.0,265796897.0
168442,111713466.0,88475802.0
168443,906583262.0,2752279610.0
168444,2067613.0,2876797.0
168445,87695271.0,10409367.0
168446,5524744.0,8199817.0
168447,10157400.0,14969006.0
168448,332293362.0,55341758.0
168449,79168576.0,15463366.0
168450,138718710.0,679598940.0
168451,273330285.0,269283099.0
168452,15245053.0,53671233.0
168453,14376836.0,18083938.0
168454,52641135.0,52711772.0
168455,157325539.0,96311690.0
168456,90132189.0,145695612.0
168457,141580075.0,208636680.0
168458,40280760.0,207679054.0
168459,62974296.0,83745437.0
168460,37702520.0,75016849.0
168461,31598246.0,51125667.0
168462,255994620.0,176782334.0
168463,29381913.0,37410484.0
168464,10706232.0,66352787.0
168465,59892824.0,246166619.0
168466,638809249.0,786798771.0
168467,157401110.0,420553432.0
168468,26674670.0,29536521.0
168469,319466.0,822030.0
168470,64215201.0,191411917.0
168471,3363252371.0,11763508531.0
168472,97221651.0,228919401.0
168473,889858952.0,1699303137.0
168474,599425130.0,425824053.0
168475,69605782.0,42935638.0
168476,39095309.0,111106109.0
168477,991565096.0,515532341.0
168478,79348355.0,18064699.0
168479,1499686300.0,1868423563.0
168480,448950738.0,464647128.0
168481,2887750203.0,2988263959.0
168482,1916496278.0,1519592641.0
168483,1881442706.0,1933351088.0
168484,127597946.0,169261887.0
168485,469723681.0,289390262.0
168501,1804449893.0,1639809303.0
168502,591268957.0,391199392.0
168503,533236848.0,760494789.0
168504,1843733332.0,2252164512.0
168505,258897479.0,229494955.0
168506,134451144.0,244789604.0
168507,936971333.0,1420329977.0
168508,157870254.0,772988242.0
168509,410815303.0,887111343.0
168510,27480101.0,125614987.0
168511,1288355493.0,926606136.0
168512,953006114.0,843453864.0
168513,43010575.0,103406249.0
168514,131707400.0,92685801.0
168515,331539820.0,260694145.0
168516,1239250618.0,2378719314.0
168517,3546570348.0,4167465108.0
168518,399799530.0,804254913.0
168519,36487310.0,205577625.0
168520,58922.0,317922.0
168521,313935852.0,1670514786.0
168522,39992508.0,59995387.0
168523,372227915.0,630901865.0
168524,703245675.0,1266211711.0
168525,2041374941.0,6513368034.0
168526,713353270.0,634616481.0
168527,234399416.0,487716193.0
168528,604356440.0,3091909789.0
168529,917508141.0,777618931.0
168530,161777221.0,55219988.0
168531,343606669.0,689003307.0
168532,235283807.0,196356057.0
168533,171538364.0,171730920.0
168534,243101868.0,433761544.0
168535,504387225.0,257880797.0
168536,4999299308.0,3176983036.0
168537,1497610851.0,1202545575.0
168538,1712753770.0,1243408734.0
168539,863557859.0,940898002.0
168540,306253538.0,88487769.0
168541,1295245567.0,1818450488.0
168542,7976447798.0,5898269884.0
168543,288284306.0,917331284.0
168544,2513544310.0,3762714753.0
168545,286421549.0,105707953.0
168546,45571335.0,61075395.0
168547,63044668.0,81601024.0
168548,72795063.0,54563756.0
178601,9575590.0,69153873.0
178602,2303253.0,36696874.0
178603,603274094.0,7448977.0
178604,13135110.0,71142964.0
178605,425551.0,5691867.0
178606,49222293.0,73339552.0
178607,409697948.0,509114028.0
178608,67166327.0,23603554.0
178609,134450822.0,141901378.0
178701,3441473488.0,2963975572.0
178702,173961278.0,803555778.0
178703,20176931172.0,30297480766.0
178704,3883967433.0,4553642593.0
178705,388206868.0,294383256.0
178706,69379034.0,286312086.0
178707,752765875.0,204349735.0
178708,16415488522.0,12391646133.0
178709,67723616.0,28406575.0
178711,255389601.0,1143470167.0
178712,157789823.0,373451867.0
178713,21134996.0,66754494.0
178714,297945488.0,666160700.0
178715,15784408.0,100594195.0
178716,688816563.0,993850952.0
178801,1553993.0,844221.0
178802,47278874676.0,16430992640.0
178803,7156613560.0,14653971563.0
178804,28160440.0,32887710.0
178805,41844265.0,29991444.0
178901,916404640.0,153918671.0
178902,867933.0,63654391.0
178903,856243546.0,453740816.0
178904,25544494.0,142759.0
178905,61153811.0,1271632849.0
178906,19496654.0,19715405.0
178907,51647556.0,23450821.0
178908,761298.0,1320869.0
189001,358234626.0,843048169.0
189002,79536938.0,213347901.0
189003,285634880.0,461878346.0
189004,257625987.0,441979147.0
189005,59081829.0,31906676.0
189006,34018909.0,76005490.0
189007,16403493.0,51617806.0
189008,5505454.0,3598854.0
189010,135522895.0,137116789.0
189011,16242342.0,90590141.0
189012,43840403.0,67824270.0
189013,305451299.0,212186317.0
189014,755995313.0,457225372.0
189015,959443793.0,299491521.0
189016,1597766.0,11247392.0
189017,31982783.0,67374789.0
189018,3062818580.0,4202668529.0
189019,209614391.0,484838360.0
189020,57990686.0,59150233.0
189021,3095961103.0,3818267255.0
189022,1728411198.0,1095229201.0
189023,60756273.0,44849995.0
189024,26412338.0,65766222.0
189025,91955277.0,179082676.0
189026,841720863.0,666390318.0
189027,1124922181.0,1312681132.0
189028,333089840.0,248862085.0
189029,230621725.0,304530341.0
189030,694923111.0,606860853.0
189031,989202265.0,868145438.0
189032,1451311503.0,1273221477.0
189033,79917853.0,80242318.0
189101,740602217.0,973528377.0
189102,810883714.0,1498653251.0
189103,3490467.0,4883818.0
189104,4682319.0,3948680.0
189105,27646110.0,56965082.0
189106,53241565.0,13561838.0
189107,41505172.0,33892374.0
189108,21058478.0,32295338.0
189109,256376.0,807492.0
189110,3650170.0,730786.0
189111,35505132.0,32647348.0
189112,151351.0,159323.0
189113,250662206.0,113522044.0
189114,173272912.0,93776314.0
189201,11406491.0,38258677.0
189202,14753008.0,37051813.0
189205,125977564.0,48406643.0
189206,9458135.0,20932043.0
189207,27662184.0,110378432.0
189208,2032183.0,2896515.0
189209,52428153.0,90059595.0
199303,5572926.0,65181026.0
199304,12443976.0,31792936.0
199305,25094275.0,17772355.0
199306,121567786.0,83268809.0
199307,3109704.0,2466512.0
209401,1225043341.0,3522658063.0
209402,92197324.0,143893026.0
209403,1309032538.0,4261254759.0
209404,159228112.0,634683637.0
209405,897339404.0,1676733544.0
209406,252720875.0,330875470.0
209503,543613038.0,1877734683.0
209504,294002484.0,1308335762.0
209505,19136336.0,189791163.0
209506,671508620.0,1049449719.0
209507,64586111.0,109053503.0
209508,16728945.0,20466673.0
209601,829775.0,4437259.0
209602,52430186.0,25721773.0
209603,120235050.0,373320871.0
209604,853484.0,1308512.0
209605,2027590.0,6238915.0
209606,28291486.0,40297264.0
209607,33441906.0,56043907.0
209608,364283614.0,309011227.0
209609,48022425.0,38327820.0
209610,10243069.0,23813026.0
209611,2839124.0,16029994.0
209612,190638134.0,80490745.0
209613,247644540.0,52419034.0
209614,1298001.0,2686240.0
209615,29497116.0,41734117.0
209616,274549029.0,103514038.0
209617,3573879.0,24161404.0
209618,21110380.0,33179585.0
219701,1241161219.0,311912186.0
219702,15851945.0,5462968.0
219703,258316770.0,77646821.0
219704,4170308.0,6740888.0
219705,89549871.0,136434130.0
219706,249031248.0,74853970.0
229999,14028932734.0,491712971.0
