010101,139629.4,150299.69
010102,553282.11,1786559.77
010103,26567.98,43949.09
010105,104068.0,0.0
010106,287962.82,3080.05
010201,21716415.01,25832.0
010202,24795490.33,257039.51
010203,694221.88,0.0
010204,157962.0,13359.72
010206,381464.05,733297.42
010207,1521875.23,15740.39
010208,4603.29,0.0
010210,71456.31,0.0
010301,2415396.96,6318.0
010302,18409887.87,158896.84
010303,1415685.01,8407285.41
010304,13278204.87,49113.14
010305,15104821.39,95409.86
010306,30133751.03,366856.85
010307,10006.0,249259.38
010401,3695148.44,1724.79
010402,2781549.16,0.0
010403,1175165.09,15078.76
010404,150057.63,63007.45
010405,246717.9,0.0
010406,695616.84,4320941.99
010407,267099.9,51460.03
010409,2799.82,50660.23
010410,2459.0,8983.19
010502,0.0,19148.54
010504,2020446.65,0.0
010506,2277767.59,0.0
010510,896863.48,2000.0
010511,4532659.55,579451.04
020601,145507.6,1946226.8
020602,51925194.31,979923.16
020603,22971248.05,141165.1
020604,59997988.41,79239.48
020701,133876.05,160756.63
020702,122331.94,0.0
020703,2975512.59,2244692.95
020704,463583.81,1919.0
020705,22095.28,2008.89
020706,1386605.05,0.0
020707,10518.65,0.0
020708,97694.94,6567.1
020709,13968466.48,111350.63
020710,3032977.81,133745.56
020711,558451.54,42142.13
020712,169492.68,369148.39
020713,2865752.49,3519276.32
020714,43748453.1,137738.37
020801,938756.84,59746.66
020802,2707223.35,441794.12
020803,885615731.97,255692.3
020804,74768674.56,18845.25
020805,567515.67,20466.61
020806,161996.75,861807.86
020807,55670258.15,115103.84
020808,159675.5,481056.1
020809,189082.32,705135.95
020810,2064006.62,138074.89
020811,5713797.33,28949.02
020812,10612.01,1487.29
020813,202815.54,622299.44
020814,53976.99,0.0
020901,434664852.08,1473593.1
020902,50768.36,1539321.33
020903,14795.33,7219.24
020904,1321177.67,408597.72
020905,248695.77,9754.0
020906,55791.06,11498.84
020907,2039.62,5253.69
020908,333531.32,9791.0
020909,37011.06,255914.56
020910,7992563.63,312553.39
021001,0.0,1940228.71
021003,6125.44,2099.0
021004,0.0,26097.73
021005,510745.97,44110883.2
021006,851656.45,238499.08
021007,3018.2,8172.15
021008,105141.0,221477.71
021101,177320.81,0.0
021102,2028980.88,334453.11
021103,6788.12,95087.9
021104,393401.17,1432587.43
021106,190052.44,5585.0
021107,0.0,2774077.25
021108,12284.12,1393225.47
021201,36839.64,39810086.45
021202,6436.0,0.0
021203,6800.0,0.0
021204,0.0,73481.53
021206,0.0,20860.2
021207,4161759.24,1078871.54
021208,1901239.03,102607.68
021209,3836261.75,3165129.0
021210,95703.0,16015.0
021211,2649270.03,260888.36
021212,117328.81,19249.58
021214,0.0,19628.18
021301,592449.1,3303.56
021302,586319.58,622160.19
021401,11557.51,30007.82
021402,8521.58,0.0
021404,124916.36,17848.26
031502,29064.94,16567.0
031503,15868.08,0.0
031504,6393.22,24771.42
031507,5063581.49,0.0
031509,0.0,41580.02
031511,19195317.16,85417.0
031512,73707.48,442569.38
031513,2718577.09,3348.87
031514,14531.0,136909.0
031515,1802.4,18964.39
031516,4331461.98,119417.31
031517,136040.67,356941.23
031518,0.0,135250.48
031519,555459.33,37627.18
031520,101249.66,297639.77
031521,3098.0,123495.22
031522,2145.42,0.0
041601,1114327.21,56936.0
041602,1295680.06,135097.55
041604,31889453.59,1171480.47
041605,5657.0,173302.56
041701,46369417.6,18911.34
041702,6100.79,319805.14
041704,5822583.91,6692301.04
041801,991857.64,52216.74
041802,6344.0,0.0
041803,758818.83,108970.48
041804,6518985.73,14562.39
041805,839530.8,20202.48
041806,2729262.75,2802725.9
041901,281677.46,1477320.7
041902,1761110.88,183094.54
041903,1818.37,0.0
041904,1631174.03,8210467.6
041905,11793986.25,2859726.34
042001,702321.57,787965.26
042002,9149.39,1560443.69
042003,7653.88,120958.36
042004,68154.55,1037227.34
042005,983034.08,1104757.54
042006,1283328.52,745031.62
042007,22538880.17,1202285.02
042008,36299719.8,2044999.32
042009,29247849.34,5887934.34
042101,1083195.96,236065.72
042102,331147.93,317206.77
042103,4654844.07,8484124.63
042104,636758.71,6458836.44
042105,471077.84,0.0
042106,15477772.45,7088365.04
042201,5519.22,28433.12
042202,759632.46,2735508.74
042203,158478.57,1244.82
042204,83292.51,1487320.79
042205,15268.85,14726.86
042206,0.0,4372.45
042207,16937586.7,143710.81
042208,406948.33,2663042.73
042209,0.0,34444.28
042301,348547.17,5853.0
042302,21564.16,701107.6
042304,1681645.48,0.0
042306,44810.95,0.0
042308,270164.15,0.0
042309,1881357.85,1408101.67
042401,448618.47,1180042.68
042402,467931.0,160332.75
042403,11444.0,0.0
052501,268748.53,350094.0
052503,0.0,8013.59
052504,2760.0,0.0
052505,199619.0,0.0
052506,1016.0,0.0
052508,71377.58,36053.71
052509,18317.56,0.0
052510,1356.58,0.0
052511,1270.46,0.0
052512,9357.43,0.0
052513,0.0,35774.88
052516,149813.0,0.0
052517,27500.0,0.0
052519,2093.0,1605.01
052520,6063.0,0.0
052521,4032.97,0.0
052522,78718.33,42573.31
052523,197458.87,26404.92
052525,5000.0,0.0
052526,6146.0,125951.48
052529,107089.78,506116.53
052530,11836.94,0.0
052602,0.0,301847.0
052605,10000.0,0.0
052613,0.0,2012.0
052616,3019283.0,0.0
052620,181765.81,0.0
052702,0.0,4151.04
052703,7915.34,6403.91
052706,0.0,11321.75
052707,14840.15,124821.9
052709,12024.49,37770524.8
052710,14053630.06,138894015.55
052712,26695.77,1284206.74
052713,0.0,7835.0
052715,31338.89,38338.53
062801,244123.56,76558.53
062803,7343.94,418219.3
062804,114076.5,29218.33
062805,1318.0,0.0
062806,0.0,17354.0
062807,3695.57,85066.06
062808,4682.23,5248.0
062809,58377.42,238288.55
062810,0.0,18786.38
062811,33974.79,12097.55
062813,41589.72,1600.16
062814,0.0,3039546.92
062815,9580.39,0.0
062816,1000.0,0.0
062817,1652.77,0.0
062819,4342.0,23417.39
062820,0.0,153208.08
062821,12048.39,68604.26
062823,44183.44,0.0
062824,11770.18,56865.11
062825,14179.52,432991.25
062826,1787.0,0.0
062827,685036.71,454520.68
062828,125876.14,703047.77
062830,12147.94,49513.18
062832,10317.57,3506.0
062833,183929.63,2220413.79
062834,199590.35,13646.75
062835,73439.32,265755.6
062836,102534.34,15622.95
062837,35749.98,38121.12
062839,23410.08,167886.36
062840,1262.0,0.0
062841,0.0,43907.52
062842,8530.0,3513.43
062844,0.0,2501.0
062847,11996.01,0.0
062849,0.0,288219.35
062851,195122.69,18225.05
062901,1854.97,66598.98
062902,450494.89,473491.08
062903,40449.48,212915.07
062905,151435.68,664550.67
062907,28615.12,2636.0
062909,20587.52,53361.0
062912,1882.51,50538.78
062913,0.0,2373.03
062914,34903.09,26414.75
062915,66885.08,164957.71
062916,24434.22,590000.28
062917,18396.75,1009594.71
062918,13002.99,551524.14
062919,1025.48,98781.79
062920,14904.0,0.0
062921,12570.0,44549.41
062922,280325.94,408714.07
062923,123055.81,66082.89
062924,6912.0,3897.07
062925,68648.74,352488.89
062926,8384.0,0.0
062927,0.0,6100.0
062928,26620.48,0.0
062929,45603.47,47447.3
062930,173104.82,108327.0
062931,2624.0,259639.56
062932,46533.2,31699.0
062933,115245.88,124240.41
062934,424070.29,122245.62
062935,40613.0,0.0
062936,505450.21,2719475.07
062937,4649.0,40106.0
062939,5547.0,2087.0
062940,29929.0,0.0
062941,207120.0,307414.88
062942,32145.02,61300.48
063001,788186.0,1187580.75
063002,1836052.39,1380625.63
063003,4610874.39,1782013.73
063004,45836125.22,65928389.09
063005,80176.51,1552907.6
063006,11876.0,1814726.3
063101,113063.04,27762.68
063102,30324207.13,14038683.95
063103,17358.27,0.0
063104,33901.8,2794387.8
063105,1741376.51,6505159.41
063201,444345.58,557599.93
063202,19097.51,29459.0
063203,1210635.83,100099.2
063204,467429.93,3678991.93
063205,186451.15,27632.0
063206,123073.66,2451722.2
063207,73920.1,326841.34
063208,1689247.69,3665081.36
063209,1936101.4,440922.61
063210,413102.68,93912.11
063211,1504.0,10978.99
063212,92727.88,105940.0
063213,54779.87,84560.79
063214,661482.86,1373521.55
063215,1469788.15,3817113.27
063301,919752.74,646464.93
063302,380230.94,6743183.01
063303,1852225.46,3946088.54
063304,763881.33,5603226.99
063305,1141773.83,5868231.46
063306,1161436.04,4539757.92
063307,3659067.64,3670173.17
063401,3795360.84,6105614.26
063402,3490325.65,15463821.65
063403,128872.43,222723.3
063404,53156.07,1097450.66
063405,1514484.72,764981.85
063406,31741.37,73496.7
063407,0.0,6536.58
063501,9852.0,0.0
063502,0.0,7732.0
063503,28059.9,92638.75
063504,2550.0,18415.39
063505,29182.4,34018.17
063506,2419513.56,2748001.18
063507,7098.91,4288.47
063601,0.0,124019.0
063602,765291.26,0.0
063603,39715.3,176657.45
063604,14144.0,0.0
063605,509191.66,559817.94
063606,6458.84,35764.2
063701,15635.0,692964.45
063702,0.0,2820.0
063703,27872.05,1216765.08
063704,5281.0,0.0
063705,24740.0,395628.26
063706,122473.0,84997.53
063707,3266.0,2744899.29
063802,2873.25,33200.38
063806,3185.0,0.0
063808,13710565.93,66271596.2
063809,50310.38,339302.32
063810,0.0,2656.0
063811,42996.3,77590.13
063812,198238.93,220158.38
063813,0.0,1668.55
063814,48787.83,551529.46
063815,402206.59,68875.79
063816,78681.95,0.0
063818,13972.0,0.0
063819,178336.85,2222.0
063821,0.0,1555.0
063822,6862.0,146675.5
063823,364012.63,5434384.75
073901,1430287.42,1920407.1
073902,278183.13,6257497.49
073903,222502.96,6685018.93
073904,4707363.0,304508.99
073905,211216.28,736091.64
073906,67936.54,48901.38
073907,3924058.44,12154328.12
073908,62058.48,11207.0
073909,813673.07,451379.54
073910,32546.37,489955.02
073911,52882.2,1117114.44
073912,81283.41,334186.28
073913,4097048.49,333082.86
073914,9834.43,2789.97
073915,204864.5,644141.79
073916,1080285.01,201341.5
073917,8315463.39,4769898.95
073918,6113.0,107375.03
073919,896780.33,2529219.4
073920,6413679.59,13594256.96
073921,1612734.91,3954749.03
073922,801279.11,113818.11
073923,17408082.85,16990562.96
073924,3430996.08,5706609.99
073925,306836.15,649270.56
073926,5255798.63,9578310.74
074001,13805.39,0.0
074002,144152.86,9062760.58
074003,0.0,6595.24
074005,577070.31,590935.97
074006,312169.95,77913.0
074007,0.0,34275.85
074008,96866.82,376653.38
074009,17626.83,113733.4
074010,23368.57,1541288.74
074011,14450828.52,8840520.36
074012,1185778.17,1893250.27
074013,8625.0,204750.87
074014,9479.0,32356.85
074015,25668.79,224427.31
074016,29451835.63,3677691.82
074017,12110.2,29510.4
084101,815773.92,47965.37
084104,13312587.41,7672891.37
084106,47403.0,0.0
084107,45382.0,1525123.57
084108,101984.76,43725.11
084109,7977536.16,1290557.85
084110,13226.48,0.0
084111,28260.28,62152.32
084201,48640.03,27317.97
084202,6118225.12,2364889.33
084203,392480.45,320206.79
084204,9899.0,2086.16
084205,352362.08,116699.41
084301,2580.53,0.0
084303,0.0,18093.0
094401,158671.06,0.0
094403,387727.95,1394395.69
094407,775384.04,934536.32
094408,200588.88,44589.85
094409,379548.31,190214.88
094410,4848695.01,493118.44
094411,1974.82,1755062.83
094412,6023423.25,644735.92
094413,80378.37,49152.83
094414,20259.37,12148.85
094415,1575257.01,866967.34
094417,152942.67,34538.79
094418,8671362.77,1337229.95
094419,25963.75,12115.0
094420,2076360.09,99742.91
094421,4506480.37,318430.2
094504,0.0,1239.0
094601,0.0,5819.0
094602,46356.78,44459.1
104703,7754.37,0.0
104704,11489.0,0.0
104705,0.0,135944.0
104706,3479.69,0.0
104707,2264682.19,541084.81
104801,5502.03,7878795.41
104802,209245.69,26061112.56
104803,1044818.52,634078.52
104804,2235994.5,118707912.06
104805,154454.16,5721817.01
104806,6624.02,559686.63
104807,0.0,16049.02
104808,16752.82,41108.44
104809,81377.96,0.0
104810,62933.31,1081140.89
104811,1005041.99,6697568.64
104813,14847.72,104838.87
104814,9881.0,2303.0
104816,824537.91,295143.23
104817,113414.81,177551.93
104818,18536372.92,9993142.6
104819,13980278.52,26861562.27
104820,1687496.5,2384942.21
104821,407831.54,1859694.57
104822,124598.38,1295.0
104823,1140280.25,7823998.59
104901,6863307.05,15210034.2
104902,234863.59,2630674.58
104903,95594.45,40745.97
104904,0.0,1104.0
104905,11932.0,56517.69
104906,1448.0,0.0
104907,3418873.0,8655285.77
104908,28971.0,27441.76
104909,116686.09,717375.85
104910,60132.65,28492.8
104911,1499358.0,3749056.44
115007,22519.0,0.0
115101,178291.35,0.0
115109,279140.0,3778.0
115112,11403.0,265624.17
115201,71175.0,1450429.94
115202,8996.13,0.0
115203,6369.63,134180.01
115204,110882.45,302097.89
115205,147520.92,3659926.81
115206,33929.54,0.0
115207,11317.73,0.0
115208,99897.43,4702351.35
115209,198263.0,1110860.05
115210,6638.22,2523239.79
115211,0.0,221508.71
115212,15336.0,281998.0
115301,4559.82,0.0
115309,0.0,10524.0
115310,18598.0,0.0
115401,731310.47,394919.42
115402,12578429.93,2265090.43
115403,6343.0,0.0
115404,506612.08,197375.26
115405,37873.0,0.0
115407,566997.57,4338182.49
115408,30863.0,110124.29
115501,20640.81,30455.53
115502,9436.0,0.0
115503,0.0,2386.6
115505,16219.79,853674.07
115508,644008.18,805592.08
115509,1205827.63,531345.67
115511,1442.0,323538.0
115512,2780.0,150890.0
115513,5903554.67,7647778.24
115514,38287.0,586038.57
115515,234705.0,2938362.54
115516,0.0,52181.72
115601,21632.0,178500.31
115602,6731.2,32302.86
115603,136045.85,94994.81
115604,11113.0,109301.69
115606,28409.86,1000.0
115607,6374429.44,801011.11
115608,90706.35,102489.52
115609,481650.02,89935.41
115701,38707.8,592896.92
115702,421728.11,746908.07
115703,0.0,43409.45
115705,0.0,3722.9
115801,7979.0,960415.0
115802,7707.0,32426.07
115804,120262.31,941687.37
115806,1860456.0,345606.91
115807,26310.0,146147.03
115808,3712.0,13831.46
115810,1108.0,56946.5
115811,6962.0,2380.14
115902,108910.0,16738.0
115903,684321.66,2733580.27
115905,0.0,3670.0
115906,56408.0,252894.08
115907,0.0,1743.0
115908,0.0,1735.6
115909,0.0,2042.0
115910,2153.0,14307.0
115911,6145.72,85061.6
116001,28341.43,702474.28
116002,88061.51,5958848.23
116101,461689.0,39586.34
116102,307308.0,78925.21
116103,11206451.17,1668812.52
116104,4969503.38,1170303.0
116105,16514645.53,1286887.03
116106,3675887.01,757764.12
116107,9702461.13,932405.04
116108,105253134.04,6417310.59
116109,19408080.13,1691694.12
116110,13680127.82,173275.16
116111,32262002.87,1767006.14
116112,22746.0,275866.54
116113,0.0,5275.0
116114,683476.0,26823.11
116115,10543848.58,4021724.66
116116,6066.77,72430.39
116117,20497.33,142427.08
116201,9937012.59,232119.88
116202,2567462.4,193439.39
116203,133476899.72,11553071.75
116204,40004277.77,10204423.69
116205,45058920.2,3885534.76
116206,5345905.61,731948.58
116207,22863153.88,537140.47
116208,7543027.66,2569886.33
116209,205843.19,464200.29
116210,7065257.0,41756.87
116211,6179712.0,292885.4
116212,107875172.48,11979109.81
116213,10053.0,14605.08
116214,8697.0,9677.96
116215,10371716.0,90410.26
116216,0.0,2709.22
116217,18382.0,4923342.6
116301,21352.46,509664.32
116302,131153.91,6822229.07
116303,367762.61,155214.68
116304,75736.0,64188.98
116305,208065.79,849439.01
116306,83020.59,212737.05
116307,986614.86,775323.19
116309,27265.15,84183.9
116310,5991.31,3199.0
126401,506254.39,383320.71
126402,488295.28,1816507.69
126403,7235627.72,11951304.18
126404,1061086.88,2090084.38
126405,693922.58,3666282.4
126406,4001585.43,1529665.15
126502,0.0,13674.01
126503,1693.0,21537.49
126504,70957.0,47430.25
126505,4714280.38,136327.78
126506,67513.7,289788.33
126601,395623.81,264241.95
126602,3031.0,1485.0
126603,0.0,154999.36
126702,1240.02,48233.65
126703,6204.58,0.0
136802,27619.01,23221.04
136804,17446.11,137961.56
136805,1458789.61,1110449.82
136806,2493.0,0.0
136807,19474.3,38972.56
136808,11807.28,1178090.04
136809,0.0,6882.4
136810,67585.35,80024.09
136811,2305722.12,203185.97
136812,10313.0,68460.9
136813,0.0,596213.71
136815,1459.0,2934.94
136901,18383.43,0.0
136902,17080.06,298022.73
136903,2359.53,7102.79
136904,0.0,10888.0
136905,6890.9,392544.07
136907,33816.87,77709.15
136908,34332.13,6925114.84
136909,7578.54,17361.66
136910,7694666.62,3330438.71
136911,10808.0,328870.68
136912,18547.58,387276.23
136913,1477769.68,768851.52
136914,21459.19,101764.59
137003,0.0,112958.0
137004,0.0,100182.18
137005,33339.7,576337.75
137006,93681.73,167474.13
137007,617258.96,146414.91
137008,12244.0,0.0
137009,360632.77,161536.25
137010,16978190.26,3311248.33
137011,815260.74,25242.79
137012,0.0,6766.34
137013,30982.8,1160841.32
137015,0.0,18602.0
137016,126150.67,104081.7
137017,0.0,40479.49
137018,1196.0,0.0
137019,82883.48,1423267.3
137020,89407.64,111615.39
147102,1975.0,1246358.5
147103,8115.0,1316200.33
147104,952303.0,315008.0
147106,31754.6,82653.44
147108,669047.0,19756472.8
147109,0.0,1851.0
147112,8874332.0,6075.0
147113,47446017.88,270261.52
147115,0.0,175016.95
147117,2745622.0,735035.18
157202,131725.6,0.0
157204,2503138.06,543099.44
157205,0.0,5016.06
157206,0.0,4283.31
157207,0.0,2488822.0
157208,21945.44,12097762.93
157209,30311.68,14626017.51
157210,6628065.02,3735741.24
157211,6422.72,758890.88
157212,1342127.88,615763.14
157213,36024.57,5128607.19
157214,279782.75,653878.45
157215,88891.99,154366.74
157216,2151190.58,313149.42
157217,797080.59,700817.93
157219,20018.31,2500.0
157220,2317.0,31598.76
157221,48751.0,0.0
157222,0.0,6745.0
157225,0.0,1694.0
157226,26882.0,144528.24
157228,18611.0,316063.9
157229,21294.42,0.0
157301,3229.9,27705.28
157302,6466.19,0.0
157303,60608.93,10594.19
157304,59095.2,381108.41
157305,1351.76,8130.29
157306,5863690.32,2684374.73
157307,314969.15,1435502.88
157308,168626.63,3616741.39
157309,47352.9,829630.35
157310,5337317.79,2879309.72
157311,94032.95,856209.95
157312,152109.7,1576462.82
157313,1157.01,48238.31
157314,72350.41,1126171.06
157315,74242.35,294928.87
157316,0.0,2289.36
157317,338188.17,1034930.48
157318,1290451.38,4359510.06
157319,5924.28,19959.6
157320,221388.65,363572.67
157321,2899212.0,492851.08
157322,0.0,5285.22
157323,182901.39,1893598.49
157324,1740566.51,327935.52
157325,45961.54,240689.54
157326,1141647.09,3051100.07
157404,2640939.43,0.0
157406,7545.0,22445.99
157407,9730.0,41792.95
157408,35995.0,13451.0
157409,0.0,81161.2
157410,0.0,47771.79
157411,290313.54,26189.9
157412,15484.0,981109.79
157413,0.0,3514.0
157414,0.0,2474.0
157415,4333.0,31504.08
157418,0.0,3795.0
157419,556499.34,336618.3
157507,0.0,3197.0
157508,1212.0,4960.0
157601,129041.66,3658984.8
157602,1693941.98,3370.73
157603,0.0,140646.16
157604,2450084.42,1179666.58
157605,2582.0,6934.43
157606,4167800.18,758610.31
157607,17632200.21,4887317.76
157608,35145.0,5023.0
157609,0.0,10908.0
157610,129730.24,673770.54
157612,7985309.25,5902214.07
157613,2970.8,7086.0
157614,5879.0,43516.0
157615,833873.59,914461.63
157616,913209.32,1772521.94
157802,16229.24,9229.0
157803,14898.77,0.0
157805,5069.0,0.0
157806,8765.0,12762.64
157901,59199.87,10883.71
157902,149656.37,0.0
157903,7609.45,9519.36
157904,3187.0,0.0
157905,31581.92,2006.9
157907,249548.05,203518.69
158002,11810.53,0.0
158007,23533.0,0.0
158201,76566.9,1260553.5
158202,29586.11,1540836.22
158203,13656.25,1368830.81
158204,17826.29,960356.59
158205,106053.75,2436894.18
158206,10725.0,196212.28
158207,2213800.44,2141476.81
158208,57095.65,133964.2
158209,12470.0,0.0
158210,0.0,63506.94
158211,41931.0,917447.18
158212,64846.89,108658.47
158213,2000.46,211433.25
158214,26777.06,106475.52
158215,6439.0,296394.49
158301,106499.67,2266525.63
158302,123431.7,3423328.05
158303,405624.97,59064.02
158304,1248.0,0.0
158305,1248632.76,300477.06
158306,18002.36,21560.14
158307,1094.0,4571.68
158308,96860.34,210799.43
158309,786408.37,1567886.88
158310,7702.0,11799.12
158311,64383.81,1336772.99
168401,19406.0,0.0
168402,20081.62,32584.19
168404,0.0,2048.0
168405,0.0,913909.0
168406,2960.0,875006.99
168407,135108.19,1925891.98
168408,74019.57,794653.7
168409,327456.98,1717773.74
168410,3474.0,9290257.87
168411,154358.0,366097.04
168412,3594.0,48721.18
168413,235265.5,1632654.56
168414,109000.01,10107694.96
168415,145750.0,4402160.01
168416,1240.0,56507.0
168417,56475.14,551856.9
168418,7699455.2,4228627.99
168419,571803.5,7436075.31
168420,6541.0,59804.02
168421,2559982.37,6466099.65
168422,475734.82,7486202.63
168423,150326.35,370731.34
168424,1450102.87,5200431.82
168425,44129.0,124709.69
168426,82184.06,259638.86
168427,166740.09,112795.0
168428,106105.85,3362269.14
168429,321806.07,10177385.39
168430,129112.0,63145.0
168431,141899.09,4444429.12
168432,129015.98,604799.48
168433,721865.27,3866337.09
168434,9598.05,4935.0
168435,1913.0,1096102.8
168436,431743.63,1166573.58
168437,2275957.13,1641588.27
168438,992219.34,9303784.63
168439,433535.18,1050925.19
168441,607606.95,1541197.15
168442,16764.4,1036450.73
168443,199901.0,4358047.74
168444,7396.0,0.0
168445,379244.99,40223.75
168446,290153.0,34745.0
168447,251037.0,2438968.76
168448,380532.0,525786.8
168450,14112.0,560066.75
168451,192739.39,1521236.33
168452,812114.9,4973273.22
168453,597903.21,181853.02
168454,2002.0,4265.0
168455,60000.0,1491.0
168457,1105.0,0.0
168458,17387.0,24606.0
168459,87446.0,834371.63
168460,56181.0,12352.85
168461,0.0,8609.0
168462,96126.84,611508.43
168463,613608.0,451513.58
168464,1882.0,351981.24
168465,170630.04,942854.22
168466,1046594.22,2443550.62
168467,43943.42,1946036.66
168468,21463.0,16833.0
168469,1003.0,2939.04
168470,76002.0,283529.18
168471,938491.23,45420881.82
168472,55586.0,19666.76
168473,1296959.42,17911892.63
168474,303404.46,229789.09
168476,0.0,3080.3
168477,866247.81,6647414.74
168478,30381.95,96986.0
168479,1910515.22,8446199.18
168480,607167.04,1467843.18
168481,161746.67,9558983.95
168482,26340.0,4333075.18
168483,157018.58,3719059.07
168484,3204.0,262853.17
168485,352513.97,324413.3
168501,224601.58,10080454.58
168502,24867.72,2444521.17
168503,1097162.0,2456535.78
168504,6707034.88,14944132.3
168505,6408192.0,70744.8
168506,5824241.93,2130075.58
168507,206416.03,577790.81
168508,10799.47,483559.89
168509,24739.0,823357.96
168510,4185.0,1264.0
168511,2835804.0,1685436.91
168512,8525.81,330567.94
168513,56648.86,106092.73
168514,13793.0,712964.9
168515,2489542.17,1621594.43
168516,55816460.79,21365302.28
168517,3817934.92,30428712.38
168518,77574.95,2702675.01
168519,8710.0,267254.0
168520,2201.0,4960.18
168521,40086.0,365157.0
168522,4632.0,18910.0
168523,147166.8,692008.69
168524,2714715.46,10700281.88
168525,568937.06,5229522.59
168526,295820.0,0.0
168527,64562.63,7589878.85
168528,550438.35,6243674.01
168529,704656.41,10798907.01
168531,682602.24,1700368.39
168532,94530.47,1530204.37
168533,13353962.44,1424225.47
168534,613730.94,231396.56
168535,277108.39,1540338.05
168536,19689288.98,16378665.45
168537,5752808.96,2528523.91
168538,2637275.1,4790966.45
168539,1032129.34,5575900.9
168540,222268.0,1207952.83
168541,507838.19,3103895.45
168542,1459539.69,3856175.14
168543,1047428.53,1980153.88
168544,12988047.38,6648756.11
168545,21092.92,234177.84
168546,42486.17,729973.98
168547,26638.0,51587.0
168548,312902.0,164072.37
178606,0.0,68033.0
178607,2607.0,7953.37
178609,29646.69,694997.71
178701,619088.52,778499.27
178702,74434.0,5240373.4
178703,580908.0,5665999.24
178704,452741.85,1846212.37
178705,222298.0,1737251.75
178706,0.0,3201225.92
178707,106202.0,1126818.9
178708,123155.43,12760877.86
178709,3189.0,2707.0
178711,32464.5,2032844.29
178712,0.0,208739.25
178713,2533.0,1489.0
178714,49261.49,358379.92
178715,112295.15,69714.73
178716,80485.26,304828.06
178802,69545.1,0.0
178803,315169.0,487987.69
178901,284422.0,7190784.81
178902,12525.0,0.0
178903,1768677.93,1193219.7
178905,3699.0,0.0
178907,10715.0,29550.59
189001,5335.0,325599.01
189002,14588.0,105617.58
189003,3356.0,87926.91
189004,18131.0,193859.46
189005,23688.71,0.0
189006,4844337.0,757716.28
189007,90457.0,12113.0
189008,5565.0,8771.09
189009,11643.0,40514.0
189010,6250.0,410858.18
189011,135266.0,315078.74
189013,0.0,7754.0
189015,20786.93,852082.59
189016,2076.0,73630.44
189017,99830.32,1430184.82
189018,37474028.75,20210764.8
189019,50817.0,13790.0
189020,1908.0,9311.7
189021,413374.85,1097707.56
189022,53960.0,67757.86
189023,0.0,5229.0
189024,6591.0,28921.0
189025,24156.0,57272.04
189026,97287.0,1562044.97
189027,102517.43,3168244.05
189028,89570.0,3102954.19
189029,8311.0,132423.93
189030,202468.01,2333583.38
189031,232836.0,369890.03
189032,172790.35,4388733.26
189033,30682.0,41797.45
189101,20421.0,60495.0
189102,8544.0,19735.0
189103,227400.0,66751.46
189105,17502.0,181777.62
189106,0.0,45318.0
189107,1727.0,15506.0
189111,1288720.64,7643.0
189113,4196217.1,4378.0
189201,6775.0,3947.65
189202,14834.35,0.0
189203,4794.0,0.0
189204,0.0,7943.0
189205,7710.0,3274.0
189206,75898.56,20020.0
189207,46116.0,7673.0
189208,0.0,16849.41
189209,39755.43,4178.49
199302,2000.0,212747.8
199303,0.0,94004.65
199304,0.0,5852.0
199305,0.0,2310.0
199306,6145.69,0.0
209401,1949822.58,1638980.49
209402,18679.6,108267.14
209403,14346646.51,8254679.57
209404,251285.87,42620.54
209405,3995539.76,3437352.92
209406,162434.53,344649.32
209501,0.0,96416.05
209502,7226.0,1294349.47
209503,273284.69,8617140.79
209504,208829.86,924102.09
209505,38942.73,947603.76
209506,13157740.91,1820245.63
209507,1461267.42,433255.16
209508,17603.48,71497.21
209602,15086.0,182417.61
209603,792007.26,3179197.57
209604,2654.0,29020.84
209605,0.0,1538.45
209606,114990.0,621265.29
209607,723658.72,259631.53
209608,28457.57,973680.45
209609,10648.39,727117.66
209610,2624.0,3780.0
209611,0.0,16580.0
209612,274676.03,191357.83
209613,5092.36,71841.87
209615,571027.1,669032.7
209616,2605.0,0.0
209617,1096.0,396874.59
209618,0.0,2537.0
219701,1681787.81,129213.16
219702,12383.0,0.0
219703,36621.82,21355.76
219706,57119.0,17266.1
