010101,156234.0,37984.49
010102,2167174.01,40381.51
010103,335174.47,17203.0
010104,30134.87,0.0
010105,4084295.06,113001.84
010106,676959.51,31577.23
010201,7763548.23,164405.32
010202,17324571.12,4192718.69
010203,4701456.88,1416076.1
010204,150915.37,0.0
010206,3557278.76,1628149.91
010207,2203928.07,2055347.79
010209,152757.66,171416.98
010210,152752.92,166022.0
010301,307133.55,172307.12
010302,29912644.71,10510.0
010303,8386499.85,7639555.62
010304,32237316.01,1622923.38
010305,5700119.83,341695.16
010306,12112371.47,94990.94
010307,259594.57,656552.75
010401,12467218.18,58328.0
010402,12279226.02,7559200.11
010403,2928249.84,123179.92
010404,3721267.7,552837.17
010405,1012827.81,192819.72
010406,4294359.44,3887424.89
010407,2228911.9,415904.58
010409,27620.62,0.0
010410,0.0,2920.0
010504,2260862.79,166870.55
010508,31659.67,1111.0
010510,257720.61,18073.0
010511,1699206.19,773125.14
020601,783080.77,12900411.92
020602,84593727.07,2693172.71
020603,45456720.8,111594.56
020604,82095081.68,436033.97
020701,592027.52,119252.03
020702,404347.2,12923.39
020703,651429.18,3007063.73
020704,1470260.26,3279.64
020705,622020.78,10982.0
020706,3713740.39,1485.61
020707,388857.73,0.0
020708,68430.15,6606.07
020709,20263168.4,762592.02
020710,596035.07,993664.26
020711,317584.42,4028.53
020712,551379.68,1330180.37
020713,696627.65,10305929.45
020714,69267111.9,26434.11
020801,2398555.2,257303.2
020802,2042763.61,1206791.07
020803,1143412277.62,622937.79
020804,873474661.42,9363248.84
020805,506510.66,790620.11
020806,394352.06,2575912.15
020807,145137787.65,91191.81
020808,458814.48,6543397.92
020809,60347.02,1839100.68
020810,2125599.49,564570.53
020811,16661805.6,101919.57
020812,172963.32,17915.0
020813,319971.53,685170.92
020814,1614.92,0.0
020901,259840080.89,245225.6
020902,248587.55,517405.92
020903,0.0,19337.41
020904,2067457.79,777529.51
020905,9115.0,0.0
020906,93884.19,101949.86
020907,51415.77,13247.03
020908,81522.87,19039.39
020909,134298.24,73050.22
020910,2068196.77,974900.15
021001,13207.98,0.0
021003,4075.73,0.0
021004,3256.05,33879.25
021005,0.0,70446.1
021006,197689.44,38558.94
021008,0.0,350471.75
021101,5328042.03,27834.12
021102,5658638.15,313659.32
021103,340161.21,156723.41
021104,1920901.84,2866517.2
021106,151878.82,374246.16
021107,0.0,7230167.68
021108,91974.49,3037932.62
021109,27083.27,44955.34
021201,20063.71,59993210.2
021202,133834.19,1926497.55
021204,1176.0,343653.23
021205,0.0,18649.7
021206,0.0,551308.09
021207,6560900.88,2948974.16
021208,1131.87,10502.58
021209,8160718.86,10625672.03
021211,712106.42,701036.52
021212,389292.0,185834.76
021214,3934.68,0.0
021301,160141.81,302136.36
021302,4588047.33,2161498.79
021401,57029.8,98969.43
021404,294560.05,322293.64
031502,44329.38,38781.58
031505,6894.0,19470.68
031507,9138414.97,345747.54
031509,23613.66,413995.85
031511,48181609.41,1137454.49
031512,909145.13,3510228.35
031513,6381753.44,151791.72
031514,0.0,4119.0
031515,48766.42,121177.76
031516,4799594.43,1200762.94
031517,2914316.82,1707495.49
031518,19794.87,88561.15
031519,86776.3,568726.56
031520,270900.99,96209.18
031521,31858.32,102684.1
031522,128306.99,0.0
041601,5395385.37,2955.0
041602,2874277.33,590286.51
041604,17351810.4,1706530.1
041605,331652.37,100443.71
041701,57196171.67,64204.36
041702,1529816.21,2069925.1
041703,37703.08,3305.33
041704,8152131.61,17851783.8
041801,786292.12,51538.0
041803,921825.74,635046.82
041804,748576.07,443653.6
041805,811602.38,349487.33
041806,5241553.33,14070157.58
041901,1405620.87,5397343.97
041902,6325567.17,1497374.98
041903,3127.0,0.0
041904,3847601.72,3313470.06
041905,17730070.33,12114544.79
042001,1208695.43,1438457.93
042002,120020.41,9633699.27
042003,73573.12,1519397.84
042004,147777.26,8802459.75
042005,5977865.71,7977766.31
042006,817597.39,198913.4
042007,39073524.19,1972203.78
042008,62917774.48,5912384.67
042009,103896970.68,15255544.1
042101,3345468.6,2504407.93
042102,483045.28,1687199.04
042103,12041639.2,6659231.42
042104,1921706.98,6742691.44
042105,2132875.43,1065954.04
042106,41730189.13,27861197.65
042201,67921.0,91472.72
042202,6567986.84,6706149.48
042203,1891514.86,305243.17
042204,27075.01,6998507.44
042205,0.0,42498.56
042207,54085163.55,50634322.85
042208,6240470.59,6133233.71
042209,81289.94,213947.57
042301,41292.87,0.0
042302,27343.79,784594.58
042303,26001.0,0.0
042304,429469.74,0.0
042305,8853.86,0.0
042306,239029.74,2246.57
042308,115180.01,0.0
042309,17919816.36,13909901.91
042401,706455.0,2635847.14
042402,611989.98,455527.72
042403,96675.92,633834.28
052501,419131.67,1742691.9
052503,0.0,237763.63
052504,1755.76,0.0
052505,1291676.23,661729.22
052506,0.0,39424.16
052507,37024.65,5134.75
052508,23721.59,120041.15
052509,105848.06,156670.87
052510,6983.9,0.0
052512,459319.78,0.0
052513,0.0,78886.86
052514,0.0,21635.34
052515,361826.84,67965.78
052516,7823.52,371630.52
052517,952819.0,12949.01
052518,5473.2,0.0
052519,3600.0,140498.97
052520,214276.97,338188.63
052521,400386.86,0.0
052522,16063.91,3990.11
052523,11480407.57,434249.63
052525,9879.82,36741.3
052526,35551.15,166025.79
052528,53218.0,211429.66
052529,1462.0,191950.29
052530,28770.18,208791.39
052604,1055.0,0.0
052608,32401.01,0.0
052610,0.0,12546.53
052620,745668.39,0.0
052621,21005.0,0.0
052701,19256.99,0.0
052703,6188.96,235992.4
052704,6367.21,71535.49
052705,171027.19,0.0
052707,31562.16,0.0
052709,1246.0,20056844.92
052710,40075423.12,801848614.9
052711,202859.92,11505037.98
052712,113084.77,3953117.53
052714,13167.53,8154.0
052715,8135.02,4627.59
062801,162891.75,297658.67
062803,15748.49,3875502.0
062804,144452.08,1180798.8
062805,4801.0,3503.17
062806,0.0,253119.41
062807,13991.26,2384.98
062808,6792.26,33069.0
062809,31624.12,557714.61
062810,16023.32,150816.39
062811,1440968.75,405461.68
062812,0.0,7929.0
062814,6332.71,49710.76
062815,46193.1,323926.23
062816,1724.0,179556.29
062817,16730.84,69928.45
062818,7488.72,72207.54
062819,3918.0,147877.19
062820,0.0,492620.83
062821,180973.54,1005032.56
062822,0.0,1200.0
062823,107717.1,447264.3
062825,42437.44,226935.23
062826,8563.46,0.0
062827,127297.91,498294.82
062828,671788.32,178331.57
062829,0.0,2331.04
062830,35678.59,0.0
062831,12625.0,0.0
062832,39719.85,52781.66
062833,364348.23,3797150.52
062834,256764.91,1221207.76
062835,702734.88,1038038.56
062836,195215.9,383790.68
062837,0.0,1640.84
062839,103442.68,145088.93
062840,2547.76,23437.4
062841,1394.0,82262.48
062842,21035.13,921154.22
062843,231746.0,4146.0
062844,0.0,212730.5
062847,0.0,135681.81
062849,0.0,167673.21
062851,11277.0,15604.61
062901,108551.66,783224.04
062902,715136.09,7236879.4
062903,255604.24,2128493.75
062904,406401.12,266921.82
062905,658379.25,4376660.49
062906,0.0,66463.1
062907,87208.73,169076.88
062908,11641.0,29434.0
062909,339254.32,8361640.67
062910,0.0,8939.57
062912,26440.68,156220.33
062914,277659.07,823368.03
062915,1124039.11,6969623.66
062916,72827.59,5161326.28
062917,50333.56,2815570.2
062918,367071.58,8042146.55
062919,1960.0,160699.69
062920,79543.0,159596.0
062921,143168.35,487947.82
062922,512465.59,1910330.99
062923,509710.78,912461.05
062924,349765.63,1971861.65
062925,9117.0,131475.81
062926,0.0,102959.62
062927,0.0,50819.8
062928,2050.43,33912.46
062929,51895.15,6746317.84
062930,336560.13,2088228.95
062931,172016.0,1930533.89
062932,60918.44,369583.59
062933,110023.88,2447310.79
062934,117617.0,589929.47
062935,177645.0,32743.08
062936,135593.96,2625067.48
062937,61287.0,142724.53
062938,0.0,7847.64
062939,5824.9,1311638.0
062940,12718.85,45650.84
062941,110174.0,793045.61
062942,36665.51,1874584.68
063001,593917.0,70923.0
063002,1529317.69,6095039.99
063003,1640468.32,5773180.94
063004,124866607.38,178811602.04
063005,317288.36,2962030.25
063006,3631004.7,8814116.69
063101,56675.51,26792.33
063102,5595677.98,591014.7
063103,34843.38,14651.03
063104,663948.94,9591481.67
063105,7124903.93,6782106.99
063201,5302.22,278288.17
063202,117708.54,63831.58
063203,114562.47,291190.57
063204,380802.76,6152848.21
063205,2084735.9,211956.4
063206,400115.19,4759105.94
063207,240446.68,2369468.66
063208,15772362.2,12123043.75
063209,8661214.86,2214344.92
063210,1037619.17,2950.83
063211,35648.99,176008.13
063212,1206136.78,1262505.28
063213,134243.23,478335.64
063214,2631838.97,6200008.97
063215,1029516.41,9561108.33
063301,4336814.37,1968298.58
063302,6829758.98,15546336.83
063303,222394.73,5105094.66
063304,1290410.26,17934075.54
063305,1329720.05,4533451.94
063306,167926.07,2420309.85
063307,2019878.91,6221860.14
063401,7907792.21,9121020.12
063402,26037199.05,10457778.64
063403,234337.56,1795730.79
063404,64933.39,2093148.21
063405,1657392.94,3266497.04
063406,9345.88,620533.28
063407,3372.0,126663.84
063501,79584.0,105083.52
063502,0.0,3258.0
063503,14575.0,377382.23
063504,4673.07,546317.31
063505,140110.18,492360.19
063506,12896342.89,10178821.45
063507,581824.17,1178977.97
063602,1742135.4,77840.0
063603,691149.23,449537.09
063604,21912.09,127255.92
063606,0.0,93635.25
063701,108548.43,3174624.03
063702,0.0,44633.0
063703,2654.0,224117.56
063706,28579.66,169231.63
063707,38643.95,321294.24
063802,12576.82,537801.81
063803,1869.9,0.0
063804,9880.0,18070.12
063805,29274.51,0.0
063806,374748.32,1080946.65
063808,45359846.32,72326090.12
063809,250508.87,804032.27
063810,224145.79,102357.03
063811,229507.47,1627725.02
063812,406602.35,5758040.75
063814,4180043.22,1531767.24
063815,1766118.42,1160586.94
063816,1318334.13,109205.75
063817,36664.98,0.0
063818,15379.0,62323.06
063819,156494.95,14308.85
063820,170960.73,763587.02
063821,11942.0,15098.7
063822,2012362.66,12443452.28
063823,11777613.33,37241642.91
073901,1514550.87,85723477.2
073902,600372.42,31508308.84
073903,392050.41,16329265.12
073904,7730641.69,46876862.88
073905,105293.21,1646748.22
073906,413065.75,19545222.29
073907,4932698.7,31991835.22
073908,8923.0,456705.7
073909,480138.39,9219738.62
073910,2112101.44,12890640.74
073911,299637.0,3171774.84
073912,1573748.19,3254296.37
073913,16094.0,268228.06
073915,1794904.36,1377602.01
073916,8334651.01,6568824.99
073917,27073958.03,27626820.03
073918,124791.23,342909.69
073919,3764251.54,17217447.92
073920,17407844.93,47618846.25
073921,22230354.94,14734624.49
073922,2276642.69,1109899.86
073923,46361677.75,56306477.56
073924,4353656.53,16816897.78
073925,6314491.55,4449120.4
073926,18735916.41,58030779.7
074001,10640.64,0.0
074002,18326.19,11067139.59
074003,0.0,26804.76
074004,28519.6,33518.85
074005,585578.79,147484.21
074006,137145.35,135848.26
074007,0.0,63024.17
074008,166760.31,366222.35
074009,415709.59,3701823.8
074010,71068.92,3415776.72
074011,92909686.35,29917318.02
074012,2419276.76,3341401.62
074013,16439.0,965166.51
074014,47134.44,249287.86
074015,134106.59,1979862.54
074016,73988827.61,12146009.82
074017,21973.07,1171678.9
084101,3644799.24,2807345.0
084102,15548.82,0.0
084103,280313.85,0.0
084104,9208602.28,7523343.93
084105,975930.0,11054.0
084107,3334.0,77897.49
084108,42562.0,0.0
084109,5943062.94,21840.54
084110,62301.65,0.0
084111,397431.64,38761671.58
084201,157205.67,76254.99
084202,15681095.29,12502194.91
084203,1075182.37,1654787.2
084205,40935171.91,2138420.89
084206,8870.0,71286.0
084301,8698.0,0.0
084303,10421.0,5636.0
084304,0.0,5503.0
094402,1323.69,8118.48
094403,20385024.48,1398352.83
094404,2397.63,9626.0
094405,4248.15,2451.0
094406,24801.88,0.0
094407,2081372.35,4863858.94
094408,1331076.18,290120.7
094409,4216534.62,693913.88
094410,7056165.06,2232119.2
094411,94315.83,6444400.65
094412,3095045.85,4123684.23
094413,33427.03,85270.78
094414,77177.0,86372.71
094415,985560.46,1307782.11
094416,0.0,98003.0
094417,45142.74,172754.12
094418,9370761.59,3454241.1
094419,67928.51,143926.34
094420,708642.32,650669.03
094421,1057131.15,1647948.18
094503,0.0,6771.19
094504,0.0,14818.46
094601,0.0,87110.19
094602,2277.04,131994.62
104703,2866238.34,1777143.9
104704,106281.59,33086.0
104706,5271.44,194950.49
104707,4640972.03,641173.49
104801,525747.98,15723130.12
104802,913906.93,22053981.3
104803,782130.26,2085862.64
104804,11400987.16,166994022.06
104805,131349.46,1629179.65
104806,169876.01,130164.83
104807,60319.3,27994.35
104808,859098.87,2121691.1
104809,419011.04,283556.1
104810,1536070.55,15146013.06
104811,1997936.61,11062757.22
104813,24877.4,86228.04
104814,0.0,29214.2
104816,186935.18,1601737.35
104817,802731.31,247004.78
104818,45145441.71,17009896.98
104819,21128202.91,26019085.35
104820,3591500.51,6261058.37
104821,4168004.67,9772200.44
104822,41908.24,174762.99
104823,548676.01,9551556.51
104901,5334698.62,17656610.81
104902,1204499.64,5553287.5
104903,108723.72,174341.31
104904,0.0,2113.0
104905,92312.43,108836.49
104906,3585.0,6390.92
104907,671203.56,1163918.4
104908,78079.44,549805.42
104909,130777.46,774250.16
104910,108940.09,241984.35
104911,3693036.14,8415991.52
115003,1614.41,0.0
115006,0.0,4433.0
115101,14908.35,0.0
115107,0.0,18583.0
115109,0.0,19565.0
115111,16192.0,0.0
115112,0.0,16842.92
115201,749281.35,138060.16
115202,45229.52,1331.78
115204,15203.8,733027.95
115205,89770.04,893646.1
115207,0.0,26360.83
115208,134125.26,9568342.0
115209,75466.0,12085731.67
115210,256086.0,29268165.57
115211,7779.74,960510.3
115212,28405.0,346226.46
115301,0.0,15481.0
115302,0.0,1271.0
115303,0.0,5268.0
115305,0.0,10161.18
115308,8883.25,1552.54
115309,1112.0,26776.0
115310,0.0,1050.02
115311,0.0,10020.79
115401,585545.18,822366.06
115402,748336.02,3344209.33
115403,0.0,107672.54
115404,3326872.0,1379640.02
115405,1117.0,0.0
115406,194157.29,10830.0
115407,2177837.41,14609349.67
115408,193158.0,87897.71
115501,4158.0,255452.97
115502,18980.0,0.0
115503,61565.59,69545.11
115504,38759.02,0.0
115505,33906.79,0.0
115506,0.0,25447.0
115508,7082213.01,9306570.82
115509,407421.54,345762.5
115510,0.0,44862.0
115511,0.0,17368.16
115512,165787.28,283940.31
115513,15876.0,2914054.09
115514,2511.0,791017.04
115515,510156.0,3734515.97
115516,0.0,58746.98
115601,11143.38,818854.58
115602,75029.54,524347.14
115603,440742.48,15004406.93
115604,37993.61,48945.47
115605,0.0,835255.0
115606,67734.0,81828.16
115607,15727916.5,3754024.28
115608,30941.28,311798.66
115609,145160.3,883117.6
115701,488160.31,270216.87
115702,62178.0,208567.15
115703,38541.1,616054.53
115704,15407.0,11643.05
115705,36395.02,696557.59
115801,19389.91,646699.66
115802,0.0,7680.0
115803,0.0,67129.6
115804,3611912.99,1804905.07
115806,616141.16,17889088.99
115807,413156.28,1265236.09
115808,47506.99,322426.69
115809,0.0,2151.0
115810,632283.25,111909.74
115811,1968.0,24754.66
115901,0.0,88990.56
115902,6391.0,2453181.13
115903,139602.48,1053543.34
115904,0.0,29962.0
115906,10687.62,1774659.72
115907,154298.34,33449.53
115908,1858.02,0.0
115909,47425.0,239925.09
115910,0.0,6803.29
115911,170241.8,2106898.96
116001,0.0,185942.66
116002,875235.66,23793483.47
116101,156935.37,430727.37
116102,93481.66,369380.53
116103,1073711.06,1442121.63
116104,924397.27,2196909.97
116105,1265065.48,2235250.16
116106,221834.58,3382372.55
116107,28984286.75,1904905.13
116108,104663241.34,31137116.81
116109,4998640.76,10377024.16
116110,7080970.73,3276458.84
116111,1012938.05,1176603.21
116112,865868.17,1132662.55
116113,3271.0,12024.0
116114,7168387.0,380116.13
116115,58611707.14,46542522.59
116116,54912.0,102103.58
116117,102141.0,276402.85
116201,1736915.66,1471756.19
116202,378611.05,1527600.89
116203,58825980.17,14661049.25
116204,34019126.47,22866192.41
116205,726976.42,9666452.39
116206,414458.87,9305879.13
116207,58067411.98,1779802.31
116208,6135069.3,2489417.34
116209,1275641.71,1991458.12
116210,240837.64,436275.8
116211,3626551.51,982071.73
116212,28989678.15,6929536.48
116213,1554.01,88952.92
116214,14606.16,204617.43
116215,2341.0,245821.89
116216,0.0,112647.51
116217,430368.42,1354518.93
116301,4234.0,1333868.06
116302,892075.63,11224870.59
116303,60456.18,949249.87
116304,16493.0,344488.62
116305,4360038.58,2425591.6
116306,68684.86,1188530.92
116307,1532600.48,3272119.25
116309,38092.04,235299.52
116310,54842.31,147936.24
126401,214999.95,534675.51
126402,425275.21,27500268.09
126403,225854.32,20399941.92
126404,126762.82,11351967.92
126405,165170.86,6864334.48
126406,77662.34,591863.69
126503,0.0,19361.08
126504,5118.0,115482.22
126505,78342.29,1196405.38
126506,72672.39,1279356.44
126507,2246.74,28422.66
126601,244256.53,1934845.18
126602,0.0,9720.07
126603,0.0,28932.52
126702,6560.0,863279.93
126703,0.0,8012.0
126704,15004.07,5894.0
136801,0.0,26720.55
136802,39823.75,2086625.35
136803,0.0,266822.77
136804,647331.35,1379959.09
136805,2000977.02,2736194.9
136806,31474.96,173967.84
136807,110229.92,427798.11
136808,1889440.14,6317.66
136809,2282266.05,12891483.62
136810,879054.02,2518427.11
136811,4264870.57,665075.72
136812,14401.56,137308.65
136813,10555.0,1180494.78
136815,1468524.56,295673.5
136901,27193.4,0.0
136902,273073.61,413144.64
136903,41910.99,15265.34
136904,9969.47,47655.86
136905,208883.62,340196.52
136907,2808.0,438363.58
136908,2362561.18,16378099.52
136909,22187.91,407444.33
136910,13634864.02,4158802.45
136911,7218.23,1104519.3
136912,30888.14,2105493.6
136913,40837.55,878146.85
136914,1236795.01,2738832.7
137003,0.0,532615.41
137004,18077.75,215730.75
137005,337317.1,725648.68
137006,13472.64,68606.55
137007,1397866.65,1249610.65
137008,0.0,1665.0
137009,351617.72,1053468.06
137010,45462445.19,2471399.7
137011,0.0,5821.0
137012,0.0,7402.86
137013,1327163.84,3375917.93
137015,0.0,13091.51
137016,323841.92,180270.48
137017,143676.0,742658.2
137018,10501.0,290624.76
137019,6824464.29,8038375.97
137020,60990.5,501787.71
147101,0.0,1334.0
147102,301932.85,8295107.34
147103,27122.0,3040454.84
147104,0.0,105563.15
147106,245357.0,919800.29
147107,2787.0,1542.87
147108,37531053.08,29388750.37
147109,2528.0,231988.27
147110,0.0,14607.0
147112,15396891.57,3114.0
147113,28585304.49,11537859.16
147114,1080.0,5300.0
147115,0.0,6670.66
147116,13119788.0,253673.81
147117,1240834.25,3728184.6
147118,0.0,3940990.19
157201,158460.0,0.0
157202,0.0,1050.27
157203,3410.0,2278.08
157204,17006726.11,133285.16
157205,21192.59,107109.02
157207,48791.12,66334411.98
157208,195856.88,13706251.81
157209,208761.3,27855486.72
157210,15707949.5,24213760.48
157211,252974.0,2694420.27
157212,6143352.37,4066042.69
157213,27118.0,17871749.65
157214,14661809.09,3711522.99
157215,315543.32,275847.46
157216,6131970.23,6021952.66
157217,1668214.92,6365952.54
157218,1000.0,0.0
157219,391951.22,3337866.11
157220,460616.38,65629.52
157222,119194.98,91158.25
157223,323752.72,144180.44
157225,32000.43,100099.63
157226,199541.0,71268.73
157227,3949.05,7443885.0
157228,469859.44,491760.71
157229,45679.47,708920.38
157301,12347.46,0.0
157302,10286.0,38766.71
157303,17499.27,3377.49
157304,4256125.55,5820441.61
157305,461165.28,46479.35
157306,4770632.38,8873313.36
157307,910952.42,4824574.51
157308,2157427.99,11967116.16
157309,240873.61,1433297.92
157310,5794829.98,5953888.98
157311,510515.28,2783269.55
157312,899271.75,5498735.22
157313,280340.12,1179247.55
157314,571970.32,3651799.51
157315,36854.88,2385296.94
157316,2417.44,0.0
157317,440210.55,2915808.92
157318,1229977.11,17196252.81
157319,1173.98,26156.48
157320,25631.03,2123035.34
157321,24243073.89,3732359.05
157322,1824.0,75583.36
157323,114356.1,4558447.56
157324,122266.57,522483.09
157325,211763.17,523502.91
157326,11952924.74,57414386.18
157404,11997069.63,4181.43
157406,20988.0,28880.4
157407,110441.77,2275316.67
157408,54362.63,232070231.75
157409,37079.0,617756.93
157410,13863.0,1052.45
157411,104151.04,296965.09
157412,57965.0,1308586.13
157413,6821.38,76308.01
157415,20888.87,109486.71
157416,1294.0,4970.0
157417,0.0,306280.0
157418,0.0,55088.74
157419,130557.95,651775.65
157504,6057.0,8025.96
157505,1140.0,451149.98
157508,774299.0,65408.88
157601,0.0,16878628.45
157602,16595078.06,73791.0
157603,204250.0,171594.8
157604,10970995.07,6468760.99
157605,1170.0,94410.86
157606,7554952.76,2525278.47
157607,44981600.65,9472120.15
157608,1639267.1,733518.58
157609,44101.69,579729.43
157610,4731938.12,909043.79
157611,1060.0,0.0
157612,6103617.4,11166059.39
157613,8134.43,108063.49
157614,101991.37,628363.02
157615,1061183.62,1834726.14
157616,7894726.84,16878011.69
157801,330973.46,0.0
157802,81462.0,14531.0
157803,639566.0,0.0
157804,0.0,1297.0
157806,1834.0,30769.7
157901,136965.41,0.0
157902,1257383.0,0.0
157903,33741.0,32969.52
157904,32796.0,0.0
157905,154195.0,0.0
157906,2816.03,135331.12
157907,850468.63,456984.4
158001,178278.2,0.0
158003,0.0,13765.74
158005,0.0,3280.0
158007,26708.0,0.0
158101,227405.31,2469078.71
158102,5696.07,1716374.82
158104,1003.0,0.0
158105,5974.0,0.0
158108,104870.0,492968.9
158109,1943.0,0.0
158112,988268.0,7833883.23
158201,65728.23,1988007.17
158202,20403.08,682325.87
158203,167821.41,2674482.9
158204,20324.0,399946.7
158205,280338.92,5568718.69
158206,41721.88,1034456.62
158207,1659699.69,5253970.05
158208,128906.44,4307517.52
158209,16670.0,46465.95
158210,2164.0,153029.22
158211,130347.97,1102914.11
158212,10468.0,177091.64
158213,41825.28,393659.95
158214,50350.78,707879.04
158215,8742.09,2085475.86
158301,615931.08,6468089.57
158302,1693138.63,8399894.55
158303,575533.76,483063.54
158304,11625.45,21384.39
158305,853789.33,283008.86
158306,29042.32,787508.19
158307,12759.62,750586.24
158308,362584.84,1563199.6
158309,11730321.21,5389029.41
158310,6166.64,101059.95
158311,315033.34,5409379.52
168402,33889.28,635573.35
168403,24448.0,7631.0
168404,12669.0,52079.92
168405,1792.0,0.0
168406,84514.0,138906.87
168407,10413964.0,43692016.18
168408,653078.56,893281.46
168409,1007696.21,9583164.05
168410,16179.0,316000.98
168411,67284.0,1375482.07
168412,165669.9,952477.05
168413,1764310.53,18597501.22
168414,992686.56,28704826.87
168415,2137021.2,14321344.41
168416,1038.41,21916.25
168417,254700.64,977648.77
168418,17185110.77,40050052.08
168419,1421332.43,7779019.28
168420,3003.46,387877.03
168421,6283383.9,26803731.76
168422,1566325.74,15394644.15
168423,504524.92,2379681.4
168424,9569546.25,16249603.11
168425,29107.51,788874.75
168426,228134.5,470953.82
168427,544734.66,5329904.29
168428,1060090.15,9938432.94
168429,1095874.0,32126599.91
168430,837847.51,1075643.0
168431,938643.76,9652333.92
168432,236873.32,2318039.46
168433,1194117.73,6438954.31
168434,103454.0,515865.21
168435,32561.12,39733.0
168436,399394.12,2232754.04
168437,6087192.54,1425324.39
168438,1663904.69,9759823.41
168439,47729.6,788670.06
168440,30083.0,27274.23
168441,733188.43,8086476.11
168442,101474.77,2462072.25
168443,1429712.55,15381894.68
168444,17501.77,142098.29
168445,195861.26,548252.23
168446,25000.0,0.0
168447,167688.38,209902.0
168448,45588.0,114737.39
168450,43384.95,10896668.21
168451,206731.11,4577009.21
168452,468464.61,3676382.31
168453,154422.61,351965.37
168454,23021.0,711821.99
168455,0.0,783119.2
168456,8331.0,1223792.58
168457,80437.0,217205.0
168458,93002.47,1770262.88
168459,10813.85,993424.77
168460,279192.33,1199531.06
168461,203635.16,874663.0
168462,288102.41,2563850.47
168463,145040.09,847486.11
168464,45543.0,1112104.36
168465,194457.71,2798354.19
168466,2126518.41,7214382.83
168467,119344.89,7591969.04
168468,288462.03,1082781.29
168469,2735.0,1684.0
168470,834602.1,1429050.26
168471,42503522.45,157516517.44
168472,2474658.3,3264789.5
168473,1821182556.7,120237643.52
168474,25085000.93,8193513.04
168475,51471.84,427563.31
168476,19572.0,86777.48
168477,3134608.75,20053856.85
168478,21903.0,23705.13
168479,7937993.0,76017724.11
168480,4393880.33,17194319.42
168481,3825935.09,44914642.46
168482,1245271.96,7383375.87
168483,391399.5,6180921.58
168484,55856.79,2742123.29
168485,607445.44,1728407.86
168501,824062.11,10062426.35
168502,193385.51,4729609.77
168503,5325768.11,3953699.95
168504,15394544.16,38209254.85
168505,474593.94,806798.41
168506,8987801.46,4321471.71
168507,646616.32,8690165.45
168508,63363.5,6263262.07
168509,273844.55,2355708.92
168510,1598994.36,936588.88
168511,11557010.95,3264498.81
168512,5370210.19,4557602.7
168513,122193.74,795510.95
168514,211420.84,3130430.67
168515,5802508.04,6501000.91
168516,37694482.25,35219564.02
168517,12061190.68,48998215.76
168518,52859955.9,10960260.76
168519,295206.0,1206333.52
168520,257597.0,324867.0
168521,203222.87,18829537.45
168522,164027.0,261373.56
168523,111772.46,7300377.98
168524,4034731.04,14138758.69
168525,41461720.44,59867008.87
168526,60902.0,455826.88
168527,192475.66,9488353.95
168528,385072.58,18416337.02
168529,68747507.58,14575087.62
168530,25488.0,10834.76
168531,674139.53,6170382.04
168532,5027038.92,25538389.71
168533,92600071.16,3128180.95
168534,20886090.87,207377693.24
168535,1108292.8,5713492.59
168536,84703532.54,54881867.88
168537,7510818.62,5258596.87
168538,15348536.19,25984865.8
168539,10939954.12,14658989.53
168540,45995.22,238437.63
168541,52627808.17,26147841.03
168542,2225347008.3,1862308207.56
168543,21671166.38,37402580.65
168544,86952530.66,75985950.83
168545,27514.96,1478736.12
168546,43509.17,735918.63
168547,3619901.99,4421507.35
168548,176987.0,956926.91
178607,14684.0,5539.0
178609,1064890.64,4005682.31
178701,994774.49,18228027.31
178702,1639498.0,16389161.58
178703,820383.49,92316347.04
178704,2047313.7,27014155.06
178705,232203.34,3230008.94
178706,0.0,19797819.89
178707,96351.2,12833220.47
178708,1217953.0,35993396.04
178709,141505.22,27911.25
178711,50291.0,17659028.81
178712,100423.31,1917500.78
178713,2694.54,220742.92
178714,225082.19,4668115.7
178715,90510.0,781033.07
178716,765876.26,7117864.55
178801,2974.76,42883.27
178802,0.0,36581908.0
178803,13439392.92,7551618.8
178804,0.0,3590.82
178805,8648.0,39865.55
178901,2282.0,0.0
178902,41660.0,418203.68
178903,2848440.49,10974277.69
178906,11003.0,112634.09
178907,1417815.68,242115.05
189001,267424.22,5496480.96
189002,998931.0,632832.35
189003,23609.95,1313188.38
189004,33146.73,1187099.1
189005,0.0,37699.96
189006,557984.6,1002183.19
189007,15621651.5,8571789.71
189008,14379.0,433787.85
189009,128927.64,7358596.15
189010,15062.0,758151.17
189011,19870.28,798101.68
189012,41799.1,1014758.31
189013,1417930.5,784339.32
189014,184935.8,344449.12
189015,275484.09,2378903.05
189016,2804.0,5346.9
189017,825116.8,3138034.06
189018,638350154.95,114435246.2
189019,1749717.78,2447820.48
189020,5987.81,361325.73
189021,49272759.48,8610430.94
189022,238478.38,4631451.94
189023,27631.83,226852.03
189024,438739.0,681893.02
189025,608816.96,1662834.25
189026,733913.09,3820587.02
189027,1390171.09,9907404.74
189028,106240.0,5462496.3
189029,312430.07,612290.66
189030,35019937.23,27817527.67
189031,2467557.36,6718977.85
189032,2270247.78,13165965.03
189033,1071863.3,5353360.48
189101,98962.0,638189.96
189102,27627.35,835982.51
189103,1122.81,79181.58
189104,0.0,4609.0
189105,306416.97,285232.55
189106,10002.7,776333.29
189107,31830.82,85283.44
189109,0.0,1185.0
189113,0.0,11308.59
189114,0.0,3794.0
189201,1740.0,14508.0
189202,11190.21,234303.74
189203,0.0,24470.0
189204,0.0,15558.72
189205,20240.0,70301.47
189206,9168.92,230943.83
189207,12380.0,195766.17
189208,0.0,30494.09
189209,42907.66,436738.94
199302,0.0,429826.26
199303,13406.0,1970.0
199304,0.0,3063.12
199305,248488.0,44499.62
199306,0.0,32485.0
209401,54044208.1,14477896.16
209402,76340.24,1225499.17
209403,16605313.47,34493076.88
209404,1070663.46,7130935.22
209405,8591604.69,13654208.09
209406,144937.18,7479175.68
209501,5072.0,765963.41
209502,3670.0,2524046.31
209503,243244.92,12785818.24
209504,145676.93,4437551.48
209505,19768.0,2450923.76
209506,13038465.43,10544699.64
209507,4424560.14,1004647.66
209508,127785.0,156000.45
209602,7030.0,390293.64
209603,1101879.91,7516656.44
209604,0.0,70063.0
209605,7275.89,107514.02
209606,1250.14,199758.15
209607,562586.46,2558063.78
209608,217045.95,947222.39
209609,12783327.93,4062446.98
209610,0.0,93157.61
209611,952120.67,270760.14
209612,52465.86,3100645.81
209613,46546.28,203770.7
209614,9323.0,0.0
209615,203927.46,674135.12
209616,0.0,37069.66
209617,3058.0,494828.2
209618,4478.26,115674.35
219701,352423.44,429451.62
219703,99384.0,55048.55
219704,25043.19,0.0
219705,56143.0,0.0
219706,115482.0,8070.84
