010101,294405.63,222859.49
010102,516279.4,179434.55
010103,339069.81,0.0
010105,3299523.56,156531.81
010106,1338897.94,111529.3
010201,16073531.71,5107143.99
010202,28030712.89,7238497.28
010203,1361625.64,13084397.4
010204,0.0,4488.0
010206,4095655.5,1736888.03
010207,3519532.87,115226.9
010209,1249.42,212104.61
010210,267936.2,85097.65
010301,232883.96,166536.68
010302,21448561.1,1335804.35
010303,9828045.48,10965642.0
010304,54827136.06,5232592.56
010305,10529149.21,960805.13
010306,4681765.72,906422.43
010307,38667.7,660838.13
010401,23516456.65,363607.49
010402,46334341.98,9895789.97
010403,6035487.24,308330.23
010404,733024.15,1278793.06
010405,3308048.29,161753.82
010406,6209545.98,9749877.72
010407,3727258.93,661175.53
010409,0.0,5190.0
010501,4000.0,0.0
010504,1441689.57,225359.1
010505,0.0,18977.0
010508,0.0,4032.0
010510,74936.58,275946.58
010511,3282357.03,888233.99
020601,1213610.35,9455002.61
020602,88191683.71,1882283.63
020603,35511317.03,136163.5
020604,63582176.01,423124.39
020701,187836.56,1740506.99
020702,2842290.87,42139.11
020703,77411.07,8249255.45
020704,1088145.77,5750.0
020705,77332.61,0.0
020706,4840686.13,0.0
020707,1680394.92,7272.17
020708,218640.19,6712.49
020709,22155586.3,1211163.95
020710,1557780.03,1032647.64
020711,34763.69,29837.35
020712,635204.45,1633270.09
020713,1675294.34,34631530.35
020714,85895456.58,743613.73
020801,1786267.77,664440.3
020802,839563.66,2060988.7
020803,1234975877.63,886851.13
020804,1088689583.57,412306.79
020805,441657.23,6658745.06
020806,709361.5,2738169.28
020807,121219301.21,69767.8
020808,350919.65,7060356.16
020809,117394.92,1362019.3
020810,930305.6,1057027.18
020811,30288862.63,252845.6
020812,503260.56,0.0
020813,215473.12,1088486.94
020814,560047.38,0.0
020901,301886206.11,17451371.29
020902,366011.08,989637.04
020903,102232.29,16610.16
020904,1981146.92,1913196.86
020905,48316.96,0.0
020906,136287.45,41436.16
020907,3738.5,46603.55
020908,76960.29,67404.22
020909,92536.37,46494.95
020910,2611732.58,821372.44
021001,0.0,12443304.57
021003,0.0,4784.36
021004,0.0,44135.92
021005,30048.0,687080.67
021006,1095086.51,5660515.88
021008,2948.0,725985.87
021101,9121215.11,7481983.87
021102,2531872.83,1107661.27
021103,70025.74,243521.66
021104,2462914.84,3067044.16
021105,3642.0,3943.32
021106,252094.7,128748.17
021107,1635.04,6418720.61
021108,190084.42,664899.4
021109,91539.29,247912.36
021201,52955.83,104106048.6
021202,87964.57,671269.03
021204,1965.0,315470.93
021205,0.0,39018.16
021206,0.0,796386.1
021207,19406790.72,2524806.1
021208,26031.69,271414.49
021209,13010822.71,10863608.52
021210,9240.0,0.0
021211,2100943.01,1766377.02
021212,598332.28,268969.69
021213,1799.0,0.0
021301,123762.26,640463.68
021302,1905760.31,3893933.7
021401,68343.94,17938.31
021404,342623.85,85906.42
031501,0.0,21592.0
031502,17415.08,0.0
031504,38035.82,11413.19
031505,32934.0,48717.46
031507,8913859.35,1252908.88
031509,14135.01,43900.37
031511,120191070.16,4296375.53
031512,319255.23,1891974.17
031513,18864465.94,327375.55
031514,22630.0,148736.77
031515,498586.31,32443.93
031516,6327704.36,1934437.89
031517,8966234.74,5408404.23
031518,0.0,555078.88
031519,1215647.75,1308584.85
031520,6693.62,215596.33
031521,44445.0,116109.13
031522,105199.48,0.0
041601,9763377.59,378866.18
041602,6125001.76,576923.01
041604,25627664.32,7505607.12
041605,107025.84,447227.76
041701,102909861.33,32752.06
041702,1856117.77,3305942.73
041703,9956745.78,1316593.47
041704,8036945.34,21066293.98
041801,1055083.74,0.0
041803,890881.97,1039856.98
041804,197995.65,657037.87
041805,428451.65,440236.02
041806,8673118.71,14953817.75
041901,1711096.06,24293082.19
041902,15688291.37,1903090.96
041903,1166.0,0.0
041904,5828098.14,23516183.18
041905,56032803.78,33912941.08
042001,2035044.81,2026145.03
042002,7421489.95,15080597.85
042003,330450.28,3022142.34
042004,660058.03,14645882.88
042005,8561334.44,10709808.78
042006,688055.44,257268.15
042007,41835642.04,5040453.13
042008,77454388.48,13899788.51
042009,164558733.86,24569403.7
042101,3686089.38,6037898.71
042102,777959.2,2404524.65
042103,72112851.82,18215365.31
042104,2502035.25,10231528.29
042105,3393420.91,2440029.28
042106,254224273.43,43199120.53
042201,375075.44,174363.75
042202,28764630.5,12842354.18
042203,4534758.41,3893770.68
042204,80922.08,10742910.81
042205,2045.0,2164.04
042206,6954.62,0.0
042207,9098578.66,2186.98
042208,10245261.73,6806218.9
042209,123870.56,55273.77
042301,602901.96,243626.4
042302,74194.13,206597.64
042303,291392.41,22518.58
042304,779757.14,0.0
042306,908598.46,81828.93
042308,1297043.69,0.0
042309,28807583.5,30366783.8
042401,616192.14,2640142.48
042402,1058049.51,1235942.28
042403,69638.39,349955.18
052501,477492.27,2757443.98
052502,9848.0,0.0
052503,0.0,261585.81
052505,1686479.36,243971.68
052506,0.0,65019.96
052507,70191.01,352460.45
052508,3785.0,215018.14
052509,0.0,90324.08
052510,14000.0,0.0
052511,2115.0,0.0
052512,73666.06,46718.11
052513,0.0,7615.39
052514,0.0,26680.45
052515,425433.08,13373.3
052516,5322.94,461458.46
052517,542593.54,79911.97
052518,13684.42,0.0
052519,27429.42,252355.74
052520,14679.96,217358.03
052521,252017.0,0.0
052522,29468.85,0.0
052523,26290575.99,386487.35
052525,5275.0,0.0
052526,27401.34,324576.14
052528,174685.0,656403.11
052529,21585.0,204199.08
052530,16153.38,647760.38
052608,0.0,1021.06
052610,13359.0,0.0
052620,266259.77,5600.0
052701,0.0,836223.0
052703,65827.63,437694.44
052704,2784.73,99116.08
052705,58923.56,0.0
052707,218446.39,54490.02
052709,0.0,187924839.33
052710,64013384.58,1130076033.95
052711,986908.42,2257322.05
052712,244112.33,5051842.72
052713,407782.14,0.0
052714,14000.0,0.0
052715,7034.24,14671.12
062801,277866.46,425956.96
062802,0.0,15577.44
062803,2251.0,2209440.34
062804,588324.21,207875.28
062805,496634.0,23518.0
062806,13221.42,433285.79
062808,21138.0,70516.64
062809,336640.68,1881500.06
062810,77835.88,309875.85
062811,2022540.91,1503815.42
062814,0.0,94966.84
062815,248472.53,331911.16
062817,102353.17,69211.16
062818,40088.0,264572.87
062819,0.0,349236.83
062820,1042.0,367669.85
062821,206804.27,963817.33
062823,238809.73,461898.99
062825,416959.35,606611.27
062826,8018.73,25884.26
062827,420456.71,628495.73
062828,502480.96,567153.49
062829,0.0,19832.95
062830,20616.5,0.0
062831,16336.0,0.0
062832,66227.55,107815.63
062833,445753.28,3482909.07
062834,263612.34,363412.32
062835,928989.32,2721613.28
062836,1408113.48,546873.5
062837,0.0,100367.72
062839,201661.24,1541231.44
062840,0.0,53184.64
062841,0.0,35137.65
062842,10973.66,1013953.36
062843,1348867.0,1091117.92
062844,0.0,585357.12
062846,9000.0,0.0
062847,30792.25,427708.35
062849,17654.0,293104.1
062851,67771.0,86098.34
062901,33284.82,998652.25
062902,908108.94,14860519.13
062903,227025.05,3091679.54
062904,8985.0,1621.74
062905,184929.53,1247972.86
062906,37792.79,298328.23
062907,31424.38,205334.4
062908,40095.22,44113.0
062909,277652.02,23026715.87
062910,15478.0,0.0
062911,10161.0,8452.0
062912,383555.2,341486.48
062914,271570.56,398350.81
062915,249193.37,6616119.07
062916,20548.0,1222122.11
062917,49018.0,6926744.93
062918,368843.8,11616240.1
062919,0.0,2231081.85
062920,9301.0,727387.69
062921,511143.74,843307.71
062922,812053.57,3910974.81
062923,713002.94,1187683.59
062924,43937.06,4005276.05
062925,22000.0,228876.93
062926,82883.03,302852.0
062927,0.0,32809.56
062928,0.0,29454.28
062929,20058.05,71496.0
062930,178170.43,1671729.19
062931,37871.71,5108852.63
062932,102446.58,883882.35
062933,150648.86,2304217.01
062934,239052.45,1153260.34
062935,0.0,51116.71
062936,681918.85,2361429.83
062937,125605.0,576447.88
062938,0.0,26275.28
062939,0.0,1464166.43
062940,12371.11,18359.08
062941,810752.0,982410.49
062942,257893.73,1205734.69
063001,3897.0,343313.68
063002,17631057.06,23800303.37
063003,3326956.5,1205414.93
063004,250623682.01,290642893.38
063005,391825.42,5296908.09
063006,3320896.03,11220926.62
063101,409540.39,163706.92
063102,4938940.87,1942876.32
063103,0.0,89451.79
063104,1345343.05,12362519.84
063105,20357345.07,24897738.97
063201,9376.0,288584.76
063202,34980.89,127811.84
063203,205620.1,280561.46
063204,970834.87,6508256.87
063205,711208.11,204872.69
063206,1160522.3,15836502.33
063207,123658.48,1458890.54
063208,24387827.68,14581409.99
063209,13813531.54,3078080.81
063210,117556.42,29069.26
063211,40912.4,147303.46
063212,2449901.82,1421261.47
063213,227079.47,397149.67
063214,4505617.72,8591752.7
063215,1034111.2,10440746.38
063301,4409710.6,3498558.11
063302,19955510.37,21087126.49
063303,627475.98,8731448.06
063304,2249925.45,26046266.49
063305,1986859.95,22992032.72
063306,276813.72,8834592.15
063307,2988620.35,10075988.73
063401,6534485.61,20728591.45
063402,30834384.99,48605128.18
063403,1704426.39,3882164.96
063404,308313.15,2936070.14
063405,1884589.29,5257252.23
063406,115198.73,1192663.96
063407,93270.0,769186.91
063501,1295.0,68102.0
063502,0.0,9397.48
063503,0.0,1147293.24
063504,6549.39,406527.0
063505,55688.34,192715.4
063506,15558414.74,14681225.2
063507,1068769.25,933402.87
063601,22250.0,0.0
063602,3958850.72,28603.89
063603,771549.14,441857.47
063604,3971.73,199093.54
063605,58172.0,462612.39
063606,0.0,128313.78
063701,255989.0,3186194.29
063702,6683.0,150789.38
063703,0.0,103064.22
063704,0.0,2883.0
063705,0.0,1050.0
063706,110804.98,189092.58
063707,326960.51,2648252.95
063801,7260.0,0.0
063802,65805.0,123047.02
063803,4954.39,0.0
063804,7402.63,0.0
063805,3732.0,44492.27
063806,254245.42,1256981.36
063807,0.0,2414.94
063808,82506808.06,123775882.94
063809,557196.14,4475341.33
063810,277187.12,6490604.34
063811,196246.83,225031.87
063812,450753.87,6982584.14
063813,0.0,97078.14
063814,1997662.83,1488603.65
063815,1723062.92,1035781.43
063816,1130123.34,451438.92
063818,1183.0,2318.0
063819,222768.08,29930.51
063820,194184.58,45991.49
063821,19934.27,13786.9
063822,5067079.45,21994940.07
063823,16196991.74,27934817.73
073901,3626086.0,9034687.59
073902,515563.32,30356979.19
073903,467276.68,22666433.52
073904,10336705.46,55614066.68
073905,297234.78,1556014.97
073906,546588.37,25945486.8
073907,5617885.58,49555643.91
073908,7722.0,47580.98
073909,390530.71,10080925.38
073910,172883.64,27032288.98
073911,181843.01,2742114.12
073912,2266016.54,2883075.65
073913,25452.0,184820.99
073914,0.0,7384.13
073915,2787303.21,1842784.29
073916,3649558.07,1125831.09
073917,36627458.53,35160796.79
073918,24849.31,1740851.64
073919,6800396.58,20756751.98
073920,18270283.32,65340376.64
073921,24824260.83,20193266.43
073922,1155378.86,625529.5
073923,85181399.0,90091202.45
073924,3547965.45,28344326.18
073925,9222292.54,8820941.24
073926,35713692.68,56669730.4
074001,96691.81,18100.55
074002,278455.99,35531510.17
074003,131783.31,50137.86
074004,125993.0,72371.71
074005,197415.92,222898.54
074006,651341.55,242320.68
074007,4846.06,11563.89
074008,361485.96,1430129.38
074009,353405.56,5972158.8
074010,568929.43,3077643.33
074011,177346663.26,46184046.76
074012,144283.2,5151088.41
074013,6496.19,1452183.52
074014,24633.0,74819.6
074015,388420.0,3713140.01
074016,57638948.39,20638048.57
074017,17094.88,16940.59
084101,5218757.87,421681.35
084102,31113.0,0.0
084103,294838.41,1368.4
084104,30812833.44,66517343.79
084107,339473.36,343472.0
084108,2103804.0,0.0
084109,2070137.0,569229.22
084110,431238.14,2833.82
084111,216714.88,266122.69
084201,66456.97,56037.93
084202,2536361.83,19698675.82
084203,506656.01,1991690.13
084205,16690909.72,345348.1
084206,0.0,73015.0
084302,1075.0,4800.0
084303,0.0,5325.0
084304,2000.0,1890.0
094401,1720.87,27635.57
094402,4663.69,61774.99
094403,32123178.62,787449.86
094405,34709.42,0.0
094407,1503970.08,14419034.23
094408,813018.56,887941.32
094409,4171125.5,1616324.06
094410,2552450.67,4904305.97
094411,166849.76,6325216.09
094412,487156.75,6111209.89
094413,279453.65,288554.89
094414,8454.0,199768.09
094415,2067112.58,1861181.45
094416,1000.0,0.0
094417,1204977.6,201027.0
094418,1622939.21,3113915.58
094419,71083.79,158883.58
094420,992133.0,506846.05
094421,1111444.38,2383105.73
094503,0.0,21311.9
094504,5768.0,14106.56
094601,10492.42,117693.31
094602,1653.0,433042.82
104701,5098.46,1354.67
104704,47492.41,0.0
104706,49332.88,0.0
104707,11948649.53,5326873.26
104801,130516.67,13447764.84
104802,589938.31,25874536.88
104803,309481.42,4007237.98
104804,8420771.62,7050773.32
104805,1038220.74,2469792.13
104806,134544.69,466565.05
104807,4248.41,27415.18
104808,449313.14,2580412.57
104809,651077.17,165052.43
104810,1040531.48,21103423.54
104811,4429307.89,14503898.54
104813,30472.16,310328.78
104814,11465.64,63000.42
104816,171759.2,1295483.97
104817,1220556.83,348048.31
104818,128394544.14,57613736.03
104819,35686943.54,58149834.88
104820,3907691.17,9291362.62
104821,8145580.06,9497436.1
104822,165672.71,686992.02
104823,696316.27,11436885.71
104901,8390815.36,30466718.26
104902,1679228.12,3433431.26
104903,298641.31,355611.63
104904,1175.0,2529.35
104905,24639.24,90623.52
104906,7707.32,132275.0
104907,2465704.06,1291406.35
104908,152063.2,495571.82
104909,40667.69,596953.51
104910,77384.96,214975.83
104911,4943786.8,12085532.36
115007,0.0,10038.0
115107,0.0,13194.0
115109,0.0,100537.03
115111,2611.0,237290.16
115112,0.0,10203.0
115201,1311972.4,0.0
115203,0.0,5044.63
115204,63236.0,194093.36
115205,28904.0,290920.78
115207,2927.0,163108.93
115208,793113.68,19914168.65
115209,34869.6,5165807.18
115210,430134.0,35275633.17
115211,32609.23,373443.03
115212,292605.0,4262062.28
115301,0.0,16831.0
115305,0.0,5172.06
115308,0.0,31796.67
115309,0.0,1441.0
115310,0.0,3247.11
115311,0.0,6136.44
115401,3350121.1,1292823.77
115402,5164433.34,9824503.18
115403,193441.26,0.0
115404,1790968.0,1376241.51
115405,0.0,5145.0
115406,1836.0,172693.45
115407,1364568.27,17872814.82
115408,37407.0,6755626.0
115501,5768.51,423548.41
115502,19527.0,0.0
115503,121143.59,514428.51
115506,1102.0,116789.28
115508,1994406.95,1819811.12
115509,298414.57,488374.43
115510,26574.34,0.0
115511,0.0,221975.65
115512,1163613.49,376516.65
115513,4596.0,988029.2
115514,5817.18,1213691.71
115515,723925.07,6007912.72
115516,1325.0,45143.0
115601,246577.87,1112301.66
115602,303880.67,1725921.65
115603,554072.9,18940964.04
115604,7227.62,256720.58
115605,0.0,3936.46
115606,66037.0,1958.02
115607,15550067.81,1651396.11
115608,59837.48,742232.56
115609,32283.14,1136476.7
115701,0.0,114689.73
115702,13257.0,206423.62
115703,8452.0,1725730.74
115704,0.0,3803.96
115705,0.0,576358.97
115801,1055303.0,2410730.65
115802,0.0,51572.82
115803,12546.88,42041.23
115804,227302.62,652768.33
115805,1019.0,0.0
115806,1260913.4,8372957.7
115807,314152.08,1176622.15
115808,2899.0,474696.34
115809,1762.0,4488.0
115810,4095.0,89899.61
115811,0.0,3203.0
115901,2228.52,106898.73
115902,0.0,2288407.4
115903,303705.12,3632086.22
115904,12783.0,19891.0
115905,0.0,31035.0
115906,2485.0,134512.19
115907,15430.35,15286.47
115909,9682.0,24461.73
115910,2571.0,20249.16
115911,2368904.53,4199638.24
116001,4061.0,162249.6
116002,2242719.93,10896877.47
116101,2010635.0,771358.33
116102,365711.0,609121.68
116103,1552577.25,2720628.76
116104,5416836.75,6137991.68
116105,1574020.24,4961069.95
116106,329082.07,8532230.91
116107,19946414.51,3585164.34
116108,23704774.18,8239246.74
116109,6216477.43,11707104.5
116110,3892223.24,5234498.99
116111,186866.57,3965483.12
116112,784821.41,1917149.72
116113,3943.0,0.0
116114,3217003.62,666524.98
116115,21951724.06,14541668.0
116116,27206.75,257412.33
116117,188533.81,476047.99
116201,294341.53,1925311.06
116202,73751.0,1550654.11
116203,16138138.06,13306993.79
116204,3736238.05,21647503.7
116205,1005026.79,9448533.42
116206,118918.75,11666075.84
116207,68217728.35,10463079.89
116208,5223721.14,5471501.69
116209,47321.0,2971314.42
116210,307984.29,1425625.83
116211,818064.37,1619071.7
116212,15263073.88,10404631.92
116213,26523.27,90634.5
116214,13982.11,454597.61
116215,134914.25,309064.96
116216,0.0,250300.25
116217,58243.12,7040934.01
116301,5021.0,1540911.01
116302,1544550.12,13278812.55
116303,349769.67,1684425.95
116304,72641.0,984652.51
116305,1794276.65,3129221.4
116306,63094.65,2128588.08
116307,925831.49,7364132.5
116308,1657.0,0.0
116309,67948.46,4117991.63
116310,34826.71,33364.71
126401,410210.39,2070326.92
126402,304072.39,43032286.59
126403,400307.47,27952724.91
126404,114862.56,15712495.0
126405,158473.42,5374680.16
126406,183163.39,1898539.62
126502,0.0,1770.0
126504,8978.0,92722.89
126505,151060.71,1588742.83
126506,129893.02,1932602.26
126507,0.0,51416.81
126601,89517.06,2287292.44
126602,0.0,7695.98
126603,11713.77,16752.46
126702,1325.0,913689.03
126703,9000.0,8696.0
126704,48392.28,144211.32
136801,13927.32,418275.16
136802,173890.05,2776335.9
136803,2901.96,233745.03
136804,43905.52,1943030.35
136805,2591362.0,2876297.01
136806,138204.81,2243318.28
136807,25414.15,307444.36
136808,95515.4,305365.04
136809,19970.78,3441187.26
136810,489578.45,1001516.43
136811,6730029.23,1078783.18
136812,11876.0,146091.37
136813,10342.87,1352189.45
136815,1456182.9,1335864.48
136901,6042.99,4193.0
136902,50847.96,100975.69
136903,19320.0,136218.95
136904,0.0,280179.87
136905,4176.75,261210.55
136906,0.0,3475.34
136907,11236.35,460992.77
136908,3113468.67,15329104.89
136909,32073.76,449336.07
136910,7286995.75,3916667.48
136911,20480.63,1875588.57
136912,19119.83,2702343.75
136913,57790.19,1138031.64
136914,73896.52,3601306.06
137001,222556.96,541533.85
137002,38307.14,0.0
137003,0.0,294493.74
137004,53082.74,126985.55
137005,315988.86,8797816.07
137006,6983.64,41611.83
137007,2144780.31,1801191.57
137008,50196.87,74392.55
137009,387474.57,2069554.32
137010,64160431.71,9272027.56
137011,13649.97,18124.99
137013,951822.94,5595336.93
137015,31434.0,8144.13
137016,557332.47,325322.44
137017,132327.42,966331.0
137018,118443.39,229930.64
137019,7527282.73,6704430.29
137020,36745.92,206634.76
147102,1204686.0,2524762.26
147103,81143.0,690829.94
147106,679824.3,2487380.36
147108,18569110.29,16751982.97
147111,56492.0,2566.0
147112,26372108.42,0.0
147113,24730110.45,11901709.94
147114,10088.0,33866.43
147115,575927.62,276868.9
147116,9214.0,1377234.79
147117,8392625.74,9410382.99
157201,83081.0,14461.65
157202,17011.04,1700.11
157204,34398657.57,324281.85
157205,0.0,22082.56
157206,6464.99,0.0
157208,232823.64,14539429.69
157209,864382.61,33191431.3
157210,45041728.22,59983448.3
157211,33450.86,1886560.41
157212,7697912.16,3403615.02
157213,77842.13,399555.75
157214,33344072.7,14383083.08
157215,532737.24,2760478.76
157216,13146139.41,10217267.93
157217,708380.37,9752330.81
157218,19606.0,0.0
157219,466369.68,2384575.74
157220,178953.0,23471.07
157222,305725.19,1065926.32
157223,1608771.05,2340794.52
157225,116357.93,3638973.85
157226,527442.38,534650.03
157228,1721066.22,869684.37
157229,81793.05,289553.58
157301,8072.0,25609.23
157302,19753.43,41679.0
157303,7514.34,1849681.01
157304,2108962.21,9653259.68
157305,2232177.09,676275.26
157306,12901072.2,31008014.99
157307,545979.81,5141942.63
157308,4876889.82,27199343.8
157309,75698.24,1419955.65
157310,9396027.52,8496335.48
157311,122709.3,1798987.17
157312,1144375.42,8717758.01
157313,496887.77,2567107.3
157314,2410315.72,8004777.96
157315,258208.31,2559646.36
157316,36095.48,72574.47
157317,374553.73,3250725.22
157318,1189728.07,23389992.96
157319,10726.6,1514314.02
157320,180035.26,4882337.07
157321,25217416.85,5955137.64
157322,0.0,5120.0
157323,1083675.08,6145406.44
157324,379563.33,1218276.75
157325,100922.14,2263497.39
157326,13185223.87,86840711.48
157403,23879.21,9353.0
157404,21449229.51,7625.49
157406,1143868.0,9729.2
157407,70971.99,1058031.16
157408,169569.47,140009343.1
157409,23616.54,90434.0
157410,10470.88,26546.66
157411,187583.16,905171.3
157412,74514.36,1028785.54
157413,408478.84,677300.97
157415,20261.31,431383.18
157418,0.0,51617.24
157419,344471.98,842350.67
157504,0.0,15211.0
157505,9318.0,253351.02
157507,1142.0,0.0
157508,704696.0,185163.41
157601,43422.0,12573680.81
157602,10748804.41,2952.55
157604,9222582.74,7932856.16
157605,0.0,65509.83
157606,6023641.5,1889624.39
157607,21599245.44,11341138.54
157608,47329.25,2851287.82
157609,14499.27,315214.55
157610,3061856.22,2953446.97
157612,2680720.11,12200476.65
157613,7144.0,124485.9
157614,65457.84,1638008.5
157615,174580.97,3435037.49
157616,8393223.75,9085458.37
157801,3699526.56,33405.0
157802,363234.49,40594.0
157804,7152.0,3610.9
157806,240425.0,33191.66
157901,97963.95,115029.47
157902,286706.0,0.0
157904,0.0,12767.0
157905,2072.0,15167.21
157907,394756.21,875836.62
158003,29912.0,20242.18
158007,14941.0,1860.0
158101,83291.95,2872035.79
158102,6750.0,252846.55
158104,8279.0,61184.87
158108,3369101.68,1155241.66
158109,179767.0,0.0
158111,20835.92,2352.76
158112,467348.81,11922369.79
158113,176040.0,3484.72
158201,78914.89,2315842.4
158202,69288.89,2316116.95
158203,384221.45,8966180.03
158204,17184.37,826861.38
158205,333154.46,8755625.42
158206,79066.48,1056356.54
158207,3188620.53,5807923.41
158208,294430.57,4623680.13
158209,11497.59,102723.03
158210,1467.0,219983.48
158211,290596.83,1758936.53
158212,21750.22,499904.74
158213,55823.37,564472.41
158214,36552.75,1104602.04
158215,116099.59,1813820.33
158301,211657.21,7317110.4
158302,1539217.53,10591406.59
158303,279957.12,568982.95
158304,0.0,56219.66
158305,456923.82,678674.41
158306,38457.7,1147898.8
158307,22369.0,188412.61
158308,59472.12,1247400.92
158309,18582541.46,12012988.81
158310,1156889.26,242180.48
158311,229583.39,5079530.57
168402,65611.26,932364.18
168403,1425.0,0.0
168404,7572.92,242514.06
168405,11884.0,327918.25
168406,26571.52,1913093.2
168407,17647083.18,4985606.42
168408,52378.78,956577.7
168409,2433748.74,12937856.99
168410,235701.49,5106815.56
168411,2154069.0,5211070.24
168412,333877.61,2243891.67
168413,7783972.48,31678571.37
168414,1482440.64,37028378.72
168415,372492.17,14809333.0
168416,91267.0,50145.03
168417,197137.85,2659936.95
168418,53049329.71,56828678.12
168419,4700335.19,20690795.0
168420,105000.0,92822.11
168421,12779038.69,34895312.78
168422,2077104.64,15626553.04
168423,278706.55,3247881.54
168424,2623493.45,16700962.81
168425,255303.93,2284054.74
168426,520070.54,3460837.43
168427,482304.59,1940255.95
168428,3166087.12,11968176.58
168429,8395725.91,15318236.9
168430,739990.64,5336540.34
168431,1735267.13,10283201.87
168432,242124.79,3133255.84
168433,986403.57,7353642.27
168434,221047.8,376994.93
168435,2590.0,1221520.29
168436,472474.3,4786027.7
168437,3131893.54,1242280.05
168438,1439691.61,14129719.64
168439,152178.64,1611579.46
168440,40900.0,38059.9
168441,510954.61,6617677.34
168442,148522.15,2524363.97
168443,2883212.0,78341420.49
168445,2299.16,0.0
168446,25000.0,23194.52
168447,36560.0,435158.25
168448,70999.57,372933.59
168450,463159.74,17578642.65
168451,156540.45,996702.81
168452,1137782.97,3418205.59
168453,163700.48,178319.34
168454,25985.03,18759.9
168455,891866.31,581613.41
168456,48596.0,373694.59
168457,1700.0,1447.76
168458,295251.0,1008591.68
168459,65050.0,259457.58
168460,119163.78,1341347.69
168461,275690.53,832670.51
168462,428884.56,10278156.96
168463,313247.57,1873730.64
168464,211500.75,197276.27
168465,263845.03,2888811.81
168466,1330392.42,12939001.5
168467,336876.39,7280567.6
168468,83101.13,1058571.61
168469,6752.0,3295.54
168470,34939.3,3245434.82
168471,20015966.11,203565680.16
168472,1368877.61,4240477.88
168473,3494617455.83,204741592.55
168474,3188348.25,11265308.95
168475,162591.64,739563.9
168476,89591.0,277634.54
168477,2615460.95,23825846.12
168478,37500.0,0.0
168479,12521473.33,67576379.86
168480,6917336.18,24453525.83
168481,2706292.24,40828011.1
168482,738333.95,12271777.17
168483,291770.23,11392099.75
168484,46707.91,3997734.19
168485,185722.93,1972588.86
168501,3593263.32,13822721.68
168502,1198172.42,5834611.89
168503,7546523.05,13293850.11
168504,6878362.76,66377709.25
168505,433105.84,1911162.74
168506,8076052.47,5583245.53
168507,5474143.07,21389780.07
168508,78267.14,6770446.9
168509,412083.91,6400670.99
168510,535568.0,1333812.19
168511,330470.26,3761823.58
168512,2007863.84,4324018.49
168513,507605.66,2090436.62
168514,355191.2,1893696.88
168515,5729378.55,8693630.32
168516,15699164.16,42892341.38
168517,17856154.98,126819106.1
168518,1569106.37,11308667.48
168519,43100.49,708184.08
168520,0.0,2227.0
168521,107822.68,5859152.89
168522,22315.51,188016.52
168523,361035.09,12059600.52
168524,2372120.99,19017797.87
168525,5569005.06,122704289.23
168526,161799.58,2322220.49
168527,214506.34,6246162.77
168528,1309223.0,74922269.67
168529,20566792.86,8121050.47
168530,26936.0,930415.25
168531,1537998.07,12231429.34
168532,1419150.16,6734784.01
168533,61905416.42,8953550.51
168534,3009650.45,359224860.76
168535,1193805.8,9167749.05
168536,169336899.96,82682599.42
168537,12739814.07,15031604.3
168538,8352053.45,26385901.68
168539,22766929.04,18021182.46
168540,44105.0,317341.95
168541,36782531.69,65517704.48
168542,4309808731.27,1188841530.88
168543,7060534.05,13838565.31
168544,173951977.06,105806333.52
168545,17581.0,147369.39
168546,107415.17,2740429.36
168547,218603.68,3538274.59
168548,47944288.54,492386.2
178604,105000.0,0.0
178606,6000.0,0.0
178607,5490.0,1020653.34
178608,20197.0,4329.2
178609,1478076.37,8562142.07
178701,2328870.09,15473166.75
178702,940061.0,22501138.9
178703,1842443.89,120411986.91
178704,7051694.97,32132264.12
178705,859450.0,6291013.34
178706,1712.0,6889894.91
178707,213480.42,5992546.32
178708,33114591.84,50697008.99
178709,36350.9,36464.8
178711,225062.91,16585756.32
178712,20361.77,5365760.02
178713,21731.0,964438.35
178714,281929.94,6676079.86
178715,50091.26,1465387.57
178716,1379402.48,8472332.57
178801,0.0,1446.0
178802,22170.17,100841000.0
178803,1459388.72,9511653.22
178804,0.0,3028.25
178805,94354.0,8869.01
178901,11401661.05,0.0
178903,1352271.2,5141393.54
178905,0.0,21840.17
178906,42801.13,2447.29
178907,223697.92,92177.44
178908,3354.29,58748.0
189001,966743.46,9372350.56
189002,71628.55,1078173.92
189003,342579.45,1508061.03
189004,103190.67,3733822.49
189005,9968.0,300059.05
189006,344348.31,615016.32
189007,20546959.55,6042827.09
189008,29498.0,321900.32
189010,18547.95,1136205.47
189011,102652.31,1737818.66
189012,4000.0,571230.43
189013,421806.79,1322244.88
189014,195179.48,261824.49
189015,233222.42,2444306.63
189016,28403.0,39161.63
189017,432590.19,3239928.64
189018,847289772.74,167633159.37
189019,896186.61,4699382.34
189020,14869.44,38023.24
189021,316458798.89,44376509.03
189022,325422.21,6756597.93
189023,61894.08,590134.56
189024,141606.81,1909184.54
189025,1471359.89,3270437.51
189026,2123254.01,7943731.82
189027,1185896.49,14189846.32
189028,245800.34,3741763.7
189029,1380227.34,846513.7
189030,40810707.95,49858281.81
189031,1477542.14,14160512.75
189032,2611610.06,9037701.14
189033,522135.55,6944194.46
189101,50468.0,859880.31
189102,93429.15,3534541.07
189103,1078.25,66109.98
189104,0.0,1969.0
189105,4968.23,738983.25
189106,49448.0,671408.19
189107,46932.08,240080.61
189108,0.0,3241.0
189110,0.0,2079.0
189111,15650.0,2446.0
189113,16606.0,47916.77
189114,2258.0,14463.4
189201,4385.0,87520.28
189202,31537.67,516121.15
189205,1090.0,332719.88
189206,17640.64,426706.72
189207,44821.14,755188.69
189208,6375.0,42072.27
189209,20224.32,119338.55
199302,503877.0,185081.76
199304,0.0,2045.81
199305,1093055.0,389489.68
199306,0.0,47484.32
209401,59136544.77,22803242.9
209402,163657.19,2365124.8
209403,17797127.35,44491519.34
209404,1038901.85,8534434.34
209405,8725874.7,20612715.62
209406,173034.29,2378067.23
209501,3033.0,0.0
209503,359621.24,31934574.34
209504,359779.04,6026039.59
209505,109429.46,5864498.64
209506,11718340.87,9909801.24
209507,7075479.51,1448031.31
209508,274445.59,142098.3
209601,0.0,2151.0
209602,0.0,218351.17
209603,850762.25,11865213.19
209604,34307.0,105859.16
209605,32735.98,66594.9
209606,4911.0,195150.69
209607,172663.41,198055.64
209608,262588.16,3009247.15
209609,13283669.99,5636619.71
209610,13486.28,157166.72
209611,1833716.04,380115.74
209612,582577.04,3356711.33
209613,15571.01,460105.41
209614,4052.0,44563.5
209615,110101.56,1808592.4
209616,38856.77,74996.2
209617,6067.0,536419.67
209618,3283.0,122176.11
219701,466014.52,251934.92
219702,249500.0,0.0
219703,35250.16,8623.94
219705,18095.0,14120.0
219706,3675.0,0.0
