010102,7357.86,0.0
010106,230899.0,0.0
010201,0.0,4092.0
010203,0.0,5939.0
010204,0.0,1202.0
010207,0.0,1627.0
010210,1840.0,0.0
010301,2320043.0,0.0
010302,77727.0,1002.0
010303,2543278.24,0.0
010304,41393.25,0.0
010305,449454.22,0.0
010306,15595523.59,47655.0
010307,471482.77,12373.0
010401,0.0,1171.0
010402,130971.89,6217615.0
010403,0.0,70883.0
010404,0.0,46711.0
010405,23146.35,114188.0
010406,0.0,2155.0
010407,0.0,1102.0
010504,12091.0,68108.0
010510,764398.52,0.0
020602,1612.98,0.0
020603,0.0,4647.0
020604,0.0,5809.0
020701,0.0,2575.0
020709,205118.85,13694.0
020712,0.0,15464.0
020713,8814.15,0.0
020714,4372.11,0.0
020802,143409.21,0.0
020805,0.0,23330.0
020806,0.0,75079.0
020808,0.0,383923.0
020810,9672.7,58009.0
020811,2380.14,0.0
020813,0.0,26971.0
020902,35361.92,30993.0
020909,2818.0,0.0
021005,0.0,285000.0
021006,139754.95,0.0
021101,0.0,8109.0
021106,2787.09,0.0
021107,0.0,464549.0
021207,0.0,55199.0
021209,0.0,5657.0
021211,75031.14,3614.0
021212,0.0,2976.0
021301,14601.94,2805.0
021401,795053.51,10040.0
021402,15354.78,0.0
031503,0.0,2312.0
031511,17040.97,0.0
031517,0.0,22074.0
031519,0.0,1575376.0
041601,0.0,3974.0
041604,2012.97,22125.0
041605,20596.36,0.0
041701,0.0,1456631.0
041702,0.0,6413.0
041704,0.0,61894.0
041901,0.0,39734.0
041902,12309.77,187180.0
041904,0.0,1812.0
041905,0.0,130600.0
042001,0.0,11054.0
042003,0.0,36312.0
042005,0.0,91353.0
042006,0.0,1416.0
042009,0.0,27770.0
042101,0.0,1588.0
042102,0.0,3625.0
042103,0.0,193033.0
042106,0.0,269629.0
042201,0.0,10437.0
042202,0.0,3034.0
042203,52273.76,1179433.0
042204,0.0,127136.0
042206,0.0,4649.0
042208,0.0,106800.0
042301,39483.68,0.0
042302,8877.11,0.0
042309,0.0,3837.0
042401,5776.24,1266265.0
042402,357117.0,132266893.0
042403,0.0,6491548.0
052505,1423.24,0.0
052513,0.0,48849.0
052517,0.0,7709.0
052710,0.0,2153866.0
052711,0.0,1352685.0
052712,0.0,35338.0
062801,0.0,30202.0
062803,0.0,4199.0
062811,2567.18,1458.0
062818,761436.44,6340.0
062821,0.0,75699.0
062827,0.0,2936.0
062828,0.0,20087.0
062832,0.0,4772.0
062833,19487.1,0.0
062836,0.0,8488.0
062847,0.0,3077.0
062849,0.0,46563.0
062903,0.0,6208.0
062905,0.0,28528.0
062908,0.0,31339.0
062915,0.0,110649.0
062916,10644.52,4101.0
062917,0.0,1505.0
062920,0.0,44283.0
062922,0.0,6142631.0
062923,0.0,6162.0
062924,0.0,45078.0
062936,0.0,8793.0
062940,0.0,4899.0
062941,0.0,83470.0
063002,0.0,254555.0
063003,0.0,6701.0
063004,0.0,3761377.0
063005,0.0,73450.0
063006,0.0,285509.0
063102,0.0,811449.0
063103,0.0,3152.0
063104,0.0,2247.0
063204,5050.47,609582.0
063206,4813.14,79066.0
063208,0.0,10769.0
063209,11812.88,83818.0
063210,0.0,1365.0
063214,6799.79,0.0
063215,0.0,37487.0
063301,16180.0,0.0
063302,32312.0,164702.0
063303,9457.0,160628.0
063304,0.0,107013.0
063305,0.0,34346.0
063306,0.0,51804.0
063307,11215.1,14332.0
063401,65488.49,194661.0
063402,0.0,93292.0
063403,3341.35,12647.0
063405,0.0,5173.0
063406,43160.79,6034.0
063505,0.0,4909.0
063506,0.0,88546.0
063507,0.0,156763.0
063606,4058.47,3263.0
063701,0.0,36869.0
063703,0.0,30476.0
063705,0.0,82575.0
063706,6622.0,0.0
063707,0.0,5695.0
063808,0.0,135101.0
063809,0.0,177689.0
063810,14634.63,0.0
063812,0.0,77676.0
063822,0.0,16160.0
063823,22469.23,16059.0
073901,31008.28,71064.0
073902,0.0,22334.0
073903,0.0,16279.0
073904,20546.0,23911.0
073907,188268.84,72492.0
073910,0.0,7613.0
073912,0.0,1364.0
073917,0.0,217448.0
073918,0.0,2600.0
073919,0.0,5333.0
073920,0.0,328279.0
073921,5736.98,77930.0
073922,0.0,8640.0
073923,46803.01,1680169.0
073924,0.0,97650.0
073925,0.0,13377.0
073926,185915.55,3315349.0
074001,43693815.15,21959.0
074002,13303.02,6268.0
074008,0.0,6514.0
074009,0.0,20502.0
074010,0.0,15835.0
074011,2688.0,513803.0
074012,0.0,105002.0
074013,4893.0,3282.0
074015,0.0,13174.0
074016,36723.97,71937.0
074017,0.0,47529.0
084101,3669775.92,0.0
084103,5412.29,0.0
084104,41292.19,120360.0
084107,0.0,12437.0
084202,317279.44,67669.0
084203,0.0,191401.0
084205,0.0,24102.0
084303,13751.0,0.0
084304,0.0,7956.0
094401,4253.03,0.0
094403,2894635.42,0.0
094407,24252770.21,32194.0
094408,50159044.68,0.0
094409,563868.62,0.0
094410,206882.55,0.0
094411,2518.69,0.0
094412,561888.22,0.0
094413,12475.97,1732.0
094414,4090.28,0.0
094418,7124.9,16872.0
094419,2901.5,0.0
094420,34105.6,2053.0
094421,7449.47,106516.0
094601,55310.98,0.0
094602,24803.82,0.0
104703,59243.05,0.0
104706,0.0,3175.0
104707,0.0,26710.0
104802,0.0,564915.0
104804,0.0,50016.0
104805,53014.12,170587.0
104806,0.0,1136.0
104807,0.0,46055.0
104810,1853.49,280167.0
104811,0.0,10270.0
104812,0.0,4000.0
104813,0.0,399322.0
104814,0.0,36570.0
104818,4914.92,53796.0
104819,4772.74,1083790.0
104820,1478.5,1498114.0
104821,21387.0,2165384.0
104823,0.0,326941.0
104901,1913.33,56144.0
104902,0.0,9179.0
104903,0.0,2705.0
104910,0.0,1000.0
104911,4121.34,147157.0
115006,0.0,12135.0
115007,44582.0,0.0
115106,117742.0,794246.0
115108,0.0,75913.0
115201,126200.83,0.0
115204,1205.0,260428.0
115205,0.0,3716227.0
115206,21848.18,132694.0
115208,5790.0,17882429.0
115209,66276.0,22524198.0
115210,66399.0,829042.0
115211,0.0,172182.0
115212,4590.0,7878.0
115308,0.0,27632.0
115309,0.0,667200.0
115401,0.0,1125763.0
115402,92180.0,222617.0
115403,0.0,182435.0
115404,0.0,2659.0
115407,102620.91,3449775.0
115408,1099.0,66680.0
115502,0.0,1725970.0
115508,64768.15,1110913.0
115509,71290.8,3079619.0
115510,0.0,23238.0
115511,0.0,6793.0
115512,0.0,186993.0
115513,14605.0,3751528.0
115514,0.0,1325544.0
115515,0.0,603187.0
115516,0.0,95079.0
115601,0.0,11426.0
115603,9833.73,340325.0
115604,0.0,20492.0
115606,0.0,606342.0
115607,4012.85,417827.0
115608,31740.64,4907.0
115702,5181.0,21683.0
115801,4761.0,8228637.0
115804,0.0,185895.0
115806,0.0,1144245.0
115807,21384.0,1441963.0
115808,0.0,3426.0
115810,0.0,55772.0
115903,0.0,78315.0
115906,0.0,1593.0
115909,0.0,4445.0
116001,0.0,873423.0
116002,554050.0,51193005.0
116101,1005192.0,0.0
116102,1339449.0,0.0
116103,4404943.0,267653.0
116104,27246293.0,34369.0
116105,22580458.0,256034.0
116106,27706419.0,0.0
116107,3038341.0,0.0
116108,4676451.0,4000.0
116109,34286299.0,908764.0
116110,197849406.0,9927400.0
116111,3341403.0,3115.0
116112,6499057.0,0.0
116113,944634.0,0.0
116114,1374355.0,53923.0
116115,217254.0,0.0
116116,1863377.66,407481.0
116117,8302.0,6306725.0
116201,21376581.0,20000.0
116202,12127914.0,64817.0
116203,112178502.0,1274729.0
116204,52758574.0,192400.0
116205,9353021.0,331252.0
116206,5183031.0,0.0
116207,4801054.0,0.0
116208,1622832.0,169147.0
116209,473379.0,4436.0
116210,4503427.0,0.0
116211,7592645.0,2019.0
116212,5060233.0,191132.0
116214,25858.0,0.0
116215,18054.0,1030.0
116216,2935019.0,707202.0
116217,21199.0,2044741.0
116302,7015.18,4102.0
116303,1126.0,3548.0
116304,4612.64,29027.0
116305,0.0,11020.0
116306,3714109.9,0.0
116307,423276.19,2729712.0
116309,48465.35,6488278.0
116310,177774.12,473076.0
126402,3498313.77,64238.0
126403,5980438.0,127034.0
126404,11097472.0,133869.0
126405,95435.0,0.0
126406,0.0,4080220.0
126505,854621.0,0.0
126506,0.0,5413.0
126507,0.0,611461.0
126601,0.0,12373.0
126702,2167.37,5373.0
136802,0.0,77644.0
136804,0.0,68506.0
136805,0.0,97390.0
136806,0.0,1418.0
136810,0.0,9706.0
136812,0.0,9214.0
136902,0.0,445050.0
136904,0.0,14560.0
136905,0.0,71690.0
136907,0.0,2783.0
136908,0.0,552683.0
136909,0.0,11444.0
136910,0.0,9038.0
136911,1151.35,1324995.0
136912,36056.48,9741.0
136913,20579.14,7575.0
136914,5649.8,45899.0
137004,0.0,8670.0
137005,0.0,313421.0
137007,0.0,20611.0
137009,0.0,34873.0
137010,3619.62,0.0
137012,0.0,1366.0
137013,17160.28,35004.0
137016,0.0,13450.0
137017,0.0,25253.0
137018,9079.74,20891.0
137019,0.0,1100.0
147102,1552.0,0.0
147103,6586.02,2980.0
147106,36885.0,0.0
147107,135567.0,0.0
147108,46574.0,0.0
147113,60960.0,0.0
147114,6294.0,2584.0
147115,0.0,2590.0
147117,20377.0,19091.0
157204,469069.77,191537.0
157207,0.0,1064131.0
157208,0.0,2080534.0
157209,0.0,3736239.0
157210,107107.14,785773.0
157212,0.0,148770.0
157213,0.0,4701053.0
157214,0.0,8064617.0
157216,0.0,2009842.0
157217,0.0,363635.0
157222,0.0,2174.0
157229,0.0,3632.0
157301,0.0,6917.0
157302,0.0,3491.0
157303,0.0,1087080.0
157304,0.0,19029.0
157306,0.0,88180.0
157307,0.0,423556.0
157308,0.0,1636577.0
157309,1916.0,524764.0
157310,0.0,8334.0
157311,0.0,1365.0
157312,0.0,25470.0
157315,0.0,174713.0
157317,0.0,23171.0
157318,1158.5,96956.0
157319,0.0,26527.0
157320,0.0,12093.0
157321,0.0,13653.0
157323,2420.0,61500.0
157324,0.0,52560.0
157325,0.0,329849.0
157326,17708.0,948843.0
157407,0.0,23000.0
157409,0.0,4072.0
157415,0.0,1577.0
157418,0.0,6080.0
157419,5056.14,4827.0
157604,0.0,25242.0
157605,0.0,30251.0
157607,0.0,83866.0
157608,0.0,16525.0
157609,0.0,18100.0
157610,0.0,41606.0
157612,0.0,1411164.0
157614,0.0,240235.0
157616,0.0,2608913.0
157801,0.0,8108.0
157901,0.0,1065039.0
158201,2720.92,160944.0
158202,0.0,98726.0
158203,0.0,60866.0
158204,0.0,58497.0
158205,1732.0,125802.0
158206,0.0,11136.0
158207,1808.0,594856.0
158208,0.0,82259.0
158209,0.0,7449.0
158211,0.0,1000.0
158212,0.0,8875.0
158213,0.0,4469.0
158215,0.0,4844.0
158301,0.0,448099.0
158302,4363.0,63882.0
158305,0.0,14165.0
158306,64437.29,10521.0
158307,0.0,34487.0
158308,10023.0,181356.0
158309,91984.0,182247.0
158310,0.0,20011.0
158311,1062.09,16062.0
168402,0.0,1717678.0
168404,0.0,79973.0
168406,0.0,768000.0
168407,0.0,295919.0
168408,3339.88,6436393.0
168409,0.0,347919.0
168411,1867.0,63801.0
168412,0.0,64779.0
168413,2055.0,929932.0
168414,0.0,1684747.0
168415,3188.0,2492457.0
168416,0.0,99461.0
168417,0.0,1557337.0
168418,0.0,100905.0
168419,0.0,2129429.0
168420,0.0,1649.0
168421,0.0,265241.0
168422,0.0,338978.0
168423,4972.0,309450.0
168424,0.0,37817.0
168425,0.0,172784.0
168426,0.0,2210500.0
168427,1232.3,300019.0
168428,0.0,2089387.0
168429,7266.0,588551.0
168430,0.0,415447.0
168431,0.0,735704.0
168432,0.0,530323.0
168433,0.0,88351.0
168435,0.0,5965.0
168436,0.0,12087.0
168437,0.0,54383.0
168438,0.0,91189.0
168439,0.0,107831.0
168440,0.0,1496.0
168441,14532.0,168281.0
168442,0.0,20560.0
168443,12306.0,2561581.0
168445,0.0,12780.0
168447,0.0,1951140.0
168448,7930.0,358664.0
168450,0.0,318763.0
168451,0.0,1133332.0
168452,14459.0,9129381.0
168453,0.0,196527.0
168456,0.0,4138.0
168458,0.0,116205.0
168459,0.0,20648.0
168460,0.0,7956.0
168461,0.0,4121.0
168462,0.0,36527.0
168463,0.0,6620.0
168464,0.0,10534.0
168465,0.0,142780.0
168466,0.0,109785.0
168467,0.0,35959.0
168468,0.0,1159.0
168471,4386.0,164286.0
168472,0.0,78613.0
168473,23864.0,189864.0
168474,0.0,2747086.0
168475,0.0,20000.0
168477,0.0,199735.0
168478,0.0,3614.0
168479,1489.0,1719115.0
168480,0.0,7790.0
168481,22828.0,456956.0
168482,1935.0,26167.0
168483,0.0,88233.0
168484,0.0,4936.0
168485,0.0,50222.0
168501,51765.0,604052.0
168502,0.0,1624943.0
168503,0.0,5290.0
168504,19852.0,346270.0
168505,0.0,8008.0
168506,0.0,732164.0
168507,1936.0,119294.0
168508,0.0,13162.0
168509,0.0,2439.0
168510,0.0,3095.0
168511,0.0,56451.0
168512,18912.0,7239.0
168513,0.0,113741.0
168514,0.0,45462.0
168515,0.0,112826.0
168516,261363.79,144573.0
168517,5174.0,2636752.0
168518,2517.0,371007.0
168519,1434.0,262876.0
168520,0.0,14584.0
168521,12910.0,207929.0
168522,0.0,1000.0
168523,1179.0,66092.0
168524,5248.0,67889.0
168525,49059.0,1170156.0
168526,8943.0,340435.0
168527,0.0,940036.0
168528,71598.0,2078669.0
168529,20014.0,958640.0
168530,0.0,4631.0
168531,0.0,2159.0
168532,1039.0,4000.0
168533,0.0,2242.0
168534,156210.0,25122.0
168535,4217.0,342861.0
168536,9376.02,517207.0
168537,0.0,2514542.0
168538,16071.0,366447.0
168539,36382.0,64868.0
168541,0.0,26043.0
168542,0.0,243373.0
168543,1032.0,2348839.0
168544,0.0,4217360.0
168545,0.0,10669.0
168546,0.0,348506.0
168547,0.0,5926.0
168548,0.0,24884.0
178609,1860.9,78255.0
178701,27348.0,2216107.0
178702,0.0,2117581.0
178703,0.0,26416787.0
178704,0.0,1659047.0
178705,0.0,1152798.0
178708,0.0,132554.0
178709,0.0,376509.0
178711,1220.0,25497611.0
178712,0.0,110394.0
178714,0.0,1156243.0
178716,59407.4,389958.0
178803,0.0,404191.0
178901,0.0,3987199.0
178902,0.0,103462.0
178903,0.0,6809.0
178904,0.0,61310.0
178907,0.0,6621.0
189002,6273.0,33340.0
189004,0.0,48015.0
189006,1670.0,71747.0
189007,1643.0,0.0
189008,0.0,1666.0
189009,0.0,20269.0
189010,0.0,19063.0
189011,0.0,168440.0
189015,0.0,127465.0
189016,0.0,43488.0
189017,0.0,11405.0
189018,0.0,305618.0
189019,0.0,1647.0
189021,0.0,5960.0
189022,7973.0,206700.0
189023,0.0,2000.0
189024,0.0,8000.0
189026,0.0,1039775.0
189027,0.0,268135.0
189028,0.0,336741.0
189029,0.0,2755.0
189030,50982.0,1802625.0
189031,99859.0,145621.0
189032,0.0,197460.0
189033,0.0,1000.0
189101,0.0,5440.0
189102,14468.0,631775.0
189105,8386.0,8649.0
189106,0.0,2385.0
189108,0.0,21689.0
189111,22300.0,19651.0
189113,0.0,37357.0
189114,0.0,591654.0
189207,0.0,4131.0
189209,0.0,4760.0
199302,0.0,2718.0
199304,0.0,18489.0
199306,0.0,7582.0
209401,12669.78,1509.0
209402,0.0,52314.0
209403,714894.9,1773304.0
209404,2720.53,22240.0
209405,6639.0,516231.0
209406,0.0,120220.0
209502,2591.0,6552.0
209503,68810.32,191512.0
209504,2842.0,626200.0
209505,17548.92,1145.0
209506,1904.0,20022.0
209507,3685.0,5648.0
209603,28603.54,28422.0
209606,6222.0,1216168.0
209607,27821.0,2388871.0
209608,0.0,57496.0
209609,0.0,16688.0
209612,0.0,1275.0
209613,0.0,63160.0
209615,3249.0,0.0
209617,0.0,163871.0
219701,7063.0,0.0
219703,8208.0,0.0
219704,106121.0,0.0
219705,1158.0,0.0
219706,1030589.0,0.0
