010106,6343460.56,0.0
010201,4267.81,240465.21
010202,1688.36,2347280.8
010203,4328.4,49797.0
010204,0.0,72819.26
010206,23193.0,80393.67
010207,0.0,270011.78
010210,0.0,16151.0
010301,1767363.0,452049.06
010302,87562.0,0.0
010303,828453.89,584567.0
010304,2975496.67,0.0
010305,548977.0,5471.0
010306,2339590.75,362981.09
010307,282307.53,176657.0
010401,0.0,412677.12
010402,0.0,92953.55
010403,0.0,70461.14
010404,0.0,59224.3
010405,0.0,22922.76
010406,0.0,183534.69
010504,0.0,841000.0
010511,55364.34,107064.0
020602,43895.0,1400154.0
020603,2503.0,0.0
020703,0.0,628096.97
020709,32041.0,4004.16
020710,2295.36,26145.78
020711,384518.0,87642.0
020712,7567.0,2386511.13
020713,672582.51,2985577.22
020714,9080715.9,0.0
020801,890623.5,15533.0
020802,0.0,2421.42
020804,1149.9,18381.05
020805,0.0,147394.63
020806,0.0,240296.95
020807,0.0,3100.81
020808,0.0,153787.47
020809,0.0,13991.39
020810,0.0,3083.08
020811,0.0,8076.03
020813,49627.23,1166.0
020901,88340.0,31292.48
020902,1936.0,89955.48
020904,475383.84,12304.0
020910,20979.73,5860.08
021001,0.0,4969323.79
021005,25754654.49,1131529.84
021006,37236424.62,1820649.52
021007,4002.0,0.0
021008,12119.0,8762.07
021101,0.0,359627.15
021102,0.0,2946.17
021103,0.0,316304.76
021104,0.0,19780.88
021106,47808.44,0.0
021107,179693.0,7118639.37
021108,2507510.36,19390.19
021201,20228709.9,31232.11
021202,373283.65,0.0
021207,4062865.05,353909.0
021209,132198.0,426982.81
021210,0.0,129090.0
021211,0.0,2650.0
021212,136765.84,240770.12
021301,213887.0,0.0
021302,0.0,600091.54
021401,246926.0,0.0
021404,7838.0,26945.99
031509,5117.89,25772.98
031511,10495313.96,3377274.33
031513,811371.36,33289.74
031515,0.0,3046.0
031516,0.0,12011.18
031517,0.0,123470.19
031518,0.0,9087.86
031519,72869.78,8122.89
031521,0.0,26725.0
041602,3111.22,102163.0
041604,41086.68,750044.9
041605,6782.0,92083.58
041701,4295539.71,13356791.56
041702,60707.94,124249.22
041703,380772.55,24040.0
041704,0.0,777800.55
041806,0.0,162641.12
041901,68321.0,1580987.44
041902,20790.9,375109.51
041904,11993.89,184115.12
041905,153363.42,1864434.14
042001,0.0,4693.27
042002,15221.0,0.0
042003,0.0,33612.46
042004,0.0,15920.18
042005,0.0,22708.25
042006,1282.64,0.0
042007,1145.0,57832.73
042008,5364.0,17067.57
042009,45775.48,651114.75
042101,0.0,33531.0
042102,12122.0,271215.0
042103,0.0,158755.07
042104,1103.47,12633.31
042105,0.0,7058.86
042106,0.0,5670448.95
042201,0.0,45331.32
042202,3674875.06,1474269.45
042203,93924.68,23331564.78
042204,225210.47,2051903.76
042205,0.0,60830.91
042206,42554.0,75663.59
042207,6383628.29,0.0
042208,25064.0,9733913.54
042209,8515.73,19514.87
042301,38432.0,1148329.76
042304,0.0,278886.12
042306,342812.32,0.0
042308,5795.06,1373611.31
042309,11497029.23,37827258.44
042401,4595425.29,11616035.79
042402,7500999.86,164443042.12
042403,108228.0,6668622.0
052501,0.0,57449.12
052504,0.0,6240.0
052505,56971452.53,63411.65
052506,141956.72,0.0
052508,1179.83,20526.89
052509,0.0,13891.6
052510,1076411.36,0.0
052512,0.0,4891.62
052513,0.0,481324.53
052515,1181.53,9112.0
052516,45197.33,2491.56
052517,0.0,150532.97
052520,0.0,9453.72
052521,0.0,99802.52
052523,0.0,37996.85
052530,13441.05,0.0
052601,2481.1,0.0
052603,720318.11,0.0
052617,6699.0,0.0
052621,0.0,2596901.24
052701,0.0,12172673.17
052710,26259.63,321042576.53
052711,0.0,2644060.54
052712,0.0,3554.23
052714,0.0,56098.48
062805,0.0,3822.0
062809,0.0,12394.36
062811,0.0,46756.52
062815,0.0,3909361.57
062816,0.0,2861.0
062818,0.0,98812.49
062821,0.0,79024.0
062826,0.0,12408.0
062827,0.0,117988.75
062828,0.0,201708.0
062829,0.0,2650.0
062831,0.0,15475.0
062832,0.0,175802.14
062833,0.0,9584302.32
062834,0.0,869058.64
062835,0.0,43378.68
062836,10529.0,432338.04
062839,0.0,16825.03
062841,0.0,20464.59
062844,0.0,12741.0
062847,0.0,225599.32
062851,1643.0,0.0
062902,0.0,59823.74
062903,0.0,1305183.16
062905,0.0,35348.04
062906,0.0,19979.45
062907,0.0,14497.0
062908,0.0,12028.0
062909,0.0,4231.73
062912,0.0,1600.49
062914,0.0,21232.0
062915,0.0,519143.44
062916,0.0,23391.53
062917,0.0,73224.93
062918,0.0,80016.97
062919,0.0,1256.0
062921,0.0,3695.09
062922,0.0,6283184.73
062923,59396.0,3909.61
062924,0.0,1145323.08
062925,0.0,1225.0
062926,0.0,1325.0
062928,0.0,2250.0
062929,0.0,657096.28
062930,0.0,134430.85
062932,0.0,66364.92
062933,0.0,480581.4
062934,0.0,35405.14
062935,0.0,59817.69
062936,9340.0,390917.37
062937,1600.0,37989.1
062939,0.0,145729.0
062940,0.0,35476.0
062941,27200.0,2259961.63
062942,0.0,7880.0
063001,1325.0,0.0
063002,1216.0,4525747.8
063003,417301.0,1692154.0
063004,1229620.55,43495775.36
063005,93715.0,341950.73
063006,942371.0,1634080.0
063101,56429.7,1421432.07
063102,0.0,1783575.17
063104,0.0,2006.0
063105,155049.0,18852174.71
063204,154142.0,1692205.0
063206,0.0,169849.21
063208,0.0,104259.18
063209,0.0,124306.56
063210,0.0,456334.15
063212,0.0,61432.51
063213,0.0,12276.0
063214,0.0,133457.86
063215,1072.0,559069.95
063301,974149.0,3033.05
063302,0.0,2810575.02
063303,1506.0,48421.14
063304,70754.99,2091550.46
063305,31804.66,16767080.63
063306,7507.97,5914067.83
063307,27091.0,3429594.52
063401,33935.1,1772651.85
063402,46136.0,27249662.73
063403,0.0,22982.09
063404,0.0,51689.18
063405,1025.0,375981.63
063406,139186.25,90182.92
063407,0.0,20929.0
063503,0.0,204976.4
063504,0.0,37000.0
063505,151158.0,96055.62
063506,5229.0,649874.03
063507,24340.0,208567.98
063603,0.0,191686.0
063604,0.0,157944.0
063605,0.0,129487.23
063606,0.0,1268.9
063701,0.0,387301.66
063702,107101.0,129461.0
063703,0.0,17339.0
063704,1083.0,937323.0
063705,0.0,2927.0
063706,7382.0,0.0
063707,0.0,57964.76
063808,167269.0,1293153.0
063809,0.0,351416.43
063810,0.0,3733.85
063811,0.0,79951.18
063812,0.0,157668.42
063814,0.0,3016.0
063815,19473.0,44865.0
063816,0.0,13269.27
063819,0.0,15141.54
063821,0.0,1350.96
063822,1065.0,1346498.78
063823,0.0,3759789.33
073901,35564.6,1057793.42
073902,64664.0,68562.69
073903,0.0,615163.45
073904,0.0,299889.5
073905,0.0,134195.09
073906,0.0,19086.0
073907,0.0,567437.1
073909,0.0,614024.56
073910,0.0,85796.45
073912,0.0,57330.4
073913,0.0,2700.0
073915,318480.24,24447.3
073916,0.0,55582.03
073917,10052.0,2337074.25
073918,40453.8,104390.56
073919,6567.0,1271863.97
073920,6247.0,1649828.63
073921,19841.0,4077593.06
073922,0.0,236471.46
073923,15111318.48,18695945.39
073924,644017.22,801831.89
073925,297272.0,645648.8
073926,1721672.02,31872915.08
074001,144415965.58,1736205.62
074002,387601.0,169891.35
074003,2991135.0,36746.89
074005,0.0,212132.9
074007,0.0,43377.87
074008,5454.0,945586.38
074009,0.0,185442.77
074010,0.0,145438.55
074011,662102.0,42976963.72
074012,1520.0,41553.83
074013,7271.87,141547.67
074014,9774.0,258459.68
074015,1906013.95,31464432.28
074016,68831.0,9198621.4
074017,0.0,26762.91
084101,1085198.97,32385.74
084102,21910.0,36929.0
084103,46079.0,7658.0
084104,367615.42,44150051.27
084105,0.0,26919.0
084106,0.0,282102.32
084107,39268.0,437640.04
084108,45720.0,57146.0
084109,0.0,26984.0
084110,65088.0,1139353.89
084111,67125.0,9848951.07
084201,296996.37,0.0
084202,1222481.76,2172782.7
084203,496864.0,801445.37
084205,17906.0,1328659.66
084302,0.0,61480.0
084303,0.0,7726.0
084304,0.0,366475.3
094401,6389697.59,0.0
094402,692459.57,0.0
094403,37528673.77,2859.15
094407,15094500.55,0.0
094408,1784915.0,435108.8
094409,1260.71,104118.1
094410,1680.44,700451.72
094411,0.0,30745.0
094412,1893.0,688430.37
094413,213243.0,5347.15
094414,34070.52,3550.0
094415,3578.91,81568.85
094417,0.0,21573.0
094418,1591868.8,230589.98
094419,10007.0,2758.0
094420,263285.9,27586.04
094421,30359.32,336389.93
094601,339344.73,41131.7
094602,755512.21,7857.94
104707,6017776.02,1800.0
104801,0.0,259925.19
104802,9283.25,5965833.63
104803,0.0,636582.39
104804,0.0,696666.41
104805,0.0,1325789.07
104806,0.0,208566.23
104807,0.0,66601.18
104808,1276.42,803338.37
104809,0.0,949770.83
104810,0.0,7834755.87
104811,0.0,994057.75
104812,0.0,3335.0
104813,66954.11,2827324.98
104814,0.0,70749.4
104816,0.0,254699.42
104817,290047.32,41262.8
104818,1348737.69,3225191.74
104819,353807.78,15550265.36
104820,3649.65,1355714.19
104821,59875.88,15179540.33
104822,0.0,81510.76
104823,200388.97,3719821.14
104901,97997.64,536626.81
104902,1325.0,1077.0
104903,0.0,129347.0
104905,1316.0,15419.81
104907,1776970492.0,20268381.16
104908,283643.0,2837281.11
104909,1017.0,38875.32
104910,0.0,2540.0
104911,135455.84,1489821.48
115002,3290.0,0.0
115004,0.0,472754.0
115005,0.0,1039948.0
115006,0.0,350131.0
115007,59689.0,378332.48
115106,11970.0,1675053.0
115107,0.0,2488557.0
115108,0.0,3734581.0
115109,0.0,838777.0
115111,0.0,511958.97
115112,0.0,4231640.0
115113,0.0,12437.0
115201,545260.49,755099.47
115202,4117.11,1752.0
115204,46623.0,3733674.04
115205,0.0,29507538.0
115206,2338.0,2221106.0
115207,0.0,195456.92
115208,655427.0,89080954.23
115209,497145.0,110700890.55
115210,38040.0,11633405.0
115211,65691.0,54597231.91
115212,8223.0,310447.0
115303,1418.83,0.0
115306,0.0,70142.0
115308,0.0,131472.7
115309,2659.0,4387580.0
115311,0.0,5510019.0
115401,26235.0,2367666.65
115402,60950.0,2161540.2
115403,0.0,800711.0
115404,0.0,33740.1
115407,465847.18,37930347.03
115408,0.0,1703833.44
115501,0.0,16174.0
115502,0.0,2879435.3
115503,0.0,47672.18
115505,0.0,5755.5
115506,1092.0,8280.0
115508,113552.4,14287974.47
115509,121671.0,87236358.19
115510,0.0,2819545.98
115511,107872.0,128701.0
115512,24199.0,5735695.0
115513,7969.0,45206295.98
115514,105701.0,3212700.0
115515,3184980.0,224877064.72
115516,7535.0,2961007.0
115601,0.0,3907846.07
115602,0.0,141938.68
115603,42803.44,6599221.35
115604,16381.0,1665834.06
115605,0.0,27184.0
115606,1701.0,239022.3
115607,3051.0,1920932.61
115608,0.0,820320.71
115609,3464.0,197503.26
115701,79218.36,1365.0
115702,25625.0,57170.37
115703,0.0,248416.0
115704,6213.01,5975.0
115705,7684.95,56509.47
115801,10019.0,11557232.62
115802,20089.0,633506.81
115803,0.0,109506.0
115804,26364.0,9616629.63
115805,0.0,2410.0
115806,373517.0,12564045.92
115807,53448.26,23264503.01
115808,0.0,411340.37
115809,0.0,2620.0
115810,91254.0,2621778.02
115811,2504.0,450669.15
115901,843873.0,348105.36
115902,0.0,1009.0
115903,230366.0,13079642.13
115904,0.0,2312.0
115906,14381.0,1112553.21
115907,47652.0,17091.03
115908,0.0,1642.43
115909,0.0,100206.13
115910,0.0,37497.49
115911,152435.0,1192379.2
116001,106798.0,162179893.4
116002,3399016.21,1093405717.89
116101,48931092.24,53110.0
116102,155792988.47,15784.0
116103,437863590.38,3371348.62
116104,666950835.05,3084478.93
116105,141094092.89,144934.0
116106,131120318.06,1470.0
116107,127126875.68,2229.0
116108,348224623.11,43892.12
116109,355834871.91,390802.33
116110,1160111640.14,57343153.0
116111,114660043.46,42017.0
116112,89454698.85,129988.13
116113,12970674.44,9397.0
116114,90414346.16,94582.11
116115,17833875.32,29846.02
116116,1499050.24,18255.37
116117,1930553.75,19579147.8
116201,36037486.85,37233.0
116202,23323972.25,12700.0
116203,336414512.33,485602.51
116204,436197263.48,379882.57
116205,47946359.16,600123.4
116206,37181579.48,114194.45
116207,19170009.9,318162.19
116208,47733911.99,5032.0
116209,11591389.43,29595.0
116210,32440531.14,416893.13
116211,80190691.58,316611.18
116212,13062227.2,2287340.27
116213,37258.0,0.0
116214,302819.66,454994.0
116215,33306.0,118982.0
116216,101423.0,5775.82
116217,1567903.0,20527974.75
116301,1772233.92,1139868.0
116302,31059253.34,2984885.44
116303,67395.0,68187.3
116304,215983.7,124021.0
116305,3079495.94,108483.91
116306,1731.0,177461.0
116307,2018772.93,4814611.19
116308,1664.0,0.0
116309,543218.91,55240790.32
116310,3623570.34,158760.11
126401,631824.51,138357.09
126402,98398484.49,5489185.07
126403,433826442.57,372073.44
126404,94558509.35,309198.06
126405,1541272.97,869115.65
126406,942279.86,16909977.99
126504,7718.0,10268.0
126505,8766496.14,807755.82
126506,415430.58,20176060.6
126507,1367.0,476966.31
126601,0.0,319847.36
126602,8100.0,2394.11
126603,0.0,264809.0
126702,20122.0,43897.74
126703,30747.68,117663.45
126704,143034.0,1606.0
136801,0.0,10515.0
136802,87095.72,5618659.73
136803,0.0,347276.0
136804,5990.0,209400.89
136805,0.0,5981.39
136806,0.0,55349.18
136807,0.0,47042.87
136808,0.0,6116.0
136809,0.0,415118.97
136810,21192.42,137424.41
136811,1425.26,0.0
136813,0.0,3966.0
136815,39715.31,26434.46
136901,7082.0,19511.95
136902,0.0,8724.0
136904,23305.5,13565.34
136905,0.0,251727.38
136907,3614.0,8968326.78
136908,1093.35,18345574.21
136909,0.0,34192.0
136910,0.0,1181854.03
136911,9597.15,2895873.45
136912,38579.95,1343968.68
136913,108899.47,70069.68
136914,20168.61,1841309.3
137001,3560.5,5038.0
137002,0.0,4324.0
137003,0.0,33391.58
137005,0.0,1588366.58
137006,0.0,46425.34
137007,12837.99,1137587.0
137008,0.0,216169.0
137009,7568.0,388606.78
137010,0.0,368800.04
137011,0.0,38442.0
137013,1213.0,1467132.43
137014,0.0,3848.0
137016,0.0,308366.39
137017,2163.0,114665.35
137018,0.0,215234.13
137019,63546.0,223006.61
137020,0.0,37787.13
147101,2651.0,0.0
147102,3478290.0,5207171.0
147103,51572.0,2213.0
147104,0.0,3641.0
147108,62179913.0,1463399944.0
147112,120862.0,0.0
147113,578877.78,1051622.25
147114,11926.0,0.0
147115,11494.0,0.0
147116,29734.0,184289.9
147117,133622.0,298495.0
147118,3007.0,0.0
157204,25374524.3,0.0
157207,2047.0,11069.39
157208,0.0,5038.0
157209,0.0,4997850.42
157210,0.0,9736977.43
157211,0.0,257977.68
157212,0.0,504339.55
157213,2756558.18,9169628.68
157214,0.0,11646788.34
157215,0.0,12489.88
157216,12458.73,1702964.41
157217,0.0,736096.24
157219,10312.71,52252.67
157220,0.0,51017.87
157221,0.0,14651.77
157222,0.0,1051.0
157223,0.0,8188.24
157225,0.0,4529.65
157226,0.0,50948.02
157227,14309.0,363482.06
157228,0.0,15024.45
157229,0.0,430287.0
157301,9953.67,8604328.02
157302,0.0,1053159.55
157303,0.0,107685.85
157304,0.0,580475.41
157305,0.0,4424017.62
157306,2696.76,2370620.53
157307,5691.0,475781.31
157308,503348.53,24164777.66
157309,36181.38,1020290.12
157310,22805.32,968351.9
157311,313033.38,2999844.11
157312,1702.0,553497.87
157313,0.0,2711.0
157314,0.0,88503.35
157315,74482.37,1761482.48
157316,11988.0,196973.98
157317,0.0,92400.54
157318,10531081.4,2581140.79
157319,0.0,213690.8
157320,490839.87,50180.35
157321,3293.85,432736.47
157322,0.0,2962.0
157323,15885.45,1948371.46
157324,2922.0,135503.66
157325,0.0,38305.54
157326,299296.22,11903920.97
157402,0.0,80033.0
157403,71821.0,0.0
157404,7499270.87,0.0
157407,0.0,1390.0
157409,0.0,309456.18
157410,0.0,13662.0
157411,1800.0,45036.0
157412,0.0,4311.47
157413,0.0,71816.0
157415,0.0,9798.6
157418,0.0,5665.77
157419,8482.0,29745.32
157508,0.0,3696.48
157601,3662.63,0.0
157602,21949334.53,45831.0
157604,0.0,2263469.46
157605,0.0,13793.0
157606,376230.0,28230871.5
157607,3640.0,316703.73
157608,0.0,48736.69
157610,21214.0,3208355.74
157611,0.0,21416.0
157612,4016922.73,831348.93
157613,94053.0,0.0
157614,0.0,13858646.54
157615,0.0,330795.0
157616,0.0,71343.13
157801,0.0,34606.02
157802,380876.02,0.0
157804,0.0,2744.0
157901,0.0,1399904.31
157905,0.0,50677.45
157907,1444.54,112224.0
158108,0.0,2645.79
158201,85157.0,715844.19
158202,0.0,20855.27
158203,0.0,146794.08
158204,0.0,69498.87
158205,43790.0,607986.67
158206,32700.0,119940.61
158207,111527.0,1822611.73
158208,0.0,142387.18
158209,11016.0,1209.0
158210,0.0,4112.0
158211,231953.02,56601.66
158212,0.0,181577.23
158213,0.0,24139.67
158214,7953.0,34794.84
158215,0.0,110785.1
158301,15493.0,676281.79
158302,175679.0,418588.31
158303,4939.0,60795.7
158304,0.0,32225.93
158305,0.0,65058.26
158306,181164.4,245658.35
158307,79047.0,21425.67
158308,38071.29,3536370.17
158309,174016.0,2103537.44
158310,0.0,66496.0
158311,0.0,103798.55
168401,0.0,299629.0
168402,2562.0,496229.95
168403,31085.0,34759.0
168404,0.0,4550.0
168405,0.0,216571.0
168407,2703.0,35363204.81
168408,39143.0,19852508.07
168409,50546.0,5640437.67
168410,0.0,5795552.66
168411,1903.0,0.0
168412,8328.0,4926209.8
168413,99473.0,13773818.25
168414,78362.0,10026520.91
168415,4325.0,9669179.1
168416,0.0,50905.0
168417,2213.0,1195259.67
168418,1068.0,3296140.42
168419,5536.0,3068515.78
168420,0.0,16812.5
168421,142610.87,2930400.51
168422,92433.0,6486744.51
168423,0.0,455060.64
168424,515415.0,1706059.92
168425,5627.0,1477554.2
168426,278548.0,3108978.82
168427,93172.0,946233.3
168428,104428.0,5457288.91
168429,2872767.87,36366161.99
168430,131383708.0,50578726.96
168431,1262874.57,4132580.08
168432,3707.0,1125724.65
168433,2540.0,488811.02
168435,0.0,16631.0
168436,0.0,1089174.75
168437,0.0,2190504.5
168438,4559.0,8646490.12
168439,0.0,469631.56
168440,0.0,17791.0
168441,21489.83,617528.32
168442,10007.0,61281.94
168443,42455.0,4196498.2
168444,2939081.0,90930.84
168445,3393111.0,582002.94
168446,0.0,69265.14
168447,227024.0,60427920.58
168448,6241.0,3105931.28
168450,6367.0,296972.51
168451,100340.63,6645947.01
168452,1058123.8,24875254.4
168453,337829.0,4758063.62
168454,0.0,232151.0
168455,1326.0,407513.69
168456,0.0,58833.0
168457,0.0,4045.0
168458,0.0,76656.4
168459,114412.0,235803.37
168460,26048.0,102887.06
168461,12163.0,162387.67
168462,200007.0,370155.75
168463,2657.0,428438.67
168464,64374.0,56518.09
168465,22060.0,602822.48
168466,53819.0,154676.41
168467,39776.0,792903.57
168468,6085.0,46048.41
168470,2328.0,80796.1
168471,311547.82,15935115.06
168472,2008.0,257016.83
168473,78361.87,3808245.92
168474,635072.52,6526682.64
168476,0.0,21435.0
168477,51764.0,1127099.82
168478,277866.0,495622.86
168479,102081.84,2720674.62
168480,445141.0,1380816.63
168481,0.0,922307.16
168482,1326.0,335627.33
168483,0.0,591990.34
168484,5227.0,129840.9
168485,1188.0,1062820.02
168501,704436.14,4086169.12
168502,262596.0,12188938.26
168503,119493.0,1683213.23
168504,132409.0,6735505.06
168505,0.0,47393.0
168506,11682.0,1196426.25
168507,40670.0,1275267.2
168508,25118.0,699150.09
168509,47934.0,100142.32
168511,6050.0,3781706.84
168512,0.0,485941.91
168513,20870.0,598130.72
168514,0.0,135057.27
168515,8298.0,611766.77
168516,4529.0,1347452.94
168517,2132425.88,132238456.28
168518,532257.89,3581145.79
168519,1349.0,248844.87
168521,22089.0,226932.25
168522,0.0,39415.0
168523,156207.95,127127.81
168524,76598.0,1275070.36
168525,2825201.73,42677110.18
168526,1788158.0,556208.63
168527,187314.0,782722.83
168528,39814.0,981101.61
168529,5096.0,712378.17
168530,0.0,44700.0
168531,80172.0,6444060.69
168532,1272.0,35394.05
168533,0.0,49012.0
168534,2560.0,76044.0
168535,0.0,3139005.12
168536,31013.0,4167147.64
168537,143546.0,4874229.57
168538,563153.0,1699757.61
168539,1141.0,1054932.9
168540,0.0,1181.0
168541,73540.0,1369413.45
168542,137822.0,1629521.3
168543,8103.0,2022342.54
168544,50206.0,23758657.13
168545,0.0,12852.0
168546,56032.0,1629453.98
168547,6896.0,2046095.58
168548,0.0,27705.0
178602,823942.0,859492.0
178606,13044.0,0.0
178607,0.0,1753.0
178608,0.0,485383.0
178609,1238794.07,64558.47
178701,439199.0,13583764.35
178702,2450470.0,2011665.75
178703,25507189.79,149085936.64
178704,1558955.11,35043467.98
178705,105324.27,4859868.82
178706,0.0,195688.0
178707,0.0,332516.98
178708,75274.73,13967863.64
178709,6497.0,45296.51
178710,0.0,3383055.0
178711,1051859.79,41889159.01
178712,76895168.0,8029461.77
178713,0.0,145789.9
178714,413588.04,44706659.48
178715,0.0,12130.0
178716,223565.5,3815483.11
178801,2650.0,0.0
178802,0.0,1437966.0
178803,341597.63,944198.28
178804,1325.0,0.0
178901,14523792.95,33925426.66
178902,3134880.53,10559506.0
178903,0.0,477641.21
178904,3467790.0,7254024.0
178905,72175365.0,233292513.11
178906,193064.0,212878.0
178907,104872.0,8003.0
178908,8719518.71,0.0
189001,0.0,2693159.81
189002,20541.0,109237.0
189003,16686.0,17437.06
189004,34814.0,52704.61
189005,0.0,6610.0
189006,13202.0,278307.32
189007,1645775.0,1694129.0
189008,0.0,35955.0
189010,6884.0,37969.0
189011,0.0,123854.0
189013,0.0,37725.0
189014,0.0,16660.0
189015,240163.62,1085635.86
189016,0.0,11861.97
189017,0.0,200773.72
189018,316985.0,9619848.5
189019,4348.0,123057.06
189020,27306.0,22277.8
189021,2252737.48,571575.84
189022,1063.0,366021.88
189023,417778.62,742591.72
189024,0.0,236130.25
189025,1285.0,54477.74
189026,49721.07,1230918.85
189027,6827.0,1127930.2
189028,0.0,155714.74
189029,0.0,49289.0
189030,97078.0,6578483.18
189031,271466.0,1651198.69
189032,4068.0,408152.98
189033,4869.0,3592115.82
189101,0.0,24795.0
189102,2651.0,147805.85
189104,0.0,1916.0
189105,0.0,11375.0
189106,76565.0,26027.21
189110,0.0,24980.0
189111,0.0,2394.0
189113,25880.0,8818.0
189201,11047.0,282026.44
189202,1497.0,22234.0
189205,0.0,9375.0
189206,220926.0,228773.0
189207,36080.0,120042.86
189208,6744.0,15562.1
189209,197623.0,18263.29
199301,127217.0,6753713.14
199302,75251.0,77811.0
199305,0.0,1325.0
199306,0.0,1933.0
199307,17002.0,0.0
209401,161008.71,1408282.07
209402,0.0,180985.88
209403,1542274.15,13517440.7
209404,1250891.88,176548.28
209405,251847.15,3083053.82
209406,1195879.69,1716295.66
209503,1487797.46,442122.98
209504,130855.0,2062749.52
209505,55223.0,5026.0
209506,673875.9,2600339.22
209507,33114.0,79938.56
209508,3417.0,11007.0
209601,0.0,2671.0
209602,26352.0,250440.84
209603,2545.0,476716.71
209604,0.0,18769.0
209605,136164.0,0.0
209606,55179.33,18714034.26
209607,118258.56,26152976.19
209608,78487.0,140886.7
209609,0.0,90529.74
209610,556752.0,170499.41
209611,0.0,3085.0
209612,105867.0,57404.12
209613,1171729.48,186938.48
209614,3558.0,0.0
209615,0.0,85221.59
209616,0.0,1550.0
209617,0.0,227554.97
209618,2249.0,44211.08
219701,37162.82,3641.0
219702,9080.0,0.0
219703,279239.57,15485.0
219704,1052.0,0.0
219705,3160.0,0.0
219706,9116935.45,5706340.0
