010206,0.0,30300.0
010207,0.0,40751.0
010210,0.0,302585.0
010302,0.0,1183.0
010305,0.0,767115.0
010306,19690.0,0.0
010405,0.0,112550.0
020713,0.0,44885.0
020806,0.0,6706.0
020809,0.0,4634.0
020810,0.0,1789.0
020813,0.0,3702.0
020908,1093.0,0.0
021006,0.0,14396.0
021101,0.0,18220.0
021103,0.0,1256.0
021104,0.0,23594.0
021302,52846.0,0.0
031501,0.0,15472.0
031511,24404.92,0.0
031513,15255.56,0.0
042008,0.0,1959.0
042009,0.0,10264.0
042106,0.0,9256.0
042309,0.0,43974.0
042401,0.0,668786.0
052506,0.0,13376.0
052620,0.0,10220.0
052710,0.0,763419.0
062836,16854.48,0.0
062912,135834.0,0.0
063210,0.0,18138.0
063215,0.0,5000.0
063302,9713.0,21274.0
063401,155686.35,0.0
063822,0.0,1000.0
063823,11249.0,0.0
073906,31204.0,0.0
073907,5639.96,0.0
073918,14202.0,0.0
073920,5605.0,0.0
073922,0.0,2396.0
073923,3850.0,95066.0
073925,0.0,1234.0
073926,105233.0,0.0
074009,6134.0,1248.0
074010,2938.0,0.0
074011,28840.0,0.0
074012,0.0,365179.0
074016,1140.0,0.0
084104,0.0,82985.0
084202,7693.0,0.0
094407,21717.93,0.0
094409,3209.29,0.0
094417,30633.0,0.0
094418,9217.0,5640.0
094420,0.0,2965.0
094504,0.0,2910.0
104801,141201.14,0.0
104813,0.0,10224.0
104819,24662.0,0.0
104901,107509.0,0.0
115201,49494.82,0.0
115203,0.0,163853.0
115208,13126.0,0.0
115303,0.0,27357.0
115407,11657.0,0.0
115903,23145.0,0.0
116001,17921.0,0.0
116109,1674.0,0.0
116110,134495.0,0.0
116112,2917.0,0.0
116115,1350.0,0.0
116117,1010.0,0.0
116202,3530.0,0.0
116204,5207.0,0.0
116205,4850.0,2705.0
116206,8000.0,0.0
116211,2009.0,0.0
116302,2469.0,6881.0
116303,0.0,37923.0
116307,38227.0,0.0
116309,0.0,1618.0
126403,1256.0,0.0
136908,31936.34,0.0
136910,0.0,38076.0
137002,12608.0,0.0
147113,1308.0,10000.0
157214,40250.19,0.0
157217,0.0,221024.0
157306,0.0,46608.0
157307,1345.0,0.0
157312,26549.0,0.0
157318,51042.0,0.0
157321,0.0,1212.0
157324,0.0,78333.0
157326,27570.0,0.0
158207,13065.0,5000.0
158308,0.0,3000.0
158309,37113.0,0.0
168407,0.0,3000.0
168408,18394.0,0.0
168409,1000.0,80047.0
168413,0.0,278621.0
168414,2784.0,12420.0
168415,39859.0,0.0
168416,0.0,569000.0
168418,0.0,22000.0
168419,0.0,46000.0
168421,0.0,351151.0
168422,35178.0,43000.0
168423,0.0,81000.0
168425,0.0,1653.0
168428,227032.0,0.0
168429,9866.0,78000.0
168431,1925.0,3003000.0
168432,0.0,29000.0
168438,0.0,508031.0
168442,35731.0,0.0
168451,5026.0,5085.0
168455,8826.0,0.0
168458,10489.0,0.0
168460,0.0,34901.0
168471,28249.0,70180.0
168473,7363.0,0.0
168474,0.0,969000.0
168479,407739.0,258000.0
168481,0.0,30842.0
168483,0.0,595000.0
168485,0.0,6000.0
168501,7996.0,174000.0
168503,4404.0,2635.0
168504,9021.0,5000.0
168516,0.0,1000.0
168518,1000.0,0.0
168520,73636.0,0.0
168521,5141.0,3044.0
168524,5452.0,0.0
168525,4445.0,0.0
168527,2717.0,0.0
168529,0.0,16000.0
168532,1000.0,0.0
168535,0.0,88000.0
168536,2325.0,47000.0
168537,0.0,1241521.0
168538,0.0,141000.0
168541,1065.0,2266.0
168542,87009.0,0.0
168543,2818.0,51000.0
168544,19048.0,158000.0
168548,0.0,3000.0
178701,23166.0,32000.0
178703,1121425.0,713042.0
178704,10582.0,44000.0
178708,0.0,91586.0
178712,0.0,3000.0
178714,16438.0,0.0
178907,0.0,21518.0
189001,0.0,4000.0
189017,0.0,4000.0
189018,2533.0,49395.0
189021,0.0,8000.0
189027,0.0,96000.0
189030,5808.0,0.0
189031,0.0,68000.0
189032,0.0,39000.0
189033,2286.0,19000.0
209403,48178.0,228499.0
209404,2198.0,0.0
209405,13979.0,0.0
209505,0.0,24173.0
209506,1225.0,0.0
209603,0.0,10000.0
209606,5233.0,7000.0
209612,2459.0,0.0
