010101,0.0,56581.0
010102,0.0,55882281.0
010104,0.0,1136916.0
010105,2332.97,551537.0
010106,0.0,18808.0
010201,42274.0,3321208.0
010202,328018.6,6254249.0
010203,0.0,243421.0
010204,2000.0,363591.0
010206,8481.84,229968.0
010207,101582.61,967220.0
010208,3000.0,4000.0
010210,1724.5,172473.0
010301,1587.0,9613.0
010302,34009.0,427716.0
010303,22614.45,236639.0
010304,0.0,514901.0
010305,0.0,100540.0
010306,97503.0,199788.0
010307,307181.69,199399.0
010401,12654.38,1121720.0
010402,19927.81,21930181.0
010403,43278.92,70347.0
010405,1168.91,8381313.0
010406,60208.42,38153201.0
010407,0.0,10000.0
010409,3566.27,1190099.0
010410,0.0,1520.0
010502,0.0,28175.0
010503,0.0,2195.0
010504,11287395.77,1359565.0
010505,0.0,4000.0
010506,59904.74,0.0
010507,0.0,6000.0
010509,9140.0,0.0
010510,22219.71,0.0
010511,6642.92,42571.0
020601,0.0,46571.0
020602,91526.3,425145.0
020603,4656.7,82620.0
020604,1671.6,8273.0
020701,10855014.67,11551627.0
020702,1988495.63,4484735.0
020703,149070.29,2137246.0
020704,777978.04,102228.0
020705,2923516.89,83188.0
020706,28468.37,6000.0
020707,13867.34,5892459.0
020708,87233.34,2413545.0
020709,470275.53,4860471.0
020710,16126.75,1042287.0
020711,72579.02,440663.0
020712,55463.01,357375.0
020713,6635007.72,8570137.0
020714,66041.95,129376.0
020801,19972.85,2915142.0
020802,464306.77,6807403.0
020803,68413.36,621504.0
020804,90787.63,740082.0
020805,12909417.86,57056.0
020806,4914058.75,23750.0
020807,173162.13,3501913.0
020808,5627643.93,0.0
020809,1917347.09,12836.0
020810,332722.6,334864.0
020811,35173.27,42162.0
020812,1066.48,34897.0
020813,107883.6,2000.0
020901,1310236.44,48109771.0
020902,64008.08,1365017.0
020903,4206.32,1255010.0
020904,75548.69,154498.0
020905,33679.0,0.0
020906,0.0,314575.0
020908,4965.59,974050.0
020909,313657.49,59927.0
020910,887492.49,337189.0
021001,6705.97,13250260.0
021002,270233.28,0.0
021004,1521.34,0.0
021005,1360.39,2090745.0
021006,13138.81,20062827.0
021008,46954.4,113367.0
021101,63445.02,1919868.0
021102,2805.34,0.0
021103,86035.71,692706.0
021104,13350.15,0.0
021105,0.0,4619.0
021106,18771.27,0.0
021107,0.0,14583.0
021108,4642.35,284422.0
021109,0.0,5000.0
021201,2114.06,3038.0
021202,147609.26,4157989.0
021206,9543.26,12353.0
021207,450031.59,697710.0
021208,373167.07,129086.0
021209,325035.25,3326793.0
021211,600846.98,96615.0
021212,473664.85,2659372.0
021213,1377.16,0.0
021214,0.0,246766.0
021301,7758.17,72564.0
021302,210193.35,685130.0
021401,2868.89,3351.0
021402,0.0,135964.0
021403,0.0,2561.0
021404,4584.22,100922.0
031501,0.0,27215.0
031502,2355.13,8318.0
031504,0.0,14801.0
031505,0.0,90232.0
031507,0.0,18752280.0
031508,5780.16,0.0
031509,2079695.03,115571.0
031510,16173.42,53797.0
031511,3870.27,0.0
031512,0.0,496069.0
031513,30801.87,0.0
031514,0.0,187261.0
031515,1043786.35,1648077.0
031516,31365.33,496546.0
031517,40502.43,1107474.0
031518,0.0,571378.0
031519,0.0,436605.0
031520,0.0,58000.0
041601,3687.99,4662893.0
041602,20945.48,11061871.0
041604,118213.0,1528682.0
041605,0.0,380137.0
041701,5000294.94,5477842.0
041702,121540.8,75425.0
041703,420734.95,0.0
041704,2658737.89,7369352.0
041803,0.0,2704.0
041804,0.0,22925.0
041805,4835.15,264390.0
041806,901364.57,9321415.0
041901,50877.85,3078132.0
041902,88209.85,844007.0
041904,52571.53,2100016.0
041905,476783.33,14003769.0
042001,1427196.11,148279.0
042002,10465.11,2130737.0
042003,6958.04,6107577.0
042004,30433.47,225986.0
042005,4394955.47,6625488.0
042006,16609.4,59058.0
042007,1133957.23,594962.0
042008,2192885.28,3826232.0
042009,413113.21,1898668.0
042101,101270.37,1680479.0
042102,5143.78,2000.0
042103,715291.95,3414129.0
042104,74314.99,395163.0
042105,138222.11,2581529.0
042106,1684426.14,26713494.0
042201,331058.19,154743.0
042202,348753.73,583298.0
042203,117107.53,1458805.0
042204,2640485.78,2623526.0
042206,1642.07,1939.0
042207,30761.71,44908.0
042208,791964.41,27643617.0
042209,22208.31,1000.0
042301,29876.16,2656601.0
042302,755330.14,0.0
042304,0.0,6562573.0
042308,0.0,1199.0
042309,38998.56,1060198.0
042401,7542253.65,302584.0
042402,2801655.0,19515772.0
042403,0.0,28492.0
052501,4325.85,344339.0
052503,65066.69,0.0
052504,0.0,4024.0
052505,6797.51,35598.0
052507,0.0,692713.0
052508,0.0,34435.0
052510,2015906.01,0.0
052511,0.0,5000.0
052513,0.0,21870.0
052515,182000.81,12896388.0
052516,2569.79,133489.0
052517,1650.31,126517.0
052520,106935.29,416106.0
052521,10721.18,0.0
052522,0.0,13822.0
052523,408969.48,22174959.0
052524,0.0,1175804.0
052525,0.0,2690.0
052526,0.0,35189.0
052529,0.0,10425.0
052530,0.0,443027.0
052601,1278767.86,91840.0
052613,216394.0,369051.0
052618,0.0,52661.0
052620,133286.21,0.0
052621,0.0,2000.0
052701,2460.68,16773.0
052703,1754.64,587140.0
052704,0.0,235000.0
052707,0.0,118987.0
052710,4935416.59,114935695.0
052711,10828067.58,4934181.0
052712,0.0,682267.0
052713,0.0,860540.0
052715,0.0,236716.0
062801,0.0,258082.0
062803,0.0,37035.0
062804,0.0,129251.0
062805,31839.0,16927.0
062806,0.0,115455.0
062807,0.0,133170.0
062808,4046.31,1000.0
062809,2166926.36,31840.0
062810,0.0,2000.0
062811,0.0,53319.0
062812,0.0,21000.0
062814,0.0,11000.0
062815,0.0,412758.0
062816,0.0,9658.0
062818,0.0,106721.0
062821,0.0,53707.0
062822,0.0,1000.0
062823,0.0,16000.0
062824,0.0,120000.0
062825,0.0,177000.0
062826,0.0,129991.0
062827,0.0,132512.0
062828,0.0,90759.0
062830,0.0,40967.0
062831,0.0,20698.0
062832,0.0,9596.0
062833,1267348.14,180823.0
062834,0.0,10618.0
062835,0.0,151326.0
062836,5739.95,1048814.0
062837,0.0,13630.0
062839,0.0,57038.0
062841,0.0,18000.0
062842,2764.0,83421.0
062843,0.0,32864.0
062844,0.0,57271.0
062846,0.0,5722.0
062848,0.0,3745.0
062850,0.0,277205.0
062851,0.0,73938.0
062901,18905481.55,23204.0
062902,0.0,260702.0
062903,0.0,74333.0
062904,0.0,180220.0
062905,0.0,168979.0
062906,0.0,13503.0
062907,0.0,164246.0
062909,0.0,4007606.0
062910,0.0,2000.0
062912,1000.0,91253.0
062914,0.0,31322.0
062915,0.0,239890.0
062916,5846.69,208980.0
062917,0.0,889037.0
062918,21760.72,507556.0
062919,0.0,16015.0
062920,0.0,26010.0
062921,0.0,239093.0
062922,0.0,322080.0
062923,10689.55,100055.0
062924,0.0,117834.0
062926,1204.0,130995.0
062927,0.0,5983.0
062928,0.0,20561.0
062929,0.0,1303733.0
062930,333515.26,150886.0
062931,0.0,9446.0
062932,0.0,81225.0
062933,1064.0,326393.0
062934,0.0,130621.0
062935,303652.0,20220.0
062936,0.0,175990.0
062937,0.0,29241.0
062938,0.0,5000.0
062939,0.0,36020.0
062941,36104.0,97725.0
062942,0.0,70394.0
063001,0.0,16000.0
063002,32701.0,2146930.0
063003,169518.0,2052195.0
063004,740798.0,75113918.0
063005,0.0,2040306.0
063006,26166.0,2757040.0
063101,44638.88,45307.0
063102,8464.28,587467.0
063103,8517320.13,4419.0
063104,0.0,560655.0
063105,1495397.87,4967600.0
063201,0.0,50835.0
063202,0.0,328667.0
063203,2204.0,2000.0
063204,1057.0,1750141.0
063205,0.0,8319.0
063206,0.0,2992508.0
063207,8959.0,1135726.0
063208,184223.02,2787610.0
063209,490864.23,2497867.0
063210,0.0,232438.0
063211,13197.31,213260.0
063212,18282.0,627272.0
063213,0.0,176819.0
063214,121405.69,844756.0
063215,16419.0,1335591.0
063301,343093.1,358176.0
063302,40659.0,6180803.0
063303,1621174.0,20989691.0
063304,1556055.0,4884794.0
063305,420412.18,7630788.0
063306,25037.0,2577317.0
063307,62615.93,4818517.0
063401,602886.91,1837228.0
063402,33366.31,8056204.0
063403,12029.31,453883.0
063404,0.0,81265.0
063405,23080.19,1287226.0
063406,0.0,397315.0
063407,1803.0,151500.0
063501,0.0,318000.0
063502,0.0,17000.0
063503,4911.97,79102.0
063504,0.0,1000.0
063505,0.0,136675.0
063506,23526.88,1102978.0
063507,0.0,816155.0
063601,0.0,67779.0
063603,0.0,186231.0
063604,0.0,373008.0
063605,0.0,27921.0
063606,0.0,37425.0
063701,0.0,3311922.0
063702,33303.0,5273713.0
063703,0.0,3603489.0
063704,1000.0,0.0
063705,8121.0,5740.0
063706,15128.0,253430.0
063707,4590.0,1303949.0
063801,0.0,12084.0
063802,0.0,220663.0
063804,0.0,42000.0
063805,0.0,34858.0
063806,0.0,375249.0
063808,1661616.71,8504581.0
063809,37186.91,320213.0
063810,4790.33,77447.0
063811,0.0,309632.0
063812,0.0,273697.0
063813,39784.99,74221.0
063814,17213.58,300457.0
063815,0.0,13000.0
063816,0.0,201338.0
063819,0.0,503727.0
063820,0.0,193930.0
063821,0.0,8055.0
063822,0.0,1632851.0
063823,12826.72,3148384.0
073901,41257.59,13653998.0
073902,13586.39,1842161.0
073903,0.0,548570.0
073904,0.0,351796.0
073905,0.0,2683562.0
073906,0.0,253250.0
073907,2469.92,7312586.0
073908,0.0,44207.0
073909,1948.28,796892.0
073910,0.0,15975.0
073911,0.0,472491.0
073912,0.0,665477.0
073913,0.0,89620.0
073914,0.0,101000.0
073916,0.0,84207.0
073917,210545.24,3117447.0
073918,0.0,428854.0
073919,118349.02,2578935.0
073920,264610.53,2432871.0
073921,3325606.22,4160995.0
073922,195473.0,1048557.0
073923,594174.41,4901972.0
073924,272507.75,4295331.0
073925,32635.0,407202.0
073926,256276.34,13490530.0
074001,568751.18,57262.0
074002,13058.88,153228.0
074003,1201.37,0.0
074004,177215.25,22750.0
074005,0.0,107340.0
074006,0.0,42459.0
074007,0.0,46998.0
074008,6314.0,768988.0
074009,3068.0,905206.0
074010,7704.33,667186.0
074011,134332.07,21920647.0
074012,251514.17,1340685.0
074013,8808.48,863361.0
074014,0.0,440072.0
074015,0.0,636080.0
074016,13484.96,1969113.0
074017,0.0,79027.0
084101,1124961.91,25902.0
084102,2844545.99,192775.0
084103,160674.45,155762.0
084104,3320786.53,1752671.0
084105,760195.08,227011.0
084106,294778.0,413590.0
084107,1336.0,7688.0
084108,24228.0,266401.0
084109,63976.0,51250.0
084111,8325.0,43850.0
084201,0.0,29017.0
084202,1267940.0,7359439.0
084203,59141.0,2799158.0
084204,2047.0,11000.0
084205,6537.0,32692.0
084206,7840.0,0.0
084301,0.0,1000.0
084302,9063.0,99519.0
084303,0.0,37941.0
084304,0.0,1189.0
094402,32335.52,37847.0
094403,0.0,1568279.0
094404,1654.35,12803.0
094407,117155.34,6385968.0
094408,0.0,1272122.0
094409,33457.35,596785.0
094410,1837.23,6329200.0
094411,0.0,2346082.0
094412,1116.74,6622793.0
094413,0.0,27000.0
094414,5680.0,52342.0
094415,5040.91,38710.0
094416,0.0,1000.0
094417,0.0,272177.0
094418,27679.2,1468314.0
094419,3238.88,171470.0
094420,29579.04,152489.0
094421,2338.52,909548.0
094503,3207.0,185270.0
094504,0.0,5272.0
094601,8721.69,126916.0
094602,24873.64,660091.0
104701,0.0,23943.0
104703,32285.8,2979033.0
104704,0.0,57000.0
104705,0.0,300748.0
104707,0.0,140839.0
104801,0.0,3382629.0
104802,80731.16,23300381.0
104803,651008.07,967762.0
104804,431994.83,7548748.0
104805,224478.84,5003858.0
104806,6794.02,318670.0
104807,211697.49,75233.0
104808,51953.89,167030.0
104809,0.0,1751208.0
104810,321767.76,11806655.0
104811,156940.62,1552804.0
104812,0.0,27000.0
104813,237507.0,1250674.0
104814,1066.0,196895.0
104816,3971.9,865380.0
104817,273762.88,205976.0
104818,95852.38,16512676.0
104819,10522142.87,432321.0
104820,3430819.74,6164299.0
104821,26081.51,541994.0
104822,0.0,7000.0
104823,215373.66,2879473.0
104901,19953097.5,16127913.0
104902,2243375.68,4358484.0
104903,20370.77,46962.0
104904,7287.0,0.0
104905,8693.0,2222.0
104906,12001.0,2000.0
104907,1570.0,149773.0
104908,0.0,108501.0
104909,20549.0,248619.0
104910,73056.49,60162.0
104911,201920.6,1594511.0
115004,0.0,244408.0
115007,0.0,390957.0
115101,408090.94,12759.0
115105,0.0,432000.0
115106,0.0,1000.0
115107,0.0,2238878.0
115109,3000.0,0.0
115111,13101.0,1134572.0
115112,24669.0,4521972.0
115113,0.0,29329.0
115201,117951.62,82238.0
115202,31944.71,0.0
115203,0.0,7458.0
115204,5180.0,253949.0
115205,148623.83,4137740.0
115206,0.0,411108.0
115207,0.0,81918.0
115208,67942.0,4064085.0
115209,0.0,8479134.0
115210,0.0,1258203.0
115211,0.0,826795.0
115212,2155.0,649393.0
115301,0.0,68550.0
115304,2126.76,0.0
115305,0.0,19241.0
115306,0.0,9959.0
115307,0.0,119758.0
115308,0.0,5415.0
115309,0.0,178877.0
115310,0.0,109869.0
115311,0.0,8197.0
115401,1000.0,362803.0
115402,9771.0,3506570.0
115403,0.0,90945.0
115404,0.0,141533.0
115406,0.0,28893.0
115407,648562.42,22817488.0
115408,234444.0,10475518.0
115502,6068.0,0.0
115503,0.0,1483005.0
115504,0.0,222000.0
115505,0.0,42988.0
115506,0.0,960631.0
115507,0.0,169000.0
115508,14238.0,966189.0
115509,115146.84,3811939.0
115510,8185.0,41085.0
115511,0.0,45299.0
115512,105503.0,2183573.0
115513,37000.0,2396930.0
115514,19510.9,512386.0
115515,118074.0,7041121.0
115516,35788.0,5866683.0
115601,121129.0,152811.0
115602,92064.39,140869.0
115603,1869.0,433276.0
115604,19293.0,531789.0
115605,0.0,18013.0
115606,0.0,80255.0
115607,0.0,764602.0
115608,0.0,40192.0
115609,0.0,16981.0
115701,502207.63,805837.0
115702,899903.44,2056795.0
115703,212091.49,4337191.0
115704,19009.18,12077.0
115705,18633.03,263995.0
115801,12095.0,1826241.0
115802,0.0,47059.0
115804,55633.0,550597.0
115806,25912.0,587778.0
115807,31245.0,1292.0
115808,1000.0,140263.0
115809,5272.0,0.0
115810,16747.0,1352893.0
115811,8000.0,0.0
115901,0.0,38761.0
115903,11168.0,4200541.0
115905,4838.0,0.0
115906,0.0,11805.0
115907,4131.0,347412.0
115908,0.0,76975.0
115909,0.0,126769.0
115910,3454.0,27109.0
115911,2747.0,231382.0
116001,6219.0,501368.0
116002,429740.0,3872969.0
116101,14562.0,242150.0
116102,105721.0,117110.0
116103,1197003.0,1412831.0
116104,1271428.0,4075197.0
116105,178613.0,1445909.0
116106,108601.0,417229.0
116107,582779.0,1399013.0
116108,2700848.0,1877802.0
116109,6029934.0,11320577.0
116110,1546240.0,6301748.0
116111,774538.0,2075949.0
116112,39062.0,2533202.0
116113,0.0,14050.0
116114,83682.0,2880895.0
116115,160942.0,5520591.0
116116,1000.0,91897.0
116117,3000.0,37028.0
116201,198560.0,2466440.0
116202,161769.0,951025.0
116203,11788544.0,26544153.0
116204,9747061.0,53116853.0
116205,1244293.0,7825188.0
116206,705051.0,3230620.0
116207,148425.0,1574355.0
116208,820272.0,1658555.0
116209,553415.0,823351.0
116210,65343.0,5804640.0
116211,317754.0,13702397.0
116212,128942.0,3270311.0
116213,8718.0,159379.0
116214,124194.0,3972568.0
116215,17461.0,1143096.0
116216,0.0,77036.0
116217,82564.0,316251.0
116301,28934.0,2118412.0
116302,345247.91,7419173.0
116303,1002986.0,271121.0
116304,7366.0,787367.0
116305,1438455.69,1053089.0
116306,2929.0,46677.0
116307,10354.87,864776.0
116308,0.0,3690.0
116309,50547.91,2551466.0
116310,3245.78,164817.0
126401,20991.4,340673.0
126402,400651.72,5767147.0
126403,4059899.0,10768513.0
126404,75388.0,2770737.0
126405,776490.0,18127594.0
126406,78451.42,3476862.0
126503,5245.0,2777.0
126504,0.0,63908.0
126505,49712.0,269581.0
126506,37793.0,895189.0
126507,0.0,11520.0
126601,36153.0,895560.0
126602,0.0,2105.0
126603,0.0,4987.0
126701,22559.0,24599.0
126702,79359.72,2670797.0
126703,0.0,2000.0
126704,6086.0,56389.0
136801,15168.06,9612.0
136802,557483.46,2817986.0
136803,8680.1,8691.0
136804,11920.16,820499.0
136805,0.0,388147.0
136806,0.0,74189.0
136807,14645.91,772201.0
136808,0.0,1666.0
136809,15644.28,928631.0
136810,3787.19,32578.0
136811,1210544.08,1373.0
136812,13581.61,144222.0
136813,1100.0,564545.0
136814,3767.0,0.0
136815,2520.9,149260.0
136901,26783.18,0.0
136902,0.0,1135535.0
136903,0.0,197940.0
136904,10772.03,84017.0
136905,4560.45,184837.0
136906,0.0,7000.0
136907,0.0,178258.0
136908,7157116.71,21302830.0
136909,0.0,131848.0
136910,2700091.81,2908496.0
136911,137529.86,22014185.0
136912,32030.77,1826591.0
136913,28599.9,2901673.0
136914,6251.53,293376.0
137001,0.0,140754.0
137002,0.0,22276.0
137003,0.0,324840.0
137004,42700.12,43076.0
137005,58861.1,708924.0
137006,0.0,13564.0
137007,1095.25,325845.0
137008,0.0,3830.0
137009,2995.79,858100.0
137010,1752471.59,1100627.0
137011,4106.61,18040.0
137012,0.0,6418.0
137013,146364.23,7536007.0
137014,0.0,185577.0
137016,0.0,249475.0
137017,0.0,145812.0
137018,21905.17,901979.0
137019,0.0,1864590.0
137020,5499.0,60206.0
147101,387397.0,1596604.0
147102,35207643.93,59683736.0
147103,10486958.0,9968254.0
147104,2971.0,879254.0
147106,17964.0,19000.0
147107,5680.0,0.0
147108,12032.0,15256.0
147109,9919.0,0.0
147110,0.0,36000.0
147112,1202.0,0.0
147113,50528715.0,110431176.0
147114,625236.0,3120120.0
147115,130346.0,11819.0
147116,232822.0,1387658.0
147117,195348.0,1648396.0
147118,0.0,49530.0
157202,900436.0,26638.0
157204,15626850.27,47729.0
157205,0.0,11632.0
157206,0.0,873654.0
157208,0.0,2732983.0
157209,8688.74,377004.0
157210,0.0,4707343.0
157211,5228.93,3923495.0
157212,40065.39,65774.0
157213,638825.34,712726.0
157214,525809.99,3509917.0
157215,363400.79,93839.0
157216,0.0,3911385.0
157217,415684.01,4047218.0
157219,431625.56,981404.0
157220,615078.48,625740.0
157222,21134.66,65510.0
157223,0.0,22216.0
157225,37784.26,188000.0
157226,0.0,1972997.0
157228,0.0,299512.0
157229,0.0,33092.0
157301,0.0,83000.0
157302,5443.58,29770.0
157303,3396.43,161931.0
157304,0.0,509479.0
157305,0.0,186979.0
157306,78997.35,5942291.0
157307,330149.18,970734.0
157308,105205.55,6965682.0
157309,24955.0,337536.0
157310,105420.88,88203.0
157311,85256.97,285192.0
157312,0.0,1040751.0
157313,3778.12,70788.0
157314,4351.71,757074.0
157315,6737.55,884396.0
157316,0.0,153881.0
157317,39600.99,929513.0
157318,1226373.88,3608219.0
157319,2000.0,307928.0
157320,7833.0,421238.0
157321,82076.34,4292137.0
157322,6666.0,17281.0
157323,382597.61,12143156.0
157324,155304.0,567818.0
157325,63232.9,52944.0
157326,39055.24,5975773.0
157403,0.0,38535.0
157404,14468837.01,185668.0
157405,0.0,2165.0
157406,6421.0,41728.0
157407,5626.84,11059067.0
157408,0.0,32599.0
157409,0.0,574101.0
157410,0.0,216150.0
157411,2217.0,452679.0
157412,4038.0,530509.0
157413,0.0,92161.0
157414,0.0,6653.0
157415,0.0,48812.0
157417,3542.68,0.0
157418,269137.96,607486.0
157419,62706.27,1275319.0
157502,0.0,15000.0
157504,0.0,10000.0
157505,0.0,9000.0
157506,0.0,4000.0
157507,0.0,22380.0
157508,2670.0,0.0
157601,883449.97,19991636.0
157602,9262409.99,197051.0
157603,4211.0,14000.0
157604,5004799.21,4776407.0
157605,0.0,250773.0
157606,56459.7,3498796.0
157607,90337.47,1039108.0
157608,0.0,403700.0
157609,6015.0,44334.0
157610,4586617.0,1960469.0
157611,0.0,3687.0
157612,91315.0,5954362.0
157613,10942.0,9204.0
157615,52393.37,1801509.0
157616,10785.0,931655.0
157801,489004.37,88047.0
157802,688836.05,0.0
157803,0.0,2378.0
157804,9331.91,19000.0
157806,219356.95,12176.0
157901,287858.8,8244.0
157903,0.0,6240.0
157905,0.0,34352.0
157907,1000.0,147571.0
158001,0.0,12913.0
158005,45238.0,0.0
158007,0.0,47941.0
158104,148066.92,0.0
158105,0.0,28000.0
158106,0.0,1000.0
158108,0.0,3000.0
158113,0.0,33600.0
158201,12418.78,630337.0
158202,87212.0,865577.0
158203,0.0,1002981.0
158204,0.0,511247.0
158205,58859.0,3154449.0
158206,1000.0,446646.0
158207,41070.0,2795932.0
158208,12261.0,221201.0
158209,0.0,8540.0
158210,1000.0,571635.0
158211,9624.0,778233.0
158212,7000.0,261603.0
158213,3000.0,347825.0
158214,0.0,732411.0
158215,66587.0,1749585.0
158301,6115.0,6810284.0
158302,53429.0,11773882.0
158303,1990.51,766427.0
158304,4240.0,131170.0
158305,26501.0,249113.0
158306,53248.75,1029723.0
158307,0.0,41881.0
158308,39495.0,957385.0
158309,19110.0,3539469.0
158310,31669.0,36031.0
158311,1369.93,1934830.0
168402,260691.0,908881.0
168403,0.0,494736.0
168404,0.0,151177.0
168405,0.0,119420.0
168406,1000.0,95773.0
168407,39627.0,2336114.0
168408,50785.0,4716508.0
168409,86753.0,9193801.0
168410,3584.0,800294.0
168411,1442343.0,181011.0
168412,3981.0,158916.0
168413,207265.0,15098621.0
168414,73743.0,16094748.0
168415,162919.0,12411818.0
168416,0.0,274917.0
168417,1168820.96,1381116.0
168418,395477.84,11410167.0
168419,80563.0,7873153.0
168420,0.0,34124.0
168421,118902.0,6299610.0
168422,197041.0,15875790.0
168423,2979.0,585660.0
168424,45720.0,2309775.0
168425,1681.76,2004955.0
168426,26907.0,1102897.0
168427,0.0,2619173.0
168428,868539.33,5732815.0
168429,189938.61,33062490.0
168430,138955.0,2695683.0
168431,107329.0,9332994.0
168432,3261.0,109471.0
168433,0.0,85213.0
168434,0.0,255326.0
168435,0.0,212451.0
168436,7663.0,797481.0
168437,52363.71,437789.0
168438,2699917.0,7468326.0
168439,84964.0,2227499.0
168440,0.0,323739.0
168441,73790.0,1382711.0
168442,57051.0,743799.0
168443,154970.0,4536509.0
168444,0.0,14338.0
168445,1997.0,30163.0
168446,0.0,749000.0
168447,8717.0,2279516.0
168448,21935.0,1092400.0
168449,0.0,40000.0
168450,0.0,8851897.0
168451,29071.0,830562.0
168452,16385.0,1467743.0
168453,7540.0,169620.0
168454,1563.0,59716.0
168455,0.0,10699.0
168456,0.0,2000.0
168457,0.0,215000.0
168458,24502.17,115647.0
168459,84623.0,257624.0
168460,2294.0,96819.0
168461,41109.0,188919.0
168462,271517.0,2077665.0
168463,70040.0,1503321.0
168464,35077.0,254263.0
168465,25929.94,177829.0
168466,107536.0,1839175.0
168467,9904.0,528510.0
168468,0.0,354065.0
168469,1220.0,159486.0
168470,36898.0,745203.0
168471,745905.0,18147362.0
168472,18897.0,791664.0
168473,255819.0,12516676.0
168474,1735354.0,8164016.0
168475,1237416.0,739998.0
168476,20726.0,8947.0
168477,114748.0,3303434.0
168478,0.0,3298.0
168479,1285417.0,18628104.0
168480,684887.0,4334740.0
168481,119963.0,24214217.0
168482,27473.0,1946267.0
168483,239032.0,4340836.0
168484,2311.0,2042438.0
168485,75217.0,1070252.0
168501,108411.0,5767313.0
168502,188069.0,14222287.0
168503,20030.0,383662.0
168504,3129740.0,11147209.0
168505,0.0,322180.0
168506,545318.0,5080111.0
168507,156348.5,7371696.0
168508,16208.0,2448921.0
168509,105185.57,5610269.0
168510,0.0,340853.0
168511,83486.0,4474263.0
168512,381201.0,1380004.0
168513,14756.0,1489058.0
168514,191865.0,475235.0
168515,77626.0,166946.0
168516,266976.0,7857416.0
168517,755651.0,88853251.0
168518,186011.0,2134818.0
168519,31814.0,601785.0
168520,37705.0,450525.0
168521,76509.0,3011447.0
168522,11989.0,280996.0
168523,90917.84,4410273.0
168524,542587.0,3973324.0
168525,2478666.0,66664858.0
168526,97945.0,319863.0
168527,500848.0,9719031.0
168528,213558.0,14627027.0
168529,608580.0,24071858.0
168530,19987.0,62910.0
168531,151615.0,1203184.0
168532,0.0,188668.0
168533,10951.0,369954.0
168534,88732.0,51688.0
168535,10991.0,3917588.0
168536,99088.0,34167782.0
168537,26217.0,1087193.0
168538,8748.0,2501429.0
168539,47766.0,5883830.0
168540,271000.0,81024.0
168541,105642.0,390129.0
168542,99101.0,1362318.0
168543,283783.0,2012928.0
168544,136118.47,6593918.0
168545,96391.96,117749.0
168546,5339.0,293778.0
168547,0.0,71532.0
168548,10289.0,1121359.0
178606,0.0,13737.0
178607,0.0,3000.0
178608,0.0,4839.0
178609,25227.67,30678.0
178701,0.0,950276.0
178702,0.0,3796348.0
178703,618973.16,271892253.0
178704,51808.23,29543526.0
178705,358517.84,2715592.0
178706,0.0,2309110.0
178707,1006.0,2109575.0
178708,434590.33,43202653.0
178709,0.0,234935.0
178711,10000.0,3372287.0
178712,43009.0,2191346.0
178713,0.0,11734.0
178714,0.0,201261.0
178715,41000.0,259430.0
178716,83024.05,529596.0
178801,0.0,14032.0
178803,693144.0,1672278.0
178901,17985.43,0.0
178902,79114.82,0.0
178903,28074.0,1321401.0
178905,23277.76,0.0
178906,0.0,135500.0
178907,0.0,4500.0
178908,14454.36,0.0
189001,33090.0,675706.0
189002,1895.0,326963.0
189003,214289.0,3404310.0
189004,51392.0,2915263.0
189005,0.0,157808.0
189006,37468.0,3037520.0
189007,140999.0,98821.0
189008,0.0,203259.0
189009,28450.0,3501857.0
189010,1375.0,3583774.0
189011,3202.0,566279.0
189012,1797.0,4972.0
189013,0.0,170980.0
189014,280157.0,256056.0
189015,583103.0,421267.0
189016,1123.0,22258.0
189017,4000.0,857890.0
189018,593554.0,23471077.0
189019,0.0,410368.0
189020,0.0,78207.0
189021,740256.0,2007945.0
189022,241257.0,5611248.0
189023,296430.0,1785961.0
189024,0.0,516075.0
189025,4705.0,330097.0
189026,81033.0,473345.0
189027,16206.0,2341374.0
189028,0.0,78728.0
189029,0.0,122745.0
189030,342554.0,1629850.0
189031,93951.0,1979519.0
189032,25414.0,1997278.0
189033,106528.0,1009103.0
189101,2321211.0,4931607.0
189102,7379.0,7544050.0
189103,148371.0,85299.0
189105,4904.0,746637.0
189106,0.0,138421.0
189107,0.0,196473.0
189108,0.0,1208592.0
189111,4727403.0,212681.0
189112,17390.0,0.0
189113,15340.0,504943.0
189114,238545.0,365090.0
189201,0.0,564421.0
189202,0.0,38774.0
189205,0.0,31021.0
189206,4947.0,18080.0
189207,1641.0,518425.0
189208,175780.0,34925.0
189209,7555.0,194352.0
199303,6549.0,424708.0
199304,0.0,279632.0
199305,32073.0,4815.0
199306,175269.45,1258800.0
209401,4091988.57,8413079.0
209402,54953.0,833642.0
209403,1558581.24,36641784.0
209404,262203.0,1465420.0
209405,197488.74,9766841.0
209406,96641.13,458396.0
209501,2431.0,313475.0
209502,23745.0,952545.0
209503,164517.0,9908041.0
209504,35324.94,2706719.0
209505,11824.0,2733526.0
209506,17729.0,2483666.0
209507,0.0,519578.0
209508,0.0,214504.0
209601,0.0,80772.0
209602,18838.0,129311.0
209603,56350.71,3854300.0
209604,0.0,15443.0
209605,5044.0,13116.0
209606,161385.0,342615.0
209607,47420.0,35303.0
209608,46288.0,3669217.0
209609,4091.0,1626971.0
209610,0.0,62219.0
209611,0.0,31143.0
209612,0.0,165987.0
209613,4827.0,1653948.0
209614,50110.63,290442.0
209615,59804.68,303210.0
209616,0.0,77909.0
209617,1000.0,526049.0
209618,7264.0,51130.0
219701,127697.8,286234.0
219702,0.0,54836.0
219703,28991.0,35358.0
219705,86839.0,56364.0
219706,1389392.0,1598610.0
