010101,1574553.0,2579004.78
010102,0.0,3433586.91
010103,0.0,18535156.54
010104,0.0,47779.56
010105,0.0,7319304.92
010106,97567.45,1894295.83
010201,0.0,537255.13
010202,19799.0,17136077.72
010203,18898.0,10998935.64
010204,1875.0,737535.65
010206,1525.0,2276568.63
010207,8958.78,7712034.08
010208,0.0,392748.73
010210,3895.0,740635.46
010301,2379148.54,6888700.68
010302,1879064.38,2610464.93
010303,80692.1,927306.4
010304,37952.32,1695417.46
010305,603640.2,4845376.73
010306,252650.06,3947290.07
010307,821104.21,6214473.43
010401,3878.4,3939124.79
010402,34747.39,8472687.36
010403,0.0,604743.6
010404,0.0,33455.96
010405,4471.11,462135.75
010406,66410.14,1044897.95
010407,2875.0,3387451.72
010408,0.0,15108.14
010409,0.0,416664.64
010410,7101.53,6256021.2
010504,0.0,1701031.0
010505,13025.41,254889.65
010506,0.0,11938.81
010507,0.0,37785.0
010508,2585.91,0.0
010510,8740.0,19192.29
010511,176224.19,674387.0
020601,0.0,4145.49
020602,55849.07,870373.99
020603,0.0,181761.17
020604,17259.28,26314.64
020701,2753.88,362229.27
020702,0.0,263391.65
020703,18175.51,662995.04
020704,0.0,1205782.45
020705,0.0,1244825.03
020706,0.0,462896.88
020707,0.0,127781.09
020708,3796.36,121533.89
020709,20231.27,4134838.45
020710,5079.12,88389.01
020711,0.0,62915.32
020712,216955.89,781124.41
020713,7610.0,148224.73
020714,1837.0,208975.75
020801,9810.0,40575.03
020802,1146422.33,370630.04
020803,0.0,92820.13
020804,1593.65,404465.45
020805,258086.97,1941308.25
020806,8890.86,417116.06
020807,0.0,749628.55
020808,0.0,1388940.43
020809,0.0,302430.76
020810,72399.51,1250468.02
020811,21348.0,0.0
020812,0.0,1421.7
020813,57469.32,112745.02
020814,0.0,24759.4
020901,882550.39,606858.32
020902,631392.3,2387459.96
020904,0.0,60780.78
020905,0.0,3117.16
020906,0.0,1518.72
020907,0.0,1798.0
020908,0.0,13775.0
020909,7044.33,1615.06
020910,58963.43,127404.11
021001,0.0,1037.41
021003,0.0,10063.17
021004,0.0,33468.54
021005,0.0,11094.0
021006,2496.06,472798.61
021008,0.0,2523.72
021101,18930.18,2399626.7
021102,0.0,104828.01
021103,0.0,6229.04
021104,7008.59,140645.71
021105,0.0,18118.5
021106,0.0,411397.88
021108,1000.0,145483.77
021109,0.0,1085.59
021201,0.0,311220.56
021202,0.0,201942.57
021204,0.0,4405.71
021207,0.0,45672.98
021209,0.0,411734.22
021211,179662.9,2050356.14
021212,51320.61,652096.75
021213,0.0,72429.16
021214,0.0,116901.13
021301,0.0,10608.0
021302,273511.59,193970.0
021401,1286.0,197420.54
021404,0.0,19658.76
031501,38545.99,141729.09
031504,4499.0,168586.0
031505,0.0,3767.0
031507,0.0,682081.33
031508,3219.0,723408.03
031509,5406.0,393786.43
031510,0.0,3280.0
031511,23315.19,3215252.57
031512,0.0,36683.86
031513,0.0,28758.96
031514,1538.16,2895169.43
031515,2203.11,824342.08
031516,0.0,6933.9
031517,76487.06,1225821.29
031518,0.0,1143.82
031519,0.0,24363.35
031520,0.0,2004.74
041601,62017.68,840406.29
041602,54933.6,5791642.64
041603,0.0,108252.7
041604,409779.45,1502984.38
041605,33364.25,618187.57
041701,0.0,2224058.62
041702,2320.29,265661.77
041703,706728.82,62157.76
041704,314901.55,6570801.32
041803,1184.0,0.0
041805,0.0,22631.71
041806,427058.52,5069566.81
041901,59023.93,385691.82
041902,81317.21,8099166.16
041904,16966.5,901936.37
041905,1918588.8,12056436.43
042001,0.0,51073.59
042002,1156.0,50938.36
042003,0.0,131337.42
042004,1672.0,12357.11
042005,162454.15,5587636.82
042006,5462.01,338939.17
042007,16205.42,607172.58
042008,118193.19,3181797.58
042009,289929.55,1309045.21
042101,2811.64,1172215.26
042102,63493.88,251758.82
042103,90808.55,5180130.98
042104,8992.71,1473948.59
042105,13861.48,1084398.26
042106,1099214.51,3885242.59
042201,25186.54,16891526.62
042202,353488.59,21745842.76
042203,252700.42,8159186.34
042204,307633.0,4196663.12
042205,0.0,88912.83
042206,245102.12,1245787.65
042207,0.0,199920.1
042208,6524101.64,16701344.41
042209,3855.85,176462.18
042301,20874.0,0.0
042302,4115.0,16179.54
042306,0.0,1250.37
042308,0.0,361911.0
042309,51955.26,4732759.24
042401,76413.43,179574.87
042402,30760593.51,47604916.31
042403,472556.96,14718853.65
052501,1730.99,128491.27
052505,0.0,1697811.67
052506,0.0,37343.45
052507,0.0,6961.2
052508,2475.0,156627.26
052509,0.0,41910.46
052510,1500.0,0.0
052511,0.0,1995.0
052513,6673.0,2408957.65
052514,0.0,107782.19
052515,0.0,486579.97
052516,0.0,509489.52
052517,30308.0,2641868.69
052518,9183.0,1242.34
052520,0.0,181958.68
052522,0.0,187339.98
052523,4628.0,33727801.34
052526,0.0,334620.34
052530,22611.0,146061.34
052601,0.0,13802.0
052606,186154.07,0.0
052608,3177237.82,0.0
052620,42544.83,0.0
052621,0.0,2590477.74
052701,0.0,1668474.01
052706,0.0,3660.0
052708,0.0,120915.77
052710,136055547.0,239334101.68
052711,48767.81,7044651.09
052712,98163.75,1753389.5
052713,0.0,655334.36
052714,0.0,88768.62
052715,0.0,363372.15
052716,0.0,75418547.95
062801,0.0,67122.44
062803,4761.0,14230.47
062804,2264.0,392277.77
062805,59996.67,0.0
062806,14238.0,94414.14
062807,0.0,14421.08
062811,8561.03,305804.37
062812,0.0,1047.3
062814,0.0,2927894.74
062815,0.0,93383.15
062817,0.0,47426.0
062818,0.0,996417.36
062821,507481.0,0.0
062822,0.0,1779.0
062823,0.0,57916.95
062825,516289.0,504882.42
062826,0.0,2665.14
062827,8272.74,347667.53
062828,0.0,129832.63
062832,0.0,30859.49
062833,0.0,36229.21
062834,0.0,735369.07
062835,0.0,20751.34
062836,63671.0,261203.34
062839,0.0,1148021.61
062842,0.0,4709.0
062843,0.0,675179.0
062844,0.0,15689.0
062845,0.0,5449.0
062847,0.0,6665.66
062851,3728.0,4220180.5
062901,0.0,296328.44
062902,0.0,137499.47
062903,16666.0,330690.7
062904,0.0,172599.0
062905,11088.0,986590.86
062906,0.0,57241.29
062907,0.0,982771.71
062909,35292.0,522425.79
062911,0.0,4705.0
062912,0.0,6237.97
062914,0.0,1083949.6
062915,4277.0,274044.36
062916,0.0,61251.0
062917,0.0,827587.61
062918,56704.0,12979.47
062919,0.0,176490.0
062920,0.0,88060.0
062921,0.0,41530.11
062922,44284.08,612862.0
062923,0.0,84045.58
062924,20206.0,170604.26
062925,0.0,6110.0
062926,0.0,98568.2
062928,0.0,8596.48
062929,0.0,3049206.0
062930,0.0,1077224.57
062931,0.0,265619.91
062932,18042.0,18807.0
062933,1953872.13,2894294.0
062934,0.0,91309.26
062935,0.0,64539.0
062936,0.0,341420.0
062937,0.0,17005.73
062938,491018.83,0.0
062939,397785.0,359110.0
062940,0.0,36699.0
062941,11271522.6,4067400.08
062942,0.0,24675.61
063001,0.0,4724.0
063002,23231.62,2178796.32
063003,312843.79,1324720.71
063004,4262884.01,18111173.15
063005,33099.89,642223.41
063006,10497.61,721521.83
063101,0.0,22771.0
063102,0.0,14835.0
063105,0.0,205242.3
063202,0.0,32411.0
063203,0.0,1455.0
063204,156761.76,430836.6
063205,0.0,10629.38
063206,115428.11,813129.29
063207,24270.0,117237.46
063208,40558.0,545692.62
063209,120836.51,812928.13
063210,142762.0,1976616.74
063211,0.0,29432.54
063212,37757.0,51618.1
063213,17941.0,9002.0
063214,72802.7,2253702.7
063215,714127.23,2568081.42
063301,96603.0,194158.88
063302,16994.92,125081.53
063303,1356738.44,1407001.63
063304,3672679.0,18747800.63
063305,1039774.55,9503357.03
063306,15854.82,2588303.89
063307,1055369.42,3118312.46
063401,214390.51,5306349.0
063402,920405.7,6491785.64
063403,27215.0,213968.41
063404,2812.0,18013.05
063405,3472.0,221048.67
063406,7234030.6,208295.53
063407,62376.0,44413.1
063503,0.0,43840.69
063504,0.0,3477.29
063505,0.0,12410.56
063506,1694886.11,1995521.32
063507,57616.0,82985.72
063602,0.0,11500.0
063603,0.0,47990.0
063604,13276.0,479844.9
063606,0.0,107936.62
063701,52811.17,485768.23
063702,96344.33,1213423.38
063703,1973.38,373474.41
063704,1551.0,0.0
063706,0.0,50899.0
063707,1108399.0,2534903.04
063801,23011.81,0.0
063802,0.0,85384.78
063805,0.0,12221.36
063806,0.0,61925.0
063808,48043.0,1459580.39
063809,814961.09,419645.17
063810,5116.0,67293.39
063811,6991.0,108561.11
063812,151552.42,364068.74
063813,0.0,2418.91
063814,86234.83,196191.41
063815,364613.75,1001000.0
063816,0.0,916932.9
063818,71464.0,31990.0
063819,11899.0,64715.41
063820,0.0,22075.0
063821,0.0,75938.0
063822,14090.92,1897650.02
063823,56603.39,4863937.71
073901,1109389.0,2537791.02
073902,130483.12,69109.98
073903,97996.92,185264.23
073904,7951.0,605572.46
073905,1625.0,71633.0
073906,0.0,143325.21
073907,186038.0,14146845.14
073908,2474.9,96594.88
073909,227865.3,1979691.28
073910,28356.32,182081.0
073911,0.0,142890.77
073912,25205.64,54074.0
073914,5513.0,260946.0
073915,20264221.95,2115860.85
073916,0.0,35247.34
073917,32428.17,2687266.65
073918,10357.99,1213985.92
073919,369891.8,809319.91
073920,729975.17,4620577.0
073921,145790.93,796740.83
073922,34045.83,145865.51
073923,8760959.0,11511255.51
073924,788910.19,4519920.19
073925,210843.09,449118.71
073926,5540149.79,16121975.32
074001,0.0,1975.0
074002,333916.0,273611.65
074004,8102.0,31987.46
074005,0.0,14489.0
074006,0.0,22270.0
074007,22709.91,73281.27
074008,151520.71,619966.14
074009,0.0,391609.45
074010,308272.0,102680.15
074011,68861.74,2215048.81
074012,306519.71,3492309.14
074013,0.0,53355.54
074014,8373.6,307585.36
074015,20986.89,181169.21
074016,30656.54,706295.29
074017,15934.0,66558.72
084101,1588.0,2555.02
084102,0.0,23266.0
084103,0.0,4789.33
084104,1689044.41,5092317.38
084105,99433.0,82729.73
084106,521602.0,197928.48
084107,86548.0,82208.93
084108,0.0,1654.0
084109,0.0,36346.0
084110,0.0,99437.03
084111,10779.0,5446.38
084201,287592.6,45866.6
084202,4514043.3,10396614.8
084203,730597.54,866577.07
084204,0.0,5978.0
084205,425888.26,442772.58
084301,2027119.0,8668506.59
084302,0.0,172709.0
084303,12095.0,150543.0
084304,4126.0,34379.0
094401,0.0,328061.21
094402,0.0,54372.45
094403,34827.0,195205.21
094404,5016.0,14425.82
094405,0.0,1054.22
094407,328650.81,2574140.72
094408,0.0,14139.75
094409,204190.69,1855966.2
094410,0.0,8291.24
094411,0.0,194708.08
094412,671902.22,4764874.38
094413,0.0,9159.0
094414,10910.56,361352.41
094415,19256.56,266805.4
094416,0.0,6960.55
094417,0.0,3663.99
094418,174299.9,10673751.81
094419,5492.16,187320.36
094420,163889.13,111898.84
094421,158234.61,1639827.48
094503,0.0,112852.0
094504,4106.0,29318.95
094601,0.0,44580.13
094602,27324.93,55916.37
104703,336032.0,0.0
104707,1051388.12,53993.79
104801,0.0,2039332.62
104802,366153.15,1963673.57
104803,0.0,108896.12
104804,14404.0,278036.77
104805,104769.9,437387.61
104806,11557.0,290301.93
104807,0.0,1484.53
104808,1007.4,135648.47
104809,0.0,39160.55
104810,1414665.67,1476404.81
104811,207493.28,1339248.54
104813,0.0,596928.93
104814,90592.7,928404.7
104816,0.0,37587.8
104817,8182.38,221579.13
104818,177791.92,13717896.74
104819,260522.26,6104076.94
104820,78137.9,394402.54
104821,3558001.21,8283007.45
104822,6807.0,25770.66
104823,261746.78,4131259.14
104901,451556.26,2668406.83
104902,254002.88,26252.46
104903,3495.0,62888.12
104904,2580.0,4453.35
104905,0.0,9771.39
104906,1000.0,6535.0
104907,10835.0,100493.55
104908,30994.0,202859.8
104909,5238.0,70942.56
104910,3560.0,243375.47
104911,292638.94,1923539.78
115004,274058.03,549865.0
115005,162293.0,29443.75
115006,0.0,7966.0
115007,59475.65,353408.6
115101,190510.0,3516383.94
115103,300545.0,689968.0
115105,8020.0,5206467.0
115106,12591263.61,10909816.11
115107,3212021.95,8851883.16
115108,3549349.31,6799805.58
115109,0.0,96918.47
115110,11029.0,71194.0
115111,38608.0,383407.38
115112,124985.61,309998.37
115201,0.0,1284.04
115204,316797.58,401609.5
115205,11841314.58,27156549.3
115206,2420450.74,3598791.78
115207,0.0,2232.88
115208,22024921.86,35816852.94
115209,34333604.82,79708945.75
115210,1482557.87,3386254.74
115211,2099195.29,7351763.17
115212,110817.0,298653.19
115306,487670.03,1148549.75
115307,0.0,30460.4
115308,180578.53,561373.14
115309,1668217.29,2340688.8
115310,0.0,1142.0
115311,214649.0,192270.95
115401,632286.27,736590.3
115402,6544176.0,20382635.6
115403,1142626.15,2057542.15
115404,8310.0,50472.97
115405,0.0,504518.0
115406,0.0,4463.36
115407,8426731.27,23589434.95
115408,1191214.53,2390352.63
115501,0.0,35129.0
115502,1543.0,165494.92
115503,0.0,851336.41
115504,0.0,9613.0
115505,1446.99,0.0
115506,0.0,60240.0
115508,334056.74,2815427.82
115509,2874002.19,4799240.8
115510,2162161.51,3646142.51
115511,0.0,63275.79
115512,1413795.95,2251783.31
115513,1234760.57,2080897.86
115514,273645.36,1004041.21
115515,147092.0,692839.69
115516,299176.0,1191838.69
115601,58687.21,413031.31
115602,48269.95,283969.38
115603,547058.8,1262039.05
115604,93964.29,738661.1
115605,264576.0,1473148.55
115606,531452.0,339460.72
115607,434450.53,851163.0
115608,81877.0,120320.32
115609,4070.0,24860.56
115701,3601.0,204511.98
115702,43408.0,1617895.64
115703,29999.0,2653401.64
115704,0.0,4236.0
115705,1017.0,62213.88
115801,2002518.94,4225127.13
115802,0.0,4541.0
115803,1727.0,0.0
115804,1324116.8,8561327.3
115805,0.0,2501.56
115806,2823670.25,8924916.06
115807,1037464.51,1870909.68
115808,348850.71,555542.31
115810,3626837.53,6640524.38
115811,7636.74,159089.16
115901,0.0,24130.66
115903,1258734.79,3886585.06
115904,0.0,1218.0
115905,0.0,34162.08
115906,145076.0,123331.47
115907,0.0,93031.0
115908,0.0,78742.57
115909,0.0,26734.55
115910,0.0,9333.6
115911,0.0,403266.15
116001,1505557.54,8701730.52
116002,78292074.59,212188894.98
116101,12960940.05,1269694.72
116102,29511501.87,2584350.51
116103,11854515.09,6741496.75
116104,73740253.76,29652050.31
116105,56808813.95,11568425.77
116106,94082739.95,14495249.01
116107,11227165.11,1530688.07
116108,93343491.2,17701182.12
116109,165872894.05,94882685.22
116110,458998306.1,129141429.1
116111,12317039.58,2533593.73
116112,2436415.27,616663.45
116113,170789.75,38139.13
116114,61176119.86,14363405.97
116115,87563.94,392779.82
116116,168234.14,156267.73
116117,2758647.14,7661307.43
116201,14149347.06,3018590.63
116202,13450049.6,5534183.35
116203,198367381.69,53183312.49
116204,303511505.26,108184064.19
116205,48051829.31,17154717.92
116206,23106310.27,7737635.74
116207,5665267.36,1880512.65
116208,13070819.68,3310215.67
116209,2766581.71,1121374.91
116210,585561.58,1016638.94
116211,10088721.87,2634519.62
116212,45056598.54,6707830.3
116213,0.0,13600.64
116214,119501.95,197881.29
116215,66784.03,64198.27
116216,55784.75,65674.83
116217,1006767.7,3033090.31
116301,469487.91,236831.98
116302,245317.22,2273945.1
116303,16001.73,911901.13
116304,60882.0,1153619.79
116305,58400.59,139821.74
116306,8737.0,50754.62
116307,163359.14,645285.31
116308,1676.0,75146.0
116309,17833.04,13836.4
116310,270407.55,6313.66
126401,18685.0,46648.76
126402,1656345.46,6055843.41
126403,102659515.59,46423723.24
126404,2031549.29,1100902.42
126405,126741.0,398220.03
126406,3316601.0,8350572.01
126504,1150.0,2863.53
126505,4056832.89,1338675.39
126506,200115.0,269471.99
126507,0.0,53798.89
126601,25881.72,319218.43
126603,0.0,258628.0
126701,361239.46,125547.02
126702,91692.0,21606.69
126703,1895.0,0.0
126704,14815.0,56145.52
136801,1296.0,2742.53
136802,987383.51,6766940.22
136803,17131.0,109143.33
136804,53477.22,114282.44
136805,321672.17,110499.93
136806,5543.0,1270976.49
136807,0.0,149261.21
136808,2501.0,98994.96
136809,15672.27,10494269.03
136810,92990.3,33640671.03
136811,0.0,469043.04
136812,21027.69,25830.92
136813,0.0,9758.0
136814,79672.0,0.0
136815,2828.0,108057.59
136901,0.0,45757.0
136902,1163.02,329392.92
136903,11863.09,0.0
136904,1921.0,812775.21
136905,0.0,24356.68
136906,0.0,4121.0
136907,69734.69,893352.15
136908,30380.63,5698970.23
136909,0.0,76383.41
136910,35588.82,1566669.65
136911,106765.02,1018214.27
136912,15709.36,233818.68
136913,199070.75,415545.62
136914,25467.58,602620.43
137002,127083.0,423494.7
137003,0.0,4599.0
137004,0.0,630090.99
137005,0.0,543179.27
137006,1272.83,380863.42
137007,67336.88,5366504.32
137008,0.0,421309.58
137009,58153.25,1853149.41
137010,2935151.97,208380.08
137011,8692.67,11986.43
137012,0.0,2752.76
137013,101894.48,1391238.73
137014,5700.0,0.0
137015,1025.0,15884.0
137016,0.0,2142240.44
137017,39821.0,63706.86
137018,90510.64,123246.74
137019,19492245.25,25425548.08
137020,36582.07,2639836.84
147101,909596.0,410105.0
147102,8851951.69,4684916.0
147103,33252.0,277636.85
147104,207911.66,0.0
147105,66299.13,298254.0
147106,168517.0,815026.0
147108,0.0,402441.0
147112,24938.0,0.0
147113,16813450.33,59617046.54
147114,54498.91,3119975.58
147115,400999.0,171174.0
147116,28093142.99,5682695.16
147117,2827096.14,2883753.41
147118,41851.0,183945.6
157201,0.0,6200.23
157202,0.0,287964.45
157203,1937.0,10676.91
157204,3022047.64,224442.96
157205,0.0,299942.78
157206,0.0,1753.13
157207,11249.0,76323.16
157208,43770.0,1739608.25
157209,126803.0,160669.47
157210,255013.0,1614133.54
157211,0.0,8802.25
157212,0.0,124612.6
157213,110814.17,25337.0
157214,351764.9,96567063.51
157215,0.0,1550606.2
157216,232799.91,20673066.57
157217,7665.05,171976.7
157218,0.0,23582.12
157219,129104.0,1608339.36
157220,0.0,212589.97
157221,0.0,14673.0
157222,7422.73,274715.27
157223,0.0,10772.94
157225,0.0,35958.0
157228,10513.0,178897.0
157229,0.0,44932.65
157301,148159.5,9763531.05
157302,9473.0,29789.86
157303,46101.95,2040490.52
157304,100315.54,3942292.43
157305,8250.03,479087.53
157306,814803.09,12829658.37
157307,129643.96,4095054.3
157308,3165435.54,60530899.96
157309,42925.27,2028987.24
157310,171709.96,1083965.81
157311,320635.97,603184.36
157312,46225.56,1200528.28
157313,0.0,10347.32
157314,557535.72,1275529.6
157315,70618.17,216060.1
157316,4453.87,51051.48
157317,15612.33,311250.94
157318,166255.47,3659323.7
157319,10060.0,95073.0
157320,192492.18,97031.15
157321,52889.97,1504872.89
157322,44938.0,508179.89
157323,353313.15,1460143.78
157324,12114.05,1798375.95
157325,1191.0,827244.92
157326,2244531.05,15695308.09
157403,2799.0,0.0
157404,999865.92,1020760.57
157406,0.0,122690.0
157407,193156.0,3599321.36
157408,36096.0,3973458.67
157409,2404805.0,757152.98
157410,62282207.33,17036341.67
157411,13156.75,3061283.97
157412,413422.0,367747.84
157413,62298.0,212892.0
157415,3695.0,93268.86
157416,0.0,3399.0
157418,7918.0,161118.34
157419,22369.0,294182.82
157504,12059.0,0.0
157505,0.0,5000.0
157506,18748.0,34430.0
157508,0.0,2075.0
157601,2263237.23,0.0
157602,683227.42,247981.1
157603,0.0,53986.0
157604,132569.0,4245445.38
157605,0.0,62658.0
157606,228874.13,1702399.97
157607,6750.3,4860217.22
157608,0.0,1491268.94
157609,1276.0,21295.54
157610,31918.21,26421458.32
157611,0.0,87507.0
157612,0.0,50763.54
157613,0.0,24725.0
157615,72139.0,114371.01
157616,39015.44,446259.1
157803,0.0,41063.0
157804,0.0,55684.47
157805,0.0,42648.25
157904,16144.42,0.0
157907,0.0,233162.0
158003,15764.0,5405.45
158004,18994.68,9158.49
158005,0.0,41607.54
158007,80066.0,208605.17
158105,0.0,12114.0
158108,0.0,189249.0
158109,0.0,2207.0
158113,0.0,13050.0
158201,2362.0,36117.81
158202,29370.0,59899.34
158203,7557.14,117980.2
158204,16421.0,26756.24
158205,385116.42,850303.11
158206,198281.48,227050.44
158207,273568.91,532232.43
158208,18228.0,85522.56
158209,0.0,63842.0
158211,0.0,110240.45
158212,7259.06,571292.67
158213,1714.84,16547.28
158214,30406.0,29133.47
158215,18690.16,782143.55
158301,1041122.44,3338173.69
158302,193475.15,1840308.86
158303,101618.93,782592.02
158304,0.0,22416.3
158305,19149.0,24830.13
158306,112267.16,384794.56
158307,1429.0,107514.89
158308,822969.22,1947020.6
158309,5116.0,4101.71
158310,14562.68,341575.1
158311,2132.54,368131.85
168402,0.0,294377.35
168403,10289.0,13558.0
168404,0.0,1143.9
168405,0.0,74680.54
168406,2594.0,54980.0
168407,5162.74,383521.98
168408,22694.0,683621.21
168409,1942327.15,6924541.5
168411,70070626.0,35735426.98
168412,422575.0,574112.65
168413,351324.32,3123632.1
168414,1933241.87,7191790.06
168415,666371.86,23862959.96
168416,0.0,105675.51
168417,5462.0,2188407.85
168418,188287.97,11259202.72
168419,183500.07,3928060.38
168421,459435.58,4579394.29
168422,359707.68,1670756.22
168423,46379.0,357283.68
168424,1202958.73,2096400.46
168425,213560.42,733010.96
168426,12655203.97,26462063.37
168427,314384.91,2665337.21
168428,595981.44,17232724.78
168429,1033564.16,9531074.03
168430,8724350.81,15430719.28
168431,3118504.42,12531279.31
168432,0.0,62513.0
168433,129761.0,66971.0
168435,10712.0,9600.3
168437,0.0,5682.0
168438,36887.24,549930.39
168439,0.0,13395.0
168440,0.0,121301.53
168441,23649.56,150747.27
168442,39246.0,376155.79
168443,712456.34,2046313.86
168444,0.0,1347.02
168445,0.0,63275.0
168446,6430.0,1446806.0
168447,135070.0,2303892.67
168448,466940.05,1251707.41
168450,42440.71,2073853.82
168451,292537.01,1165191.94
168452,1694190.9,2299242.4
168453,27665.0,349686.6
168454,1493.0,14354.0
168455,64968.0,114003.01
168456,22497.0,51276.28
168457,0.0,2343.88
168458,0.0,32997.84
168459,17498.0,36370.34
168460,3884.0,20332.38
168461,37968.0,103247.58
168462,336788.0,529265.0
168463,1219.0,2127.14
168464,583572.34,69369.24
168465,76492.26,124806.15
168466,308588.0,910349.69
168467,177861.49,141998.52
168468,19354.0,46539.48
168469,0.0,16988.0
168470,14693.95,489684.06
168471,4188595.87,73969704.79
168472,28607.34,1330262.1
168473,42934923.97,46368511.89
168474,235911.83,1714629.86
168475,3729.0,193930.0
168476,4887.0,302434.29
168477,1218537.48,1256549.36
168478,0.0,40064.46
168479,1780923.38,4724212.07
168480,547374.92,2524999.43
168481,524773.17,6419091.08
168482,146446.0,686726.64
168483,115924.0,424336.27
168484,0.0,159438.71
168485,111822.0,285605.67
168501,2778652.7,5901201.81
168502,430222.89,1511579.52
168503,104496.28,4728777.51
168504,5506841.13,20180010.41
168505,8795.0,145136.95
168506,919428.94,4304901.93
168507,2863284.34,5668884.46
168508,583089.0,269701.55
168509,2853750.29,1177468.65
168510,61956.0,1301922.47
168511,3896.0,221801.0
168512,116305.0,316966.31
168513,10523.27,106712.3
168514,85655.64,904021.05
168515,200837.96,726956.97
168516,3763871.33,4241536.21
168517,7013722.06,33468035.66
168518,2867600.7,3615257.41
168519,223949.04,643296.79
168520,462293.73,2101755.27
168521,868129.15,27774924.87
168522,440263.87,5727107.73
168523,27329449.63,5758629.84
168524,1914102.04,5850693.05
168525,7855743.03,81280041.52
168526,23886.0,119586.71
168527,301749.96,3659396.45
168528,4985564.52,10160585.97
168529,834768.04,9611343.19
168530,25868.0,414368.37
168531,6238838.8,14914754.1
168532,136863.0,12506757.45
168533,376294.14,29394400.22
168534,7050772.88,2854636.44
168535,320837.0,4036435.4
168536,2642206.05,9569671.52
168537,1065323.13,22327962.46
168538,461255.39,5524697.51
168539,1286366.8,2242617.95
168540,518036.0,4996198.48
168541,5586636.31,12616174.34
168542,4325853.05,9199124.66
168543,2064750.96,3002503.55
168544,5764002.22,53914870.94
168545,0.0,21836.73
168546,49045.0,487877.0
168547,58331.0,397963.37
168548,80548.0,193140.16
178607,0.0,1985.0
178608,0.0,4820.47
178609,316986.62,136192.25
178701,1246770.0,3479395.0
178702,191188.0,7846169.82
178703,5374004.33,119688565.54
178704,268570.75,16138758.47
178705,442844.17,12422634.42
178706,2315.0,1933.0
178707,0.0,115987.5
178708,356402.54,3507039.45
178709,0.0,17400.0
178711,993163.09,4441109.81
178712,3011190.71,975672.82
178713,0.0,30829.66
178714,165079.2,1486729.64
178715,0.0,53492.86
178716,1077090.36,2249273.6
178802,3800969.0,0.0
178803,4576527.41,20107403.6
178804,4724.0,0.0
178901,2341358.79,3337508.0
178903,3038.0,93383.16
178904,793175.0,1049933.0
178906,9070.0,1438.06
178907,1994.34,105396.23
189001,3758489.22,4844484.54
189002,682317.95,18652570.09
189003,1390470.84,252042.32
189004,94169.89,929920.76
189005,0.0,24064.28
189006,511008.06,3784483.52
189007,7124.0,11927.0
189008,14380.0,428933.37
189009,1338376.39,4919406.84
189010,65745.71,506112.95
189011,144752.0,547926.54
189012,0.0,6249.0
189013,4242898.0,2031670.88
189014,0.0,25643.51
189015,68043.99,696631.91
189016,0.0,6180.0
189017,20512.0,682851.92
189018,1113628.62,5102433.78
189019,278790.77,2996165.21
189020,1026403.75,139641.64
189021,72580.82,1610898.1
189022,147040.0,2280648.27
189023,131425.56,189770.5
189024,104874.0,179118.37
189025,367588.02,78776.88
189026,189341.55,268351.43
189027,310249.07,1367993.26
189028,236456.0,515928.62
189029,3750.0,355359.75
189030,829300.65,1381441.32
189031,253421.45,1262114.52
189032,371409.98,951936.33
189033,80507.0,256329.82
189101,7959696.63,840948.55
189102,1983334.26,5259127.23
189103,1464.5,24515.0
189104,34000.0,46876.26
189105,40113.0,176910.25
189106,58707.0,54397.36
189107,0.0,2558.0
189108,18891.0,0.0
189109,0.0,40000.0
189110,1078.0,1275.0
189111,9659.0,15824.0
189112,0.0,1500.0
189113,287234.0,193249.0
189114,5813.0,26866.0
189201,1267843.89,1049022.66
189202,8965.95,128068.2
189204,3081.0,3436.02
189205,9262.75,138109.71
189206,26408.68,38974.11
189207,29545.83,424690.27
189208,9625.0,9321.23
189209,12630.0,399736.86
199302,0.0,75822.38
199303,0.0,4486.0
199304,0.0,10133.0
199305,0.0,12435.0
199306,1547.0,234009.85
199307,0.0,2577.0
209401,1584521.33,5404850.87
209402,78014.53,309876.6
209403,4203796.59,25418682.36
209404,588720.27,4040029.22
209405,2764073.45,14902998.48
209406,33561.96,779155.52
209501,0.0,45927.84
209502,35326.51,253425.58
209503,3149624.78,4858678.93
209504,5379738.94,128210657.71
209505,938871.0,330717.31
209506,109519.23,4745219.75
209507,43336.0,662451.35
209508,101775.0,662664.43
209601,6493.0,5075.0
209603,22956.84,989309.45
209604,0.0,5880.0
209605,0.0,73979.59
209606,3381460.9,7810162.94
209607,3407607.06,8613310.2
209608,109487.11,640991.64
209609,13658.0,14109.04
209610,1150.0,44016.38
209611,0.0,5029.51
209612,3068889.59,225753.4
209613,16080.01,160526.55
209614,5078.0,140164.87
209615,129611.58,129900.67
209616,2625.0,77799.87
209617,1856.0,97525.73
209618,3962.54,42811.88
219701,112836.2,1722702.78
219702,0.0,19474.0
219703,112818.14,136979.3
219704,595440.0,36213.52
219705,5778.0,28669.0
219706,1190313.0,738946.51
