010101,903997.02,2253136.95
010102,1403.17,172812.77
010103,12727.77,0.0
010104,0.0,18946.0
010105,3919940.1,6312625.05
010106,479401.11,76394.93
010201,36460.87,3739261.6
010202,360648.73,4212013.47
010203,48164.0,1045402.0
010204,19941.0,56835.24
010205,0.0,444817.88
010206,0.0,6489388.31
010207,2605815.5,8053449.25
010208,138527.83,0.0
010209,0.0,279372.79
010210,67807.0,192626.65
010301,3909417.64,52894.48
010302,3382116.23,3787563.89
010303,47923682.17,16551763.0
010304,71043610.42,1394402.21
010305,24775147.6,2376266.92
010306,58573364.5,3367864.31
010307,176884632.55,6885305.05
010401,705150.22,248117.96
010402,66309125.01,56597547.23
010403,134849.44,8746213.3
010404,77851.38,4034899.12
010405,26694.0,7717378.24
010406,14052.66,5667479.08
010407,6640411.81,1121923.33
010408,451939.33,244906.51
010409,80900.94,4767.59
010501,57333.94,0.0
010502,7171.0,1217.0
010504,622851.77,3909422.44
010505,415466.36,0.0
010506,1605.0,0.0
010507,31472.13,0.0
010508,83993.83,3003.0
010510,541167.09,39431.97
010511,4816011.46,1581046.38
020601,31928.33,99391.36
020602,48120.0,1875633.33
020603,7456470.62,685609.56
020604,1739616.14,30385.0
020701,656265.71,0.0
020702,128253.57,0.0
020703,24003674.37,0.0
020704,224730.74,0.0
020705,2047827.77,0.0
020706,35514.47,63317.0
020707,7634.09,0.0
020708,15210325.42,77009.07
020709,253210432.21,18200.0
020710,45163418.09,200818.01
020711,6267714.43,86002.35
020712,13256573.65,507821.33
020713,34175038.52,29127557.65
020714,788850.0,102444.0
020801,14469490.23,520200.72
020802,4699890.02,631754.76
020803,38305653.88,236010.0
020804,121366795.52,332482.13
020805,36863257.44,72740.33
020806,58575014.0,6980052.4
020807,853375.36,2918.0
020808,162550.43,17900444.8
020809,208687.55,1039687.14
020810,2652030.66,467531.75
020811,20066375.66,125093.19
020812,40571.95,55850.0
020813,237632.26,1532632.75
020814,4445663.78,0.0
020901,461303410.1,813386.65
020902,78222.48,1822727.63
020903,0.0,17649.41
020904,97379847.13,832148.86
020905,21799.81,0.0
020906,9717.58,2965096.22
020907,0.0,1090700.38
020908,31439.0,73988.31
020909,33556.72,709779.91
020910,2573756.68,469745.07
021001,75939.28,437512541.86
021003,42875.19,15413995.34
021004,4918.0,3411304.14
021005,8326591.07,255646347.76
021006,333985.89,1506491.71
021007,34980.75,3114239.17
021008,4535799.31,3608727.33
021101,1641871.43,964343.43
021102,176084.8,124112.55
021103,33982.74,250339.34
021104,2261524.93,515308.78
021105,33374.67,622529.28
021106,1815350.88,82670.16
021107,57530.05,27077174.78
021108,1769764.82,8463725.16
021109,16089.43,1120565.88
021201,170306.2,14948507.5
021202,30400.82,3857889.93
021204,25634.53,496911.06
021205,0.0,103877.46
021206,54686.38,76560.39
021207,1661686.2,3659851.76
021208,74286.22,22807668.71
021209,18367022.08,14736140.54
021210,0.0,1189560.04
021211,11558519.92,1184788.91
021212,4155359.4,89669.35
021213,27964.24,2240.0
021214,0.0,45417.47
021301,568996.41,404246.4
021302,14724956.68,8027636.54
021401,1000.0,594855.82
021403,0.0,12370.0
021404,19431164.22,408813.26
031501,0.0,38280.54
031502,0.0,1446244.84
031504,260377654.32,2168146.49
031505,2126.8,118707.31
031506,0.0,2683.0
031507,26694880.53,202844950.58
031509,368730.51,641315.14
031511,651728.72,14889339.44
031512,10166336.23,8187007.33
031513,0.0,795865.94
031514,0.0,564063.31
031515,1971413.5,787202.58
031516,420652.86,6901902.07
031517,13567358.59,11084012.95
031518,79599.12,1498352.14
031519,201260.0,2242274.8
031520,1083595.64,469091.93
031521,1135.27,922989.78
031522,0.0,2466.17
041601,3965.0,664629.88
041602,1580683.34,5046931.74
041603,5315.0,477935.38
041604,80565258.76,7060109.42
041605,59968445.55,215601.44
041701,20924240.84,86070022.64
041702,652632.36,8690382.51
041703,160345.44,0.0
041704,7555550.59,26117541.7
041801,11898165.63,3764965.89
041802,14173.81,0.0
041803,1570289.26,2727428.95
041804,27840118.41,1634973.83
041805,3126393.31,1698850.63
041806,9150545.69,9424036.51
041901,3686339.58,35717487.45
041902,12535251.81,2510211.2
041903,0.0,1147.0
041904,3310442.0,13664147.92
041905,44713752.39,5560372.93
042001,19677167.09,139440.43
042002,7366761.77,510904.5
042003,35705.56,803690.0
042004,586283.41,4223535.51
042005,327327336.71,1373484.05
042006,81075.28,54555.41
042007,1897691.28,4225163.09
042008,13219208.61,15604232.71
042009,15084689.58,1967129.29
042101,40814.79,15546154.86
042102,1589014.57,4607676.03
042103,4897504.31,7041583.99
042104,3643631.36,1829086.02
042105,261453.16,1407426.09
042106,5206437.07,71680555.71
042201,325160.85,249443.29
042202,3997771.65,17156748.27
042203,3243668.04,1800107.24
042204,681284.94,17219009.92
042205,44160.0,25309.27
042206,34761.5,249904.6
042207,10071912.36,4247059.15
042208,1660760.56,15321135.12
042209,99697.41,94734.24
042301,1242270514.69,2603391.67
042302,5629879.5,317483.04
042303,0.0,16245.64
042304,13430559.4,80264188.17
042306,714816.66,900756.48
042308,6761746.18,19284.86
042309,52967468.83,21555000.53
042401,3771056.32,39017.66
042402,217476.65,20547938.35
042403,0.0,13439.01
052501,3864638.47,2718342.0
052502,911978.29,29770.73
052503,112461.14,1602475.55
052504,8503.71,67015.84
052505,329475.25,2833943.6
052506,29027.16,100563.34
052507,585039.67,935634.53
052508,1467654.17,2153873.34
052509,1231135.36,7730.51
052510,14460.19,6015934.51
052511,3718507.01,10163.71
052512,490550.86,994002.0
052513,18593.05,138577.81
052514,0.0,42380.17
052515,411183.34,389697.12
052516,163639.93,0.0
052517,532169.05,31983.96
052518,60259.89,55682.71
052519,0.0,1753020.74
052520,2039512.95,114666.52
052521,0.0,14850.0
052522,2347.47,151997.11
052523,39117326.38,8339337.31
052524,0.0,675744.74
052525,16469.65,64153.47
052526,2050150.19,604693.94
052528,7070795.78,544839.81
052529,389772.82,498267.24
052530,208753.57,2921837.17
052601,286605043.16,7578442.06
052602,1796.15,70356.74
052603,4632646276.85,100949253.79
052606,0.0,789717.07
052607,669991200.43,7505284.52
052608,2384809965.58,20627850.0
052609,0.0,1306273.0
052610,4796.84,353589.29
052611,9895082.11,1510.0
052613,978109819.02,162859.0
052615,0.0,132879.79
052616,98370985.43,25062165.82
052617,14289506.33,86376.62
052618,136237.93,0.0
052620,894264.0,792878.71
052621,0.0,1691.0
052701,275172.09,46946451.08
052702,0.0,56317.98
052703,37487.37,893944.0
052704,0.0,44159960.77
052706,0.0,110687.32
052707,15463619.41,1633036.54
052709,625416821.83,2618254701.97
052710,1777033670.9,785346127.09
052711,1868888.0,41001017.11
052712,6328.4,15844363.77
052713,4239709.41,221020.55
052714,151820.11,19068.72
052715,116597.04,251557.69
062801,946589.03,110738.48
062802,0.0,19561.36
062803,27165.35,4099536.5
062804,7778839.16,1002319.31
062805,354658.94,1614617.66
062806,1689789.52,280766.4
062807,22739474.59,4634956.47
062808,2851.09,601796.87
062809,61583.74,6700807.02
062810,9822482.86,26971.22
062811,523505.47,4425249.94
062812,0.0,54386.0
062813,0.0,321509.3
062814,0.0,290340.89
062815,25879681.69,4911766.16
062816,2169.98,76232.45
062817,80125548.8,6607394.28
062818,80411.09,2711047.28
062819,4273.0,48464.65
062820,0.0,768758.11
062821,14942.39,2051566.24
062822,0.0,275184.07
062823,13638.02,492895.84
062824,10084521.32,734605.5
062825,3295139.19,1133951.8
062826,0.0,363195.83
062827,7845839.18,3411837.77
062828,600582.73,1121550.21
062829,0.0,748601.42
062830,1350.72,1011819.32
062831,0.0,1094905.67
062832,0.0,2278931.31
062833,44443688.87,9008696.85
062834,61181.87,13090089.16
062835,20043572.62,29616209.32
062836,329671.06,11809808.87
062837,517798.12,14394224.25
062838,0.0,11415.29
062839,167865.31,388154.49
062840,2312800.58,411711.52
062841,12288.16,377496.91
062842,1206016.5,756663.24
062843,1774835.98,351216.79
062844,54205.06,153574.12
062846,0.0,70137.0
062847,47774.72,3227014.09
062849,12740.52,2836090.91
062850,0.0,269652.38
062851,1303.3,34367.41
062901,0.0,228922.92
062902,0.0,3999867.91
062903,60343.39,2493234.54
062904,4102901.72,2126208.8
062905,145974.03,25034219.35
062906,43625.0,628061.27
062907,15446.81,1098699.01
062908,0.0,146446.99
062909,65944.88,2675263.35
062910,38508.56,110658.85
062911,0.0,1050.96
062912,24603.25,2900106.9
062913,0.0,18521.2
062914,29416.51,8659550.71
062915,958754.05,10014411.26
062916,89625.85,4323136.73
062917,1457855.68,23573977.17
062918,356831.52,10101405.62
062919,18833.07,52107.22
062920,0.0,1772055.08
062921,61650.43,1381807.85
062922,7829770.14,13913336.93
062923,0.0,2969989.33
062924,64790.48,2738134.78
062925,30884.56,610737.89
062926,10383.7,928757.26
062927,27246.0,519215.0
062928,0.0,198021.53
062929,1430.0,6830806.39
062930,1998744.65,15780484.54
062931,25450.56,2269921.28
062932,36426.85,1801341.13
062933,88152.93,12495535.17
062934,62507.84,3731288.22
062935,0.0,1932741.06
062936,190960.27,10526673.75
062937,5727.0,1626346.55
062938,12194.0,847048.32
062939,852858.95,934458.65
062940,47665.0,431800.01
062941,1372257.55,22145507.82
062942,48136.0,85679.58
063001,54146.55,458974.62
063002,938555.28,29980176.15
063003,1080550.0,2754519.29
063004,14974662.19,197151383.89
063005,338315.9,4561909.45
063006,1958062.07,10338253.77
063101,3150082.93,1398052.02
063102,4103510.6,68712545.22
063103,230349.28,159615.93
063104,300523.72,37463253.89
063105,7240275.67,61395518.21
063201,10393318.72,1083831.09
063202,6154976.95,2252450.49
063203,35685975.42,824931.11
063204,1790841.99,31046914.77
063205,17678704.09,573165.64
063206,742680.48,13590372.26
063207,41662.33,19460382.97
063208,1913023.21,18599147.94
063209,93023.57,1604082.87
063210,110816.37,297116.0
063211,16763.82,795605.61
063212,184014.34,1622634.76
063213,126901.65,625014.32
063214,258855.92,1678906.6
063215,5676675.63,18213684.54
063301,22433312.05,1702410.55
063302,5571170.1,34981261.18
063303,10512999.28,15211732.14
063304,20735160.06,35941931.4
063305,8856120.49,57168815.06
063306,982559.07,20349936.33
063307,4537936.33,23159610.85
063401,2812658.74,22898524.34
063402,15852500.7,31661511.48
063403,198513.78,3194224.76
063404,67654.05,3720764.05
063405,2320659.1,3086208.78
063406,354668.01,573898.34
063407,81609.75,853663.63
063501,256432.46,671625.77
063502,17134.45,712891.25
063503,223214.99,6392041.41
063504,71458.04,3604525.96
063505,455067.57,3140746.79
063506,645512.13,16285466.41
063507,190766.77,14312224.03
063601,113136.09,0.0
063602,5549996.2,3664462.66
063603,14226211.11,12012353.73
063604,391587.0,460554.47
063605,0.0,538763.99
063606,0.0,46143.34
063701,774276.28,15949451.4
063702,97820.0,8992775.51
063703,37103.62,7566014.43
063704,17829.0,1804.0
063705,14000.0,12597.0
063706,79309.54,762524.81
063707,239216.7,3435764.09
063801,31639.61,442716.98
063802,2768807.35,2886705.14
063803,7818.75,0.0
063804,3162.08,300169.28
063805,10338.72,359373.41
063806,706562.09,2027070.84
063807,0.0,36833.0
063808,16041100.81,68708259.39
063809,1040105.47,9093294.37
063810,134081.88,1098199.42
063811,240628.08,7311300.27
063812,3625145.84,7055769.76
063813,3525.0,531564.37
063814,32899.94,826665.53
063815,277636.89,6089026.19
063816,231793.47,5576862.72
063817,0.0,13405059.48
063818,1717.0,1581.0
063819,3471.96,1349584.87
063820,4336.81,1821092.8
063821,12631.0,556051.14
063822,146637.05,5435816.04
063823,1640707.38,26624288.65
073901,495360.17,208452834.59
073902,2486492.88,111881298.65
073903,321104.11,24604208.72
073904,6570700.89,100664406.36
073905,2858693.3,2413670.37
073906,3348167.89,7709675.56
073907,18874873.45,108055462.78
073908,21196.89,2208596.25
073909,556914.18,11279138.47
073910,338914.11,4787468.89
073911,118147.5,4409675.98
073912,199921.19,8673845.72
073913,342688.14,3102252.33
073914,19050.0,372300.99
073915,9161493.49,549336.52
073916,277463.12,1855597.2
073917,1103040.51,35998330.33
073918,1508102.64,2448636.58
073919,1936259.76,20476422.0
073920,110338030.61,72780047.19
073921,8809782.74,22594391.02
073922,789543.88,989606.32
073923,85108520.7,46437976.04
073924,11962114.19,9780322.22
073925,112046.5,3824190.79
073926,3992541.7,42106436.07
074001,301966.59,23750709.62
074002,104976.22,12282399.3
074003,3016.0,188968.71
074004,11055.52,146446.94
074005,1226150.03,5685516.01
074006,1700153.27,231046.77
074007,15898.69,2085783.42
074008,25560.0,3483994.38
074009,323558.05,13722017.42
074010,217846.99,17536040.37
074011,40336302.6,144066743.54
074012,5277800.57,4327382.67
074013,7804.0,4624286.26
074014,22417.0,3476176.63
074015,171806.17,10197250.67
074016,2017166.23,21596404.67
074017,21749.0,55260.04
084101,1915406.39,121657.0
084102,1549225.6,0.0
084103,333289.42,12321.0
084104,15415955.28,1958292.09
084105,6126780.13,251227.0
084106,1399938.26,16371.0
084107,1531632.05,183564.15
084108,0.0,13808.4
084109,52528.2,663313.32
084110,220694.7,31943.28
084111,0.0,178987.26
084201,196107.79,108901.21
084202,9013462.44,31378333.55
084203,1067823.7,3011118.03
084204,0.0,6285.0
084205,217022.81,201778.58
084206,114671.77,55000.0
084302,1215933.13,49862.54
084303,7062744.0,97024.33
084304,47029.29,8325.0
094401,4351.51,72576.08
094402,1280.0,45931.21
094403,121295.38,4525629.93
094404,8082.56,111918.17
094405,0.0,33256.07
094406,718162.84,225822.56
094407,113477722.7,11073125.19
094408,436697.92,1211191.39
094409,54758075.66,433754.32
094410,197070.63,13913155.41
094411,84628.23,15292615.52
094412,22009084.44,3242109.07
094413,30751.12,68756.22
094414,351804.14,237207.15
094415,120836.85,685680.78
094416,0.0,62863.69
094417,47610.67,25147.11
094418,4003418.96,2268227.65
094419,507521.38,274153.55
094420,1036557.25,471475.61
094421,1341892.95,4552461.21
094502,0.0,4642.0
094503,0.0,128893.12
094504,144790.14,301777.15
094601,30058.71,377606.87
094602,223283.14,442743.44
104701,0.0,39582.32
104703,30319.77,38069365.12
104704,0.0,110188.99
104706,0.0,137813.71
104707,1219817.75,1716156.66
104801,0.0,37598595.28
104802,1094776.06,94247942.89
104803,699424.75,7495348.33
104804,85666.66,11608028.69
104805,1679198.32,10953396.42
104806,2265.81,826261.13
104807,14961.0,860372.85
104808,30403.23,2246948.99
104809,1575.0,9360221.06
104810,142590.0,86681759.02
104811,710816.28,45591269.75
104812,0.0,209473.13
104813,0.0,80652.97
104814,3127.96,302574.25
104816,0.0,5484816.49
104817,639841.05,258592.59
104818,39482226.22,38837851.06
104819,6572909.02,17420091.16
104820,12007627.85,10049808.18
104821,444807.4,7481906.61
104822,64372.36,84475.06
104823,958759.68,3964627.62
104901,38238180.04,41140310.76
104902,1966742.28,5779796.04
104903,389835.56,1199970.9
104904,1515.0,69179.21
104905,4301658.64,57614.05
104906,3181.0,100746.64
104907,2000.0,4281834.73
104908,584469.53,1074998.31
104909,201311.74,241525.67
104910,77679.01,224328.43
104911,38680679.39,10111189.35
115002,0.0,348233.0
115003,0.0,32020.48
115004,11449.57,529869.97
115005,13028.0,279870.0
115006,42999.0,0.0
115007,632931.99,311009.68
115101,5108891.38,796251.12
115102,1260996.09,557808.54
115103,1081873.15,0.0
115105,39751297.2,12527935.87
115106,699428.0,68822.97
115107,13304938.21,139263.31
115108,19365260.37,42295.0
115109,12006659.37,42440.37
115110,56084.0,0.0
115111,1011372.79,128423.54
115112,12200225.74,883428.63
115113,2077.0,16158.0
115201,3262806.03,10899773.63
115202,132972.71,400821.4
115203,1100.0,125258.0
115204,743729.7,113792.22
115205,42645306.17,29986357.92
115206,1601572.9,842524.96
115207,1779926.46,80005.73
115208,16529024.7,8951582.93
115209,20158254.6,27865974.96
115210,1998027.85,2180128.87
115211,11287016.77,20077111.51
115212,154741.6,649377.04
115301,0.0,16386.74
115303,1601.0,0.0
115304,0.0,28776.02
115305,0.0,18149.45
115306,14386.78,115643.69
115307,4169.38,21194.19
115308,0.0,20427.55
115309,103068.74,429849.66
115310,10682.91,46686.0
115311,0.0,67814.76
115401,58322.01,1357014.83
115402,3321472.37,46709442.13
115403,7553.78,359482.66
115404,25750.0,1633684.09
115405,4729.0,14772.0
115406,13407.0,53738.13
115407,2510973.58,22452165.8
115408,47759.0,357137.76
115501,19601498.38,8533891.38
115502,68485.0,7385000.0
115503,18482312.58,16136493.79
115504,0.0,6338999.31
115505,17115.63,82640.74
115506,15961722.54,1331159.22
115507,0.0,31659.27
115508,86449.21,4167931.86
115509,4481394.0,2920445.76
115510,969937.32,903559.55
115511,5519333.87,94266.05
115512,143990.0,3104663.25
115513,5305459.39,8667809.8
115514,51039.0,2810690.71
115515,5071310.07,1752857.33
115516,348818.11,1106194.92
115601,478125.36,615545.57
115602,474838.49,377455.39
115603,1454345.89,26984719.1
115604,1168680.45,11685.6
115605,3464.92,868980.61
115606,3600255.85,421497.43
115607,5126179.34,2500344.98
115608,17815419.76,6584524.07
115609,32797.48,196906.31
115701,431348.22,116638.03
115702,268327.5,596326.33
115703,160052.87,5439393.78
115704,0.0,287960.75
115705,23796.5,425503.91
115801,2317181.46,11580043.71
115802,94538.72,17842.0
115803,0.0,8797.19
115804,128730.71,1785737.61
115805,276933.28,0.0
115806,866918.28,2948952.21
115807,942415.48,2175650.58
115808,35366.03,259438.75
115809,3588.0,10610.95
115810,725233.54,2968383.76
115811,6419.0,226972.39
115901,0.0,396306.33
115902,32568.68,13100110.93
115903,45288.12,15304085.47
115904,0.0,11491.01
115905,0.0,1219.0
115906,12633.51,504572.67
115907,0.0,1572205.53
115908,0.0,25136.55
115909,6224.69,298352.32
115910,3117.0,616248.81
115911,95671.16,6222750.58
116001,1508860.17,3438221.94
116002,29518985.54,37034808.18
116101,1085823.95,929457.63
116102,2841903.56,850083.9
116103,8828789.56,1843129.34
116104,76413045.64,3213726.13
116105,269921236.69,2495125.49
116106,160375433.86,2238522.34
116107,9560886.24,768273.78
116108,20161083.51,4112157.17
116109,482831258.51,11845901.72
116110,127367307.22,23710605.73
116111,33312508.25,2408392.59
116112,2431229.78,3078387.53
116113,29991.65,102853.2
116114,51481413.8,2004040.21
116115,8671876.08,4479888.05
116116,992425.72,1693976.85
116117,4341007.88,1034634.0
116201,1194380.44,8341933.85
116202,4044136.14,8100981.71
116203,32036108.6,21733163.41
116204,47534977.82,21450879.69
116205,26676283.65,8859222.64
116206,11867434.3,3391293.8
116207,885277.16,357972.12
116208,2443134.36,1148862.3
116209,2840953.29,2157375.93
116210,373041.16,637026.98
116211,3171811.74,4959468.88
116212,1478311.68,10112473.43
116213,66938.53,25311.04
116214,1745452.49,605254.87
116215,27859.25,709953.01
116216,294800.22,327099.35
116217,588967.31,407518.68
116301,5286664.99,3134176.37
116302,3121102.19,9070037.65
116303,9958.09,342960.38
116304,491239.24,610747.7
116305,6832926.92,2482981.8
116306,82934.66,2968169.51
116307,1428175.94,6470341.89
116308,74143.0,19786.0
116309,24123.28,489283.81
116310,227400.15,11941.5
126401,2511206.31,2947710.48
126402,1244563.75,41178162.67
126403,5232121.29,27988923.12
126404,5102332.05,16490929.02
126405,1546482.75,608810.14
126406,174026.48,2287367.07
126501,0.0,164552.17
126503,0.0,10009.0
126504,17574.29,240924.21
126505,4911429.59,1576341.76
126506,139853.14,1956215.45
126507,6269.68,322346.46
126601,13940.28,1360229.79
126602,1373.0,28564.59
126603,0.0,34307.79
126701,1893.4,19475.92
126702,7082.58,1860144.1
126703,0.0,23787.29
126704,1161.0,113962.8
136801,66443.12,34022.64
136802,39600219.33,3738391.26
136803,53460.47,55998.79
136804,172276.98,3144764.6
136805,2736639.82,2886487.34
136806,61139.48,1347676.67
136807,0.0,793160.2
136808,13262.09,38426.45
136809,484824.68,3201894.12
136810,79751.43,1224213.31
136811,973274.64,128406.48
136812,1189737.21,839799.02
136813,3041171.87,1014150.97
136814,7362.55,111424.6
136815,141853.66,4404762.16
136901,15018.2,81451.63
136902,532462.06,12554140.77
136903,507421.15,3706517.14
136904,220058.68,364288.41
136905,0.0,25057.6
136906,0.0,32480.38
136907,79594.71,6161876.43
136908,27840202.29,18425937.47
136909,7152.6,1100079.08
136910,7972478.78,5770004.76
136911,181948.35,4375000.04
136912,848054.86,8611114.07
136913,5032357.84,525976.66
136914,383654.35,518072.37
137001,19002.46,5115.7
137002,6990.0,1824806.02
137003,312939.94,3504145.13
137004,0.0,2954047.3
137005,33169.56,28943772.79
137006,196161.85,47306.33
137007,11927781.25,2359471.21
137008,5349.0,0.0
137009,1273831.15,3952002.75
137010,4041034.81,39529101.94
137011,17554.17,83358.65
137012,0.0,73996.09
137013,385830.91,15550276.78
137014,0.0,55160.27
137015,0.0,270375.83
137016,32077.0,2126787.48
137017,5472.0,1465535.52
137018,198649.0,4277729.23
137019,194629.77,6391009.07
137020,37390.69,745023.9
147101,0.0,7300.0
147102,36999.0,270734.23
147103,1206292.05,34070.23
147104,66318.0,520013.72
147105,9561.0,592507.26
147106,656108266.46,80645.7
147107,15096.0,0.0
147108,4167384589.38,132301.81
147109,0.0,3000.0
147110,117140.05,29161.0
147112,987287.0,2809.0
147113,84324164.43,5460206.54
147114,2210829.62,106701.56
147115,49009.0,30134.61
147116,1110172.47,105686.97
147117,17119043.33,7767714.81
147118,25856.1,39754.0
157201,108410.87,344505.45
157202,184962.76,20546540.72
157203,0.0,93769.62
157204,6290150.39,15733970.96
157205,123575.19,447367.39
157206,114416.0,121967.0
157207,2132539.15,6197561.65
157208,545610.86,64250624.32
157209,8640.0,6524799.08
157210,491449.65,134899117.13
157211,414218.42,2330189.58
157212,71930.13,3115722.62
157213,0.0,15424754.52
157214,28065083.92,67939628.86
157215,1529372.56,1552652.9
157216,7871051.25,52401842.99
157217,4704315.72,5341168.02
157218,2681.0,0.0
157219,786730.42,29447704.14
157220,6718.0,2461539.26
157222,87994.53,1391680.1
157223,4147.0,223480.46
157225,114808.48,96803487.39
157226,9886.63,3759170.76
157227,0.0,53671920.56
157228,41393259.88,12222405.78
157229,4241.0,847234.86
157301,0.0,1335296.55
157302,56447.26,5155351.25
157303,8557.0,6846843.59
157304,1003793.29,118060629.65
157305,7769.96,7830104.34
157306,195278.07,33168296.13
157307,2895079.03,32925688.19
157308,3619939.6,51466413.38
157309,286216.17,4090816.89
157310,1949935.74,7813622.69
157311,189332.88,11375424.95
157312,153908.68,13054780.06
157313,1943425.02,637913.92
157314,7658633.39,4740320.17
157315,243582.06,16149926.44
157316,1132.0,310744.32
157317,1085440.58,3594411.91
157318,1464683.25,38092017.95
157319,1383.0,429017.33
157320,852478.62,5473106.02
157321,934720.68,28418590.53
157322,7221.0,347815.93
157323,5857730.23,5165959.78
157324,921432.78,1943439.49
157325,17774156.74,8536245.73
157326,4986215.47,30702036.52
157401,2952681.68,3936467.0
157402,201224473.78,172599.74
157403,2451740397.33,2161951.67
157404,35624304.27,632200.77
157405,0.0,116501.98
157406,174239.05,151252.35
157407,48679973.6,1898457.57
157408,308756784.43,14249653.37
157409,19275283.14,1303859.36
157410,88309.08,1923540.83
157411,597839.76,6660145.66
157412,308878.06,1452043.2
157413,3400816.38,320286.57
157414,0.0,3375.0
157415,424184.82,501518.62
157417,0.0,2242.0
157418,38993.07,72192.67
157419,294809.8,872530.87
157501,0.0,104994.0
157502,936957.0,4127810.19
157503,253468.7,0.0
157504,0.0,355892.0
157505,1505.0,2141186.26
157506,0.0,1042.0
157507,0.0,54160.0
157508,7301.0,199678.97
157601,3398316.83,10409423.63
157602,6551838.74,185974.74
157603,0.0,1357831.56
157604,1342143.99,18905587.93
157605,86309.27,4496567.05
157606,106163.34,5420382.38
157607,2883824.35,7942022.66
157608,415293.22,3208954.35
157609,7335.54,670693.07
157610,343456.04,2135825.14
157611,35621.0,10584.92
157612,1164122.68,3657236.18
157613,7863.0,43368.75
157614,44259.13,12418820.14
157615,375872.13,2714068.59
157616,236840.56,6511197.87
157801,311833727.13,45342.0
157802,0.0,2049.63
157803,50208.0,0.0
157804,0.0,12403.0
157806,999743.45,3869228.63
157901,387926074.98,6371227.68
157902,93206.08,75613.0
157903,749526.61,1642649.05
157904,1009852.25,138540.15
157905,89534753.05,8841.55
157906,0.0,35636.24
157907,55578401.19,463307.78
158001,457679829.4,21937.05
158003,2075681.04,69367.74
158101,33397.96,701117.97
158102,17475.0,49268.68
158103,0.0,1480.0
158104,10872.64,121026.78
158105,0.0,12134.0
158106,40657029.88,10765.0
158107,3897673.74,0.0
158108,17318.0,16127.8
158109,1013.53,107607.76
158110,2717773.17,35870.92
158111,12825.64,682289.6
158112,3515966.4,172386.3
158113,6517.0,94510.0
158201,12090.0,7294353.74
158202,9570.01,4769915.25
158203,54539.23,3295990.87
158204,42421.37,4554540.55
158205,180720.18,8696670.96
158206,16329.82,1010842.24
158207,3126693.67,45585043.66
158208,36524.2,5106113.85
158209,26397.0,1010233.5
158210,35195.46,1821570.75
158211,159011.3,1891289.02
158212,65661.6,13145861.7
158213,18738.38,1304388.87
158214,73496.26,1783161.27
158215,879081.6,3733629.93
158301,5687619.3,9708477.66
158302,253844.01,11183098.06
158303,112807.88,567327.93
158304,3973.88,147363.73
158305,63218.36,3325012.82
158306,204910.89,474041.43
158307,50807.67,2094473.43
158308,41418.43,1968248.77
158309,3572085.39,21788241.98
158310,71475.36,271279.01
158311,6475426.88,8612195.37
168401,0.0,73174.0
168402,930038.29,5885590.17
168403,2247.0,267487.76
168404,136987.42,1228848.68
168405,0.0,1867627.69
168406,24677.0,745754.18
168407,602413.03,20679039.91
168408,908864.83,59899632.08
168409,1573784.17,68623552.64
168410,413956.79,1980225.33
168411,2602818.22,51594713.0
168412,460463.28,16534675.57
168413,8315928.04,131705220.18
168414,1436741.85,79930916.55
168415,3226207.14,17324306.8
168416,126555.44,1800014.36
168417,2331703.56,23571647.13
168418,13150449.36,100065189.56
168419,2659690.33,77192225.42
168420,27298.0,800934.38
168421,1721510.72,93403044.65
168422,874763.22,31120388.81
168423,111746.34,8834683.23
168424,221623.55,39691205.81
168425,1146763.76,9085466.28
168426,610206.91,17734699.11
168427,21577.0,13978742.18
168428,1797600.84,36008044.13
168429,2079222.77,323641539.27
168430,4676312.98,47094336.0
168431,8051533.11,98895196.17
168432,38198.0,2146824.74
168433,489163.27,7378936.68
168434,26575.96,1557425.38
168435,4435.0,158963.73
168436,346849.59,5336668.3
168437,392059.46,7765555.52
168438,1213403.45,37937722.55
168439,243270.12,2433801.31
168440,122956.0,2759492.38
168441,844443.76,8859897.08
168442,129079.96,2409170.24
168443,858648.72,45746333.5
168444,0.0,300162.65
168445,9411.86,13096464.32
168446,177500.0,4250802.27
168447,199368.83,26455165.12
168448,139506.78,17170417.7
168449,0.0,6000.0
168450,111694.62,26442486.15
168451,83401.83,31159545.19
168452,61376.49,27440005.94
168453,3643.33,1805895.63
168454,8364.72,1699636.22
168455,8875.0,5477845.19
168456,0.0,237834.1
168457,6000.0,575412.94
168458,34851.0,4423718.88
168459,53547.0,3023666.79
168460,8110.19,2197041.13
168461,154798.0,1079451.16
168462,112341.68,6115544.47
168463,101198.43,1238436.54
168464,54256.85,1340000.37
168465,507157.76,4665288.08
168466,137769.68,6803971.91
168467,643631.6,23926556.91
168468,73921.84,1718895.68
168469,0.0,1084.29
168470,192530.54,13411351.58
168471,3652556.36,325521291.16
168472,250458.18,9523724.18
168473,2635370.46,82132338.99
168474,25751515.73,105782268.66
168475,34286.18,9117119.77
168476,42888.34,319547.59
168477,1270951.55,45454362.74
168478,2106.0,77527.0
168479,2088875.23,57326975.89
168480,1518480.5,17779111.53
168481,2054923.33,115288200.95
168482,570085.47,41302919.03
168483,2016057.52,87374069.75
168484,4496471.63,10435333.77
168485,714300.76,14292923.27
168501,1016196.71,52533731.32
168502,10303378.23,40741507.16
168503,198547.69,6329015.6
168504,6733406.26,75499684.75
168505,85384.09,2554198.24
168506,439228.7,11616609.13
168507,2373243.17,29163027.72
168508,178927.45,14332872.62
168509,213147.23,15562422.6
168510,14526.91,664052.14
168511,226231.76,15699150.09
168512,36697.61,8857882.41
168513,207104.03,4804098.85
168514,257704.11,5653614.41
168515,621226.34,12046008.3
168516,243610.6,33667239.43
168517,4779009.5,101642828.71
168518,80278.34,27103284.39
168519,51716.0,637869.36
168520,8726.0,403156.53
168521,640499.33,51743506.04
168522,45078.0,897348.57
168523,846010.99,3752531.96
168524,334139.33,5769554.71
168525,2471531.38,563038437.34
168526,215819.68,2206679.04
168527,325718.53,66347871.19
168528,519316.57,154141714.6
168529,546317.47,17971065.52
168530,0.0,624681.38
168531,298363.27,10070556.64
168532,22869.0,2353075.08
168533,18745.65,1891041.42
168534,73371.08,351550.4
168535,241739.31,16189126.06
168536,1219302.68,68017415.67
168537,620016.18,49359572.89
168538,538823.3,11197326.39
168539,373883.97,21133293.83
168540,31414.06,705566.76
168541,87352.07,5353928.93
168542,1371158.43,19307706.57
168543,445092.38,8646016.46
168544,29969728.09,83822290.87
168545,14761.97,9429365.53
168546,115502.23,7420429.37
168547,58462.26,3323942.53
168548,2162.01,268716.86
178601,466309.58,902748.26
178602,16383.16,1798825.78
178603,0.0,669923.0
178604,0.0,100626.45
178605,0.0,17000.0
178606,397101.41,236886.0
178607,158685.36,2614660.29
178608,10436.0,204865.88
178609,58130.65,3485142.7
178701,234476.0,128447191.92
178702,64061.0,110646799.92
178703,1585232.83,484530362.14
178704,1323326.0,411282421.77
178705,1921313.0,18076221.09
178706,20000.0,39242502.11
178707,4197.11,21733762.57
178708,2247337.11,93210280.13
178709,3480.0,131451.95
178711,248107.4,68729445.48
178712,125006.76,3269908.61
178713,0.0,896875.02
178714,802971.13,21866627.99
178715,3786.0,4427910.28
178716,933708.51,15346408.24
178801,0.0,6680.0
178802,44550.02,12817410.0
178803,1191085.08,6418579.52
178804,0.0,59441.0
178901,0.0,4754133.57
178902,702817.0,233177.0
178903,27348.27,812588.63
178904,82204.0,38225.0
178907,52273.0,2157290.17
178908,0.0,151605.31
189001,68561.69,5679915.51
189002,0.0,886956.03
189003,53280.28,3687588.72
189004,139698.15,5662887.35
189005,44807.0,242787.84
189006,53330.98,1383543.98
189007,4214.0,256132.57
189008,3143.0,93020.49
189009,11170.0,15249291.58
189010,106280.0,3558164.64
189011,7248.0,2191264.74
189012,50000.0,806945.96
189013,534857.0,566871.5
189014,332904.33,8347740.35
189015,1339385.93,15908649.54
189016,14140.0,787196.89
189017,789105.55,3486050.66
189018,1092184.35,104246332.83
189019,206903.53,7362058.69
189020,2570.3,2415501.74
189021,111612.14,9634881.49
189022,1095933.9,22715914.55
189023,90394.6,6606287.41
189024,321020.0,2776502.98
189025,95390.46,6389436.63
189026,231209.62,19339332.66
189027,818727.04,30632274.81
189028,544997.69,13209988.39
189029,21536.0,2232489.91
189030,243574.0,11504157.98
189031,897153.7,27337160.3
189032,445523.17,20454216.82
189033,20460.41,619157.34
189101,62873.81,154646.79
189102,445003.13,8319112.85
189103,26354.69,361351.39
189104,0.0,73984.05
189105,52707.4,1314806.06
189106,12339.0,491747.68
189107,0.0,622652.63
189109,1684.0,14785.0
189110,0.0,17026.0
189111,8196.0,23869.0
189112,1574.0,4380.97
189113,15507.0,69239.5
189114,17078.0,16549.6
189201,0.0,238013.27
189202,8815.0,564981.4
189204,0.0,11718.0
189205,587854.5,959504.13
189206,356025.96,825600.06
189207,4091.0,4602517.2
189208,13789.33,97176.67
189209,80985.51,1129002.3
199301,10616.0,0.0
199302,286402.0,1500553.47
199303,92168.0,290326.15
199304,0.0,59785.66
199305,26551.0,21693.38
199306,8389470.0,2248425.18
199307,0.0,23620.0
209401,6015463.13,18947188.28
209402,64662.03,4508797.45
209403,21467810.54,32458027.45
209404,1848506.9,8479900.71
209405,2675212.67,22469867.3
209406,748295.18,5871586.62
209501,3630.0,294016.88
209502,63822.0,329144.0
209503,877056.08,5939417.91
209504,1927128.13,42882381.71
209505,610943.21,6415278.41
209506,2767408.67,11056303.56
209507,3877.63,316450.61
209508,12348.96,659047.3
209601,73520.53,46571.07
209602,1460211.23,2182145.82
209603,172631.13,11046249.98
209604,2696.0,61677.73
209605,8896.12,173654.55
209606,237661.19,4381238.1
209607,7808249.79,2562108.83
209608,13532600.55,10450705.62
209609,780697.49,7666402.87
209610,111904.16,146981.75
209611,1150.0,542144.29
209612,14330.26,3026036.28
209613,0.0,471993.06
209614,8029.9,15046.0
209615,179369.83,2532192.18
209616,303468.69,2890449.47
209617,62708.11,2640233.87
209618,279527.32,177102.45
219701,2277469.82,144198.27
219702,1995.0,0.0
219703,128930.44,79953.43
219704,12643.0,0.0
219705,345574.84,0.0
219706,1161402.0,4797.47
