010101,57460672.78,18779113.86
010102,363780409.39,63206003.58
010103,88558773.48,261317809.96
010104,6592267.19,1708357.51
010105,111189158.95,42971540.63
010106,13056795.09,13069097.75
010201,825002394.7,642605536.08
010202,320940595.19,112111017.36
010203,607185618.39,1419464345.65
010204,22723641.02,36529112.89
010205,686102.82,759545.01
010206,59410937.93,48015261.36
010207,235902040.99,915776840.68
010208,27732470.11,78828111.35
010209,9353480.39,16067553.99
010210,69249507.76,156871383.9
010301,9477999.8,62959459.5
010302,130631139.41,376738359.14
010303,61244485.58,99351160.0
010304,217426160.09,679451886.51
010305,68437341.46,185911593.6
010306,67056511.33,147206722.68
010307,17842390.82,52724266.52
010401,1026554411.67,281830072.02
010402,1104016145.88,210889618.99
010403,424646506.24,68722936.99
010404,135005081.49,73821662.13
010405,140624587.0,477363673.31
010406,1520613160.9,2164892818.18
010407,79084202.54,255274060.34
010408,23396166.96,51757542.16
010409,40180095.74,84276245.97
010410,590878.06,960553.78
010501,158381.31,233418.77
010502,4859785.82,10264504.54
010503,1436838.44,1885246.78
010504,193962351.07,322570184.93
010505,33071091.8,74474232.81
010506,9531068.22,12899823.81
010507,2026274.78,1685510.76
010508,568419.85,1829421.15
010509,1071227.78,955134.19
010510,4899677.28,5465234.85
010511,61854888.08,73057497.63
020601,8193098.74,85317338.02
020602,177213417.9,867798336.45
020603,23168498.14,913249740.92
020604,24364244.18,150418113.29
020701,154800346.79,186307065.21
020702,13101592.64,656320282.71
020703,16019815.51,138264543.43
020704,19992163.09,168863756.18
020705,16717563.66,278287131.03
020706,10066975.99,140274886.5
020707,14731560.88,298554272.54
020708,4738007.79,21633249.48
020709,39422576.06,793895547.39
020710,59779432.2,317920031.14
020711,5073915.14,24843185.25
020712,64648077.06,112990981.39
020713,22583915.86,52589762.77
020714,7234989.09,5397234.56
020801,8469552.13,23683968.26
020802,89292240.12,555240571.81
020803,89099284.75,303670572.26
020804,16742911.79,127977326.61
020805,38883943.4,582287432.47
020806,26298658.54,356252416.28
020807,7124248.91,122232734.17
020808,51173166.35,461168420.54
020809,17662859.18,399310923.77
020810,31478514.37,393050890.48
020811,43941354.18,308165891.7
020812,1105158.42,7262432.96
020813,29675354.48,76068309.07
020814,1381381.74,2164123.68
020901,508717058.6,1286376152.38
020902,81613943.36,60286605.76
020903,474341.4,452506.8
020904,33868836.45,130202739.66
020905,5573435.02,2429136.98
020906,1105148.16,2262274.26
020907,477568.46,648299.46
020908,3369739.73,7945321.37
020909,4815209.49,9268800.35
020910,31913271.75,23372312.79
021001,909657345.85,213806459.74
021002,114950120.52,5901557.43
021003,306642012.36,102739773.93
021004,6510542.18,6076434.02
021005,101781819.18,232024213.09
021006,44316985.13,107292351.01
021007,89278.02,1297611.66
021008,20017183.13,12390024.72
021101,140821788.79,12074312.09
021102,13229975.23,4844031.0
021103,20162187.0,20609160.37
021104,24829656.68,31727834.46
021105,35616448.47,13832575.21
021106,5793776.03,20967796.78
021107,150844068.62,101622485.09
021108,164347630.6,55025139.33
021109,49347177.8,15027783.97
021201,4811419.9,695018278.57
021202,5678868.57,31865857.44
021203,429747.37,9455.0
021204,17953502.42,22956605.7
021205,223426722.27,276323627.5
021206,10246735.94,113258437.2
021207,12950444.05,44521866.99
021208,9194170.75,5372492.52
021209,212758163.66,184804413.09
021210,94199306.06,20622887.38
021211,55991784.8,100653141.91
021212,9680459.92,17953954.75
021213,13724316.34,2010121.13
021214,7746558.68,15372454.89
021301,18866185.38,14873112.92
021302,288985411.14,217496414.15
021401,2398589.61,11279162.54
021402,147552.56,75009.24
021403,597833.66,531043.79
021404,21270960.56,14566745.66
031501,38894557.7,6527211.61
031502,50653123.7,13018296.43
031503,1295099.7,1262182.74
031504,5889050.27,7541317.75
031505,6920562.25,11682983.21
031506,12076116.05,8324049.74
031507,230115809.09,33371357.75
031508,1323713.96,11623939.59
031509,7355349.34,109603402.47
031510,8326319.81,1188591.79
031511,44577490.42,66008308.92
031512,39121413.09,99951357.26
031513,28607984.6,176844101.56
031514,387727577.19,31820792.09
031515,75799385.28,72766106.9
031516,181454350.96,60797179.95
031517,122629091.44,56543316.81
031518,58582058.66,35163080.27
031519,329775516.03,239794989.8
031520,95727820.42,40687706.96
031521,9913149.28,13405813.95
031522,2520729.76,3515795.99
041601,178352398.21,174369567.89
041602,201541013.97,436970708.85
041603,2077455.81,15373386.22
041604,307137435.64,341284549.54
041605,29933761.77,167964565.6
041701,485600194.38,180010566.09
041702,256692158.34,218460214.32
041703,14941477.4,10306510.53
041704,376060977.69,324903993.34
041801,16221848.61,211797983.8
041802,282027.35,367011.37
041803,44928853.83,35999557.1
041804,16368509.59,303289818.25
041805,23887336.53,42097294.98
041806,1072514720.79,821653787.36
041901,533045367.11,237149728.04
041902,64515957.26,308019641.34
041903,655018.64,324827.24
041904,195054027.01,119894276.92
041905,985633028.68,854277967.06
042001,60443598.51,87942318.85
042002,24835307.69,202456559.39
042003,18276100.35,190714859.92
042004,76579181.43,225709047.05
042005,123993058.49,454132355.23
042006,2198990.07,13927261.19
042007,61035797.92,105843788.86
042008,278168908.74,556944280.0
042009,546227720.97,714300860.68
042101,315234431.49,128501987.49
042102,24182618.81,42150547.49
042103,214491368.43,175365998.58
042104,72317768.29,57010721.13
042105,211900197.27,108783407.44
042106,714508676.17,1012565080.13
042201,28344776.08,147834283.19
042202,308689846.33,307015251.73
042203,596508368.03,169791426.36
042204,451902555.9,2179813106.56
042205,14590263.67,36388024.62
042206,22513183.99,15790739.56
042207,31141394.54,70991503.14
042208,336702966.75,719591840.74
042209,11949218.53,19626137.58
042301,139047707.41,95075459.28
042302,22633871.08,17401409.67
042303,37006546.51,53423612.45
042304,233874676.55,218570431.13
042305,60600.26,525332.76
042306,147338431.1,60211821.44
042307,3759652.02,173094.23
042308,8406348.33,46798667.89
042309,672935122.91,782957462.02
042401,167569945.76,679101752.76
042402,1413586169.84,517935512.4
042403,107327430.13,184502456.44
052501,100733038.27,65773538.04
052502,334633.19,5340882.39
052503,51202229.02,1289198.83
052504,10127355.84,7663361.33
052505,90105094.66,53305920.73
052506,11516704.21,7761268.04
052507,45782136.97,105302516.9
052508,141254218.28,65874027.4
052509,10430869.95,14731984.3
052510,1377534.04,6895050.64
052511,6011116.59,13647318.53
052512,5277371.63,8911192.76
052513,6610650.47,7745076.47
052514,1762312.67,4720699.12
052515,4568016.52,9996386.98
052516,17516421.38,76720964.44
052517,157248399.1,215081660.98
052518,9881590.04,10416402.53
052519,21591107.18,81277283.67
052520,74031285.97,14133868.76
052521,2078735.04,6532005.79
052522,40451288.72,44221162.78
052523,231210225.04,254883523.34
052524,806011.01,120192.41
052525,2726842.69,8888386.38
052526,3861583.66,56270928.52
052527,531081.16,1153.0
052528,628212.31,5143110.58
052529,10208004.97,37080642.62
052530,136308106.69,78330235.61
052601,1136850.59,721085640.07
052602,419660.73,703171.91
052603,7305356.55,250616756.75
052604,328862.13,50499.41
052605,1602341.14,101226.35
052606,9050834.5,31747327.56
052607,4568545.13,38858669.92
052608,17738181.45,85938530.19
052609,119696.72,852687.0
052610,2715539.82,3680456.65
052611,40916.75,596080.96
052613,3081756.52,32961010.76
052614,1625954.83,60701016.06
052615,17700479.69,74017065.0
052616,914088.64,612174.0
052617,661257.1,24579937.24
052618,10601788.61,2939192.96
052619,6009971.12,5959291.14
052620,80949853.26,167012039.96
052621,18786582.91,14274781.99
052701,67637786.33,687563578.3
052702,31652879.96,47700289.89
052703,157641268.75,22098972.51
052704,20621960.28,280953727.01
052705,438425.86,1290.0
052706,5938310.18,15853404.0
052707,127967334.11,179462949.79
052708,53361455.17,13488525.42
052709,136827073.3,746815652.24
052710,2967054296.37,5553058082.39
052711,1533791318.71,9930878230.2
052712,190270663.65,197793395.81
052713,157268621.27,173754427.37
052714,5918765.26,6124035.82
052715,31088427.83,11940465.48
052716,781777907.82,944795784.49
062801,11929287.49,28712991.21
062802,3376166.47,2785891.31
062803,134066205.82,82448055.8
062804,242330997.0,192277577.6
062805,17587178.08,35879551.93
062806,17456866.24,3448462.73
062807,29845130.8,7248173.08
062808,11288784.89,7722523.4
062809,26295051.19,52954210.49
062810,2730231.57,10474209.99
062811,385166724.04,117542134.49
062812,114789351.7,16375817.23
062813,16411444.5,2840540.55
062814,45268637.01,19660653.21
062815,211065991.62,70114969.58
062816,10534026.06,2638783.12
062817,65046872.46,22692769.01
062818,309416877.59,258900103.32
062819,36115228.21,18825128.64
062820,5375079.07,7797817.48
062821,332183305.57,39846773.93
062822,6162982.46,11466122.46
062823,136815285.23,38784409.84
062824,16689168.56,16792234.18
062825,191076397.94,84382933.75
062826,119726197.81,18269084.05
062827,149934725.19,55916912.87
062828,5273508.41,9553513.57
062829,4755232.73,4522332.6
062830,19199504.7,5279723.08
062831,46391482.84,1477316.99
062832,46972169.52,2557057.93
062833,208918127.51,41227212.09
062834,44156946.28,15816467.87
062835,175550917.67,77323116.44
062836,414456839.61,111043137.0
062837,60399623.26,4551559.0
062838,10261135.85,421150.02
062839,45324380.58,21299955.39
062840,97064148.56,35742327.2
062841,69494540.87,43071627.9
062842,26015903.22,20517617.78
062843,187005367.55,440034392.14
062844,161348444.43,340504037.35
062845,5469838.11,11037117.79
062846,5483969.17,30971456.9
062847,60216338.75,17763631.44
062848,4059028.8,3384854.58
062849,196273271.5,99201163.25
062850,59966715.72,63771598.0
062851,48699999.69,5294094.75
062901,290311437.15,399392063.2
062902,514000155.59,374676491.81
062903,406534989.4,232910688.4
062904,62224259.96,81323531.62
062905,1254000999.12,352252638.44
062906,124756939.78,58369003.79
062907,485742919.26,211545878.94
062908,21641731.65,22630968.03
062909,341061665.77,164990022.32
062910,416555065.11,159221572.46
062911,7397690.66,3397644.92
062912,188026817.18,82665521.33
062913,9736441.81,3960293.73
062914,333004982.67,253070532.86
062915,659355107.57,326674551.7
062916,569461268.13,323042220.08
062917,698826715.7,336690054.44
062918,202792781.13,301168119.95
062919,64668870.55,18859728.61
062920,146515138.34,31116206.81
062921,763747394.25,519181131.23
062922,650298347.84,1133059555.83
062923,128955418.59,70023250.56
062924,502127643.34,426264433.52
062925,143825673.57,38321549.74
062926,184471417.96,132161033.56
062927,35320452.71,16450952.57
062928,28678194.57,71268400.95
062929,516458465.89,161502398.56
062930,586480605.05,417288497.88
062931,448536652.93,138210071.16
062932,259242281.91,181906626.85
062933,2055311434.72,6493723741.44
062934,1105740877.43,282780834.31
062935,198401870.66,69736095.88
062936,801735446.27,438323526.25
062937,437440029.51,95978900.13
062938,23267845.9,21543057.0
062939,503566719.16,53400178.47
062940,54945630.85,30898664.67
062941,130417796.67,308725173.2
062942,35353754.59,10578747.42
063001,47280007.47,97858891.22
063002,1311469717.23,1376888434.9
063003,471116448.67,256949101.76
063004,10409352906.5,5517583359.94
063005,259677674.64,351861370.77
063006,1124868376.87,345963579.05
063101,6443957.56,7069513.9
063102,266465711.16,320323593.56
063103,10585705.36,29057597.07
063104,873930053.09,14516643.35
063105,262269952.51,262859757.17
063201,3459002.99,5559411.21
063202,127697409.35,10437179.82
063203,22054053.89,27364919.53
063204,2417234126.41,763583676.94
063205,14164858.01,4666060.16
063206,1094142643.54,437876485.27
063207,195260558.2,99785618.76
063208,1060157858.16,278365993.91
063209,431436992.74,115123537.15
063210,66428474.13,19961701.33
063211,6001054.91,8964263.82
063212,258699335.77,73884421.41
063213,22449056.99,18185101.46
063214,571235944.66,201970893.01
063215,886600890.88,310644041.45
063301,41310454.55,91313313.19
063302,639361442.13,326971376.06
063303,452094618.57,492725321.42
063304,740051857.61,704215460.93
063305,464850299.76,189553769.15
063306,153111785.28,148342100.14
063307,437808772.87,361947284.83
063401,214363135.31,80155227.32
063402,1565175563.72,776492805.46
063403,515212762.18,148292002.23
063404,208503237.53,67353193.37
063405,95029316.1,51548802.67
063406,126737724.76,185289130.71
063407,75319402.49,10455067.74
063501,106334439.65,140703231.42
063502,27364889.38,20593449.49
063503,128999030.81,94727008.15
063504,44096618.59,60583522.39
063505,175799167.24,134337841.89
063506,588042897.72,230712529.31
063507,196086428.13,197116724.47
063601,5632995.95,6688554.88
063602,25959747.25,9934024.67
063603,39206328.0,50294613.97
063604,43663180.81,81716837.68
063605,5390623.8,9102047.41
063606,11793316.11,12616985.15
063701,504999403.25,353149077.32
063702,552602203.72,479732770.17
063703,755195583.71,211071366.96
063704,6126720.88,8576627.43
063705,57672974.31,39777004.81
063706,3539090.9,12707693.95
063707,380730327.08,392056829.57
063801,68159447.67,54322142.58
063802,75487014.69,70000138.31
063803,1839343.49,3044515.84
063804,14004686.39,11888774.51
063805,3864417.39,4270927.55
063806,38506676.69,103115114.38
063807,2099151.52,681324.47
063808,1838034877.41,715903565.8
063809,479131096.03,137895067.73
063810,71370400.74,25952037.69
063811,344490853.81,233332792.66
063812,433014909.26,157135961.75
063813,20320297.08,2786374.45
063814,78405460.58,25772181.07
063815,736425650.77,373326195.86
063816,185363940.25,47918622.58
063817,32637270.9,53958779.51
063818,586891033.3,194217631.01
063819,46790506.54,17084443.75
063820,68928100.44,22680567.39
063821,48096429.82,47982421.12
063822,936786556.01,728382355.85
063823,2398719398.84,923086815.57
073901,1387873488.55,1360403357.55
073902,918041108.83,813739491.21
073903,1099329999.37,618316237.5
073904,934135244.56,608060559.14
073905,587257164.93,184663446.13
073906,1012161805.15,418573377.78
073907,2657329937.65,1350032948.9
073908,907025864.29,632841454.08
073909,925860872.92,452196551.47
073910,626136460.29,157103234.91
073911,929104447.78,155922936.82
073912,361724065.66,185815163.8
073913,54362408.84,59272172.11
073914,285272377.24,40209289.38
073915,92825194.02,23642303.71
073916,783097648.21,136483205.34
073917,1224209576.09,657116954.4
073918,191111361.3,185454144.17
073919,806759282.22,463312624.57
073920,2645535761.74,1435343990.65
073921,1339729555.59,778162015.01
073922,246132897.09,344592878.57
073923,1785643302.02,1029755038.52
073924,239659722.41,466223237.4
073925,564914911.09,475752805.1
073926,2768471980.35,1960036572.13
074001,28029854.16,154733007.5
074002,668298686.5,543622247.69
074003,3339674.77,1816241.12
074004,9641178.45,8787234.37
074005,391478417.55,217281671.58
074006,28456415.01,26944887.95
074007,4171019.06,3234023.22
074008,317811677.93,235436440.2
074009,462400898.64,368223606.47
074010,297022412.24,155893344.2
074011,2112417184.2,2427468653.73
074012,134260957.78,98428291.87
074013,11285084.44,24647467.93
074014,42956827.91,34717169.57
074015,37270962.92,147493408.68
074016,1318099433.61,1116024909.86
074017,11283747.95,15535578.19
084101,224079293.5,124628037.78
084102,3917886.63,3475149.37
084103,1076453.22,2708470.02
084104,570205412.01,552594697.0
084105,21747925.71,32707202.61
084106,30449597.15,31597523.78
084107,22596575.56,24010440.06
084108,1580008.32,8958858.61
084109,8540765.29,16948326.99
084110,4109904.17,3519568.95
084111,40602321.96,1601274.79
084201,49525062.03,39070016.87
084202,296299841.47,911931182.64
084203,196509847.61,737099310.73
084204,3141039.67,1709045.2
084205,53508142.74,93299355.13
084206,1325274.44,3421059.0
084301,30771424.87,44718867.87
084302,81923633.62,92147978.01
084303,47846293.71,119407701.87
084304,1883579.85,5172089.83
094401,114840611.85,34421633.64
094402,2920113.44,27316374.75
094403,433745991.39,292464120.27
094404,7388127.77,9939712.18
094405,9921562.21,390010.76
094406,8156195.49,6049035.14
094407,680296078.74,1311685884.95
094408,310372336.65,284938549.89
094409,106801640.44,179311779.5
094410,450438556.36,384031948.42
094411,593302421.63,227042294.47
094412,142321939.94,566811004.57
094413,22095638.19,23724946.7
094414,9863762.08,52304282.93
094415,129053055.45,259629559.16
094416,2501060.46,2684147.96
094417,11128106.3,24151987.49
094418,437103092.07,1015541444.82
094419,8960831.86,31533634.2
094420,30689130.94,93118943.38
094421,139966686.51,416510526.56
094501,820931.01,2870084.75
094502,208301.37,20328.56
094503,16690928.26,55560738.5
094504,21477142.78,85296755.14
094601,2686546.07,7450563.83
094602,9979635.65,58378089.1
104701,3010741.82,8052754.71
104702,6919158.43,90865246.17
104703,58516412.03,1256472226.15
104704,114387800.25,102607743.15
104705,840094.58,41228694.66
104706,52694559.52,38701309.45
104707,234775376.24,126944439.28
104801,328214153.34,773581847.09
104802,1230183593.99,1378051561.71
104803,120694694.66,157884879.99
104804,247047640.93,648376010.63
104805,766833295.91,458378472.78
104806,68559041.69,74952388.59
104807,60001988.69,60610987.63
104808,115543221.42,51849201.77
104809,270584612.13,73723580.32
104810,2773628084.8,2284533825.94
104811,1415062939.2,633515803.14
104812,39118426.95,2315580.09
104813,143692382.61,76679231.52
104814,180714508.87,46033071.52
104815,2098762.86,70930.0
104816,97065844.06,21505538.97
104817,125411135.94,56565229.59
104818,1363896948.82,861981360.23
104819,1343745947.55,574994409.43
104820,160506808.99,169504920.18
104821,274605867.52,90764163.26
104822,52211427.86,14848679.32
104823,651973683.6,632646903.43
104901,1048338660.43,678173588.42
104902,781466745.08,341906926.39
104903,12957832.7,16323608.9
104904,14570079.58,9019460.79
104905,16137218.47,16032244.07
104906,48726688.51,12306981.6
104907,100453427.38,13773839.12
104908,91368180.11,34092264.56
104909,40353343.88,46909446.87
104910,51909286.99,24768006.04
104911,1268889909.04,649900058.54
115001,136018.0,0.0
115002,21705492.37,19886187.14
115003,6164386.58,7714503.74
115004,9712398.42,20115588.28
115005,5444841.0,5391657.58
115006,1132063.35,673638.47
115007,45072766.7,76205701.2
115101,23361068.39,86111062.13
115102,18526769.45,25283110.33
115103,8935049.18,7199742.87
115104,88567.27,421290.0
115105,166235203.32,93049625.94
115106,13500734.55,24389443.55
115107,210138586.3,166572345.42
115108,1732314.6,10177730.44
115109,6821675.2,20153971.83
115110,493968.7,80215.88
115111,140590617.19,189777021.23
115112,357091354.09,304734354.29
115113,2035159.37,1199858.66
115201,19598197.28,34215264.26
115202,19204544.89,28199511.83
115203,2113033.15,2579850.0
115204,9420104.98,6301358.03
115205,225288666.08,306629756.13
115206,17092687.12,22528265.34
115207,13788649.72,24576109.63
115208,460829461.81,430529504.46
115209,440771856.49,277734125.04
115210,119305105.35,85405580.42
115211,97269251.29,95693650.6
115212,24776764.17,21556873.47
115301,1338505.0,8625010.46
115302,521994.6,544697.31
115303,1317988.56,1266602.99
115304,664990.88,1319720.79
115305,1283668.15,1005250.24
115306,8621867.46,7994188.11
115307,832792.13,4907454.27
115308,4819669.27,2845092.97
115309,69080524.54,86781674.15
115310,6164915.01,8632490.84
115311,3174299.31,1761747.88
115401,162501912.09,33821558.52
115402,1345894239.39,657776075.04
115403,251539538.88,147560500.22
115404,281364952.34,80182562.0
115405,3509702.12,9075418.63
115406,4287331.34,1462715.7
115407,594434758.14,571337951.85
115408,332154400.42,202003352.76
115501,118874277.25,7212340.35
115502,263913363.02,39350813.92
115503,408616999.69,333707366.83
115504,297079067.08,54481504.63
115505,20264185.47,23400732.47
115506,25502636.69,11285938.48
115507,22565234.67,321480.41
115508,44573764.75,15555154.81
115509,217233373.63,225338902.26
115510,60453253.61,38102183.43
115511,5559315.81,12105246.91
115512,196246475.08,146834323.63
115513,56712502.98,55848448.11
115514,94332173.24,59444657.45
115515,297992824.81,200659866.46
115516,367634382.77,252772884.97
115601,142292910.33,114363371.3
115602,124342535.42,50383580.26
115603,717692364.89,469252762.51
115604,146650594.23,12642887.9
115605,14521499.14,7635485.32
115606,53068274.9,48812497.18
115607,38205289.28,46293140.19
115608,17508173.98,15194962.49
115609,14099267.57,7705895.56
115701,72867218.2,495415755.7
115702,59064495.03,172132073.58
115703,239556856.79,637099834.52
115704,40176644.34,94702843.97
115705,22395252.98,37652360.01
115801,198794640.53,95494858.79
115802,16620193.34,3365639.16
115803,1658418.74,1007550.66
115804,19118574.94,21748260.69
115805,1445581.52,4909689.25
115806,184093653.57,85744472.92
115807,69049745.72,13579073.9
115808,23373806.81,10624513.65
115809,1474806.55,3151849.99
115810,31817929.67,66057326.72
115811,24286835.05,2707946.17
115901,19974579.09,7031495.97
115902,41271917.0,99746603.65
115903,549042712.43,271196173.71
115904,85662744.16,21471051.98
115905,5319473.0,2273299.47
115906,193853044.62,104749969.13
115907,64626693.02,83922718.8
115908,10374281.51,2086630.26
115909,9959547.56,7331707.0
115910,40486027.72,10499603.81
115911,413571241.91,200407369.41
116001,181962977.55,117651418.58
116002,739604693.51,415257310.14
116101,10086471.53,30994524.87
116102,20375723.39,50477692.32
116103,30465249.53,101556499.49
116104,223512217.71,800331467.26
116105,55946206.5,233518568.47
116106,66665536.69,313993928.96
116107,78277190.07,287835303.89
116108,172123880.87,551746177.37
116109,360206504.4,1703727131.84
116110,770247782.82,3094768427.55
116111,39844288.6,180334894.82
116112,92745273.09,236853359.61
116113,12172710.4,39831857.69
116114,38216501.25,132891088.2
116115,209065613.87,689365839.75
116116,24216506.8,80682914.5
116117,63144127.16,54142636.86
116201,228651390.82,616624165.03
116202,328401682.07,771050987.86
116203,996196112.87,2716830103.39
116204,1642651519.24,3467838655.23
116205,214952493.41,891305205.3
116206,386916070.27,1015479481.93
116207,12910606.96,51239977.75
116208,36950737.93,140291850.2
116209,14712849.36,65003536.07
116210,116723543.0,385254763.99
116211,120193731.79,432842002.79
116212,150338425.69,406417132.16
116213,5480121.83,16353191.94
116214,68362958.43,132429527.49
116215,31746767.47,75471727.38
116216,15133797.55,39435696.1
116217,105399301.58,44867034.6
116301,41542608.46,63505535.85
116302,180374381.77,804156139.78
116303,80759827.47,157087178.16
116304,30336399.2,99773809.05
116305,39573131.41,103142500.06
116306,67381942.4,126172998.82
116307,273049622.48,302889284.15
116308,5017606.83,11514931.68
116309,175706466.02,16851858.28
116310,22789765.64,12455300.03
126401,11490406.28,49257650.77
126402,103019715.59,403656297.69
126403,869057468.49,3128653884.73
126404,107430326.46,459021483.39
126405,21844000.56,126677452.71
126406,195450365.18,411204770.07
126501,664091.93,1636744.5
126502,109576.83,242321.19
126503,3788106.82,7695796.41
126504,1388874.26,5551448.75
126505,34500198.57,120579191.8
126506,37416476.28,86912473.53
126507,3659003.79,2938676.6
126601,25664544.08,118126146.67
126602,3144044.23,1527372.8
126603,7409814.99,7923003.34
126701,1631330.35,5957913.16
126702,20797319.07,120602467.76
126703,706101.89,2005360.67
126704,9794283.13,19523210.25
136801,16071768.89,82893130.76
136802,51832348.08,494021575.93
136803,8754940.52,82710356.85
136804,258779554.37,183216144.0
136805,382552814.43,214711177.63
136806,214508615.61,227907584.87
136807,90824766.44,55951440.55
136808,18944038.13,15954877.95
136809,138557726.68,56584334.58
136810,190054797.91,271486368.41
136811,20726883.88,19023907.93
136812,13920925.52,3130639.58
136813,122423901.52,72260406.62
136814,3954782.85,13912727.9
136815,245332453.6,158457335.61
136901,5936243.55,5634694.92
136902,414931463.58,132264705.96
136903,226880847.14,72635795.83
136904,36552852.15,103585882.02
136905,64611698.72,43522460.9
136906,17928325.87,65658830.11
136907,64529716.8,247638601.37
136908,171212132.47,767625671.41
136909,254354539.79,100475362.29
136910,146264384.83,211626314.82
136911,329169563.09,172633878.47
136912,38167112.61,92844853.42
136913,102255732.33,181467902.52
136914,57414034.02,53372945.74
137001,14257839.89,12879694.1
137002,333729101.55,57830122.49
137003,45878510.39,33371371.37
137004,31129872.83,6565500.31
137005,325045194.54,168057744.77
137006,57678152.13,70838910.69
137007,356919258.39,545654199.89
137008,78518149.07,20361303.19
137009,187372368.18,187020565.75
137010,442374177.61,163155313.42
137011,301482015.99,34593152.38
137012,2360914.6,13965009.81
137013,417543465.73,432847317.06
137014,60011856.4,33528123.81
137015,38453192.79,5884854.99
137016,44533732.52,24396120.27
137017,96594717.93,34366154.86
137018,24602269.88,35800270.55
137019,637351484.65,679084228.76
137020,96461910.51,61146299.32
147101,53836386.16,92510161.78
147102,122081599.51,305163801.93
147103,114665353.07,69786268.97
147104,26934102.28,47557663.35
147105,27833278.42,53884807.27
147106,428238622.6,269564074.2
147107,11943628.81,539900.04
147108,608508380.07,904857402.12
147109,5057984.24,822827.71
147110,651918219.28,792803254.18
147111,3334767.94,383422.07
147112,66084080.27,535504078.75
147113,478159788.33,652180930.6
147114,24245046.69,16663903.14
147115,89049326.82,48132485.0
147116,21123669.73,24712720.84
147117,67125595.68,187137936.45
147118,9064877.02,15502617.54
157201,17827628.59,66870520.17
157202,203847441.03,542085377.36
157203,1035525.65,1316765.89
157204,859051082.78,323188430.8
157205,90418506.08,91502004.96
157206,12181757.15,8177390.42
157207,388713469.62,207026200.92
157208,1075440803.88,975650624.17
157209,658514042.6,396887303.09
157210,1505353006.15,1359722388.61
157211,521344308.53,319653677.6
157212,341550917.87,343235147.53
157213,584756598.88,290226609.85
157214,220483012.02,459013065.39
157215,114302017.09,143497939.86
157216,711427507.24,542043024.98
157217,202504903.27,245119547.59
157218,49039622.94,335877160.09
157219,1217101218.64,787057365.03
157220,298680097.0,239801221.14
157221,11632662.74,61700697.32
157222,193638071.3,262550573.28
157223,67650451.87,98094875.77
157224,169755837.95,90153109.98
157225,670151452.74,259492016.58
157226,304160351.21,119108265.46
157227,84594408.0,101039151.15
157228,390033576.38,443414483.77
157229,48052605.52,84625459.37
157301,54883964.48,61338610.62
157302,128865210.99,129171995.79
157303,185151451.99,40592125.69
157304,1041199685.27,396179075.11
157305,621723054.01,33239464.74
157306,665378475.92,944218935.97
157307,666797272.18,403592257.8
157308,1549374477.66,1284895388.15
157309,146111813.45,132094206.2
157310,336469807.07,234758533.94
157311,80642175.3,64764196.77
157312,185474427.52,135466406.64
157313,1981948.04,1044471.45
157314,215857960.73,217208826.64
157315,266194640.22,110781223.85
157316,5451353.88,3913256.81
157317,68255675.28,68718708.19
157318,1549954112.29,1099355403.12
157319,14514734.2,7997038.03
157320,465780873.26,179144014.66
157321,95773641.18,204588342.75
157322,204132958.55,374191168.52
157323,247131811.77,389035145.96
157324,161658475.25,76417060.79
157325,231769060.5,405518415.33
157326,1646010106.18,1496960173.68
157401,1872697.19,885871.71
157402,3359870.57,42825917.28
157403,292466685.33,771912036.12
157404,328066076.81,520136900.54
157405,7991412.22,17373308.88
157406,47308821.08,9049090.07
157407,269128265.67,201083368.03
157408,635162835.54,357937015.73
157409,807386387.73,226507812.03
157410,198394061.19,135677469.4
157411,442184763.53,141806780.22
157412,202510683.42,152123377.54
157413,83801843.2,17544313.21
157414,9582699.11,1547703.44
157415,58631368.86,45680331.59
157416,7869940.76,2364094.35
157417,1930953.02,1661078.57
157418,51854062.26,15418745.84
157419,198729252.09,116272383.2
157501,594287.69,47201631.68
157502,97700549.43,285549273.14
157503,29142862.58,23624526.9
157504,9362620.91,21256994.98
157505,88688121.06,67267237.6
157506,123403667.41,34615953.96
157507,24159740.04,9853822.95
157508,20969609.63,30623843.85
157601,555630927.24,1756686129.63
157602,574868736.61,347786073.44
157603,34231565.77,41595435.44
157604,662262174.77,870109120.85
157605,32153694.21,130638910.49
157606,1942710081.62,983473726.49
157607,982611110.33,433644989.71
157608,95491254.58,145347936.95
157609,30777864.16,20056603.66
157610,582686401.18,444088069.2
157611,16999089.41,9444670.07
157612,325237300.52,137423752.15
157613,4883616.41,20235502.99
157614,11850313.19,17098249.87
157615,60556141.54,125559183.55
157616,463079492.84,818097034.22
157801,67286521.7,85241852.66
157802,7021771.48,3194770.24
157803,5353469.76,1596566.46
157804,32366300.93,5389261.65
157805,528538.12,9503.65
157806,14690112.69,5722949.09
157901,140671864.18,377456998.86
157902,35537803.26,9487209.96
157903,14699491.31,9792997.4
157904,18520584.94,1783972.6
157905,139148724.77,88851920.54
157906,8184179.94,6837755.95
157907,48508449.39,37837104.94
158001,11324871.16,96690790.66
158002,1800295.66,1137500.66
158003,17407540.21,3783492.18
158004,1683408.91,502689.39
158005,2997016.58,3499373.62
158006,678437.46,4354.0
158007,7691734.92,6522278.35
158101,48710928.72,53581238.98
158102,40161906.8,45963163.36
158103,140410751.44,60283229.84
158104,36737836.45,104613214.25
158105,51279737.24,54530182.98
158106,1693390.38,12191144.59
158107,336098.43,160356.84
158108,74131640.46,161485962.9
158109,25363835.91,25362332.65
158110,797541.59,1760478.43
158111,15539875.0,21829709.03
158112,48595702.47,39697922.25
158113,16237527.36,30622160.73
158201,56835398.55,50305190.66
158202,249646124.8,136744310.96
158203,142245833.98,84308811.65
158204,102289983.11,75109280.05
158205,366114505.67,207739544.08
158206,62659796.24,36259895.03
158207,1510661879.39,809702471.25
158208,248647515.63,88604667.16
158209,291980919.08,297402825.33
158210,22349277.39,23928623.18
158211,124183762.83,122470302.11
158212,382555268.3,154013059.68
158213,50662100.31,30029407.65
158214,74595116.55,28643644.9
158215,74272059.39,120690319.3
158301,781222479.36,360355275.73
158302,2032334825.2,916614708.23
158303,37907985.16,54037872.82
158304,7082709.17,8329529.13
158305,52584615.97,38800302.13
158306,38432209.02,102319951.11
158307,138643905.78,60635312.27
158308,104501418.57,91748621.94
158309,252800943.07,133973513.87
158310,32001915.11,25149998.05
158311,83911049.7,54958429.77
168401,324834949.19,199955223.47
168402,242431343.98,61627538.73
168403,760451222.74,315446920.43
168404,93310994.26,18449960.49
168405,49429662.98,13523711.86
168406,500188442.19,87549041.58
168407,2486027339.93,3707983043.53
168408,2856730617.75,1275266244.59
168409,4787663886.07,2022772141.27
168410,85804997.15,16730549.57
168411,3685740208.95,5001936014.19
168412,780641656.06,417956606.02
168413,4765385191.41,1784099564.91
168414,2931584461.93,1795154969.79
168415,593981539.15,665657751.23
168416,304435717.91,98715532.34
168417,360167562.9,110013729.74
168418,1200848167.17,1407115779.09
168419,2195015672.33,1076952330.79
168420,163206013.49,62823816.41
168421,2846804761.16,1451737388.02
168422,3525272325.22,782128769.26
168423,354024816.08,185970938.65
168424,1292657036.65,421982278.22
168425,365272478.44,181932049.32
168426,660288635.73,209831514.16
168427,1062053840.94,435554039.95
168428,1446851308.7,558511021.2
168429,1345427757.78,776834971.37
168430,417857835.4,112227238.22
168431,2398995933.01,1442278242.75
168432,278527891.7,175308656.68
168433,1392505801.98,687642737.33
168434,195109755.51,128947879.98
168435,23117148.57,8871527.79
168436,241374020.51,126938627.3
168437,95469741.62,28481138.38
168438,1117016931.05,251071106.03
168439,618055302.73,338367548.35
168440,334376322.47,92708913.61
168441,899242265.94,284357995.57
168442,300033658.15,162010645.76
168443,4258609931.94,660697652.6
168444,149322827.01,4702534.41
168445,851675325.33,39395758.7
168446,189643049.82,41692985.44
168447,602323108.15,42385458.46
168448,999384537.25,301201580.15
168449,135110921.76,20414553.72
168450,863410449.19,412639725.1
168451,912513636.86,214398680.93
168452,501947300.11,221793552.75
168453,63028422.59,24182670.27
168454,229783608.23,110409297.14
168455,625071031.83,142768149.98
168456,269632627.16,394137152.04
168457,837223895.64,377280567.28
168458,531559313.94,381289004.72
168459,378591885.76,227770876.06
168460,518753111.51,247935564.62
168461,281140630.05,107312893.9
168462,928672645.0,363098461.47
168463,377566289.73,65137035.03
168464,140538009.63,124398805.34
168465,1053797068.06,263206949.75
168466,1598475404.89,1010005556.61
168467,571874237.51,177585844.57
168468,100091933.3,26815588.19
168469,11036719.44,25027387.8
168470,119917086.57,236401939.73
168471,8513922719.16,17154510757.62
168472,546978095.12,295524481.63
168473,4830583646.15,9288041540.27
168474,1131389099.94,319976135.87
168475,160110869.9,80596699.18
168476,112649882.38,97289801.23
168477,2702543132.23,585617766.4
168478,604392508.0,48153053.32
168479,5141763906.64,1889851356.81
168480,899712403.63,654435866.24
168481,3710930798.3,1998771388.17
168482,1881585727.93,1413793281.62
168483,3340050406.92,1385265432.68
168484,277242373.24,71204481.38
168485,1020107305.1,356036136.05
168501,2409805202.49,1382326395.87
168502,342638334.01,383097080.08
168503,558128154.25,671263048.56
168504,2456854450.12,2286891834.02
168505,321233086.71,329640724.59
168506,517896984.6,217458912.95
168507,645776724.07,1038554531.43
168508,1085503945.82,704958887.81
168509,792622790.26,532749415.77
168510,315012349.71,123375702.15
168511,1292517808.72,897491431.18
168512,1013420892.66,727714083.3
168513,36484726.06,60007102.89
168514,409673201.53,131118161.13
168515,907400764.49,329663094.99
168516,1322081397.65,1498956582.63
168517,4117751818.42,3708131447.92
168518,464795247.01,877162042.62
168519,158376106.85,391749470.98
168520,62137461.86,219571495.07
168521,632969944.6,1088325359.2
168522,111839127.33,398206221.34
168523,1180511608.11,1091275776.77
168524,1690545592.38,1758171831.75
168525,5613501039.21,3202805428.58
168526,219880905.26,249055298.14
168527,611764731.16,1445675932.62
168528,693091209.07,1682791628.83
168529,1444953432.84,1369887864.4
168530,168712553.55,56318265.32
168531,553312214.01,702054389.74
168532,541179730.67,705782123.36
168533,363130704.43,400617778.59
168534,653220165.07,832981662.8
168535,511704090.24,104481942.51
168536,5291919992.56,2847089254.27
168537,1669621384.88,690116382.88
168538,2486845294.46,802237355.41
168539,1475561085.75,556102650.82
168540,884922730.82,351233186.27
168541,1576138721.63,1738987200.06
168542,6551889702.36,7906841168.19
168543,1416330744.02,1288428049.7
168544,2645715122.5,3564427498.05
168545,357465943.86,126483047.02
168546,128934603.57,52132935.76
168547,461826261.9,161392101.51
168548,274353900.86,232821089.16
178601,56168345.72,1693170.0
178602,40721482.35,11670611.24
178603,293123173.32,41650528.05
178604,44231685.67,33209149.16
178605,54419892.67,48433033.9
178606,106242984.92,153941154.12
178607,595268410.46,493979751.43
178608,22933302.32,6268030.22
178609,53485810.01,127561396.2
178701,3380715066.56,859569838.16
178702,946596170.39,191287010.43
178703,63160487287.08,26194093879.82
178704,6342444029.32,4054314023.04
178705,1249506182.81,203263312.63
178706,426521804.78,91460680.68
178707,580728608.1,261062476.24
178708,19287469051.87,11667163437.42
178709,65958098.4,16874763.82
178710,77909304.0,23239333.0
178711,454283202.69,1141875580.08
178712,61646166.81,286751898.95
178713,43792714.76,40670606.45
178714,185457449.83,596444023.88
178715,19252075.37,47490397.25
178716,1876369078.33,802794939.55
178801,10786051.94,7652831.36
178802,8392148131.17,6421745903.08
178803,3065200172.25,2224878412.6
178804,7328282.82,13105818.12
178805,10228131.49,24823656.3
178901,1893254749.63,1150963433.26
178902,1010188.87,900421.25
178903,524052636.87,212060239.6
178904,8711737.88,2084539.0
178905,21768713.85,3829235.39
178906,87904654.49,23787408.42
178907,11165881.46,9419483.27
178908,8623832.32,73200.68
189001,564512237.48,564620042.13
189002,369691545.05,293892861.75
189003,173476204.19,255443069.7
189004,74211080.24,127919441.23
189005,81239722.13,71193410.27
189006,335401154.23,569564916.07
189007,95732799.2,29475130.91
189008,83018798.43,36318420.79
189009,611733889.59,1160814670.07
189010,441446238.71,330799226.43
189011,287693342.01,68663959.64
189012,54440935.03,45736059.98
189013,521015625.74,362493691.56
189014,296121787.39,214166550.0
189015,218034251.18,147470195.27
189016,96807401.0,15828296.81
189017,140967263.49,127097528.17
189018,3817784129.83,2839280410.52
189019,199158245.03,190489138.12
189020,57694249.61,41688020.02
189021,659062352.68,1043321720.94
189022,1445736018.04,511948112.73
189023,148398503.28,63388663.22
189024,193860922.32,75992020.16
189025,276872224.67,179486265.54
189026,981322506.4,535564881.19
189027,1686724786.56,1070922125.18
189028,251971617.42,143257650.78
189029,452826789.95,241466190.13
189030,1294766913.17,758712079.24
189031,2169226223.35,1007492190.91
189032,1953328315.84,923750533.41
189033,162811926.33,100730938.6
189101,135147224.78,148866781.47
189102,147549326.33,648207409.85
189103,3979856.65,5722173.48
189104,29385568.12,5579718.96
189105,69772551.6,65966795.75
189106,16864061.04,16009877.88
189107,136354868.15,43694367.11
189108,5638461.07,16006840.45
189109,29658993.99,8814834.25
189110,9778967.49,9976895.96
189111,7564342.57,25607459.12
189112,1086171.9,1949994.26
189113,15721865.21,28989188.24
189114,50780921.31,34312512.4
189201,87612368.85,39351613.13
189202,20237088.4,18880422.9
189203,5141026.21,5687103.53
189204,13159724.91,6602453.04
189205,55269756.87,42676634.08
189206,15183764.74,14263414.77
189207,29135135.33,88794363.9
189208,3332698.99,4662476.37
189209,100553966.03,55451030.01
199301,24617068.0,1113343.0
199302,36149517.72,12625689.02
199303,39435644.65,20419222.4
199304,22057614.2,16164926.84
199305,71849326.4,36133023.42
199306,114584486.89,85127232.06
199307,4545687.0,1258825.95
209401,1957206142.49,3418962979.37
209402,175442577.9,85671419.3
209403,2894833459.2,3736745581.72
209404,270043663.07,401913095.64
209405,1132881305.69,1271748244.17
209406,160119832.79,576143322.51
209501,38358557.73,28069863.64
209502,69733991.44,133151705.66
209503,577751828.56,967647002.14
209504,350422926.99,648136919.66
209505,102073909.98,136778219.56
209506,346070204.51,673920277.26
209507,23646721.08,58974737.82
209508,69554678.14,20272839.72
209601,1646416.96,1954115.1
209602,14626346.95,22633683.42
209603,414849514.48,184952474.08
209604,2408061.44,4794639.9
209605,3173435.59,5077837.76
209606,155794575.19,50435911.38
209607,69950574.1,39140125.78
209608,468262305.44,193718790.23
209609,67659389.59,36077988.82
209610,8891935.59,10554055.09
209611,21891509.18,13665441.09
209612,141741824.41,120230252.87
209613,46998241.03,71147145.16
209614,3024618.82,6384275.54
209615,22784931.93,43692538.7
209616,24406350.59,21956521.24
209617,41439715.05,44163107.7
209618,11967387.5,21429853.12
219701,216875181.18,153892188.34
219702,21073754.21,13611233.32
219703,58341879.21,30408672.94
219704,25788978.52,39462641.22
219705,21642045.36,34553163.31
219706,48966020.1,28308627.47
