010101,24037.0,0.0
010102,102561.08,19000.0
010104,18523039.01,0.0
010105,388729.98,1158421.47
010106,43830.0,5428.0
010201,9925.0,2443180.0
010202,119764.73,39140325.13
010203,23864.0,0.0
010204,13758.0,430386.0
010205,3018.26,0.0
010206,101243.45,0.0
010207,1982449.47,2304182.47
010301,25029.06,0.0
010302,216774.57,0.0
010303,11438212.39,28492.0
010304,162229.97,5414.84
010305,243464.6,4175.0
010306,17362817.48,0.0
010307,9476410.89,0.0
010401,12997.0,0.0
010402,1557578.57,1341217.21
010403,17861.8,0.0
010404,68953.94,0.0
010405,153581.36,6370154.28
010406,196706.77,605133.36
010407,1613662.38,179930.71
010408,7488.0,0.0
010409,1940491.47,0.0
010410,0.0,1000.0
010502,10098.0,0.0
010504,39062222.33,5320.0
010506,17357.89,0.0
010509,46000.0,0.0
010510,8907.38,6000.0
010511,646554.35,447497.48
020601,3479.5,3702.0
020602,152225.85,6252.0
020603,360816.07,2000.0
020604,48577.6,0.0
020701,4516581.08,127084.27
020702,442538.42,0.0
020703,10397476.64,199204.0
020704,1868803.06,0.0
020705,169119.44,0.0
020706,287211.91,0.0
020707,186496.23,0.0
020708,57479.73,0.0
020709,1885763.28,6000.0
020710,48054.4,0.0
020711,2644736.96,0.0
020712,323505.13,0.0
020713,23646648.89,1167396.36
020714,5174.78,0.0
020801,585102.98,502056.74
020802,320498613.04,3226776.0
020803,1946.83,547128.0
020804,60792736.92,52679.0
020805,9202817.31,0.0
020806,54286059.93,154654.0
020807,9494026.26,0.0
020808,20591856.82,0.0
020809,1052327.32,0.0
020810,5586789.78,0.0
020811,79645.07,0.0
020812,132803.83,0.0
020813,6111034.5,288495.37
020814,1000.0,0.0
020901,71820.39,619741.22
020902,5979726.58,34421093.91
020904,706130.27,518739.04
020905,4199.0,0.0
020906,5577.78,133390.35
020907,41048.22,0.0
020908,107025.07,3644.0
020909,34899380.77,16939.0
020910,39389235.44,2195069.42
021001,3618.88,662615077.13
021002,1748.84,0.0
021003,61279.99,18904214.23
021005,6871.18,186544837.89
021006,111356.81,5670858.42
021007,30752.0,0.0
021008,462979.94,0.0
021101,259397.73,0.0
021102,8735.32,118100.0
021103,22791.0,11316.63
021104,46989.02,0.0
021106,22555.44,0.0
021107,165409.49,0.0
021108,70304.5,481336.7
021109,19132.86,0.0
021201,2800.0,46138783.16
021202,143724.61,48560.19
021203,1335.0,0.0
021204,84746.0,0.0
021206,28642.4,0.0
021207,1287071.06,0.0
021208,8931.16,0.0
021209,4229341.17,12830428.23
021211,3411454.45,673633.5
021212,3332741.48,152179.0
021214,7535.63,0.0
021301,6318864.11,763830.73
021302,4497308.63,876836.6
021404,4716573.31,0.0
031502,1421011.0,6790606.85
031503,0.0,13157.0
031505,0.0,280762.38
031506,2819.62,0.0
031507,0.0,569774956.81
031508,0.0,3540956.34
031510,0.0,21251.0
031511,0.0,20179829.24
031512,1808534.21,183332667.32
031513,0.0,333496.78
031514,0.0,13484.0
031515,1687791.28,1300083.65
031516,4097893.58,1289917.95
031517,3456.09,994118.21
031518,19535.53,1630814.77
031519,22387.79,619715.0
031520,45112.98,1965544.0
031521,0.0,399027.4
031522,0.0,26000.0
041602,0.0,78360.0
041604,34951659.39,0.0
041605,192762.77,0.0
041701,490025.89,134522645.19
041702,512792.75,1054749.24
041703,41671.41,0.0
041704,12919648.17,207832.0
041801,0.0,57543.05
041804,0.0,196749.27
041805,8658.88,302888.13
041806,2779481.94,467612.0
041901,2735508.6,453000.0
041902,25023291.84,0.0
041904,1276324.36,0.0
041905,27196018.72,1315.0
042001,1293561.07,7000.0
042002,13851773.84,12800.0
042003,5161.87,0.0
042004,13384.89,0.0
042005,1496497.05,134130.0
042006,196170.71,0.0
042007,643379.09,20617.0
042008,20008216.86,364614.58
042009,29017638.73,114739.0
042101,139053.73,521220.0
042102,721573.79,52378.39
042103,824432.83,15298.39
042104,262925.72,8611.0
042105,8643584.97,0.0
042106,2886156.53,924843.94
042201,112898.23,1891.0
042202,1219546.52,75234.0
042203,158708.63,0.0
042204,148759.37,0.0
042207,540358.0,11377.24
042208,27334.53,80189.0
042209,181712.21,0.0
042301,170273.45,18092472.05
042302,1147102.0,0.0
042303,336879.0,0.0
042304,0.0,77417500.41
042308,10452.61,0.0
042309,54438.33,3247125.43
042401,9098915.73,3616410.61
042402,59053.0,106454365.0
042403,39205.0,127017.52
052501,2243352.42,103238.74
052503,11530944.24,343169.85
052504,0.0,447002.89
052505,153370.04,597568.11
052506,0.0,14948.67
052507,449039.75,3244407.62
052508,547358.97,1709745.15
052509,568128.11,0.0
052510,3373.38,38372.93
052511,555949.4,0.0
052512,61869.0,98576.9
052513,21709.3,91848.57
052514,198045.0,0.0
052515,10386705.63,38223.0
052516,1205386.08,0.0
052517,6023814.84,95909.42
052519,767990.47,1603277.11
052520,1925541.25,643405.6
052522,57653.12,19613.0
052523,15695363.35,192291.47
052524,0.0,1088121.98
052525,4606.0,12781.54
052526,5290.5,104052.92
052527,0.0,2380.61
052528,1712.43,0.0
052529,555506.01,9217.9
052530,1023779.64,642465.46
052601,33467.82,49716961.18
052602,0.0,19000.0
052603,5288963.84,9564901.0
052605,0.0,205248.13
052606,0.0,1361158.45
052607,3953664.38,0.0
052608,30659698.5,11395.0
052610,15026752.18,721053.72
052613,4293662.07,10770.9
052614,0.0,103141.37
052615,0.0,624930.0
052616,0.0,192429.0
052617,59526.6,0.0
052619,168865.1,54474.45
052620,4045837.42,0.0
052621,0.0,78000.0
052701,54618.0,54455813.17
052703,2260.79,9000.0
052704,1018.2,11656778.15
052705,13196.58,0.0
052706,0.0,230110.89
052707,33200474.64,144477.11
052708,782813.78,1063606.0
052709,8935079413.93,8945.53
052710,605686014.6,108429700.47
052711,264484618.51,533093.93
052712,8222729.87,5045262.42
052713,13095177.03,14535207.8
052714,4229913.21,204098.93
052715,3117954.63,40689.12
052716,18436272.0,0.0
062801,0.0,654964.0
062802,10555427.0,144630.8
062803,1997752.63,586107.12
062804,112825.0,2434526.86
062805,0.0,51883.83
062806,151685.49,50969.97
062807,9827.0,62684.15
062808,0.0,26280.18
062809,2059237.2,504609.38
062810,0.0,170671.03
062811,0.0,1789178.77
062812,0.0,196264.0
062813,0.0,55452.14
062814,25044755.16,70286.0
062815,13594060.94,1140206.73
062816,0.0,535310.16
062817,41772.36,277290.93
062818,8792050.21,20841615.68
062819,0.0,309697.75
062820,1543.08,134408.43
062821,107942.01,463285.65
062822,0.0,457700.65
062823,0.0,711067.65
062824,0.0,234622.17
062825,2038878.0,453883.42
062826,6447.0,1895353.02
062827,279554.86,1452977.61
062828,243982.0,252500.72
062829,0.0,1089972.14
062830,175191.64,1240190.36
062831,0.0,183505.69
062832,9000.0,781297.35
062833,84055.47,1178930.05
062834,47720.01,134485.59
062835,4091.75,49564154.5
062836,441101.83,3681646.29
062837,0.0,124932.03
062838,0.0,6780.73
062839,17979.0,1714887.81
062840,0.0,4055002.91
062841,0.0,6815346.15
062842,0.0,126053.05
062843,0.0,195692.44
062844,0.0,1061601.54
062845,1099.0,66237.24
062846,0.0,44281.6
062847,1591.3,548156.33
062848,0.0,137026.47
062849,0.0,1677256.34
062850,2143.92,20039.0
062851,6675.0,47356.07
062901,18359311.78,1477305.78
062902,80515516.96,5421011.65
062903,1352109.07,7206349.52
062904,121754.14,344266.33
062905,26676776.06,8885670.09
062906,1987559.0,237899.35
062907,10199.0,1364900.4
062908,0.0,526524.7
062909,21046997.39,2788094.64
062910,0.0,800529.73
062912,63666.62,845028.93
062913,0.0,30115.0
062914,0.0,4005634.79
062915,1606421.0,3043117.58
062916,6299.08,1669591.6
062917,1122695.78,5144437.59
062918,5618.88,7145511.83
062919,0.0,560745.59
062920,0.0,2659511.74
062921,32533.61,4310072.37
062922,123338.85,11976229.56
062923,28700.16,3263982.27
062924,21194.71,2669489.55
062925,15750.0,3051521.11
062926,0.0,70595.0
062927,0.0,268414.53
062928,0.0,8271.68
062929,0.0,4646195.91
062930,26315.71,2709000.32
062931,0.0,2414542.23
062932,526947.9,5792183.62
062933,324109.66,11026584.97
062934,1578834.0,18300866.44
062935,14284.0,1037695.91
062936,2148.14,2548811.99
062937,0.0,1263664.89
062938,0.0,32682.0
062939,730427.0,2249193.07
062940,1050.57,161484.08
062941,147352.0,60884372.5
062942,0.0,1186406.22
063001,1335.0,1290539.84
063002,611871.0,13789391.13
063003,3847026.52,67756204.31
063004,4468245.0,78903063.76
063005,118375.99,566597.38
063006,298503.0,7281275.98
063101,34655.15,0.0
063102,43418222.48,20821361.13
063104,3522974.34,14560361.29
063105,0.0,2864243.72
063201,0.0,362871.38
063202,27732.24,2058269.98
063203,45109.0,274181.24
063204,1742072.51,26358859.27
063205,15508.0,302585.62
063206,82407.66,21668427.0
063207,429198.37,4817872.28
063208,1237130.14,10977648.04
063209,1165902.68,2632832.47
063210,87805.62,541238.02
063211,0.0,94205.69
063212,68121.0,1781310.08
063213,83189.0,89056.71
063214,1609552.88,809288.17
063215,61710.0,3319036.81
063301,2879101.95,715430.08
063302,1234135.0,9126627.88
063303,223353.0,382640.0
063304,861788.26,2802011.0
063305,4606691.08,834514.0
063306,495101.68,72628.0
063307,80688.29,1178841.0
063401,10413175.62,1676214.0
063402,12555505.09,17833306.62
063403,259907.22,6169180.93
063404,1300.0,1492164.69
063405,810516.57,109106.9
063406,284856.49,41877.0
063407,43525.92,366044.42
063501,11133.0,42452.8
063502,0.0,8179.0
063503,18235.13,762829.39
063504,27664.58,265137.13
063505,135359.92,762809.21
063506,4393459.63,2093244.07
063507,16272.0,1748228.45
063601,0.0,26097.0
063603,0.0,266570.76
063604,6029.0,157141.85
063605,701258.57,127817.0
063606,0.0,20876.62
063701,16000.0,5251482.96
063702,0.0,2790375.65
063703,0.0,3834725.54
063704,2394.0,38790.0
063705,0.0,17825.0
063706,118673.0,46448.9
063707,3241.0,2420372.04
063801,0.0,920316.33
063802,0.0,1720054.33
063803,0.0,4012.55
063804,0.0,188243.82
063805,36671.91,359723.71
063806,9099.69,2278334.69
063808,458695.97,32326624.22
063809,17723.15,2662502.28
063810,7033.33,818249.32
063811,142465.11,50901223.84
063812,28622.9,1840382.63
063813,27140.09,503055.91
063814,11203513.13,1393617.46
063815,0.0,14877469.26
063816,0.0,7600459.27
063817,1417469.34,3021851.77
063818,0.0,191154.0
063819,56765.78,1343104.25
063820,1046488.5,470223.86
063821,0.0,304628.52
063822,15050.0,4858334.94
063823,5768601.42,25623458.6
073901,9918095.39,13603492.58
073902,262261.53,19366485.38
073903,1877005.72,10914932.93
073904,40912169.37,12174108.24
073905,195247.88,2398908.77
073906,532437.39,3688766.19
073907,980410.09,16315894.31
073908,21480.63,1966541.36
073909,62951.46,9698467.75
073910,1385.0,1842298.48
073911,0.0,5448880.01
073912,143359.91,10488287.18
073913,0.0,686053.6
073914,10269.24,1296291.32
073915,0.0,5020.0
073916,0.0,808756.21
073917,1665097.04,6873380.22
073918,56053.86,115248.04
073919,554631.35,3752558.73
073920,863498.16,44281003.64
073921,219113.04,4408044.13
073922,179523.6,46136.0
073923,6712994.03,6750362.76
073924,18506798.64,510853.0
073925,290167.72,590577.95
073926,8175334.35,6361890.39
074001,710674.59,1574217.64
074002,22609590.47,13123589.52
074003,42517.17,0.0
074004,912997.75,26420.65
074005,28194.99,1875793.17
074006,3840.0,30270.0
074007,198409.0,313589.53
074008,28217.83,1508996.69
074009,55424.86,4752750.78
074010,28447.87,1773371.05
074011,5742593.13,38650117.15
074012,839293.34,1193208.58
074013,631785.42,6502468.6
074014,834743.29,285247.39
074015,134624.44,743772.24
074016,190629.46,2735157.32
074017,17893.0,28447.37
084101,31355.38,16717.51
084102,46648661.48,0.0
084103,23223.13,0.0
084104,779082.17,72900.0
084105,2579534.15,0.0
084106,6183591.13,13191.0
084107,5870.0,0.0
084201,16161.0,0.0
084202,773852.91,312747.0
084203,267156.91,119113.08
084204,0.0,44369.4
084205,7337.0,1000.0
084302,0.0,9417.0
084303,22642.99,42121.0
084304,5498.0,0.0
094401,12100.0,91500.0
094402,0.0,11263.89
094403,32842.0,191824.56
094404,4802.0,9180.17
094405,3849.0,0.0
094406,0.0,107077.38
094407,209053.64,18726683.2
094408,88752.1,3783676.71
094409,29289.84,95592.0
094410,956111.89,517019.79
094411,197328.29,846330.64
094412,151322.29,5460453.93
094413,7751.16,31000.0
094414,48474.63,2266.0
094415,4409.0,9738.0
094417,2958.0,4810.87
094418,365953.15,147929.32
094419,22496.0,5412.0
094420,431485.67,19610.0
094421,537146.83,1828889.0
094501,0.0,21929.29
094502,1597.0,13819.0
094503,4721.0,0.0
094504,0.0,100339.67
094601,95599.53,71871.0
094602,466041.0,28559.0
104701,0.0,1000317.42
104702,0.0,1096414.73
104703,0.0,7587092.51
104704,0.0,467780.13
104705,0.0,223206.85
104706,332577.0,48585.36
104707,285527.99,0.0
104801,0.0,4922405.82
104802,21284.68,67376817.16
104803,34751.71,441863.79
104804,14666.75,7166646.81
104805,2554.49,4799632.21
104806,0.0,1354961.82
104807,9073.0,550087.46
104808,14762.26,307286.75
104809,0.0,97859.38
104810,19638.45,57439962.12
104811,5340.0,14577234.39
104812,0.0,302092.33
104813,0.0,585886.13
104814,895743.02,135615.97
104816,0.0,329938.7
104817,180887.0,8911.0
104818,454947.42,576213.51
104819,1161065.39,6643752.91
104820,76164.69,401814.1
104821,22516.0,279126.2
104822,0.0,13346.13
104823,52331.55,2118117.57
104901,635480.2,23762749.73
104902,2201.83,1029414.06
104905,3176.0,155060.0
104906,0.0,6594533.69
104907,0.0,7751.0
104908,20421.0,17264.0
104909,5051.0,17093.0
104910,5291.62,16618.5
104911,64595.87,1952968.53
115001,87039.32,0.0
115002,189524.0,0.0
115003,564162.78,0.0
115004,30122.0,0.0
115005,102379.0,0.0
115006,12500.0,0.0
115007,11058.0,0.0
115101,4512946.52,672359.37
115102,11495614.05,41273.18
115103,83162.21,23190.0
115105,2967067.74,16001822.18
115106,78119.0,2839.0
115109,867588.0,0.0
115110,7479.0,0.0
115111,9281.0,22843.0
115112,81613.47,560177.0
115201,15775262.57,0.0
115202,373175.72,3680.14
115203,2998747.66,0.0
115204,263780.78,110605.69
115205,2899692.71,275009.35
115206,31000.0,111434.12
115207,390386.0,0.0
115208,11194341.66,1051480.0
115209,2478448.87,12312730.09
115210,7873178.02,116276.0
115211,19651.0,136176.0
115212,562421.51,31455.0
115301,39271.01,0.0
115303,1205.0,2686164.2
115307,6409.0,16285554.55
115309,19913.0,0.0
115310,25378.0,23497755.13
115401,6380.29,255054.0
115402,655791.13,11789370.93
115403,14499.0,1707628.85
115404,5331.0,421784.83
115406,0.0,2550.0
115407,2640978.09,53157856.95
115408,678943.0,434228.0
115501,77674.0,7252806.12
115502,0.0,2530800.16
115503,22483.28,34703944.9
115504,0.0,26223142.4
115505,1184746.7,0.0
115506,1232.0,6176388.95
115507,0.0,2470000.0
115508,0.0,4959863.19
115509,419651.0,5104252.8
115510,59453.0,401824.91
115512,22686.0,2677282.0
115513,1580744.41,1596281.0
115514,229595.11,446959.0
115515,241524.22,148336.57
115516,14087.0,1239251.0
115601,1551.0,60396.0
115602,324681.06,202280.82
115603,12723.42,839614.12
115604,165380.0,362006.14
115605,0.0,47115.0
115606,0.0,297597.84
115607,721439.41,8037840.5
115608,25490.0,209062.0
115609,15372.0,26789.0
115701,508038790.64,1906903.0
115702,43415841.55,896795.32
115703,3121302.53,118597.0
115704,259831.64,6290.0
115705,1460768.76,22641.0
115801,474586.0,0.0
115802,22921.0,0.0
115803,55119.0,1315446.0
115804,5347282.21,623237.0
115805,28367.0,0.0
115806,127188.95,336075.11
115807,1100.0,41220.0
115808,56790.0,3611.0
115810,15426.0,205962.0
115901,1565.0,18257.0
115902,0.0,26773424.64
115903,15831.0,1236520.78
115904,54449.0,0.0
115906,0.0,260060.46
115907,1585477.95,547463.15
115908,182457.0,68009.0
115909,8618.46,196311.85
115910,0.0,479302.95
115911,97000.0,3514798.9
116001,16005.0,54404.0
116002,368726.0,133582.37
116101,2164330.0,7408.0
116102,1194918.0,0.0
116103,1202141.34,50508.0
116104,3433618.86,55777.0
116105,718745.28,47854.0
116106,344865.0,152101.0
116107,438012.0,13179.0
116108,297397.77,43473.0
116109,833717.8,296848.0
116110,3104637.1,444377.0
116111,1046518.82,32276.0
116112,1841332.53,12800.0
116113,5375.0,0.0
116114,503497.89,167822.0
116115,2171575.25,59533.0
116116,96920.0,61033.0
116117,1156506.0,6659.0
116201,775095.0,125227.0
116202,1492783.0,346519.0
116203,2507221.76,319681.79
116204,1097918.88,1942374.0
116205,87134.02,241418.0
116206,448782.33,59061.0
116207,474873.0,35800.0
116208,3191371.0,0.0
116209,749277.63,59193.0
116210,22356.0,10554.0
116211,375056.0,87285.0
116212,95622.0,6348.0
116214,1760978.5,12000.0
116215,0.0,28745.0
116216,142299.0,0.0
116217,34463.0,54079.0
116301,852973.89,31940.0
116302,3371151.43,217421.0
116303,445557.15,379968.0
116304,388198.16,1514.0
116305,1154592.43,719561.65
116306,968478.0,13250.0
116307,347970.48,114113.39
116308,95153.6,0.0
116309,40967.13,23435.0
116310,6317.09,0.0
126401,34605907.56,105451.0
126402,1729126.09,1349009.21
126403,1302231.63,565064.0
126404,1664758.89,378132.0
126405,476041.37,7862.0
126406,1129722.96,166610.91
126503,0.0,69062.0
126504,47122.0,0.0
126505,482637.0,5966.0
126506,52181.0,26185.0
126601,0.0,1673.0
126702,9834.0,165641.0
136801,277030.11,0.0
136802,12690607.44,14545.5
136803,21189.55,52000.0
136804,40721.0,4984367.86
136805,74234.0,3297831.07
136806,13393.08,1676120.3
136807,1373983.77,292987.54
136808,8048.81,0.0
136809,1556450.88,0.0
136810,190120.41,20000.0
136811,1090610.8,14137.66
136812,70663.99,1415804.42
136813,156637.0,972105.51
136814,0.0,144560.23
136815,342576.66,1630204.32
136901,135633.64,243174.4
136902,74041.55,9206587.06
136903,3270.0,6154994.08
136904,614384.81,69512.1
136905,54693.63,0.0
136906,0.0,1133.0
136907,1095316.33,0.0
136908,17941241.47,113541.0
136909,570660.49,679497.18
136910,2314192.14,38358.0
136911,721899.38,1579194.03
136912,178600.02,73368.0
136913,853946.76,342956.0
136914,459084.26,86807.44
137001,0.0,24358.0
137002,0.0,2734250.93
137003,115230.01,0.0
137004,868143.13,337829.01
137005,219360.61,2569448.06
137006,70014.61,118186.0
137007,17767.44,200653.57
137008,0.0,360821.03
137009,745920.26,18401.97
137010,611389.36,514898.58
137011,20336.44,736683.81
137012,0.0,1279733.52
137013,2054154.68,12570548.49
137014,1114.0,144655.48
137015,5988.0,1910363.0
137016,14643.89,7038.54
137017,3389.0,1967346.65
137018,21215.2,117746.17
137019,289059.24,4069978.57
137020,211197.66,472999.83
147102,382694.0,371994.0
147103,4246.0,1214.0
147104,0.0,304407.0
147105,54181.0,794682.88
147106,0.0,262371.86
147107,0.0,55817.0
147108,0.0,120721.0
147110,0.0,66860.02
147112,842638.0,0.0
147113,104150.92,1205068.0
147114,267719.0,1000.0
147115,4574.0,203158.55
147117,21058.0,0.0
147118,6948.0,0.0
157201,54280.8,1360906.65
157202,19255998.19,14670589.47
157204,4389674.23,5494713.78
157205,1164.0,184883.78
157206,3675000.0,287383.11
157207,69267664.76,1258044.85
157208,65875559.71,119496540.02
157209,1713328.99,10225296.83
157210,178359.0,48679457.54
157211,3686.0,2379339.14
157212,4277.47,3667275.39
157213,1468902.19,13083128.87
157214,82746.62,4293600.32
157215,4270.0,3133640.93
157216,15634401.25,13402181.45
157217,74836.98,11858210.32
157218,0.0,645109.3
157219,63348.09,30109258.85
157220,1189.0,1586251.12
157221,0.0,1264673.71
157222,92613.0,3157683.26
157223,0.0,289145.69
157224,20439352.84,3513649.94
157225,11996.91,9628299.74
157226,1186.59,1915356.9
157227,11037.88,1407200.42
157228,1522976.88,13079681.52
157229,19657.0,3462441.5
157301,19025.37,6535.0
157302,12000.0,76487844.43
157303,717170.81,85294.63
157304,2550051.25,65836143.01
157305,299670.0,8992652.51
157306,1593446.34,23543519.02
157307,2777894.95,32339839.24
157308,3918329.44,9322835.42
157309,1780639.94,598950.11
157310,109596.98,3546554.28
157311,946624.27,1222068.59
157312,3524.44,3018066.27
157313,0.0,575658.86
157314,73008.98,3567809.21
157315,281743.0,2961952.79
157317,211040.06,682684.4
157318,381591.45,16966870.23
157319,0.0,39690.14
157320,627060.18,1278267.93
157321,2180640.29,173252.0
157322,1091761.75,41985.87
157323,410670.09,317535.0
157324,644729.06,136428.47
157325,5236818.3,661832.6
157326,1135621.29,6963676.11
157401,0.0,3000.0
157402,33673.0,34622.72
157403,36250919.95,6080741.95
157404,287095.76,101892.93
157405,0.0,282081.0
157406,0.0,380439.21
157407,2730896.92,3872472.99
157408,5497629.77,1835057.38
157409,7494953.15,1039143.93
157410,94189.75,466899.33
157411,199430.0,4348088.22
157412,19909.0,575947.91
157413,85579.0,29776.33
157414,0.0,167007.39
157415,26913.0,269955.93
157418,1323012.42,132443.0
157419,148894.94,837804.08
157501,0.0,57369.0
157502,0.0,5103811.46
157504,0.0,48865.0
157505,0.0,1240138.98
157506,0.0,291858.72
157507,0.0,26432.0
157508,4437.0,17829658.88
157601,24249260.08,2889515.83
157602,127146.93,11384450.77
157603,4657.09,120837.03
157604,257432.49,1537131.26
157605,8222.0,840934.15
157606,4662690.76,6674727.0
157607,448589.32,11212918.14
157608,189676.0,3411971.4
157609,6881.74,132293.0
157610,315765.76,213582.76
157611,35899.0,273960.14
157612,176780.33,586078.94
157613,0.0,156817.78
157614,10250.0,185449.44
157615,2310845.39,26910.0
157616,2289429.63,3400322.5
157801,12953.88,165359.56
157802,0.0,563773.46
157803,0.0,135992.04
157804,0.0,1888599.52
157805,0.0,34508.0
157806,2268.0,0.0
157901,502089.09,896598.57
157903,0.0,421050.87
157904,0.0,3805.22
157905,0.0,6946.0
157906,3360.0,23318.42
157907,62817.0,62177.05
158001,51800.0,1287882.27
158003,5679.17,81309.13
158005,0.0,2000.0
158006,0.0,1176826.0
158007,66639.91,23000.0
158101,1999.0,312403.74
158102,0.0,38122.4
158104,0.0,617927.64
158105,0.0,527429.2
158106,0.0,8619.51
158107,0.0,28499.73
158108,161047.0,1157690.3
158109,1119.0,28803.0
158110,0.0,727514.59
158111,0.0,66396.68
158112,0.0,108002.0
158201,44329.57,350300.23
158202,5398.0,2152586.87
158203,76815.98,1238848.4
158204,56872.0,939266.67
158205,108977.0,4310352.67
158206,4040.0,176819.24
158207,358947.93,19638516.97
158208,41184.0,3233427.78
158209,98221.0,1066823.9
158210,0.0,31164.0
158211,40240.0,187094.58
158212,325525.0,143244.0
158213,0.0,78943.66
158214,0.0,180474.0
158215,53643.49,491790.76
158301,99946.19,6327996.39
158302,1261708.11,1607756.04
158303,110698.95,0.0
158304,1066963.0,4204.12
158305,2800.0,583284.03
158306,219244.77,30233.0
158307,4368.0,1115629.06
158308,86656.25,1013919.48
158309,26701.0,1269496.93
158310,0.0,20090.0
158311,106286.59,7143729.36
168401,0.0,4966726.0
168402,198588.0,52079574.07
168403,49667.53,4874875.68
168404,67227.0,35150450.22
168405,0.0,43206997.34
168406,81000.0,128161626.77
168407,746310.0,22103073.81
168408,434532.01,11553035.24
168409,3749390.24,49463348.71
168410,22795.0,33734211.03
168411,14105560.0,100686826.22
168412,502980.0,5961562.12
168413,905001.0,80376098.21
168414,1679861.86,111919404.07
168415,833999.84,23325323.18
168416,258756.0,7345590.24
168417,210739.0,5671838.3
168418,1875129.86,9962039.87
168419,246879.85,45381476.46
168420,3500.0,6859984.85
168421,295410.51,23973655.22
168422,413960.68,35750989.5
168423,199669.6,2662820.46
168424,151893.28,17176239.7
168425,42495.0,6243437.4
168426,112172.0,14091534.17
168427,145608.56,4195831.54
168428,233482.0,11259866.43
168429,3318591.41,3547801.77
168430,163394.0,10705720.45
168431,967143.2,72612659.3
168432,113621.0,766315.38
168433,37951.66,2913842.82
168434,33252.02,2295023.45
168435,0.0,133784.24
168436,17894.67,4465413.5
168437,43197.0,1660315.45
168438,646243.23,32329347.88
168439,202656.0,12656599.94
168440,16296.0,2569419.44
168441,137092.0,3677667.07
168442,55608.0,2713652.35
168443,49311.67,23520322.35
168444,0.0,8346820.22
168445,0.0,45348169.81
168446,12520.86,22800626.58
168447,426419.0,14625114.39
168448,46973.0,21643495.32
168449,100835.0,2342911.91
168450,71087.19,14487536.05
168451,55495.0,10733321.42
168452,323656.45,9255826.22
168453,13600.0,1483119.82
168454,241857.0,15439242.92
168455,39475.51,12706766.97
168456,0.0,1667406.89
168457,1750.0,12740879.48
168458,240219.95,8857791.02
168459,1460737.22,33926951.42
168460,50630.0,7096269.38
168461,28817.86,12475500.56
168462,549831.24,45717517.1
168463,39365.0,2618667.58
168464,204767.65,627333.84
168465,32496.35,8439522.76
168466,1547547.0,15160897.29
168467,85974.0,2226979.88
168468,13327.0,1942626.64
168469,0.0,1682820.42
168470,65907.0,1709674.85
168471,3508582.0,50515953.95
168472,137202.0,19025362.68
168473,2935271.0,38399271.96
168474,2883388.01,27157402.82
168475,125990.0,22327833.03
168476,0.0,7666.0
168477,478520.44,54305311.94
168478,0.0,70390.0
168479,459019.73,71024030.04
168480,215185.73,13450033.73
168481,4012860.14,131236324.91
168482,531338.0,26226836.47
168483,1492840.22,62820894.11
168484,38316.0,6612708.89
168485,1353526.0,19132220.72
168501,1228910.84,83910892.17
168502,128860.0,25764287.12
168503,24295.57,10065842.09
168504,5840464.0,90434617.65
168505,34983.75,3683641.1
168506,26218.0,2828289.13
168507,745829.76,3726626.73
168508,12908.01,6974752.03
168509,360303.35,4327109.54
168510,46329.0,188628.0
168511,175824.88,11336487.35
168512,156164.55,3671914.32
168513,16775.57,265807.59
168514,234704.0,9149578.94
168515,81833.0,14177933.29
168516,1485083.08,1990774.14
168517,1572363.95,281401689.87
168518,52243.0,5982607.51
168519,29066.0,310613.93
168520,21438.0,733184.71
168521,18658.0,10244795.7
168522,90704.0,134619.0
168523,558111.74,8677353.22
168524,1010951.0,3654674.96
168525,647558.9,34742532.73
168526,4310097.0,9665820.53
168527,1009.0,4957166.19
168528,250785.0,2053635.54
168529,1467025.98,9917858.1
168530,0.0,27084532.21
168531,76532.0,2716316.29
168532,418024.04,5303301.45
168533,18289.0,2241268.34
168534,57935.0,3319309.36
168535,55365.0,30185601.93
168536,1626951.66,45151976.83
168537,78333.0,42211158.29
168538,48451.0,10875701.74
168539,94192.0,9291637.2
168540,46720.0,17518624.24
168541,267638.9,17368574.07
168542,1642777.0,11178522.12
168543,552216.0,16518468.18
168544,2325183.07,53784378.7
168545,2000.0,9761523.45
168546,205952.68,5725729.71
168547,27907.0,2806503.19
168548,0.0,1332949.62
178601,0.0,26765395.0
178602,0.0,19929167.01
178603,0.0,25578092.49
178604,0.0,311000.0
178605,3422793.0,28303665.86
178606,7409000.0,1395710.82
178607,1071967.0,10321956.12
178608,0.0,12422301.43
178609,235936.47,1440705.69
178701,1275486.18,39759189.38
178702,2102680.0,298674.0
178703,4058303.11,103330150.8
178704,7556902.56,8956289.57
178705,641078.03,20094316.0
178706,105143.0,5864659.72
178707,80082.12,861980.1
178708,6577235.12,308464437.63
178709,23906.0,713406.62
178710,0.0,2621061.9
178711,302768.67,27110795.99
178712,1471487.14,3309041.62
178713,156000.0,195171.0
178714,258127.42,17317810.63
178715,1049492.86,1103.0
178716,5819790.29,5812367.04
178801,0.0,216106.0
178802,3047394.0,44942476.0
178803,1054361.0,52180042.63
178804,0.0,103131.12
178805,0.0,622723.0
178901,258553.89,458033.01
178902,2047940.34,3690435.1
178903,10066.0,95093.0
178904,0.0,38725.0
178905,0.0,171446.62
178906,0.0,75739.0
178907,0.0,116855.0
178908,0.0,428967.34
189001,167821.0,1478326.45
189002,7359.0,1205674.26
189003,35467.0,324059.0
189004,14732.0,116963.25
189005,0.0,538125.0
189006,22025.0,1446861.83
189007,0.0,1315575.28
189008,11606.0,436233.69
189009,66551.0,6353199.53
189010,3849.0,3311555.21
189011,0.0,3756959.62
189012,217613.0,1543362.33
189013,10427.0,2512465.02
189014,4715257.0,8069856.08
189015,7897.0,16611951.59
189016,0.0,400705.89
189017,22389.0,2613932.86
189018,4188045.29,60511859.68
189019,7427.0,3500815.19
189020,33828.0,928268.12
189021,168353.31,9484750.24
189022,380569.0,28838285.28
189023,265436.0,3197007.88
189024,100922.0,6761393.57
189025,85284.0,3348694.37
189026,408802.0,22970837.07
189027,115452.0,26489578.89
189028,295764.45,6477844.15
189029,20028.0,2549369.89
189030,170129.0,18038748.68
189031,208193.0,34415109.35
189032,165902.0,18197123.28
189033,56830.0,5445142.67
189101,0.0,39929.0
189102,9772.0,197178.0
189103,6072.0,16978.2
189104,1514.0,3831.0
189105,454178.94,72077.0
189106,0.0,71862.32
189107,0.0,513444.1
189108,0.0,10906.0
189109,0.0,1138416.21
189113,0.0,145289.0
189114,0.0,96307.09
189201,1199.0,143983.0
189202,3012.0,668927.0
189205,0.0,1525575.9
189206,0.0,12470.0
189209,0.0,239883.0
199301,0.0,307973.35
199303,3540081.0,414059.0
199304,0.0,65000.0
199305,126891.0,4454595.14
199306,521413.0,27777957.01
199307,480399.0,0.0
209401,1833171.58,986417.51
209402,108786.7,548730.83
209403,8986118.58,1433779.54
209404,272076.75,86606.7
209405,2389818.12,2917755.22
209406,54037.08,109766.25
209501,524638.86,0.0
209502,20630.0,23426.0
209503,1505482.59,1857598.0
209504,52017.08,75082.0
209505,78318.0,2352.0
209506,115662.55,1131480.33
209507,50398.0,19558.0
209508,20360.0,0.0
209602,0.0,261502.2
209603,505118.06,728641.55
209604,0.0,7000.0
209605,2372.0,0.0
209606,0.0,173257.0
209607,11839.0,1520140.47
209608,753962.25,2877819.98
209609,3679.42,2252251.72
209610,0.0,16122.0
209611,0.0,68000.0
209612,32578.0,577109.13
209613,0.0,1127111.19
209615,55804.0,2434.0
209616,0.0,22072.0
209617,40811.95,105708.43
219701,369084.26,15103.0
219702,4270.0,0.0
219703,18256.0,0.0
219705,31173.0,12296.0
219706,1988276.0,0.0
