010202,0.0,206345.0
010204,0.0,1865.0
010206,0.0,35007.0
010302,17522.81,4861.0
010303,0.0,6290.0
010304,0.0,270062.0
010305,0.0,18969.0
010306,0.0,16077.0
010307,0.0,120143.0
010401,0.0,259762.0
010403,0.0,5178.0
020703,0.0,4510.0
020705,0.0,11446.0
020709,0.0,12359.0
020710,0.0,1859.0
020805,0.0,52389.0
020808,0.0,19842.0
020902,0.0,2198.0
020910,0.0,20614.0
021101,0.0,3636.0
021209,0.0,24847.0
021212,0.0,45313.0
021302,0.0,6059.0
031507,0.0,9735.0
031515,0.0,59978.0
041604,0.0,153302.0
041605,0.0,18424.0
041701,0.0,25556.0
041704,0.0,58217.0
041806,0.0,7153.0
041901,0.0,12323.0
041902,0.0,1194592.0
041904,0.0,3984.0
041905,22248.53,415213.0
042001,0.0,44603.0
042005,0.0,658805.0
042008,0.0,48612.0
042009,0.0,69781.0
042101,0.0,9869.0
042103,0.0,435511.0
042104,0.0,61755.0
042106,2880.14,201485.0
042201,0.0,10602.0
042202,0.0,1654023.0
042203,0.0,339375.0
042204,0.0,28750.0
042206,0.0,86346.0
042208,0.0,86483.0
042209,0.0,1669.0
042403,0.0,5677.0
052517,1824.65,0.0
052710,1286119.9,1813.0
052711,0.0,12522.0
062828,0.0,16490.0
062835,0.0,2678.0
062903,0.0,2810.0
062918,0.0,4670.0
062919,0.0,3967.0
062922,0.0,2545.0
063004,0.0,1785.0
063005,0.0,1917.0
063202,0.0,52298.0
063208,0.0,115967.0
063209,0.0,304148.0
063214,0.0,103836.0
063215,0.0,1456.0
063301,0.0,1073.0
063304,0.0,20895.0
063306,0.0,3546.0
063307,0.0,29096.0
063401,0.0,32529.0
063402,0.0,198506.0
063403,0.0,2334.0
063406,0.0,7761.0
063506,0.0,2975.0
063703,0.0,3703.0
063707,0.0,20357.0
063802,0.0,1868.0
063808,0.0,51438.0
063816,3258.07,0.0
073906,0.0,28352.0
073916,0.0,46867.0
073917,0.0,15803.0
073918,0.0,121813.0
073919,0.0,32341.0
073920,0.0,22677.0
073921,0.0,49670.0
073922,2256.63,440134.0
073923,0.0,430455.0
073924,0.0,71448.0
073925,0.0,40883.0
073926,7659.24,138031.0
074008,0.0,34996.0
074009,0.0,6017.0
074010,0.0,5695.0
074011,0.0,399580.0
074012,0.0,36824.0
074013,0.0,11572.0
074015,0.0,6899.0
074016,0.0,41428.0
084201,0.0,1905.0
084202,3259.0,195498.0
094401,0.0,1730.0
094407,0.0,2819.0
094412,0.0,2734.0
094414,0.0,3067.0
094418,0.0,64050.0
094419,0.0,100043.0
094421,0.0,7587.0
094602,0.0,2702.0
104802,0.0,2083.0
104804,0.0,23638.0
104809,0.0,1306.0
104811,0.0,2165.0
104818,0.0,167825.0
104819,0.0,11130.0
104820,0.0,28426.0
104821,0.0,255555.0
104823,0.0,150948.0
104901,0.0,128062.0
104902,0.0,1884.0
104910,0.0,13441.0
104911,2399.94,124311.0
115111,0.0,225379.0
115112,0.0,1261433.0
115201,147340.95,2811.0
115204,0.0,35022.0
115208,81372.08,2184889.0
115209,0.0,3406.0
115210,0.0,2570.0
115211,0.0,10506.0
115212,0.0,185421.0
115302,3383.63,0.0
115309,0.0,11585.0
115401,0.0,87632.0
115406,0.0,3504.0
115407,29744.0,2957961.0
115408,1226.0,6040822.0
115508,0.0,866685.0
115512,0.0,136176.0
115513,0.0,3530.0
115515,0.0,729952.0
115516,0.0,4089140.0
115603,0.0,88450.0
115604,0.0,30921.0
115607,0.0,18219.0
115608,0.0,8472.0
115702,0.0,12894.0
115703,0.0,210716.0
115705,0.0,2636.0
115804,0.0,2069.0
115806,0.0,55944.0
115807,0.0,3666248.0
115903,0.0,218759.0
115905,0.0,22524.0
115906,0.0,3050.0
115910,0.0,9935.0
115911,0.0,8810.0
116001,0.0,1411342.0
116002,12145.0,53354270.0
116101,26358.0,0.0
116103,114800.0,0.0
116104,134186.0,4032.0
116105,2881393.0,24180.0
116106,1420076.0,33333.0
116109,1162369.0,70981.0
116110,4232700.0,6811.0
116111,209076.0,0.0
116112,4888.0,0.0
116114,15468.0,0.0
116116,4616.0,0.0
116117,0.0,299225.0
116201,5503.0,0.0
116202,3839.0,0.0
116203,53462.0,5244.0
116204,245451.0,0.0
116205,1816441.0,0.0
116206,28945.0,17733.0
116211,5455.0,16837.0
116215,0.0,3312.0
116217,0.0,77149.0
116302,0.0,68483.0
116303,0.0,156367.0
116304,0.0,80758.0
116305,0.0,1934.0
116306,0.0,29930.0
116307,0.0,2182.0
116309,0.0,14994.0
126403,1712.0,5331.0
126404,0.0,2488.0
126405,0.0,2686.0
126702,0.0,1190.0
136802,0.0,37880.0
136804,0.0,14489.0
136805,0.0,2579.0
136807,0.0,4166.0
136809,0.0,3696.0
136810,0.0,8160.0
136811,0.0,38794.0
136813,0.0,3521.0
136901,0.0,102365.0
136905,0.0,11506.0
136907,0.0,2620.0
136910,0.0,31722.0
136911,0.0,92808.0
136912,0.0,55583.0
136913,0.0,3518.0
137005,0.0,2314.0
137006,0.0,4715.0
137007,0.0,18729.0
137013,0.0,42443.0
137016,0.0,4992.0
147113,0.0,232211.0
147114,0.0,10117.0
147117,0.0,11607.0
157208,0.0,3074.0
157210,0.0,52927.0
157214,0.0,307156.0
157216,0.0,25386.0
157217,0.0,43928.0
157303,0.0,3678.0
157304,0.0,5620.0
157306,0.0,5521.0
157307,0.0,8826.0
157308,2538.35,55020.0
157309,0.0,35144.0
157310,3539.66,0.0
157312,0.0,74885.0
157315,0.0,14242.0
157317,0.0,10729.0
157318,0.0,31388.0
157321,0.0,16208.0
157323,0.0,41342.0
157326,0.0,76442.0
157404,22254.84,0.0
157411,0.0,8323.0
157418,0.0,3265.0
157602,152893.75,0.0
157606,0.0,302400.0
157610,0.0,17523.0
157615,0.0,1686.0
157907,0.0,2942.0
158007,0.0,1730.0
158104,0.0,2960.0
158202,0.0,1834.0
158203,0.0,1942.0
158205,0.0,38472.0
158207,19621.0,3459.0
158209,87721.0,0.0
158211,0.0,2182.0
158212,0.0,4976.0
158215,0.0,19651.0
158301,0.0,8803.0
158302,0.0,62885.0
158303,0.0,24492.0
158306,0.0,6282.0
158310,0.0,12398.0
158311,2516.83,0.0
168402,0.0,38135.0
168404,0.0,2368.0
168406,0.0,126709.0
168407,0.0,142720.0
168408,0.0,41767.0
168409,0.0,175519.0
168412,0.0,6183.0
168413,0.0,186643.0
168414,0.0,168932.0
168415,0.0,634924.0
168418,7389.64,146091.0
168419,0.0,103760.0
168421,0.0,28375.0
168422,0.0,18953.0
168424,0.0,14616.0
168426,0.0,809710.0
168427,0.0,323076.0
168428,0.0,14167.0
168429,0.0,447516.0
168430,0.0,4909.0
168431,0.0,120321.0
168433,0.0,17218.0
168438,0.0,42775.0
168443,0.0,213538.0
168447,0.0,927336.0
168448,0.0,29002.0
168450,0.0,1958.0
168451,0.0,169778.0
168452,12209.0,1137493.0
168461,0.0,3463.0
168462,0.0,38229.0
168464,0.0,7704.0
168466,0.0,38556.0
168467,0.0,126841.0
168471,2002.0,15473.0
168473,0.0,10291.0
168474,0.0,1680.0
168479,0.0,50975.0
168481,5675.0,76536.0
168482,0.0,8761.0
168483,0.0,99120.0
168484,0.0,2744.0
168485,0.0,16624.0
168501,0.0,34906.0
168502,0.0,195448.0
168503,0.0,4223.0
168504,0.0,24400.0
168505,0.0,6819.0
168506,0.0,14093.0
168507,0.0,46717.0
168508,0.0,31823.0
168509,0.0,15833.0
168511,0.0,14151.0
168512,0.0,12547.0
168515,0.0,4744.0
168516,0.0,88305.0
168517,1138.0,65056.0
168518,7796.0,48892.0
168519,0.0,2512.0
168521,0.0,59845.0
168523,0.0,17168.0
168524,0.0,9580.0
168525,0.0,10645.0
168526,0.0,1483.0
168527,0.0,171302.0
168528,0.0,65043.0
168529,2341.0,1481588.0
168530,0.0,3207.0
168531,0.0,22213.0
168536,0.0,22141.0
168537,0.0,32840.0
168538,0.0,23621.0
168539,0.0,6505.0
168542,0.0,1466.0
168543,0.0,63602.0
168544,0.0,2380.0
178609,0.0,3107.0
178701,0.0,31823.0
178702,0.0,10745.0
178703,45643.0,10887321.0
178704,0.0,2512547.0
178705,0.0,181718.0
178707,0.0,27252.0
178708,0.0,251902.0
178711,0.0,61481.0
178714,2084.0,0.0
178716,0.0,39647.0
178802,0.0,769729.0
178803,0.0,1645.0
178902,0.0,4951.0
178906,0.0,35130.0
189001,4988.0,0.0
189006,0.0,41966.0
189007,0.0,24797.0
189010,0.0,34667.0
189013,0.0,2248.0
189015,0.0,5033.0
189017,0.0,2058.0
189018,0.0,103737.0
189022,0.0,6315.0
189025,0.0,37824.0
189026,0.0,24368.0
189029,0.0,2033.0
189031,0.0,15420.0
189032,0.0,16746.0
189102,57484.0,0.0
189106,0.0,11919.0
189201,0.0,26806.0
189207,0.0,10580.0
209401,0.0,73418.0
209402,0.0,8778.0
209403,2067.74,928260.0
209404,0.0,87342.0
209405,0.0,429892.0
209406,0.0,1735930.0
209503,6348.0,12535.0
209504,0.0,551555.0
209505,0.0,2727.0
209506,0.0,120780.0
209507,0.0,28062.0
209603,0.0,5091.0
209606,0.0,316161.0
209607,0.0,379742.0
209608,0.0,86381.0
209609,0.0,6070.0
209612,0.0,8166.0
209613,0.0,1752.0
219701,11491.0,2278.0
