010106,252987.0,0.0
010207,22824.48,46331768.0
010302,2763.0,0.0
010303,8912.0,519895.0
010306,197448.0,0.0
010402,81305.0,687038.0
010507,57259.0,0.0
020709,50038.54,4425.0
020710,0.0,1273.0
020713,3520.05,0.0
020714,15244.64,0.0
020801,83782451.24,0.0
020802,25403.0,0.0
020804,2068054.16,0.0
020807,8670.18,0.0
020810,123204.52,0.0
020902,0.0,63989.0
020904,167003.05,45568.0
020906,0.0,14285.0
020907,0.0,33519.0
020910,376465.9,0.0
021005,327501.01,325531.0
021006,68967.05,34692.0
021008,74719.27,2667.0
021101,812250.07,0.0
021102,38381.48,0.0
021104,4218.54,0.0
021106,99926.65,0.0
021108,5430.48,0.0
021201,13787.44,0.0
021207,3488998.63,238912.0
021209,116801.0,0.0
021211,20629.0,70806.0
021404,175224.11,0.0
031507,0.0,250739.0
031509,0.0,12376.0
031511,61136.35,4535.0
031512,0.0,317684.0
031516,205141.83,0.0
031517,434726.61,4997.0
041701,14065001.02,5509559.0
041704,13477.0,219590.0
041804,19493.76,0.0
041806,0.0,21899.0
041902,0.0,544683.0
041905,1159.0,288551.0
042001,0.0,3819.0
042002,0.0,10419.0
042009,18237.78,306518.0
042103,0.0,190656.0
042104,3045.0,0.0
042106,2347.0,455094.0
042201,4550.47,0.0
042202,0.0,578318.0
042203,1426.77,0.0
042204,0.0,113624.0
042205,0.0,6520.0
042206,23607.3,0.0
042207,31019.88,0.0
042208,30548.0,0.0
042302,76081.33,0.0
042303,3471.43,0.0
042304,20446.45,0.0
042306,8853521.8,0.0
042309,227511.74,0.0
042402,11524875.0,4327258.0
052505,12836.03,30977.0
052506,74806.32,4131.0
052515,10379.32,0.0
052516,2860.95,13887.0
052517,12824.08,0.0
052523,87768.9,0.0
052607,13969.45,0.0
052710,151638706.91,464680186.0
052711,23686259.1,12132331.0
062807,0.0,5180.0
062827,8719.25,0.0
062842,4913.0,0.0
062846,1269.0,0.0
062849,0.0,16630.0
062903,2225.49,0.0
062914,7303.16,0.0
062915,12163.75,0.0
062933,0.0,3258.0
062942,19716.0,0.0
063001,1087.0,0.0
063002,1011.0,0.0
063003,1208.0,0.0
063004,115359.0,50984.0
063102,27304.53,0.0
063104,1260.56,0.0
063105,6695.63,0.0
063208,1755.0,153030.0
063210,0.0,27376.0
063214,0.0,14000.0
063215,0.0,3902.0
063301,5055.0,0.0
063302,5798.0,0.0
063303,0.0,462349.0
063304,7732.0,461661.0
063305,11995.0,0.0
063307,0.0,522712.0
063401,60123.23,1073316.0
063702,3136.0,0.0
063703,4296.0,0.0
063808,2577.0,0.0
063819,29568.92,23903.0
063822,1168.0,0.0
073915,40165.21,0.0
073917,12844.0,58436.0
073918,1755.0,1308715.0
073919,1875.0,4084.0
073920,0.0,11763.0
073922,0.0,29752.0
073923,2069.0,116734.0
073924,0.0,991295.0
073926,0.0,44234.0
074004,108171.94,0.0
074009,0.0,24170.0
074010,3039.0,0.0
074011,0.0,10630976.0
074012,10274.03,0.0
074013,0.0,10198.0
074014,21457.0,0.0
074016,0.0,12934.0
084101,10137.62,0.0
084202,18215.0,706461.0
084301,2363.0,0.0
094403,18721828.25,0.0
094407,4368339.69,0.0
094409,1376890.97,35505.0
094412,38017.48,0.0
094415,11949.0,30820.0
094417,0.0,16472.0
094418,65991.83,2298268.0
094419,0.0,21057.0
094420,52565.0,129462.0
094421,51040.55,0.0
094602,5000.0,0.0
104707,28781.33,0.0
104803,0.0,25600.0
104804,58580.36,0.0
104808,0.0,6807.0
104810,28500.16,157273.0
104811,2978.0,181779.0
104813,4338.0,0.0
104817,1463.0,1089.0
104818,102059.0,84309.0
104819,0.0,58064.0
104820,18850.0,0.0
104821,196683.0,0.0
104823,15902.0,0.0
104901,90021.0,3107838.0
104902,3012.0,1187.0
104905,0.0,34309.0
104907,12855.0,0.0
104910,7587.0,26106.0
104911,4420.0,319465.0
115007,0.0,1852.0
115201,161613281.84,0.0
115202,57103.82,0.0
115203,52278.0,0.0
115205,0.0,44112.0
115208,889856.0,10674026.0
115209,3227.0,0.0
115211,1152.0,0.0
115212,1473.0,20652.0
115407,15077.0,4317917.0
115512,15810.0,0.0
115601,137179.0,16610.0
115607,0.0,15385.0
115701,1281.0,293006.0
115702,1316.0,603299.0
115703,531074.0,516435.0
115704,0.0,9149.0
115802,0.0,2190.0
115807,5613.0,0.0
115810,0.0,857760.0
115903,0.0,24435.0
115905,0.0,12934.0
116001,0.0,323588.0
116002,5893.0,0.0
116104,0.0,2536.0
116105,0.0,17998.0
116106,4652.0,0.0
116109,47059.0,221265.0
116110,0.0,25984.0
116111,0.0,179169.0
116113,0.0,73963.0
116114,0.0,52131.0
116115,0.0,5311.0
116202,6212.0,0.0
116203,0.0,199096.0
116204,19089.0,17624445.0
116205,1048.0,2639.0
116208,3523.0,0.0
116209,0.0,21859.0
116211,4271.0,1168118.0
116212,0.0,7301.0
116214,0.0,24382.0
116301,0.0,1183604.0
116302,5531.0,1145847.0
116303,0.0,231095.0
116304,11450.0,186559.0
116305,5568.89,8107.0
116307,8326.0,131587.0
116309,543837.2,152609.0
126402,33673.0,119429.0
126403,0.0,96863.0
126404,0.0,312263.0
126405,15307.0,38121.0
126506,0.0,65078.0
126507,0.0,4901.0
126702,0.0,37596.0
126703,4420.0,0.0
126704,61082.0,0.0
136801,0.0,4847.0
136802,38554.87,20097.0
136807,0.0,5371.0
136809,0.0,8713.0
136810,0.0,8088.0
136901,2454.93,0.0
136903,1166.0,0.0
136904,0.0,57854.0
136905,9249.52,9802.0
136908,10460.37,302918.0
136910,1097.0,378909.0
136911,0.0,273378.0
136912,2307.0,73724.0
136913,3198.0,9735.0
137006,0.0,16495.0
137010,14006.46,5692.0
137013,1000.0,84400.0
137017,0.0,4917.0
147112,2749000.0,0.0
147113,4420.0,831965.0
147117,26444.0,61531149.0
157204,53581443.96,95036.0
157209,7107.5,0.0
157210,0.0,5446.0
157215,622886.25,0.0
157216,1594.77,0.0
157217,1465.93,0.0
157218,0.0,59360.0
157302,0.0,12000.0
157303,1175.42,0.0
157306,50077.6,0.0
157308,0.0,54663.0
157311,0.0,17098.0
157312,0.0,39539.0
157317,110695.0,34984.0
157318,27503.0,36197.0
157321,0.0,26684.0
157323,10627.0,562884.0
157324,0.0,55537.0
157326,31585.0,40801.0
157403,1607767.73,0.0
157404,43819321.02,68387.0
157408,4718.02,2597.0
157411,0.0,84399.0
157503,226191.0,0.0
157602,12554130.7,44602.0
157607,0.0,33926.0
157610,0.0,34084.0
157612,0.0,28591.0
157613,0.0,13392.0
157615,1473.0,22127.0
157616,2583.0,0.0
157902,609319.98,0.0
158113,49000.0,0.0
158203,0.0,5560.0
158205,7237.0,148971.0
158212,0.0,5454.0
158215,0.0,52651.0
158301,0.0,52985.0
158302,0.0,70650.0
158306,0.0,12128.0
158311,0.0,13800.0
168402,53475.0,0.0
168407,1447.0,11476.0
168408,32816.0,0.0
168409,3978.0,0.0
168413,15500.0,3486274.0
168414,2947.0,1506937.0
168415,0.0,69434.0
168418,16029.0,204255.0
168421,0.0,129906.0
168422,23485.0,18118.0
168431,1079054.0,7210516.0
168437,28034.0,5785.0
168443,2789.0,192008.0
168450,0.0,12798.0
168452,0.0,12253.0
168470,0.0,4084.0
168471,2074.0,130502.0
168472,0.0,75530.0
168473,8841.0,559329.0
168479,84247.0,0.0
168480,6025.0,0.0
168481,0.0,15202.0
168483,2747.0,3806.0
168485,0.0,102230.0
168502,2045.0,86812.0
168503,0.0,5277.0
168504,7367.0,2540285.0
168506,3362.0,4997.0
168507,42106.0,167345.0
168508,0.0,86317.0
168509,0.0,111963.0
168510,0.0,137510.0
168511,6574.0,118602.0
168512,1336.0,0.0
168513,0.0,41285.0
168515,1645.0,0.0
168516,0.0,60825.0
168517,105454.0,18446300.0
168518,0.0,73476.0
168519,20949.0,0.0
168521,0.0,18697.0
168523,0.0,58322.0
168524,1403.0,2065.0
168525,0.0,124492.0
168526,21007.0,12398.0
168527,3100.0,35085.0
168528,1864.0,184362.0
168529,5592.0,93945.0
168533,1028.0,0.0
168534,22000.0,2534.0
168535,10607.0,4854.0
168536,0.0,87985.0
168538,0.0,14233.0
168539,0.0,15960.0
168541,4572.0,8000.0
168543,6302.0,4256.0
168544,6297.0,33633.0
178609,178251.82,100308.0
178701,13339.0,82248.0
178702,27826.0,1321341.0
178703,419043.0,85795985.0
178704,1755.0,3502153.0
178708,28495.0,798887.0
178711,23308.0,32877.0
178712,0.0,12060.0
178716,3948.0,0.0
178803,8555.0,0.0
178903,0.0,47700.0
189006,0.0,36603.0
189015,175345.0,172588.0
189018,158739.0,0.0
189023,0.0,558475.0
189026,12218.0,244869.0
189027,69274.0,459791.0
189030,71586.0,0.0
189031,19952.0,312515.0
189105,0.0,20341.0
189202,1289.0,0.0
209401,66619.0,1845026.0
209402,234299.0,0.0
209403,120927.8,19978442.0
209404,3230.0,74694.0
209405,8227.0,215462.0
209503,0.0,70149.0
209504,0.0,43324.0
209506,0.0,113109.0
209603,0.0,10741.0
209608,0.0,3171.0
209613,0.0,22467.0
209615,5564.0,0.0
209616,0.0,57675.0
219701,17187.0,0.0
219703,54750.0,0.0
219705,2000.0,0.0
219706,3950.0,0.0
