010101,185494.08,659001.27
010102,855700.93,11630987.88
010103,507680.0,237757.0
010105,710668.47,2233350.6
010106,2046030.0,13285.38
010201,1782911.35,105733.23
010202,2677138.0,23509.74
010203,15084.0,279061.04
010204,707250.0,1690.0
010205,11708.68,0.0
010206,17244.0,302240.9
010207,0.0,179040.14
010208,131185.22,5045.85
010209,0.0,44131.3
010210,233744.88,21785.0
010301,4827226.81,19059.48
010302,703469.97,252672.17
010303,55332225.34,2137868.42
010304,2061407.35,1014543.13
010305,1885254.27,215251.47
010306,104106074.58,530903.17
010307,726529.01,404838.87
010401,950367.52,1043259.95
010402,7884945.52,18485263.71
010403,1023747.78,76746.21
010404,0.0,865936.38
010405,30673.0,30614.0
010406,448486.62,2677788.69
010407,823879.03,580852.24
010409,23738.39,21203.24
010410,7281.0,0.0
010502,4445.0,320947.07
010503,9762.9,0.0
010504,105996.18,124585.32
010506,143083.13,13980.0
010507,578106.66,0.0
010508,15445.54,0.0
010509,4493.0,0.0
010510,3977411.54,38606.0
010511,607897.43,4340110.56
020601,40296.32,0.0
020602,4311042.16,7522013.87
020603,525101758.11,391873.92
020604,2359935.26,417480.75
020701,6672533.43,12907.37
020702,129535.86,149017.88
020703,758115.9,9137021.22
020704,4080.21,0.0
020705,4720.68,12015.1
020706,12726.25,283112.27
020707,13439.0,12000.0
020708,15508.09,11841.28
020709,3675150.0,60332.48
020710,138849.1,2461498.36
020711,824657.63,117495.98
020712,10456.02,645884.8
020713,4747579.15,41950678.13
020714,1764026.15,36922.36
020801,596620.79,742887.19
020802,0.0,987735.16
020803,569134230.34,14226.0
020804,652142.37,4633.56
020805,1007916.35,162825.39
020806,346177.88,5726427.52
020807,80943.75,0.0
020808,226121.11,33109267.76
020809,78845.3,7093110.58
020810,9720251.38,2495217.36
020811,248329.79,208520.08
020812,20741.49,711182.73
020813,235021.99,1750088.2
020814,3655.95,0.0
020901,1613291472.34,13892.71
020902,114659.32,107464.35
020904,1342854.96,692061.09
020906,34808.84,21000.0
020907,0.0,48047.73
020908,1074596.59,0.0
020909,33509.74,49141.65
020910,170876.59,269039.28
021001,0.0,183310984.07
021003,0.0,49566505.8
021004,2609.49,3516899.93
021005,126874.37,261464655.37
021006,93208.21,55887655.76
021007,43145.63,12618853.02
021008,0.0,681381.88
021101,113641.75,309690.0
021102,393419.96,53641.48
021103,3092.92,561287.49
021104,327261.29,1199016.73
021105,22467.67,385196.63
021106,9422.59,8628.32
021107,4099293.39,13940113.56
021108,2652056.3,4062422.84
021109,35397.0,30980.1
021201,32000.01,36615093.24
021202,0.0,1043438.24
021204,19047.15,99943.39
021207,2022483.42,1711103.84
021208,62366.83,6501548.69
021209,69292.93,9819124.61
021211,320888.35,679231.07
021212,576794.53,1790.0
021214,0.0,11428.43
021301,31886.89,13444.82
021302,338487.68,4851461.58
021401,64048.11,29520.0
021403,6004.19,10313.85
021404,568133.91,158007.29
031503,756024.0,0.0
031504,388264.39,100325.91
031505,14137.0,1154.25
031506,2951.0,0.0
031507,18044.22,60458448.32
031509,0.0,24094.81
031510,15824.0,95041.0
031511,14995871.66,196252.69
031512,2256.63,16260459.76
031513,3834597.89,1888.5
031514,12835.17,0.0
031515,864252.47,2515198.12
031516,388143.08,3490082.91
031517,5175322.8,5980383.3
031518,1532349.82,215294.17
031519,433375.96,3813081.24
031520,3289441.5,127518.48
031521,9286.0,1511668.85
041601,9719.17,10417.0
041602,1867.86,36353.91
041603,0.0,33517.5
041604,46531560.91,3587363.09
041605,67064.35,556031.55
041701,239661780.79,2887136.82
041702,1673129.35,1326567.87
041703,4120352.02,308996.5
041704,45584640.66,13721683.69
041801,1671862.05,0.0
041802,6667.67,0.0
041803,183337.49,0.0
041804,18747052.61,1281.78
041805,429768.24,217505.38
041806,6833237.78,5862561.98
041901,4960701.66,7934547.22
041902,10997.08,576344.62
041903,39546.03,0.0
041904,2647461.62,9632561.47
041905,27212183.87,21306174.37
042001,83908.93,178225.15
042002,110345.72,4127017.01
042003,3296257.91,19835.8
042004,105229.41,337246.38
042005,1197741.33,932170.89
042006,43200.9,149113.0
042007,820301.5,4833548.68
042008,3354545.13,5321962.4
042009,9662719.7,7483891.78
042101,137311657.25,722973.81
042102,102467.44,768060.28
042103,951335.8,7639141.97
042104,770407.03,1657403.24
042105,0.0,8697.0
042106,8809687.21,23710214.54
042201,2128.33,0.0
042202,778862.03,559470.83
042203,629935.16,1406622.88
042204,162010.29,5621046.86
042205,122887.93,0.0
042206,25307.78,76974.8
042207,129424.9,4641585.34
042208,7807975.32,12417786.32
042209,20438.92,0.0
042301,26780.32,3106098.43
042302,1616.12,2832335.96
042303,156155.93,2670262.0
042304,296251.96,32390888.88
042306,12625.66,1123608.45
042308,4584.61,0.0
042309,2044306.88,12869496.19
042401,31676212.99,2486921.69
042402,678570.82,13042622.18
042403,33264.0,0.0
052501,1347462.05,304460.72
052503,405986.89,1746356.38
052504,0.0,23671.27
052505,4094.0,339068.01
052506,70388.0,0.0
052507,120765.85,3851.45
052508,211725.78,134105.84
052509,379085.13,0.0
052510,2199.0,0.0
052511,184916.56,2226026.92
052512,0.0,395756.74
052513,23676.86,231793.33
052514,0.0,175228.43
052515,29887.18,38225.12
052516,84167.28,1076971.97
052517,2814.43,58341.99
052518,7196.24,0.0
052519,247847.37,1238186.74
052520,162000.0,198385.13
052521,5022.23,0.0
052522,376072.36,0.0
052523,61844137.01,7350184.21
052524,1609.23,10054495.68
052525,6355.79,0.0
052526,76273.56,550226.38
052528,0.0,132515.79
052529,79767.49,2768.01
052530,33290.57,2064707.9
052601,0.0,203277.0
052602,20427.0,1018614.48
052603,4728432.12,0.0
052604,1443.81,0.0
052606,0.0,492376.76
052607,465292.0,0.0
052608,20718.0,0.0
052610,0.0,5049.79
052613,0.0,17983.0
052614,0.0,572697.17
052616,4638678.63,0.0
052617,46514.48,0.0
052621,3308.44,0.0
052701,960123863.45,27610.8
052702,1986616.44,0.0
052703,0.0,428426.72
052704,11808760.08,3957.11
052705,10113.32,0.0
052706,46214.86,0.0
052707,31732125.04,870693.23
052708,361742.17,0.0
052709,2491054346.0,46222.43
052710,450320811.76,260833437.77
052711,8937370.83,871029.9
052712,758516.58,8991711.89
052713,17141.63,20855.39
052714,49039.56,43475.74
052715,103534.73,1021.26
062801,213566.22,472272.88
062802,86327.92,0.0
062803,11053983.67,1456381.32
062804,31922.52,6473581.95
062806,27200.84,0.0
062808,2083252.1,0.0
062809,2629613.09,239309.49
062810,72675.09,92053.93
062811,54197.61,2889826.07
062813,0.0,33516.0
062814,8798477.11,0.0
062815,3101.0,4733575.12
062816,53964.9,0.0
062817,276224.55,211583.71
062818,239417.21,1961588.61
062819,637589.25,143277.88
062820,0.0,104238.12
062821,1317334.34,833956.23
062822,32124.97,0.0
062823,4360.0,0.0
062824,212006.65,0.0
062825,136034.79,1077298.74
062826,40796.41,6831.75
062827,3918685.33,1915483.87
062828,17259.0,86700.77
062829,0.0,66813.94
062830,165362.97,236545.2
062831,353700.7,137607.46
062832,149465.92,13681.68
062833,1144900.6,3321441.3
062834,196337.87,444565.84
062835,7164017.81,26869465.59
062836,725438.55,378033.48
062837,27983.0,229770.75
062839,13511.86,292294.98
062840,48058.31,2233.4
062841,204390.75,2721237.03
062842,2312.0,169196.34
062843,43760195.63,9834.0
062844,0.0,104881.74
062846,0.0,53442.34
062847,0.0,728242.62
062848,0.0,18590.42
062849,0.0,1129241.29
062850,0.0,491093.0
062851,7009.88,58758.91
062901,110883.15,2984441.99
062902,5448290.47,55924721.03
062903,257578.57,7014875.22
062904,2166132.22,289651.53
062905,1040414.17,43384310.09
062906,18319.0,83439.76
062907,295601.17,154037.85
062908,30178.03,301479.85
062909,922655.15,623509.81
062910,11925.68,6210766.56
062911,17154.0,0.0
062912,232777.54,1347001.55
062913,9149.0,0.0
062914,227581.64,941882.56
062915,632333.22,5294132.32
062916,750864.22,300876.52
062917,7024434.52,65287036.29
062918,17243167.13,12606939.96
062919,43868.38,19127.55
062920,12625.0,176414.32
062921,94634.96,626460.44
062922,321623.52,12136395.27
062923,471477.78,2109083.75
062924,8278621.36,11805700.42
062925,11049.01,321385.27
062926,120212.99,1007964.91
062927,0.0,53971.6
062928,2383727.49,435513.72
062929,232247.64,962674.96
062930,191970.86,1653313.29
062931,34865.0,843427.6
062932,43904.18,964806.33
062933,21308983.57,67481507.79
062934,38531.34,3813740.32
062935,10401.05,283455.11
062936,955644.64,4668283.12
062937,98925.0,1414565.73
062938,6857.95,170399.0
062939,433491.45,174300.88
062940,3998.97,157508.55
062941,411151.66,16052798.27
062942,2861.0,5280.0
063001,117218.51,392790.6
063002,2071503.18,16622669.24
063003,1602877.11,3032608.71
063004,113286363.23,126702357.95
063005,4293735.61,1642200.15
063006,6210807.38,15076190.03
063101,141025.57,0.0
063102,4283131.01,30687398.9
063103,650298.96,0.0
063104,710668.0,4669310.08
063105,10059464.08,1834803.8
063201,4351.0,2718727.61
063202,301175.69,576472.25
063203,247463.36,222294.54
063204,2401231.95,40374412.07
063205,47272.23,87593.15
063206,9424880.77,20492552.83
063207,213466.74,1303942.3
063208,2896464.13,2901038.75
063209,335637.97,1130693.99
063210,390515.22,1250801.81
063211,331701.91,54125.19
063212,124748.7,159856.76
063213,224812.96,88295.08
063214,431334.3,2610148.09
063215,3735724.26,695141.72
063301,723203.47,4980911.6
063302,12091274.05,36146152.19
063303,960348.9,1746210.14
063304,9076883.2,9873067.67
063305,15411912.5,5209543.4
063306,1886530.22,7400218.64
063307,981886.51,7320579.85
063401,18598132.49,4435015.46
063402,4840886.0,19952151.93
063403,717235.72,2968416.76
063404,1031402.23,510160.6
063405,2323043.47,581830.19
063406,44607.72,329574.42
063407,128704.52,7784.0
063501,18438.0,7053.79
063503,18974966.62,2818693.16
063504,89338.96,3950426.97
063505,365248.83,210066.37
063506,2362392.31,7198486.44
063507,327106.5,3669849.86
063601,8386.73,0.0
063602,85240.0,114074.15
063603,102972.0,790846.18
063604,767920.39,793822.64
063605,109552.37,6086.39
063606,120460.31,0.0
063701,61973.0,3751643.63
063702,27712.51,8142350.85
063703,629484.35,9648219.41
063704,46592.0,0.0
063705,586763.61,623842.55
063706,123284.45,870079.46
063707,400464.72,10270308.34
063801,6734.2,434690.08
063802,474258.75,565236.45
063803,150731.0,0.0
063804,6506.0,0.0
063805,28399.08,191041.09
063806,485327.5,1755060.89
063807,2567.99,0.0
063808,166183225.98,53198476.09
063809,1069878.64,460357.56
063810,74837.61,827035.5
063811,455747.93,3459682.77
063812,4429065.51,970546.68
063814,97365.07,24236.24
063815,1114063.73,18382015.7
063816,227553.99,2971390.59
063817,2535.0,16625227.78
063818,7280.0,0.0
063819,260194.09,92325.68
063821,2384.03,9354.02
063822,1435772.84,20069202.85
063823,4555935.52,25285492.09
073901,1825033.56,58571442.74
073902,49208108.87,13442455.03
073903,51281414.87,14411086.74
073904,88733208.67,22030982.64
073905,510124.16,27351.24
073906,5432249.96,16368661.57
073907,35956478.76,41544438.56
073908,1835632.74,867467.5
073909,1865954.25,1772901.01
073910,487017.35,1644598.66
073911,106283.14,139211.54
073912,9348855.67,4901956.37
073913,79545.9,165625.23
073915,158239.39,56064.0
073916,768599.26,242730.18
073917,5626457.88,15411039.78
073918,1481403.0,465756.15
073919,4004988.52,3032177.93
073920,45622201.96,28339860.91
073921,15398902.64,14497792.68
073922,596916.24,821632.41
073923,39507523.75,34158762.76
073924,5286037.77,8770065.02
073925,789156.22,798169.72
073926,8371918.02,29926394.01
074001,473737.04,664163.06
074002,509531.91,17826981.01
074003,235438.2,61529.35
074004,7198.95,23861.08
074005,1187661.9,452375.76
074006,448100.11,14613.34
074007,161688.35,29674.27
074008,379192.57,908205.34
074009,124888.22,5132263.61
074010,249308.57,5904745.67
074011,31322281.33,74599744.74
074012,1757288.54,2291990.35
074013,448052.97,3509281.0
074014,527482.52,281046.95
074015,2169475.88,2163414.14
074016,2060860.07,12910625.62
074017,47154.96,357642.13
084101,263849.69,5392483.82
084102,19809.11,0.0
084103,11969520.03,34478.67
084104,21500742.57,16912347.84
084105,2926.21,0.0
084106,20195.0,15426.0
084107,6973111.6,270724.93
084108,680939.22,126940.83
084109,9497039.87,503975.67
084110,15517.0,21372.0
084111,2253765.57,864093.39
084201,321586.08,124268.51
084202,43159350.81,9269758.15
084203,2854672.69,1507448.9
084204,2007.0,2527.0
084205,16920762.83,258443.92
084206,12306.0,80104.0
084301,40649.0,47788.0
084302,189429.03,200520.02
084303,58728.0,28164.0
094401,2616.31,0.0
094402,2197.17,0.0
094403,1006990.9,77876.04
094404,2855.0,2645.12
094406,10997.06,0.0
094407,764235.69,394532.84
094408,115024.13,424835.55
094409,746755.8,412952.31
094410,1896580.76,2470787.67
094411,459935.72,3658180.08
094412,3997825.73,582808.38
094413,3354.0,0.0
094414,2061935.9,56193.18
094415,88009.75,10392.82
094416,4709.0,0.0
094417,325366.6,36356.81
094418,9818921.97,964492.13
094419,196958.24,97888.9
094420,344287.89,714858.6
094421,1521008.4,1193016.87
094503,1508.0,0.0
094504,135238.48,98906.3
094601,17624.81,55151.39
094602,168586.14,139219.56
104702,0.0,85051.69
104703,0.0,25554900.8
104704,0.0,2400541.95
104705,0.0,508423.0
104706,132578.36,0.0
104707,269661.36,5106789.73
104801,0.0,50364401.63
104802,30939204.12,24791210.85
104803,3425273.73,4117575.71
104804,6515374.87,44891870.47
104805,5288504.24,15987057.4
104806,10543.6,4054811.08
104807,219333.81,213694.22
104808,841518.28,372399.84
104809,148300.3,5793062.81
104810,2759050.86,14408077.27
104811,4394151.48,11838987.17
104812,0.0,6074.56
104813,4835597.03,1412652.58
104814,220250.4,1062325.11
104816,318219.96,538625.32
104817,540278.96,255836.2
104818,21079307.09,26329219.85
104819,10261574.86,9606243.79
104820,21199926.66,10995602.98
104821,1938097.47,2569595.54
104822,542728.69,291574.45
104823,11358716.22,13785073.18
104901,84123696.63,58412153.38
104902,9865478.73,10204076.05
104903,1691054.6,342918.49
104904,1125.0,29241.22
104905,158966.65,182718.07
104906,62854.0,24527.99
104907,1386784.75,275374.0
104908,787654.92,879091.06
104909,3406500.22,305036.61
104910,390962.72,95955.1
104911,3614210.39,5866207.73
115002,573190.77,0.0
115003,40063.85,4550.0
115004,94111.0,0.0
115005,0.0,1440.0
115006,35470.0,0.0
115007,63587.29,1088908.15
115101,0.0,22834.91
115102,0.0,44834.06
115103,122417.77,0.0
115104,39284.0,0.0
115105,1733.0,1096787.89
115106,0.0,83930.85
115107,0.0,204892.24
115110,2000.0,0.0
115111,162723.0,353260.84
115112,2389475.44,11771216.26
115113,96544.0,0.0
115201,12844312.5,14361905.52
115202,145838.1,15112.38
115204,966511.63,586103.28
115205,3503296.93,16557395.75
115206,246436.94,1399503.37
115207,602824.13,161850.35
115208,11576717.38,7358374.11
115209,53543887.39,70337200.63
115210,719166.86,1475757.08
115211,196023.9,277451.88
115212,1149473.09,743236.59
115301,1199.0,0.0
115302,11939.0,6491.0
115303,2750.0,0.0
115305,24944.88,0.0
115307,0.0,30381.97
115308,61800.0,0.0
115309,14231.0,313457.72
115401,2482915.8,3859791.7
115402,34487386.76,44425124.39
115403,3926558.66,713513.7
115404,309720.61,1381309.47
115405,14014.33,0.0
115406,171757.45,251358.54
115407,14210564.11,16953451.63
115408,319974.8,522775.29
115501,1756795.92,5229125.71
115502,6378505.37,0.0
115503,16984814.86,13340750.03
115504,0.0,1244024.27
115505,221324.21,108733.18
115506,538052.96,466228.79
115508,1701976.96,1365349.5
115509,6344591.52,3165542.91
115511,3854204.18,442681.63
115512,1866067.32,922243.44
115513,6111485.64,7041971.67
115514,6123802.03,737667.08
115515,2920158.21,8933946.6
115516,326804.41,1317389.62
115601,211984.81,344467.24
115602,78354.52,249543.03
115603,5439071.97,11016592.52
115604,572819.59,44915.11
115605,66264.0,91765.0
115606,10628479.89,320355.49
115607,432905.36,2470132.19
115608,422504.33,100162.29
115609,120761.03,279371.35
115701,120559.22,85076.0
115702,315281.33,302436.01
115703,672326.56,397564.8
115704,5028.0,0.0
115705,203483.79,33908.68
115801,10301141.31,1129137.32
115802,90077.63,19419.0
115803,353267.66,6895.0
115804,4680296.07,3619638.84
115805,12900.46,89051.31
115806,822899.3,450997.39
115807,463761.94,772755.29
115808,167192.89,139805.37
115810,1212871.48,871445.73
115811,3257.0,0.0
115901,6097.0,24030.51
115902,2619419.12,6051655.89
115903,40256733.42,6248105.47
115904,4345.96,0.0
115906,17439.72,29283.09
115907,15947.0,2516.59
115909,17049.0,38879.08
115911,111453.35,1342711.53
116001,1725991.83,2159336.32
116002,6406429.75,7314312.28
116101,1815451.97,2882.0
116102,946230.0,26513.39
116103,3283049.52,1125425.38
116104,7986841.92,1320567.72
116105,3270938.4,762543.72
116106,5424967.85,611700.6
116107,15089924.17,380412.88
116108,59830469.64,9495559.63
116109,16296098.04,2636342.63
116110,3087529.86,1406714.41
116111,10540039.4,4312548.02
116112,11601303.63,1846808.72
116113,220385.0,19296.36
116114,838676.35,432732.93
116115,26204210.68,1844748.32
116116,32901.24,78598.38
116117,35238.71,230816.7
116201,2572112.64,2128919.36
116202,1221892.59,155259.43
116203,125021960.63,12319801.36
116204,119024556.39,19879715.85
116205,12024282.56,1652619.71
116206,7786048.51,841851.69
116207,1527069.77,479871.9
116208,5890669.17,169210.59
116209,6104412.4,804725.68
116210,1048835.54,1412277.27
116211,3851040.14,1607662.91
116212,33409420.9,2558991.31
116213,112718.35,2891.29
116214,55134.75,44125.16
116215,194349.44,126142.21
116216,17962.0,41828.23
116217,407633.34,2517764.54
116301,754496.63,547651.05
116302,37483624.75,3298087.85
116303,5166184.23,120279.13
116304,84561.99,120622.0
116305,1705942.98,6954503.56
116306,578215.8,717648.73
116307,445850.38,2080652.22
116309,83991.74,4025.28
116310,119614.5,322357.0
126401,765406.42,1991938.1
126402,1817906.62,4221636.28
126403,25715724.12,9355082.68
126404,1920664.01,3617111.06
126405,2571302.77,1661180.53
126406,27671083.06,4269050.85
126501,1284349.6,45573.73
126502,18370.48,31668.45
126503,511824.75,8384.94
126504,254214.91,47560.21
126505,741701.45,327386.34
126506,314209.85,551676.41
126507,26233.93,0.0
126601,2921.0,393386.4
126603,0.0,22584.43
126702,3344.0,201415.12
126704,0.0,24030.14
136801,0.0,6247.0
136802,1279662.72,1071556.29
136803,72458.47,112882.0
136804,603719.67,895134.31
136805,2423343.63,2346652.47
136806,43307.19,44674.53
136807,203403.22,1709631.56
136809,42238.62,1746507.49
136810,97917.93,39833.82
136811,6839074.38,908926.03
136812,341759.94,1965547.07
136813,5471941.28,1660878.64
136814,2200.0,0.0
136815,339573.24,3523933.26
136901,241904.79,72342.0
136902,1624355.31,11527826.95
136903,94056.46,783927.17
136904,63754.95,325999.49
136905,1034053.21,309697.46
136906,1211.04,0.0
136907,3383453.21,202716.58
136908,8826647.56,4357646.27
136909,12702.82,1151923.74
136910,8899250.93,3460424.09
136911,207591.04,2118486.73
136912,7812318.19,2241147.43
136913,1752556.86,2348852.12
136914,217866.46,301563.29
137002,70978.0,1942485.95
137003,2012550.05,134353.99
137004,7139399.28,12774.93
137005,477682.51,13301544.1
137006,340121.68,230550.07
137007,5847960.33,2247749.15
137009,543170.35,1045010.22
137010,7760706.77,8125348.04
137011,242357.45,7622.78
137012,0.0,1272145.06
137013,10194575.36,10483283.87
137014,0.0,141924.24
137016,145209.61,255639.39
137017,21368.15,56998.07
137018,131510.03,133000.23
137019,2962111.36,7159694.79
137020,464286.01,404918.98
147101,153005.03,35702.2
147102,19147046.55,761755.85
147103,173014659.11,777837.03
147104,3657.0,32157.15
147106,782083.72,130465.0
147107,1368.0,0.0
147108,206041293.8,42078.0
147109,9563.0,0.0
147110,9314634.28,69919.97
147112,3936334.0,0.0
147113,8460655.07,2713976.92
147114,111191.62,891417.93
147115,11996.0,418584.96
147116,1095929.13,67323.58
147117,3333361.55,7694726.95
157201,116935.72,13754.0
157202,283379599.06,8252767.53
157204,1659579.08,6621525.53
157205,73289.65,100620.93
157206,6573.39,41118.29
157207,111235.0,0.0
157208,76931.55,21136576.68
157209,161784.76,17372125.28
157210,5306285.26,8133011.66
157211,91787.86,580303.31
157212,23414.29,49166.45
157213,186635.84,13796430.35
157214,1154679.85,8936343.4
157215,949260.68,302256.48
157216,44347.01,694929.8
157217,12125914.36,4755960.22
157218,0.0,22072.0
157219,190344.62,1242976.87
157220,108154.47,589348.41
157222,634558.02,270926.08
157223,18503.72,332898.19
157225,8137.06,891056.08
157226,49598.55,1105189.07
157227,41340.72,694811.0
157228,6086716.69,3326577.06
157229,0.0,236592.68
157301,366159.19,33232.6
157302,16263.73,5855569.26
157303,0.0,75381.24
157304,497012.53,38217950.32
157305,130269.62,8926113.9
157306,2474032.14,15435568.83
157307,833516.89,21925965.2
157308,2597687.51,11736773.29
157309,621484.36,1247436.24
157310,434713.08,3188241.81
157311,184736.73,6777697.32
157312,5667475.97,4133632.57
157313,12841.82,3671819.7
157314,365488.05,792495.29
157315,866949.78,1361036.49
157316,2385.0,0.0
157317,10762992.69,550708.92
157318,2249934.52,11798051.97
157319,84047.29,113335.26
157320,1258663.81,2637237.45
157321,4085081.51,5258537.16
157322,3399.01,0.0
157323,2149169.58,3229913.63
157324,40976.69,919612.61
157325,1622635.54,2030211.84
157326,5933142.73,15516445.25
157403,2119121.96,42517596.41
157404,11393975.87,46662.93
157405,0.0,18000.0
157406,2152689.0,121581.57
157407,106427.29,999592.3
157408,264193.59,50384501.14
157409,41132.26,1560841.35
157410,15312.0,259105.06
157411,15612.87,7531453.46
157412,140192.31,1113364.32
157413,236873.63,64303.48
157414,0.0,35110.0
157415,92880.23,9886.07
157417,5254.0,1424.0
157418,116639.41,191334.68
157419,2463777.54,1379667.64
157502,630264.8,832935.76
157503,86159.03,83113.0
157505,46196.51,504739.63
157507,13541.0,470865.26
157508,10103.0,454372.74
157601,404504.23,53584590.5
157602,3848662.31,470910.13
157603,1391.0,41259.0
157604,5514957.2,5940280.36
157605,18224.91,2560743.84
157606,1245141.25,17804662.3
157607,7799151.42,6594126.22
157608,525731.58,1127326.48
157609,26680.46,1291.0
157610,2600338.65,949581.04
157611,84408.0,26539.27
157612,2144507.99,5167016.4
157613,159593.0,365736.7
157614,1824932.65,0.0
157615,8075347.97,1029724.29
157616,1312551.96,4997982.92
157801,761517.41,2508165.96
157802,676808.67,0.0
157803,626948.04,6232.3
157804,60290.14,0.0
157806,24799.08,165989.89
157901,78034.0,4278.7
157902,80976.85,0.0
157903,46875.0,235803.52
157904,1262.0,0.0
157905,2428.0,11582.26
157906,0.0,1199.0
157907,32140.0,106148.62
158001,0.0,1220176.93
158003,17452.92,413615.1
158007,26054.13,11649.0
158101,41968.0,376864.61
158102,25850.0,0.0
158104,1904.0,333026.73
158105,142507.0,13103.27
158109,4810.0,14439.93
158111,0.0,7893.47
158112,1023.0,0.0
158201,7451723.61,2586970.42
158202,910946.65,2570195.09
158203,3982559.77,2064853.79
158204,118112.22,3193774.25
158205,642801.12,6175931.53
158206,136704.32,85031.19
158207,705406.91,47260072.1
158208,273512.32,1518103.88
158209,32868.0,87251.29
158210,5448212.43,111950.73
158211,482039.39,645294.94
158212,9092781.38,5512155.92
158213,350198.07,374355.32
158214,28902.31,846147.96
158215,899606.99,1056834.27
158301,2430490.15,3806003.68
158302,1454391.91,4415758.04
158303,15228.75,2024.0
158304,4990.21,2886.4
158305,2185436.0,495146.53
158306,123943.38,996991.0
158307,1145.0,5212.64
158308,2842387.53,1758919.03
158309,4679100.53,4653961.37
158310,9392.93,158325.43
158311,3624057.5,3771193.97
168401,401102.0,503375.03
168402,7005739.77,22725713.24
168403,10951.0,3127.0
168404,29669.0,2780682.37
168405,725660.0,273325.96
168406,60567.0,2061219.07
168407,189304.22,1557982.13
168408,201956.0,12353413.45
168409,2606332.85,35318768.77
168410,56268.0,1484642.23
168411,31250728.0,135048813.19
168412,737481.01,6367815.91
168413,4323666.61,93183441.33
168414,2840775.19,72613099.51
168415,6239101.02,8363487.82
168416,174935.48,403111.9
168417,1658205.76,2256900.82
168418,22769602.64,45606430.57
168419,1992504.24,56764881.77
168420,319363.08,6019090.03
168421,2177094.42,49120775.48
168422,4745309.01,58138258.09
168423,1905312.78,3900489.04
168424,4284587.17,12461397.01
168425,415561.66,3791908.12
168426,163565.81,1627916.75
168427,18543.52,280707.83
168428,2387838.17,17475808.58
168429,964937.29,73517823.37
168430,871973.45,24660568.65
168431,2390407.06,45937521.77
168432,1534680.87,985886.07
168433,642707.94,2936305.34
168434,121580.0,103147.52
168435,52939.0,13018.67
168436,264645.53,769432.54
168437,3848123.92,7944914.83
168438,2637466.75,49087059.49
168439,656484.0,5984291.88
168440,753183.53,2164583.47
168441,1353366.44,7673827.59
168442,177898.24,4214231.01
168443,1233700.38,27648194.63
168444,7199.0,20944.0
168445,545794.09,8316064.93
168446,304951.92,124938.45
168447,228516.51,3678921.19
168448,174122.24,12492037.18
168449,23499.0,10769.0
168450,45384.56,331173.26
168451,154045.51,9504277.64
168452,393864.81,7283882.14
168453,425447.84,2506737.21
168454,3392.0,14478.0
168455,143725.89,1450145.39
168456,50389.0,56965.0
168457,19076.0,328497.62
168458,55502.28,2969791.85
168459,210067.0,774338.72
168460,22361.0,1370097.68
168461,21502.01,442712.87
168462,1604415.41,4977171.81
168463,308612.07,1672868.02
168464,86385.52,655045.51
168465,294489.47,3156923.66
168466,175811.07,3374814.34
168467,50472.12,4355993.38
168468,12514.0,2024885.11
168469,0.0,927965.2
168470,8362.0,1970683.7
168471,2654723.67,305697854.81
168472,48048.93,6712626.51
168473,465337.84,41536965.96
168474,860929.12,23037324.38
168475,419320.83,11355954.95
168476,0.0,175330.55
168477,1476413.54,41423607.57
168478,0.0,21374.0
168479,6518850.29,81282859.64
168480,3613026.02,19502738.17
168481,2602780.31,74985704.28
168482,131649.13,27325538.8
168483,1651402.68,39945035.58
168484,586179.59,4125620.07
168485,887089.06,5982907.52
168501,2586346.63,49566331.12
168502,90904.73,30872885.18
168503,39951.18,7841976.8
168504,4962076.96,40630197.04
168505,289760.95,1135701.81
168506,7201565.97,20520744.7
168507,6850131.78,11728467.79
168508,73451.1,6116588.57
168509,6862691.52,9389480.7
168510,3704.0,249273.03
168511,1243954.98,9853473.48
168512,738797.77,1767266.78
168513,16482.0,1778785.89
168514,471626.83,1277452.62
168515,324484.3,1660635.33
168516,3981809.28,14880760.47
168517,1210494.49,344681025.41
168518,220298.66,5092029.34
168519,93291.72,2658784.97
168520,8193.0,389407.49
168521,34314.0,7067929.32
168522,1009763.94,648036.63
168523,2292336.69,10510486.65
168524,12939996.12,67367807.18
168525,355992.08,163527999.89
168526,83648.0,438078.71
168527,1167025.09,6773557.6
168528,585983.34,8590750.08
168529,806950.78,32350857.11
168530,10957.0,356997.4
168531,336119.41,7946969.34
168532,721950.58,1605802.15
168533,13507.0,1811150.46
168534,113456.59,3187017.63
168535,953583.25,11006310.62
168536,7334628.12,34890651.6
168537,2189459.64,4612537.31
168538,2987507.48,6460517.67
168539,10920311.67,16784095.47
168540,48303.0,2564283.84
168541,2228558.31,4363052.25
168542,252595.42,12474896.88
168543,1240985.06,12926761.37
168544,12606801.58,94780287.61
168545,406383.87,5573316.54
168546,3819625.24,2199562.07
168547,211217.13,139993.96
168548,31929.0,440307.39
178604,0.0,966418.0
178607,5280.0,5164128.88
178608,62713.04,830119.0
178609,334876.36,843385.02
178701,878939.08,37247684.75
178702,1862653.33,4804018.23
178703,21029850.26,360446976.94
178704,68332725.55,56933308.68
178705,301806.0,920523.21
178706,590256.18,4626960.51
178707,27906.12,655033.96
178708,17696278.58,158576535.97
178709,49869.75,0.0
178710,177227.0,4626767.59
178711,363449.51,17192599.04
178712,179086.47,1390382.67
178713,0.0,8815.0
178714,347206.58,2261647.29
178715,7509.0,470705.63
178716,1587691.61,840858.66
178801,233596.16,18992.82
178802,2808919.77,121514741.5
178803,2503222.26,35769534.07
178804,0.0,13520.0
178805,16720.0,323311.0
178901,104714.0,0.0
178902,1344538.36,78975.0
178903,141737.43,132476.76
178904,352097.38,175936.0
178905,3500.0,47973.76
178906,5744.0,0.0
178907,6971.0,219885.2
189001,114477.68,3520166.56
189002,17333.0,607291.37
189003,279887.28,746690.25
189004,85994.77,258123.72
189005,7870.0,37700.0
189006,179236.21,3587852.31
189007,0.0,20280.0
189008,20716.0,18321.21
189009,213591.77,12175437.43
189010,183245.0,183576.33
189011,21992.07,1395267.77
189012,38280.0,107788.06
189013,3856.8,352037.22
189014,1316528.0,3110854.38
189015,760599.86,4763201.35
189016,1243.0,21554.0
189017,143303.44,1983075.6
189018,11923226.68,91567489.41
189019,171192.52,5094553.6
189020,174857.71,386466.97
189021,3279210.69,10093980.43
189022,959431.04,11430160.86
189023,92974.12,1536504.03
189024,54576.0,149655.72
189025,282417.03,3070870.57
189026,600845.65,28223563.54
189027,454961.49,29678747.03
189028,3436708.47,11029659.71
189029,93492.74,978706.15
189030,486999.0,14655644.23
189031,329793.03,31795496.14
189032,522851.83,13467789.11
189033,104924.81,4103729.15
189101,64602.32,817144.26
189102,354204.48,6287613.91
189103,78209.23,101314.55
189104,0.0,3156.09
189105,382247.86,214855.39
189106,155661.01,491297.75
189107,55320.08,142587.13
189108,0.0,35904.0
189109,0.0,15000.0
189110,2490.0,0.0
189112,867345.87,4747.9
189113,135150.0,70837.72
189114,27198.0,526085.31
189201,0.0,62306.97
189202,33253.09,52956.31
189204,6875.0,0.0
189205,18943.45,366082.32
189206,16184.11,162243.95
189207,0.0,62337.96
189208,2080.0,6595.29
189209,0.0,25321.02
199301,0.0,3487.4
199302,0.0,70796.0
199303,0.0,17186.0
199305,0.0,87038.0
199306,0.0,2316503.83
209401,5540583.55,14128702.19
209402,479365.23,3752556.6
209403,7881955.69,22167225.57
209404,3028254.35,1249136.46
209405,1741946.78,9212129.71
209406,5159883.59,2239020.08
209501,0.0,66858.94
209502,139546.3,3113657.25
209503,2712236.79,24136907.02
209504,718749.86,7457255.24
209505,5417043.02,7604110.71
209506,675105.49,10277870.55
209507,288833.23,276561.9
209508,157255.02,139338.19
209601,56469.0,2129.0
209602,11268225.64,675220.87
209603,6361519.73,5529210.46
209604,1162.98,0.0
209605,21545.0,20473.45
209606,2460959.8,3648458.02
209607,1187011.83,2916521.22
209608,1743886.82,9386510.52
209609,1105511.55,3881742.17
209610,18841.1,97747.11
209611,1666.0,90571.55
209612,2324439.45,2878456.76
209613,36757.81,815329.93
209614,2382.0,0.0
209615,891453.26,463475.81
209616,335795.92,6781.0
209617,105737.29,466192.39
209618,43144.71,6895.0
219701,794580.99,801646.58
219702,33654.42,32587.03
219703,123777.08,83873.44
219704,1329.0,13289.0
219705,56850.44,21065.41
219706,183229.0,103757.39
