010101,238014.54,3322956.03
010102,13769899.99,0.0
010104,0.0,88427.81
010105,10580076.98,1459895.42
010106,1892178.85,605378.28
010201,744524957.36,965021.43
010202,6751011.42,54234.98
010203,0.0,11147379.25
010204,627464.0,16493.32
010206,216598.1,11566866.18
010207,12655045.73,8611204.67
010208,450000.0,0.0
010209,0.0,2366117.11
010210,791100.43,1819245.88
010301,7635390.61,0.0
010302,1804455.27,1070007.45
010303,95619819.17,25175492.7
010304,19284562.55,11375833.06
010305,1552024.13,1372357.92
010306,85018794.6,556140.68
010307,256502.16,2545245.25
010401,18261982.99,36406.17
010402,36476723.61,8386405.27
010403,939206.75,64496.83
010404,807661.0,3626090.82
010405,1553572.51,20602.0
010406,13867602.71,1305770.48
010407,40104727.53,72199.94
010408,46003.98,684041.11
010409,3164.54,119758.19
010410,15128.0,1287.26
010501,0.0,9985.0
010502,0.0,1341738.58
010504,596275.85,3019431.03
010505,0.0,14459.92
010506,17739.0,63294.0
010507,161603.27,0.0
010508,8580.0,1270.0
010510,2664703.73,23000.0
010511,106351912.51,10070042.4
020601,74945.67,5221490.46
020602,4339947.1,7353815.91
020603,1097012653.22,3225797.82
020604,2624789.74,629405.11
020701,16210492.53,12830.0
020702,343980.88,71033.0
020703,2277597.44,9583000.25
020704,322482.93,0.0
020705,387636.03,0.0
020706,88202.59,0.0
020707,12415.62,0.0
020708,823300.4,101557.51
020709,3546677.72,33864.44
020710,1051498.54,4294714.52
020711,2017926.86,4915.0
020712,593735.59,2719418.55
020713,67469576.63,69808624.78
020714,4503163.41,0.0
020801,258884.52,1393372.79
020802,454664.51,2571562.58
020803,770955529.84,131267.11
020804,2082472.95,24973.49
020805,7089044.86,1142902.26
020806,187134.12,16245680.36
020807,1400631.14,1572.26
020808,57783.23,56872648.55
020809,56915.29,5848843.06
020810,43503828.08,2161864.06
020811,1849080.11,132408.54
020812,128126.0,651365.98
020813,2149285.98,3032680.49
020814,12425.58,0.0
020901,1968610356.4,19733068.8
020902,876540.49,817307.49
020903,2767.2,5818.35
020904,4520145.67,482299.91
020905,1076.0,0.0
020907,0.0,361553.32
020908,633456.34,11302.41
020909,145548.46,3843737.34
020910,3705521.37,373483.19
021001,0.0,127170401.43
021002,0.0,26912.44
021003,52649.67,73267660.79
021004,7441.41,4640994.58
021005,2705028.94,810458149.54
021006,2754721.79,2421197.47
021007,100915.34,15990861.64
021008,2030658.9,7175348.92
021101,595198.22,131101.59
021102,7901750.61,1710362.09
021103,4622333.04,5926696.47
021104,1568239.08,950719.97
021105,7050.18,115574.51
021106,534237.71,35133.68
021107,683202.34,388517.22
021108,10446865.42,14245452.9
021109,0.0,695372.49
021201,325147.48,106871903.31
021202,24000.0,8478252.25
021204,191926.85,634937.92
021205,0.0,209786.12
021206,0.0,334347.54
021207,3350221.04,6406230.63
021208,48308.0,0.0
021209,779285.68,26660709.65
021210,61074.05,9856.8
021211,6825214.51,759994.32
021212,3028935.44,74168.58
021214,5703.0,332056.87
021301,165768.68,1889142.54
021302,1666076.22,15870890.14
021401,182378.61,51328.86
021404,1921671.54,1239479.5
031501,0.0,8112.0
031502,0.0,6712077.74
031504,388564.86,1192054.53
031505,8982.0,356261.5
031506,0.0,13318.56
031507,10150774.31,168583929.73
031508,0.0,107435.9
031509,17689.26,664572.2
031510,1435.56,0.0
031511,320651687.95,23115542.33
031512,1116290.64,79040859.61
031513,40076389.69,193635.01
031514,2041.0,5332604.09
031515,773942.09,2459346.62
031516,10978651.1,3792493.09
031517,19047386.17,20563875.94
031518,5300008.51,1153442.0
031519,1474703.76,6880254.94
031520,934081.1,1418694.98
031521,108974.63,938870.28
041601,15271.91,232370.52
041602,1255234.38,23350244.82
041603,11760.0,64670.8
041604,61581890.08,80408919.87
041605,14562499.0,1668293.29
041701,160432424.42,58805487.8
041702,9038766.41,15676561.64
041703,84159.04,0.0
041704,235640938.02,22128725.38
041801,3389518.47,0.0
041802,12548.25,0.0
041803,2837805.66,32564.41
041804,21623949.39,180359.71
041805,663460.03,3969291.84
041806,52704706.36,21346046.94
041901,29534734.29,40975080.0
041902,141737.76,1248693.18
041903,80150.88,24165.0
041904,10986725.48,26389647.58
041905,92920730.51,30668953.71
042001,383820.64,928197.4
042002,118177.22,10955270.78
042003,1554601.07,522435.06
042004,1266606.18,5923066.62
042005,5854187.48,3493355.76
042006,148489.3,101096.06
042007,7549501.44,11644661.47
042008,24636234.81,16519353.71
042009,5622762.87,10689172.43
042101,213498112.15,5066340.07
042102,5315119.79,5454542.12
042103,11505853.54,9279107.68
042104,16953560.49,917675.93
042105,521842.12,259683.02
042106,100914703.69,109992037.66
042201,12048.99,77594.79
042202,42578110.51,20980230.35
042203,6194408.79,8185248.4
042204,30819.55,25982596.91
042205,904303.39,50919.61
042206,107903.65,469120.18
042207,0.0,2129720.71
042208,9640288.25,35078187.91
042209,83981.07,67889.6
042301,505724.18,833400.29
042302,383248.46,993658.97
042303,522424.13,7738.22
042304,0.0,169702367.77
042306,18897.71,10901180.19
042308,6645.0,7421.65
042309,26146145.3,137474068.52
042401,20119941.07,6101775.67
042402,14340165.43,23164666.8
042403,5204375.97,1085358.2
052501,7148034.53,3862665.92
052502,0.0,8664.5
052503,1612925.83,23603072.82
052504,30240.83,401193.31
052505,5508052.71,1116693.8
052506,23104.99,22141.62
052507,3561506.68,395303.14
052508,4882085.45,947019.69
052509,7826670.9,169453.0
052510,2930657.63,5648.78
052511,1065802.41,696455.26
052512,9254.51,901468.7
052513,131824.18,217881.98
052514,0.0,757328.31
052515,47652600.25,355648.51
052516,1094484.25,2205324.74
052517,22627853.21,2155599.66
052518,582422.06,98256.39
052519,168196.7,3805898.18
052520,1215448.87,387874.65
052522,2625903.54,9826.16
052523,103609241.12,2709194.15
052524,711154.47,3493726.42
052525,12395.74,65132.98
052526,146597.48,1494137.05
052528,46196.68,738366.83
052529,407118.86,159478.96
052530,10545424.66,6737484.3
052601,0.0,8377504.08
052602,2215682.36,12886517.2
052603,10404734.63,0.0
052606,15750.0,4774827.01
052607,0.0,31420.0
052608,2722.64,0.0
052610,81292.59,15923.57
052614,9500.17,0.0
052616,101525846.97,45926.0
052617,47245.99,5142.18
052620,507879.28,40193.0
052621,143391.0,55706.87
052701,6789795272.61,90253.23
052702,0.0,48140.82
052703,0.0,1119319.93
052704,469549908.25,19216.65
052706,638139.15,0.0
052707,1417843.55,1798860.4
052708,12153554.84,32779.32
052709,9593554066.93,243554022.71
052710,2736729822.35,1450293662.02
052711,165488873.78,386925.19
052712,8183623.24,8417238.46
052713,2122320.73,497777.56
052714,2621.11,0.0
052715,280647.39,304627.74
052716,37775922.09,2363687.0
062801,2141044.38,747210.85
062802,9420.57,0.0
062803,34013667.57,3245691.15
062804,191810.27,1737371.96
062805,0.0,18883.53
062806,2282096.28,4497.92
062807,349043.49,0.0
062808,268946.46,58744.0
062809,356892.98,8314252.75
062810,0.0,748642.85
062811,995373.68,9969982.81
062812,0.0,8297.0
062813,100523.56,0.0
062814,11033191.0,13184.07
062815,720128.48,7911560.94
062816,56321.62,133324.3
062817,1704827.08,3925859.51
062818,300927.55,5074368.77
062819,1982927.98,1496733.42
062820,415256.7,916145.19
062821,8598181.76,2649096.15
062823,111024.64,384455.28
062825,10095461.43,1162187.33
062826,239045.3,638259.47
062827,1578854.65,7721805.2
062828,575749.9,3422959.97
062829,7176.56,696713.23
062830,339884.31,201573.24
062831,23993.86,1758071.94
062832,104483.64,727228.72
062833,9727896.44,23583018.04
062834,728889.08,4766860.07
062835,21623052.01,45587049.18
062836,8333740.62,35167480.39
062837,7193.59,38701.4
062839,3142312.24,491998.76
062840,59533.06,786325.14
062841,2596257.11,3326653.65
062842,193562.58,747737.42
062843,7367492.15,387688.25
062844,132754.29,2349563.35
062845,1608.0,8216.0
062846,2216.58,1896.19
062847,40864.19,4584383.16
062849,49898.87,3604422.93
062850,0.0,8946.17
062851,41117.77,41957.63
062901,852258.82,361918578.62
062902,30470208.81,153311186.47
062903,125772.23,239495810.83
062904,28051570.15,6210994.5
062905,2925345.55,79192089.46
062906,54585.65,459597.98
062907,530558.2,2342846.3
062908,10897.0,117890.65
062909,643777.03,24913793.28
062910,23380.06,92793.65
062911,18970.0,0.0
062912,712678.34,1094983.74
062913,0.0,1845.8
062914,634237.89,9897472.34
062915,5607467.83,51558833.08
062916,1895537.03,5491394.91
062917,20497088.82,14441555.39
062918,29864073.47,29819149.75
062919,13372.71,262683.64
062920,270852.59,3774374.95
062921,1027998.42,7472869.02
062922,1285071.71,43826783.76
062923,502355.68,3891576.44
062924,4636238.81,19807110.26
062925,584435.3,2836278.54
062926,85717.69,3285031.71
062927,22054.97,370256.1
062928,8839215.17,2456481.67
062929,671458.03,6118505.19
062930,1120420.39,7402132.68
062931,4136440.53,52573426.44
062932,91628.52,10327336.38
062933,29953651.12,69125894.15
062934,853997.54,17845668.64
062935,55924.83,2318867.0
062936,7211600.81,25718367.56
062937,327076.0,3088487.61
062938,29525.0,624681.63
062939,770934.58,12099059.41
062940,107423.03,535767.36
062941,1360825.39,36638225.73
062942,131657.86,137386.46
063001,566306.45,1664267.33
063002,10698712.16,140807385.51
063003,1567466.28,15626384.62
063004,342499035.24,531223481.57
063005,21604850.5,6673757.05
063006,10771615.0,35046218.08
063101,20320370.12,704805.53
063102,15560598.1,83613052.55
063103,1745800.33,435715.75
063104,699496.02,183332791.96
063105,36712802.82,23555220.47
063201,0.0,1692404.72
063202,465709.45,830160.36
063203,245581.1,943752.22
063204,8984176.0,58981793.1
063205,357584.06,205693.41
063206,40253489.19,45013656.19
063207,473019.09,21701511.63
063208,24198591.72,19568398.64
063209,2568559.58,6109449.6
063210,237377.93,907861.35
063211,4468414.78,109035.2
063212,102647815.17,1065979.35
063213,792563.93,541280.95
063214,4432178.97,11133868.12
063215,14864590.46,16268964.62
063301,1500048.51,7056936.28
063302,66274886.32,85862802.42
063303,82885320.38,16361695.67
063304,138459054.76,57594458.84
063305,77947002.12,57564349.75
063306,58661577.81,45130212.9
063307,16834597.18,40587932.72
063401,65988340.82,13170859.46
063402,58691860.42,63842855.57
063403,1652916.0,1712248.81
063404,2656638.66,8928261.74
063405,5929340.5,1753380.55
063406,1825113.49,1127462.98
063407,815106.74,197585.12
063501,28466.82,318996.41
063502,0.0,2552285.39
063503,25997145.26,5562704.63
063504,53365.64,671103.14
063505,703266.37,10206965.7
063506,16709790.82,27343607.87
063507,1809811.15,2843299.58
063602,588523.0,2805052.57
063603,0.0,3862592.56
063604,0.0,2899091.65
063605,762749.52,0.0
063606,91458.56,26589.74
063701,943273.41,7681425.64
063702,42066.6,4450588.9
063703,159853.01,5413647.09
063704,42138.0,0.0
063705,39883.0,4429.0
063706,45826.53,1669279.39
063707,295006.63,6813769.78
063801,1076587.03,7377940.09
063802,1066734.22,3465716.82
063803,35933.86,0.0
063804,49893.42,1655092.25
063805,22352.71,881424.77
063806,1413864.86,4296481.38
063807,176885.4,13770.42
063808,226677831.14,177853736.19
063809,4331752.65,10988610.74
063810,64044.56,655879.0
063811,2626620.24,47602403.69
063812,8124167.67,2801114.24
063813,7270.0,80078.69
063814,156052.69,217835.1
063815,2843032.91,34870506.17
063816,2526211.15,3579916.15
063817,0.0,779739.72
063819,485533.67,16329.76
063820,1409603.8,910193.96
063821,439479.44,490331.41
063822,508108.07,21110659.7
063823,24878044.21,110169631.07
073901,6719443.1,356954788.11
073902,332459306.96,26124083.66
073903,80597118.14,27229372.32
073904,309034777.92,33535488.5
073905,6758111.04,14940631.75
073906,16685357.61,60635384.0
073907,50073166.59,139445847.49
073908,506653.87,3199071.06
073909,11373942.31,35370107.23
073910,705139.28,15142417.75
073911,623580.48,1253106.07
073912,11493572.49,8316099.86
073913,1692031.41,10384575.36
073914,33191.35,117356.66
073915,2413380.79,792607.76
073916,5966680.41,3603135.46
073917,58375093.18,35099492.91
073918,1425733.51,2438919.84
073919,24565837.4,43778037.03
073920,161674007.81,164137810.87
073921,89345225.69,61279683.23
073922,2077390.58,4002882.07
073923,126270874.53,111036138.43
073924,42737498.43,32442114.83
073925,10815140.75,7429634.32
073926,43513372.11,81317299.08
074001,1973931.39,588402.4
074002,2378725.91,40230620.78
074003,235871.0,48361.25
074004,3981.13,31886.98
074005,6549308.07,7820840.36
074006,157284.83,1827818.92
074007,4256.06,278475.57
074008,2112181.96,5153130.11
074009,1717477.46,18688400.91
074010,672212.84,16808457.67
074011,134543091.89,252648056.06
074012,4065760.31,8399247.52
074013,2164227.69,11239660.1
074014,1264452.65,2027019.45
074015,8130951.67,5758289.92
074016,7960910.48,37138869.1
074017,29269.25,576765.25
084101,1173824.72,85380.65
084103,11432379.22,248723.0
084104,350459155.3,8886101.74
084105,479995.78,19269.62
084106,958087.49,0.0
084107,16185632.17,2733036.12
084108,1932224.12,36498.99
084109,5104494.18,157139.65
084110,4459.0,1727073.6
084111,1730113.86,314294.16
084201,1449783.08,372312.19
084202,57464875.01,73724329.07
084203,9363418.15,4432698.64
084204,347452.0,0.0
084205,23120844.98,3337359.96
084206,125479.19,490257.04
084301,1338.0,0.0
084302,2583375.22,39200.71
084303,357662.61,55682.38
084304,27434.0,11017.77
094401,619977.72,0.0
094402,1248129.49,56316.62
094403,6467046.75,657657.23
094404,85322.42,6556.4
094405,0.0,5863.36
094406,70549.33,263035.29
094407,7446002.35,4470850.51
094408,200242.76,5487712.61
094409,28657807.09,1772735.18
094410,4970311.8,9375943.35
094411,2015947.29,41736931.27
094412,5668554.07,11823121.13
094413,1283754.15,444035.43
094414,220166.54,446970.95
094415,1529210.36,349600.99
094416,1301.0,0.0
094417,7603144.75,394494.06
094418,6289348.81,13185196.16
094419,417716.68,464678.42
094420,1119973.23,1399794.92
094421,1163439.36,5202280.59
094502,12367.06,0.0
094503,0.0,35034.0
094504,313455.65,226197.94
094601,147567.63,310485.12
094602,579173.55,613358.31
104702,0.0,108445.19
104703,0.0,63623163.1
104704,0.0,1728.0
104705,0.0,15996.0
104706,38085.43,30525.0
104707,587951.24,21855187.77
104801,73094.66,58213082.66
104802,101615803.4,47881973.67
104803,32821784.89,4026194.23
104804,15851512.07,91151046.05
104805,20198024.59,42905280.9
104806,1595666.73,1868470.62
104807,164556.85,386820.14
104808,5026975.83,2175621.89
104809,1491433.63,3698008.56
104810,25390989.68,81899606.71
104811,38947003.94,70558286.08
104812,56251.0,11696.62
104813,1035103.22,3815221.23
104814,25059.17,291434.42
104816,1588512.04,2547243.94
104817,1075945.66,169555.27
104818,254422038.36,41036652.45
104819,66390562.59,18911027.71
104820,38482736.4,25837005.67
104821,7341920.24,3368551.3
104822,1094146.1,30967.48
104823,24316944.44,6697601.66
104901,178059858.47,67241546.04
104902,29817233.06,6914108.4
104903,2108546.52,382235.21
104904,274073.83,32025.0
104905,1744346.04,163625.49
104906,160840.59,83985.88
104907,131646.17,3481524.33
104908,389712.19,1095019.04
104909,4287022.66,611285.66
104910,529027.1,196640.8
104911,18914897.8,22039892.22
115007,24340.0,568904.66
115103,1574.74,13236.29
115105,0.0,5195358.11
115106,0.0,84544.06
115107,0.0,13279.0
115109,0.0,22585.48
115111,4644.0,298617.01
115112,2084224.52,9539286.92
115113,1688.0,1730.0
115201,342629.0,0.0
115202,1297688.44,80827.3
115203,1265737.02,0.0
115204,237329.97,254476.9
115205,6029653.86,5642113.21
115206,4483458.44,10341.25
115207,1071493.53,262268.94
115208,44255841.4,35849882.15
115209,57664426.46,87981580.62
115210,2306102.73,5421803.47
115211,46145899.08,19344756.71
115212,360645.28,125671.19
115302,9513.0,0.0
115303,34666.18,110289.91
115305,9456.74,0.0
115307,13035.33,51287.1
115308,143334.49,12182.5
115309,2674.0,2429102.67
115310,127100.28,11272.75
115311,50507.71,1020269.44
115401,4447004.98,3727572.82
115402,21348752.68,81575074.77
115403,43707.08,362966.09
115404,492497.63,4565618.17
115406,35813.85,86191.9
115407,53963807.37,66592645.14
115408,192395.47,2691511.14
115501,870824.16,4844877.46
115502,17280.92,11490.0
115503,11132561.81,9405533.85
115504,0.0,3764294.89
115505,566853.33,6425.17
115506,294191.6,192878.25
115507,9075.0,0.0
115508,2602161.43,4563475.24
115509,40406843.17,7110077.7
115510,123979.86,229293.04
115511,211480.34,39216.72
115512,2569752.32,13137053.06
115513,9422245.24,12623526.22
115514,2280790.9,2482766.7
115515,14597514.5,10429105.92
115516,147313.22,3378876.07
115601,3122663.13,2616207.63
115602,3038606.57,1010051.48
115603,15873475.43,42968283.78
115604,3979488.46,255283.22
115605,257525.8,103542.91
115606,18187091.76,4477282.73
115607,3304894.75,3243336.76
115608,1604184.65,517539.22
115609,289687.88,787240.4
115701,33393.36,215946.81
115702,2136264.52,1126503.74
115703,1633089.32,7246718.87
115704,404872.51,85159.51
115705,2930563.25,573105.62
115801,5908938.29,7946620.83
115802,8796899.1,866649.68
115803,613766.17,96336.94
115804,17439932.94,3705863.4
115805,46569.14,4057.0
115806,7536500.0,5500023.58
115807,5633386.8,1183193.96
115808,1145092.52,351525.0
115809,76066.07,5223976.86
115810,3245416.8,3341568.35
115811,15975669.79,458515.34
115901,11346.55,1801405.92
115902,15949321.64,1394665.64
115903,29127196.36,10028059.19
115905,895141.02,0.0
115906,3220792.53,177832.6
115907,566276.41,1513666.44
115908,10188.4,5954.44
115909,18318.24,202603.14
115910,24038.41,98434.47
115911,1883528.42,8668867.86
116001,2128985.22,10282110.46
116002,236101109.16,26990516.43
116101,2237979.66,985518.77
116102,3731914.39,1314780.37
116103,6197512.37,2158488.98
116104,57142389.24,10838887.12
116105,26673779.35,14955654.81
116106,49516708.89,11996301.48
116107,66475213.38,3248371.89
116108,108477490.72,6137222.07
116109,133415572.51,27876773.23
116110,25863732.93,23354115.53
116111,13575748.28,5407566.48
116112,28040974.43,1026396.62
116113,65812.41,38881.35
116114,13674489.05,5041083.65
116115,51047381.25,10243207.29
116116,2908444.13,1817350.11
116117,8128610.3,1012107.41
116201,5114644.57,7878271.27
116202,4631388.08,9452004.8
116203,244333143.71,29165807.86
116204,131589809.88,29540100.29
116205,32588395.7,9901486.54
116206,17018474.01,8936153.71
116207,2509648.38,528572.45
116208,4083301.6,927031.17
116209,13800802.3,2276736.89
116210,1954270.54,1357722.31
116211,5411230.82,3595518.31
116212,137982682.87,8996556.03
116213,365184.56,21857.21
116214,99746.85,356160.67
116215,409972.34,785740.46
116216,35311.44,287590.3
116217,4905646.64,1313861.8
116301,4440598.33,16250404.66
116302,77732624.86,19295035.41
116303,1566213.35,3195260.93
116304,2867265.77,1596332.57
116305,36142837.55,19446222.06
116306,3729538.54,4284925.55
116307,15059864.46,9615111.96
116308,4922.0,5817.46
116309,111472.98,114766.0
116310,90113.88,182857.0
126401,1317885.72,13640834.72
126402,25280911.33,83103057.79
126403,48032014.18,50627431.92
126404,5698716.92,50108160.06
126405,1041437.36,710523.66
126406,140516857.45,3443250.08
126501,670618.46,221594.44
126502,22762.82,11820.0
126504,339086.44,165987.08
126505,6757510.28,5122662.76
126506,2638860.22,20441858.23
126507,45081.97,242267.34
126601,162240.84,5424708.04
126602,43338.75,112750.83
126603,84312.78,196626.55
126701,13540.0,63157.53
126702,3746.53,4191928.19
126703,287255.09,55205.11
126704,43536.84,751539.14
136801,34468.51,4182.12
136802,13060341.95,12497695.03
136803,40941.76,917692.63
136804,2709267.45,4333943.2
136805,10624180.42,7182803.69
136806,1189000.72,3930278.86
136807,854738.27,3432336.77
136808,93772.1,178711.4
136809,5641327.41,3345790.43
136810,5893923.18,1429275.35
136811,23825628.91,211628.85
136812,277379.42,1976748.17
136813,16957735.38,3884411.6
136814,0.0,48128.62
136815,790747.03,3868391.36
136901,63618.43,0.0
136902,11287847.41,10896559.02
136903,100157.13,3922294.28
136904,6005722.78,554057.0
136905,48408286.02,317319.26
136906,1031.87,55736.02
136907,27183207.32,21322439.9
136908,64670113.97,44483369.32
136909,86636.58,856507.29
136910,58424670.74,13198397.57
136911,6235157.58,6880555.22
136912,16570473.04,10552535.33
136913,998590.55,3146532.84
136914,2214217.57,1554370.76
137001,6830.07,3759.77
137002,8821.69,3612548.92
137003,31324213.31,340856.72
137004,4606208.58,29722.47
137005,1115935.77,37855089.51
137006,344794.18,267010.53
137007,37932234.98,5906439.91
137008,512197.94,35244.0
137009,3831783.51,4791225.98
137010,35583990.54,37603372.21
137011,2370.35,2416671.05
137013,29853858.9,13883344.96
137014,0.0,114986.21
137015,57160.0,27250.05
137016,349860.78,1993636.44
137017,197307.34,1419316.31
137018,96746.74,6905100.03
137019,9461822.15,23207148.68
137020,877605.38,1858984.04
147101,601152.84,99643.82
147102,2359272.57,143175.29
147103,156265559.07,5667843.76
147104,245498.4,739600.48
147105,4845.0,12104.06
147106,3322388.07,514426.38
147107,0.0,4428.0
147108,834998356.18,7458261.0
147109,1506.0,0.0
147110,71370727.37,297195.02
147112,209234949.31,0.0
147113,15186585.45,13374882.79
147114,175656.86,5096087.49
147115,541625.98,8119818.27
147116,40623.89,169247.91
147117,38686052.61,13564851.98
147118,6021635.0,0.0
157202,878657961.78,46952634.33
157203,4550.0,0.0
157204,37443882.3,51517648.63
157205,204360.75,1560197.73
157206,13253.0,2693.32
157207,3158136.72,14902158.19
157208,4736069.14,224791507.33
157209,38780683.1,45405399.69
157210,125085462.56,84627996.64
157211,2787068.87,3426464.65
157212,6009390.25,3111317.69
157213,3372512.77,21610691.95
157214,10702516.74,15179941.98
157215,8975705.03,1918432.48
157216,2353952.65,40098080.21
157217,5968634.82,11183096.3
157218,48509.0,580034.64
157219,1784550.66,24064896.3
157220,184610.3,2221758.59
157221,1000.0,60462.97
157222,53719.26,1188264.57
157223,50607.0,331322.38
157224,0.0,4301807.51
157225,472529.76,118882364.29
157226,169851.6,6783860.29
157227,28747.69,68142000.29
157228,3711134.05,12826683.33
157229,778899.4,3286309.05
157301,470414.1,160350.75
157302,65023.2,22493043.78
157303,86079.82,12899565.68
157304,9323299.79,256390152.92
157305,924788.76,125646112.58
157306,172975859.95,130743947.14
157307,6218219.91,71680090.72
157308,39554333.17,27717084.97
157309,1112235.56,4739843.8
157310,14510998.25,8771563.65
157311,902272.14,18304601.31
157312,10702030.59,15011833.82
157313,310175.06,777488.39
157314,5128152.09,4879549.36
157315,4101699.5,24468722.92
157316,83149.98,43137.7
157317,14618159.96,1852543.45
157318,10240696.79,54080286.14
157319,143621.07,290923.21
157320,10755432.42,5134193.53
157321,16590490.75,22653156.59
157322,31457.0,2164513.63
157323,2564499.28,16352572.92
157324,1330949.27,3989273.86
157325,4391577.92,5861010.57
157326,14587388.24,61503406.63
157401,0.0,1865.52
157402,0.0,5113.0
157403,36374460.51,30997740.5
157404,228850637.15,968808.69
157405,0.0,36806.98
157406,4001018.41,264423.83
157407,5776585.97,2977330.59
157408,19023900.82,240757710.9
157409,139676.66,4954563.11
157410,304213.4,1405790.86
157411,132155.97,3945843.51
157412,383155.93,3717931.13
157413,1101646.73,2381752.74
157414,1610.0,1584.0
157415,1477206.1,820196.29
157418,828865.65,780451.27
157419,230400.94,4454045.74
157501,0.0,14493.0
157502,186320.3,6192029.17
157503,15466936.49,19087.0
157504,0.0,13638.0
157505,10645.0,234767.0
157507,15871.0,704011.4
157508,117460.0,829553.1
157601,1716555.78,138703414.79
157602,47437824.5,94283.83
157603,9650.61,107643.81
157604,40503382.43,21857896.67
157605,13665581.2,2443164.75
157606,7034352.18,46029734.31
157607,10606507.95,33805644.79
157608,2624634.62,8804229.74
157609,123017.97,2304681.77
157610,25894334.66,4202506.81
157611,3132.0,142348.85
157612,2224379.34,7799529.13
157613,30992.5,30705.82
157614,33474755.72,4568154.23
157615,25249586.52,8178069.41
157616,7351968.15,12692256.81
157801,5749254.62,1163300.47
157802,732991.32,0.0
157804,90057.92,0.0
157806,338259.51,1270223.17
157901,361436.1,284475.38
157902,108912.87,0.0
157903,224428.0,708185.98
157904,0.0,1282.65
157905,0.0,5971.0
157907,69010.15,1537473.25
158001,1205.0,4249276.21
158003,0.0,78391.96
158007,63705.17,124518.55
158101,14472.04,489302.24
158102,0.0,37441.63
158104,5181.43,647742.16
158105,220815.0,2664498.58
158106,0.0,7762.0
158108,79054.43,317883.95
158110,242365.0,64076.6
158111,172651.4,229524.06
158112,0.0,33755.0
158201,27321243.33,4244970.01
158202,6673508.65,8923995.93
158203,10828292.64,8160042.71
158204,142260.88,2862044.57
158205,3283984.22,22445351.22
158206,49458.07,3457690.19
158207,3260835.04,43992987.16
158208,87736447.5,6584603.32
158209,47985.0,601933.59
158210,10569541.78,898618.59
158211,707813.07,4293305.72
158212,4736890.47,33528692.63
158213,965546.98,1508658.49
158214,344384.59,4308808.27
158215,589970.93,7352444.63
158301,10879865.3,15862137.14
158302,6686313.5,21868452.07
158303,262063.82,1497404.99
158304,54676.8,252064.76
158305,3413174.23,3252819.25
158306,624847.09,3319838.14
158307,467147.12,627288.4
158308,47231154.79,5255642.13
158309,11690683.0,24084523.09
158310,66035.89,198331.27
158311,9365211.3,8422491.74
168401,23280.0,14124.0
168402,2626063.44,14183390.69
168403,0.0,52466.56
168404,69277.0,1643298.25
168405,486499.0,3022375.46
168406,427149.0,13161532.31
168407,19597433.66,73076275.33
168408,8414307.91,37461419.19
168409,13464499.07,99992957.22
168410,160071.19,20076902.68
168411,19274959.73,118413662.64
168412,3956371.47,109829628.92
168413,24723221.03,233324094.96
168414,11204810.65,245084407.18
168415,10522155.98,66222459.71
168416,829815.64,827797.0
168417,2948293.32,6650343.49
168418,206105116.55,127529910.14
168419,5457562.18,126480063.74
168420,445833.66,1008011.28
168421,14424766.56,127715357.52
168422,9919098.22,85923420.19
168423,4013995.78,8685509.19
168424,6269368.93,42929120.23
168425,7321775.49,10554803.31
168426,692964.75,61155257.51
168427,238948.21,29718933.76
168428,8958863.01,52897771.51
168429,7484912.27,341874190.21
168430,23173703.72,182174822.66
168431,11639491.26,206946484.97
168432,12649175.33,4133431.11
168433,5272313.64,16324723.52
168434,224585.44,7179197.03
168435,398566.87,1055642.57
168436,8268736.98,14118614.5
168437,10861193.12,10785169.87
168438,13789439.4,49191342.41
168439,1411234.4,12418604.21
168440,141947.76,377725.96
168441,1090226.27,15774390.44
168442,615876.48,8269229.4
168443,4228350.49,235530488.32
168444,2760.0,137356.75
168445,500457.11,987052.0
168446,86538.36,2939343.15
168447,727109.54,9553080.97
168448,218850.2,12017399.53
168449,41880.59,209376.28
168450,1413862.89,112389415.31
168451,940574.59,19851606.22
168452,779767.51,18206092.63
168453,504007.91,877066.09
168454,167313.0,4049734.86
168455,529837.6,7808890.01
168456,35037.41,4182126.32
168457,16334.0,2313579.24
168458,14120.23,6992841.33
168459,144003.0,3321748.09
168460,225520.38,1864974.79
168461,71605.0,1171796.5
168462,2473968.64,19924088.51
168463,1822894.49,2958560.75
168464,398490.92,2502630.22
168465,173444.48,3518369.81
168466,1198412.74,16106600.54
168467,729406.9,27091398.32
168468,28127.96,714358.79
168469,2015.0,26233.0
168470,197110.59,12572256.07
168471,6142125.22,954753900.66
168472,209140.8,9498655.27
168473,9114857.9,69277491.15
168474,8664819.5,59128786.15
168475,19130640.19,15801133.6
168476,241385.97,2990342.52
168477,5324851.72,100911672.9
168478,7600.0,175928.65
168479,11817130.82,160342576.46
168480,90889010.7,25226530.77
168481,14214239.34,186046947.85
168482,3870887.67,63815803.08
168483,5694429.37,117327050.08
168484,1797725.38,14764005.05
168485,3705173.48,23381121.57
168501,8410735.66,64958641.34
168502,3670616.06,112288208.18
168503,422998.43,15203570.09
168504,171659033.51,117731797.9
168505,157237.9,4645405.34
168506,11574214.02,16370744.44
168507,77309549.71,47114180.35
168508,146503.24,21211519.45
168509,6979998.22,29511091.91
168510,397088.9,2440346.23
168511,2075686.1,32237610.19
168512,8435150.14,20258002.69
168513,422113.8,5472733.59
168514,1476616.6,6347502.35
168515,731533.76,26234472.11
168516,8932354.02,71953455.13
168517,17504688.69,696081268.18
168518,2219167.42,40721290.95
168519,309139.92,9127239.47
168520,21327.0,16372.91
168521,737019.87,47663703.18
168522,116899.74,1886493.18
168523,8440356.09,26200953.63
168524,19964847.14,38638650.65
168525,12614282.45,982935008.21
168526,4829010.91,24764037.0
168527,2364571.36,74557731.17
168528,1225109.13,441859757.19
168529,3553376.5,48747809.92
168530,90463.12,1958036.62
168531,783165.08,24075521.07
168532,2190590.01,3894377.26
168533,1602850.61,3016074.59
168534,46664.82,890265.18
168535,11872992.68,26017928.78
168536,30989823.39,117786232.63
168537,30164553.89,33493488.76
168538,8758376.13,21611894.84
168539,9481980.05,54247800.87
168540,9611.0,3291690.54
168541,331077.48,8585635.9
168542,4514802.08,79974809.79
168543,3751402.98,47782805.26
168544,107136731.49,233176415.15
168545,416325.0,14372206.87
168546,15370131.6,7164033.75
168547,2124794.62,4557372.32
168548,4613759.86,153059.57
178601,29987576.0,386065.0
178602,0.0,17022993.14
178604,0.0,4571183.0
178606,0.0,604641.13
178607,333114.79,8795581.03
178608,16859.0,1216082.25
178609,120230.69,1204129.3
178701,799344.55,26912004.94
178702,13908906.83,34910049.25
178703,258486820.12,1071282853.62
178704,100806696.11,720863057.31
178705,1519720.96,5938208.07
178706,1002598.27,7693219.02
178707,5417699.39,11018009.39
178708,175960833.07,357157702.72
178709,247896.02,398508.6
178710,0.0,367802.0
178711,26298127.63,48163746.01
178712,374948.32,2517885.15
178713,10548.98,1917661.0
178714,10012025.11,49556514.63
178715,109181.34,4784943.71
178716,8389453.38,27309591.47
178801,128569.12,19288.52
178802,48835656.15,814421320.21
178803,95155700.99,199165070.89
178804,87348.53,2546159.69
178805,0.0,3170061.25
178901,2926261.88,60051786.13
178902,467260.9,4511500.0
178903,3167566.56,3528892.22
178904,12734125.0,11043136.6
178905,39620.0,208945.0
178906,5000.0,1985343.24
178907,161903.08,843178.96
189001,154425.24,23180956.46
189002,16328.0,2797579.85
189003,409501.29,6534234.68
189004,19307112.04,10553105.21
189005,22425.0,431102.41
189006,226340.0,2882679.17
189007,185931.28,2805508.61
189008,4600.0,311018.71
189009,131061.0,27673.0
189010,1381291.81,2169608.79
189011,672322.56,4429929.7
189012,66307.0,74729.94
189013,1477648.92,31748083.11
189014,2446158.77,28277366.44
189015,1092339.2,62430653.05
189016,21075.23,1134033.83
189017,332701.27,5864342.29
189018,26542210.79,244871831.43
189019,1218197.1,25085433.77
189020,582833.71,4454711.99
189021,18320456.44,141240080.69
189022,1351690.04,55661345.16
189023,815660.82,9570586.89
189024,1024744.43,3129717.12
189025,166724.96,8149903.59
189026,1084369.05,52754292.64
189027,1969858.94,76014578.05
189028,2973436.18,31704487.52
189029,1035125.3,4600164.85
189030,2031926.56,35556150.72
189031,1862152.72,43927774.54
189032,2644270.64,54613524.48
189033,245131.81,6630071.8
189101,110637.0,2826484.43
189102,683380.16,34652867.85
189103,8251.26,917799.99
189104,75742.0,95173.07
189105,587174.71,2149893.01
189106,358964.76,637633.39
189107,132428.69,1896470.16
189108,2938.0,148578.0
189109,1005.0,13296.18
189110,0.0,145660.0
189111,1073.0,10289.04
189112,0.0,1746.0
189113,56305.51,142513.48
189114,78522.92,145179.25
189201,16446.49,334939.43
189202,288763.24,591672.74
189205,46765.87,2035993.64
189206,89074.74,1616930.59
189207,28351.18,3249217.28
189208,12675.1,287525.65
189209,16757.53,1020182.95
199301,2177580.0,37331480.94
199302,34611.26,0.0
199303,1316.0,1342.0
199304,0.0,93052.04
199305,1038431.0,23854490.23
199306,207613.0,27100865.34
209401,30947266.32,57682266.6
209402,3113025.82,4796319.6
209403,110119227.87,60933550.48
209404,48570450.23,9359148.55
209405,19163855.01,49436545.12
209406,9419863.08,12866241.2
209501,5459.0,0.0
209502,152669.0,9004.0
209503,16793116.87,76374254.99
209504,7380220.93,64154375.88
209505,980468.27,31127753.99
209506,9463855.64,34256149.92
209507,72180.0,523382.29
209508,434381.83,2859785.29
209601,148426.34,23494.73
209602,24557399.12,2440915.17
209603,14418666.68,23841148.45
209604,66183.79,7162.0
209605,1650.15,261794.75
209606,13822910.39,5970322.14
209607,7487595.14,8279556.74
209608,5197285.84,17519615.7
209609,7910735.94,5841965.08
209610,19697.34,198198.07
209611,821346.55,588775.77
209612,1935629.07,2541481.87
209613,53011.37,3172737.02
209614,0.0,9583.78
209615,3684613.26,4340462.91
209616,961659.8,3341976.26
209617,1444694.49,2623183.3
209618,330546.4,426933.24
219701,4522058.36,665841.05
219702,39360.46,125475.94
219703,1319501.88,98633.63
219704,0.0,1024.0
219705,41899.0,4825.46
219706,507742.0,14137.96
