010101,177830.0,1885277.0
010102,350004246.0,77900.0
010103,0,108568.0
010104,2250.0,0
010105,2567829.0,8399792.0
010106,1220349.0,139459.0
010201,9904034.0,1588197.0
010202,34574123.0,2178608.0
010203,3540.0,75277520.0
010204,88105.0,396368.0
010206,3103217.0,10121995.0
010207,672562.0,15482893.0
010208,0,30091.0
010209,0,6145549.0
010210,20605.0,2248011.0
010301,7681210.0,20040.0
010302,3568491.0,890281.0
010303,79093779.0,66258774.0
010304,24171490.0,65066058.0
010305,1041339.0,2330176.0
010306,40714419.0,15227909.0
010307,247.0,6964417.0
010401,514288.0,619819.0
010402,1252989.0,91692465.0
010403,691416.0,315763.0
010404,29700.0,12481141.0
010405,2245.0,294296.0
010406,2120581.0,8650630.0
010407,1016954.0,2057338.0
010408,21025.0,1637754.0
010409,5563.0,272185.0
010410,143.0,7545.0
010502,0,1452897.0
010504,471260.0,3921809.0
010505,0,17285.0
010506,19877.0,2185910.0
010507,1514.0,0
010508,0,40792.0
010510,10054346.0,1052.0
010511,2666085.0,7790083.0
020601,180897.0,11750088.0
020602,3099554.0,11628443.0
020603,1270007459.0,6032643.0
020604,5244341.0,480593.0
020701,45628.0,0
020702,179955.0,134183.0
020703,2291568.0,48492163.0
020704,249239.0,0
020705,434537.0,0
020706,7801.0,162791.0
020707,4272.0,0
020708,131496.0,0
020709,3387177.0,553784.0
020710,402026.0,8551957.0
020711,833962.0,626594.0
020712,796607.0,5363730.0
020713,1153740.0,119706835.0
020714,2124086.0,6571.0
020801,79437.0,7028843.0
020802,210112.0,7788477.0
020803,822010260.0,2287282.0
020804,2015334.0,1855245.0
020805,2768441.0,5606171.0
020806,48539.0,57663657.0
020807,677488.0,18368.0
020808,479539.0,146351687.0
020809,66668.0,17432027.0
020810,48714620.0,6537134.0
020811,1245854.0,174825.0
020812,714.0,1598695.0
020813,2125750.0,4545403.0
020901,1956066267.0,175236017.0
020902,392766.0,2081160.0
020903,0,46117.0
020904,3381406.0,1379513.0
020905,0,241.0
020906,847.0,7076021.0
020907,0,1131937.0
020908,1410343.0,788755.0
020909,1420.0,3166773.0
020910,3739040.0,773505.0
021001,0,498420362.0
021002,0,126924.0
021003,0,95528278.0
021004,4793.0,564538.0
021005,7706306.0,1004186302.0
021006,39334.0,85322209.0
021007,5414.0,150820216.0
021008,0,7513647.0
021101,494259.0,106143.0
021102,15423025.0,2449051.0
021103,150.0,676574.0
021104,337771.0,813026.0
021105,0,116389.0
021106,338115.0,70737.0
021107,12227015.0,801841.0
021108,8960182.0,15346702.0
021109,0,1812394.0
021201,353832.0,166403644.0
021202,33.0,20911908.0
021204,5395.0,1373774.0
021205,0,96465.0
021206,0,1682365.0
021207,7926501.0,9774205.0
021208,0,12165.0
021209,300158.0,33315762.0
021210,0,6639100.0
021211,16392477.0,2696690.0
021212,800814.0,414104.0
021213,10639.0,79885.0
021214,411101.0,976478.0
021301,29756.0,2867950.0
021302,684874.0,18800142.0
021401,230505.0,167880.0
021404,994710.0,1593132.0
031501,0,174283.0
031502,0,12971857.0
031503,12801.0,1956.0
031504,281775.0,6974278.0
031505,18808.0,1816384.0
031506,204.0,0
031507,14542138.0,300466689.0
031508,0,42548.0
031509,0,15538808.0
031510,0,97956.0
031511,188984888.0,138468668.0
031512,1302.0,65955060.0
031513,56171446.0,2878552.0
031514,629205.0,17425311.0
031515,944347.0,4951504.0
031516,17578664.0,5676232.0
031517,8197314.0,54011428.0
031518,238504.0,4789650.0
031519,1466484.0,20283270.0
031520,9114150.0,2589742.0
031521,111899.0,2770247.0
031522,0,433901.0
041601,47432.0,2846637.0
041602,10236.0,44498223.0
041603,0,48265.0
041604,37515847.0,183690034.0
041605,6681604.0,2517413.0
041701,484186633.0,196402622.0
041702,6379127.0,29207759.0
041703,60205.0,852.0
041704,280121248.0,25660207.0
041801,10515487.0,4677072.0
041802,0,82108.0
041803,2819889.0,10697813.0
041804,5924899.0,137522.0
041805,2498509.0,17903980.0
041806,51562444.0,39920805.0
041901,33030089.0,73603407.0
041902,20059.0,11829766.0
041903,45585.0,2810.0
041904,16035171.0,44104305.0
041905,55718351.0,46148628.0
042001,2021708.0,1499122.0
042002,95050.0,14157767.0
042003,819297.0,950054.0
042004,2454113.0,21548613.0
042005,5312602.0,10140063.0
042006,174015.0,210565.0
042007,4577208.0,11484104.0
042008,32267244.0,25273121.0
042009,1941440.0,18255770.0
042101,250627097.0,27217887.0
042102,7131942.0,5566416.0
042103,11698728.0,19480261.0
042104,3155383.0,2414782.0
042105,201386.0,859762.0
042106,74488380.0,219050406.0
042201,182469.0,768804.0
042202,18447816.0,17205386.0
042203,2550477.0,16594123.0
042204,1200.0,51377068.0
042205,917533.0,1111987.0
042206,159207.0,1425984.0
042207,69404.0,76610000.0
042208,11840447.0,74032206.0
042209,134924.0,464719.0
042301,47077.0,28613622.0
042302,53005.0,4279491.0
042303,782153.0,93620592.0
042304,4144.0,528704183.0
042305,1.0,0
042306,363965.0,22887139.0
042308,68.0,40647.0
042309,32015774.0,98256957.0
042401,25203607.0,4753583.0
042402,5672452.0,74435981.0
042403,5283424.0,1898045.0
052501,5414169.0,7805086.0
052502,150005.0,11936.0
052503,871070.0,20460338.0
052504,43777.0,4552499.0
052505,1311375.0,4942155.0
052506,18916.0,1041219.0
052507,1400815.0,8069814.0
052508,1219522.0,11597712.0
052509,2520355.0,102880.0
052510,180458.0,95353.0
052511,17146.0,19742820.0
052512,31.0,1642899.0
052513,2390.0,197211.0
052514,3180.0,1204988.0
052515,16862.0,4876554.0
052516,45248.0,685091.0
052517,839164.0,596122.0
052518,1198890.0,569525.0
052519,551958.0,7967785.0
052520,95966.0,11332238.0
052521,0,280.0
052522,70059.0,2044216.0
052523,8256373.0,23665520.0
052524,309200.0,20471980.0
052525,7210.0,881119.0
052526,243230.0,5938934.0
052528,36.0,2455265.0
052529,265982.0,2870899.0
052530,2132547.0,9457412.0
052601,24617.0,1849471.0
052602,18204.0,6497714.0
052603,15313803.0,33189.0
052604,157.0,9913.0
052606,25943.0,4049048.0
052607,0,8387.0
052608,1670.0,1074695.0
052609,190005.0,14220.0
052610,55920.0,517503.0
052611,4624562.0,0
052614,39940.0,2755993.0
052615,72284.0,10248822.0
052616,12713195.0,39237.0
052617,34216.0,40892.0
052618,61.0,1957560.0
052619,0,2099663.0
052620,343142.0,6533.0
052621,0,32521.0
052701,7298844696.0,40074.0
052702,3343.0,353314.0
052703,0,2546319.0
052704,506341951.0,871.0
052705,16705.0,181556.0
052706,4069229.0,43811.0
052707,4151851.0,22646038.0
052708,37546.0,32404.0
052709,26556825738.0,6802913.0
052710,4657271077.0,5600494124.0
052711,462689854.0,1783118.0
052712,24006739.0,22796187.0
052713,0,1133201.0
052714,6332985.0,1836399.0
052715,258978.0,946492.0
052716,97085032.0,173585.0
062801,2597673.0,1712654.0
062802,22018.0,45122.0
062803,41258725.0,12057843.0
062804,1059443.0,4844237.0
062805,0,9099190.0
062806,1611169.0,136524.0
062807,55426.0,89914.0
062808,267900.0,104570.0
062809,31.0,16305139.0
062810,1562.0,3989389.0
062811,988147.0,19277234.0
062812,0,125110.0
062813,542637.0,2920202.0
062814,6719699.0,54833983.0
062815,29539.0,41390306.0
062816,11887.0,357625.0
062817,7029497.0,3014211.0
062818,62949.0,8463186.0
062819,1769938.0,1340731.0
062820,12845116.0,380475.0
062821,11480696.0,4167872.0
062822,422.0,46717.0
062823,6428123.0,3859739.0
062824,55238.0,3208576.0
062825,164972.0,5746699.0
062826,85486.0,2068767.0
062827,1039409.0,13568446.0
062828,132301.0,8181953.0
062829,112826.0,4175566.0
062830,165630.0,1558376.0
062831,65081.0,4018889.0
062832,6483816.0,2775718.0
062833,8594307.0,39097154.0
062834,26614.0,3239349.0
062835,12509468.0,57369985.0
062836,2307611.0,50274784.0
062837,25864.0,9454733.0
062839,4502743.0,1842110.0
062840,72320.0,7397204.0
062841,312052.0,4795843.0
062842,895270.0,1953645.0
062843,2730073.0,368460.0
062844,141918.0,7639331.0
062845,0,30953.0
062846,0,489210.0
062847,0,13681848.0
062849,44913.0,6008103.0
062850,240.0,233195.0
062851,3312.0,220285.0
062901,320638.0,377537152.0
062902,56681255.0,201350860.0
062903,108492.0,361176287.0
062904,132918.0,2489235.0
062905,752239.0,124126558.0
062906,241974.0,7302579.0
062907,711496.0,15990453.0
062908,1396.0,419287.0
062909,462297.0,31582600.0
062910,24529.0,29243300.0
062911,41580.0,107146.0
062912,317949.0,8843379.0
062913,0,5895.0
062914,371172.0,21757724.0
062915,7712098.0,81496222.0
062916,1224789.0,55737617.0
062917,21929305.0,46575742.0
062918,50769128.0,56011234.0
062919,30832.0,2818821.0
062920,352625.0,9649055.0
062921,406908.0,31125531.0
062922,602635.0,84360911.0
062923,281099.0,8501373.0
062924,390437.0,34425082.0
062925,29595.0,5523405.0
062926,146022.0,21184303.0
062927,107017.0,1474126.0
062928,5809918.0,8041629.0
062929,498156.0,45092844.0
062930,1373445.0,73223963.0
062931,5563716.0,39103585.0
062932,1815993.0,30691776.0
062933,30565541.0,181114454.0
062934,673324.0,44746839.0
062935,33497.0,4723012.0
062936,1908314.0,44274683.0
062937,418843.0,19056864.0
062938,194165.0,4415721.0
062939,783034.0,13582892.0
062940,13896.0,2316749.0
062941,914507.0,56992870.0
062942,2626.0,639507.0
063001,226276.0,19218246.0
063002,13693974.0,735349902.0
063003,1684262.0,44005889.0
063004,417125694.0,1173369914.0
063005,18758518.0,16549624.0
063006,9945152.0,91414633.0
063101,13467588.0,2117006.0
063102,24844527.0,363113631.0
063103,1762259.0,16242668.0
063104,764094.0,257133953.0
063105,28133456.0,220467728.0
063201,10173.0,3495908.0
063202,393666.0,5247911.0
063203,294379.0,7735921.0
063204,8809467.0,81576833.0
063205,1627526.0,937777.0
063206,45669881.0,106350455.0
063207,44874.0,29961629.0
063208,14409008.0,43801382.0
063209,1684054.0,17658145.0
063210,232405.0,5988306.0
063211,5591523.0,626242.0
063212,47718259.0,14084039.0
063213,1162697.0,941748.0
063214,3545091.0,24807460.0
063215,18582873.0,43658526.0
063301,435597.0,14400805.0
063302,46975550.0,180082647.0
063303,114972606.0,43920804.0
063304,191558479.0,111102454.0
063305,98428996.0,94206831.0
063306,44661167.0,54315995.0
063307,30028139.0,75880099.0
063401,65271591.0,28846457.0
063402,77745949.0,139441664.0
063403,1442591.0,39562317.0
063404,1058955.0,18598736.0
063405,10826560.0,3842951.0
063406,434255.0,1518994.0
063407,357465.0,2061509.0
063501,7575.0,2443530.0
063502,1963130.0,2170417.0
063503,29586421.0,15474753.0
063504,59899.0,11992838.0
063505,1954336.0,16508577.0
063506,21337828.0,52066644.0
063507,1813167.0,25996719.0
063601,0,940282.0
063602,0,13905668.0
063603,621792.0,25472486.0
063604,128443.0,5327742.0
063605,849010.0,616386.0
063606,326785.0,12391.0
063701,462604.0,46936269.0
063702,0,2634221.0
063703,6799.0,9306994.0
063704,3262.0,817221.0
063705,7695.0,8222.0
063706,204631.0,855930.0
063707,137438.0,7849255.0
063801,39545.0,5477801.0
063802,424843.0,10367502.0
063803,0,165239.0
063804,104857.0,3198612.0
063805,33572.0,1522120.0
063806,641993.0,5704894.0
063807,0,12085.0
063808,282124092.0,269360991.0
063809,26731413.0,29229523.0
063810,183591.0,4908552.0
063811,1217939.0,108728281.0
063812,11325801.0,22712114.0
063813,0,2293130.0
063814,225178.0,1847764.0
063815,677916.0,39884957.0
063816,2047099.0,8412591.0
063817,293609.0,93815357.0
063818,538.0,54298.0
063819,125438.0,4815385.0
063820,939719.0,4250423.0
063821,82556.0,8990963.0
063822,580453.0,84027477.0
063823,43650689.0,205400658.0
073901,16281126.0,527609207.0
073902,436234886.0,85371029.0
073903,74807367.0,55644080.0
073904,344170552.0,86222299.0
073905,6779986.0,26960840.0
073906,17599928.0,120849431.0
073907,41881237.0,322269562.0
073908,1471487.0,15009193.0
073909,8900579.0,61070296.0
073910,613926.0,28984051.0
073911,700908.0,18053658.0
073912,25083962.0,54173934.0
073913,778128.0,18028316.0
073914,19008.0,3565825.0
073915,2998220.0,368205.0
073916,2387282.0,5531975.0
073917,41402974.0,70849514.0
073918,2172997.0,13270698.0
073919,35817927.0,58265987.0
073920,136702060.0,262770161.0
073921,108805164.0,82810426.0
073922,1825386.0,5257521.0
073923,146514950.0,169498073.0
073924,36296190.0,59517270.0
073925,15049619.0,26488042.0
073926,35837131.0,143184610.0
074001,379366.0,36464202.0
074002,462110.0,72076641.0
074003,25361.0,267566.0
074004,71148.0,427731.0
074005,3453529.0,20342995.0
074006,110658.0,1682541.0
074007,133.0,3581903.0
074008,1545360.0,10775734.0
074009,1119578.0,44688035.0
074010,475832.0,42139576.0
074011,129116932.0,820854823.0
074012,3173743.0,20265225.0
074013,662247.0,20104053.0
074014,838218.0,6492405.0
074015,8241679.0,40172357.0
074016,10124001.0,64284668.0
074017,85701.0,707368.0
084101,24103194.0,554028.0
084102,23084.0,0
084103,10479174.0,31183.0
084104,109338589.0,9802633.0
084105,48420.0,172059.0
084106,84689.0,119057.0
084107,13640338.0,2127129.0
084108,2601806.0,360277.0
084109,53695.0,217943.0
084110,108.0,384.0
084111,98685.0,459742.0
084201,898195.0,1167900.0
084202,43105797.0,144016212.0
084203,3753385.0,16692250.0
084205,33526848.0,3054863.0
084206,205063.0,864778.0
084301,56699.0,6692.0
084302,3031595.0,83389.0
084303,103496.0,236367.0
084304,0,81202.0
094401,40080.0,110865.0
094402,1495808.0,51522.0
094403,9470163.0,1443922.0
094404,10111.0,11291.0
094405,0,15649.0
094406,0,5021454.0
094407,4337767.0,12606181.0
094408,15805.0,4824805.0
094409,6219764.0,4831585.0
094410,10155090.0,49862732.0
094411,1263264.0,73237362.0
094412,4593884.0,28695832.0
094413,1290559.0,653172.0
094414,194422.0,533428.0
094415,142046.0,906850.0
094416,48.0,10395.0
094417,688884.0,210823.0
094418,2989396.0,17142914.0
094419,94192.0,1386475.0
094420,708717.0,3115873.0
094421,751410.0,9776402.0
094501,0,76656.0
094502,560.0,49635.0
094503,0,115763.0
094504,169719.0,626592.0
094601,32751.0,472699.0
094602,82853.0,1192920.0
104701,0,189618.0
104702,0,962774.0
104703,352553.0,120784043.0
104704,0,195200.0
104705,129.0,0
104706,196315.0,5235998.0
104707,792601.0,24431818.0
104801,2823.0,64609967.0
104802,100571082.0,50747293.0
104803,39767595.0,15653723.0
104804,34573125.0,70980300.0
104805,7838191.0,64763230.0
104806,823254.0,13953980.0
104807,144.0,2910465.0
104808,364838.0,2736008.0
104809,224193.0,14956205.0
104810,7748823.0,168551316.0
104811,8571140.0,95037093.0
104812,31.0,236256.0
104813,2446943.0,3517929.0
104814,2028.0,1157960.0
104816,121896.0,3412310.0
104817,366108.0,308204.0
104818,246788434.0,59111419.0
104819,42996648.0,25929503.0
104820,37854898.0,27653120.0
104821,5708071.0,5729295.0
104822,1801299.0,941220.0
104823,56942792.0,29599993.0
104901,83425162.0,72925865.0
104902,20698076.0,4846412.0
104903,623029.0,786150.0
104904,86185.0,38896.0
104905,81800.0,212846.0
104906,74542.0,67852.0
104907,252165.0,4612578.0
104908,237675.0,3203622.0
104909,2013083.0,375611.0
104910,591380.0,429297.0
104911,18689474.0,39949180.0
115002,0,23125.0
115004,0,182336.0
115007,10093.0,737315.0
115101,34854.0,10516.0
115102,0,509339.0
115105,0,3164351.0
115106,0,134175.0
115107,0,56598.0
115108,0,28895.0
115109,0,54832.0
115111,59121.0,656537.0
115112,484444.0,16181672.0
115113,0,17145.0
115201,416349.0,65147606.0
115202,7408.0,1187556.0
115203,429849.0,21553.0
115204,62967.0,1070143.0
115205,775678.0,151586030.0
115206,603908.0,6199873.0
115207,1748229.0,1065897.0
115208,8277344.0,54367943.0
115209,39184427.0,114947172.0
115210,3383760.0,11448436.0
115211,26274571.0,90866666.0
115212,14702.0,1388762.0
115301,0,39731.0
115303,5123.0,0
115305,105.0,1219.0
115306,6221.0,122.0
115307,11035.0,75037.0
115308,215922.0,105763.0
115309,8396.0,9606779.0
115310,0,115602.0
115311,315145.0,1263308.0
115401,2071102.0,4590341.0
115402,24285872.0,169862695.0
115403,0,602408.0
115404,323354.0,3448388.0
115405,52.0,16068.0
115406,33936.0,222948.0
115407,31525299.0,117037532.0
115408,260.0,3366857.0
115501,327617.0,10774054.0
115502,433667.0,6269355.0
115503,6705597.0,41532832.0
115504,204.0,1528345.0
115505,66979.0,913362.0
115506,533494.0,1308144.0
115507,7000.0,27890.0
115508,1041280.0,7355257.0
115509,8625286.0,81270517.0
115510,464017.0,16218064.0
115511,256866.0,1855104.0
115512,140244.0,12239283.0
115513,2532107.0,43665974.0
115514,2165331.0,2971813.0
115515,5022294.0,23435962.0
115516,480264.0,33167814.0
115601,711691.0,6039902.0
115602,518769.0,5795084.0
115603,11677850.0,104535725.0
115604,2929.0,742851.0
115605,240.0,717905.0
115606,12711489.0,2715708.0
115607,4986437.0,6902377.0
115608,2196721.0,1210204.0
115609,40650.0,3597211.0
115701,17189.0,246943.0
115702,402621.0,4609323.0
115703,385792.0,18847338.0
115704,93211.0,1598813.0
115705,1367692.0,2880609.0
115801,77808.0,11651440.0
115802,250660.0,712689.0
115803,468815.0,503866.0
115804,16953753.0,5462112.0
115805,40342.0,5978.0
115806,6521375.0,9586264.0
115807,1358412.0,713599.0
115808,201595.0,1215559.0
115809,5000.0,57046.0
115810,195717.0,5096626.0
115811,2849453.0,1347437.0
115901,771.0,237506.0
115902,24758384.0,253673.0
115903,21106263.0,33502080.0
115904,0,128666.0
115905,0,36849.0
115906,6060313.0,1234163.0
115907,212708.0,4773998.0
115908,13549.0,23460.0
115909,5408.0,1381272.0
115910,3460.0,825898.0
115911,5461913.0,13434895.0
116001,1925238.0,27600910.0
116002,83111853.0,97162429.0
116101,2116663.0,6301068.0
116102,2016515.0,3994292.0
116103,3397797.0,10747056.0
116104,19542421.0,36622924.0
116105,9411850.0,29900030.0
116106,21127030.0,39590822.0
116107,39358227.0,7074688.0
116108,44185142.0,13520419.0
116109,61957328.0,67174929.0
116110,23815987.0,69671759.0
116111,5253498.0,15448785.0
116112,24233577.0,4228265.0
116113,1000.0,44638.0
116114,11648273.0,4385146.0
116115,26365315.0,16674461.0
116116,288249.0,8244021.0
116117,1683737.0,4917676.0
116201,8232197.0,25313308.0
116202,2928994.0,24481496.0
116203,137400018.0,77459343.0
116204,80044066.0,90447893.0
116205,23260941.0,38682398.0
116206,12524447.0,44046277.0
116207,594876.0,3114523.0
116208,1430293.0,2091387.0
116209,5040522.0,10038390.0
116210,1356662.0,5135873.0
116211,4381519.0,11320205.0
116212,110283671.0,12453346.0
116213,12771.0,380429.0
116214,382999.0,5206646.0
116215,376707.0,2836529.0
116216,28509.0,1402203.0
116217,1415509.0,2518724.0
116301,276993.0,25426732.0
116302,57202628.0,43640454.0
116303,1012730.0,10032438.0
116304,3953046.0,2833079.0
116305,11720599.0,34390848.0
116306,3719474.0,7628034.0
116307,9049128.0,23915003.0
116308,11983.0,63879.0
116309,138.0,55.0
116310,194592.0,12806.0
126401,2708726.0,13888100.0
126402,7777737.0,239473671.0
126403,19787823.0,136725011.0
126404,3089649.0,142613940.0
126405,717628.0,2022491.0
126406,18522911.0,14675120.0
126501,169969.0,404690.0
126502,4623.0,57423.0
126504,734325.0,831958.0
126505,1733520.0,9846706.0
126506,1071456.0,26401062.0
126507,55907.0,913558.0
126601,111979.0,13421971.0
126602,13027.0,147809.0
126603,850.0,350857.0
126701,55.0,139143.0
126702,11307.0,7142329.0
126703,138208.0,966289.0
126704,10498.0,2366988.0
136801,1995.0,53340.0
136802,5016106.0,27634729.0
136803,4981.0,1028052.0
136804,2391199.0,17316312.0
136805,8988159.0,12014028.0
136806,1651678.0,7308881.0
136807,132082.0,9385979.0
136808,3733.0,887409.0
136809,72767.0,24687106.0
136810,487043.0,5961701.0
136811,23117038.0,6315516.0
136812,542979.0,3508512.0
136813,19868080.0,15138910.0
136814,0,230988.0
136815,585799.0,5291410.0
136901,5435.0,105500.0
136902,5898099.0,17646859.0
136903,209842.0,6203373.0
136904,92899.0,3577.0
136905,4587192.0,227614.0
136906,360.0,57572.0
136907,15263739.0,36499042.0
136908,73049841.0,138121137.0
136909,17676.0,1639376.0
136910,60994603.0,23899536.0
136911,6758795.0,13481647.0
136912,7514233.0,15176358.0
136913,375169.0,3537264.0
136914,456946.0,1303807.0
137001,0,2719.0
137002,2916.0,5265451.0
137003,29115386.0,3170208.0
137004,10768.0,9955.0
137005,74825.0,82286763.0
137006,83533.0,176032.0
137007,39380295.0,11728093.0
137008,0,297246.0
137009,1683628.0,16707426.0
137010,104059949.0,66074247.0
137011,67.0,23907.0
137013,54488672.0,27027396.0
137014,341.0,108730.0
137015,0,165183.0
137016,265952.0,7150989.0
137017,309217.0,2973879.0
137018,74431.0,7866318.0
137019,14742670.0,25897443.0
137020,164421.0,2405470.0
147101,0,158077.0
147102,0,475725.0
147103,122158488.0,308357.0
147104,47552.0,647993.0
147105,0,10282.0
147106,14413937.0,2578231.0
147107,0,3488.0
147108,3385287135.0,120292.0
147110,64641447.0,13124.0
147112,26109749.0,0
147113,3007552.0,20213340.0
147114,14400.0,233633.0
147115,1501.0,10323816.0
147116,9197.0,209716.0
147117,36742202.0,44208129.0
147118,5.0,16432.0
157201,74503.0,15584093.0
157202,881662660.0,37396554.0
157203,308.0,0
157204,40303554.0,21484969.0
157205,19389.0,3273339.0
157206,15006.0,1555.0
157207,4783.0,43502832.0
157208,1645573.0,405290362.0
157209,2502381.0,259783837.0
157210,106415449.0,103591887.0
157211,73638.0,7809356.0
157212,2013971.0,3539691.0
157213,1442017.0,173463848.0
157214,1459132.0,193945579.0
157215,1293005.0,9987421.0
157216,1186482.0,113097578.0
157217,3945148.0,16172269.0
157218,17425.0,624498.0
157219,751740.0,98819869.0
157220,231148.0,2581586.0
157221,0,57763.0
157222,649814.0,14113975.0
157223,2029.0,2304271.0
157224,0,17167.0
157225,615934.0,256885257.0
157226,258358.0,10685522.0
157227,145280.0,27400001.0
157228,534231.0,42995609.0
157229,31164.0,4979348.0
157301,3506609.0,2534391.0
157302,22682.0,18192335.0
157303,196025.0,5699722.0
157304,19280212.0,476099820.0
157305,190865.0,78550122.0
157306,120771655.0,113103710.0
157307,3805452.0,109598866.0
157308,42949209.0,113261987.0
157309,1231751.0,9555224.0
157310,5607822.0,17636333.0
157311,271413.0,37556520.0
157312,6899681.0,37814976.0
157313,237528.0,2404673.0
157314,2909338.0,11844195.0
157315,2374689.0,44913238.0
157316,36123.0,457412.0
157317,13814434.0,3820838.0
157318,6365914.0,110272265.0
157319,145000.0,746645.0
157320,7285393.0,9551546.0
157321,16274068.0,29411618.0
157322,259312.0,3345258.0
157323,1514932.0,26119325.0
157324,2444522.0,7123753.0
157325,5584420.0,6619902.0
157326,17232349.0,105726562.0
157402,935.0,77551.0
157403,1530956.0,41636337.0
157404,338553652.0,1339231.0
157405,0,34295.0
157406,447512.0,894678.0
157407,6027517.0,2511822.0
157408,213961.0,257584743.0
157409,1599158.0,12700197.0
157410,53632.0,4428032.0
157411,127489.0,35960967.0
157412,404198.0,10871150.0
157413,920277.0,3157776.0
157415,254704.0,1820965.0
157418,500429.0,1955958.0
157419,177240.0,3195392.0
157501,0,224284.0
157502,155038.0,7723628.0
157503,50.0,0
157504,0,163283.0
157505,84090.0,1112358.0
157506,537.0,408759.0
157507,0,727423.0
157508,851.0,1530153.0
157601,418631.0,86179658.0
157602,58685358.0,724745.0
157603,1047.0,1752285.0
157604,23148894.0,39149984.0
157605,6611192.0,19522334.0
157606,819842.0,54670213.0
157607,4976647.0,51151769.0
157608,1549017.0,13848088.0
157609,884689.0,3871259.0
157610,42792190.0,9829784.0
157611,0,655295.0
157612,2248278.0,15204033.0
157613,240.0,2056434.0
157614,9765457.0,18842809.0
157615,16934759.0,24295839.0
157616,7541578.0,26155548.0
157801,6715623.0,17058410.0
157802,487939.0,11333.0
157804,0,33117.0
157806,21257.0,537504.0
157901,11520.0,54262150.0
157902,28878.0,0
157903,0,1235910.0
157904,0,224684.0
157905,17723.0,72867.0
157907,175579.0,3284613.0
158001,40618.0,7123337.0
158003,8341.0,1172779.0
158007,13517.0,83727.0
158101,4800.0,722041.0
158102,257.0,50039.0
158103,61021.0,8705.0
158104,16198.0,918842.0
158105,6859.0,1157980.0
158106,0,105744.0
158107,0,7345.0
158108,19056.0,681346.0
158109,732.0,391170.0
158110,604180.0,413352.0
158111,2316.0,582555.0
158112,0,1819572.0
158113,27421.0,181.0
158201,30699096.0,8267472.0
158202,4031414.0,14716318.0
158203,11911360.0,12900854.0
158204,291078.0,22330982.0
158205,3918606.0,29526373.0
158206,41700.0,4435739.0
158207,5644107.0,74915495.0
158208,2899061.0,11727510.0
158209,15668.0,3580170.0
158210,13981818.0,1195466.0
158211,620392.0,7069615.0
158212,315215.0,52116282.0
158213,1848619.0,3626955.0
158214,663271.0,8211793.0
158215,579676.0,14748681.0
158301,5943475.0,50168869.0
158302,5936563.0,55705980.0
158303,861606.0,4918192.0
158304,15520.0,1031282.0
158305,2143323.0,4477972.0
158306,506603.0,5053557.0
158307,1140585.0,6045630.0
158308,2734660.0,10923956.0
158309,4481413.0,38740602.0
158310,546648.0,1245985.0
158311,11992661.0,15108788.0
168401,0,220.0
168402,1742097.0,5353141.0
168403,176178.0,1774910.0
168404,15967.0,1372391.0
168405,15087.0,12831976.0
168406,0,10608999.0
168407,9575556.0,61390916.0
168408,1541978.0,80203036.0
168409,6007224.0,193582680.0
168410,127061.0,54839189.0
168411,30546650.0,225617382.0
168412,3708972.0,118799689.0
168413,31449598.0,340094000.0
168414,12107132.0,268953130.0
168415,8719604.0,142378424.0
168416,407147.0,9536943.0
168417,2965599.0,30831464.0
168418,115193299.0,204037116.0
168419,4010999.0,148470711.0
168420,95119.0,3941461.0
168421,13208544.0,264266317.0
168422,11634357.0,100682419.0
168423,2718448.0,18744250.0
168424,8975006.0,78016627.0
168425,730169.0,33637098.0
168426,613041.0,66594592.0
168427,125316.0,75601454.0
168428,11804975.0,184673200.0
168429,2981751.0,678146191.0
168430,4794239.0,369911636.0
168431,21067000.0,324816415.0
168432,3917237.0,9160443.0
168433,1868416.0,32347273.0
168434,1041336.0,5328488.0
168435,50883.0,627266.0
168436,2767668.0,26824203.0
168437,2608598.0,8871556.0
168438,15613220.0,63481590.0
168439,1443744.0,14862878.0
168440,11782.0,3791646.0
168441,1039927.0,30199344.0
168442,145850.0,11394380.0
168443,2359252.0,200439535.0
168444,30239.0,1980074.0
168445,122449.0,4936434.0
168446,1896567.0,28041508.0
168447,649794.0,18400097.0
168448,201684.0,12610151.0
168449,720.0,1238430.0
168450,228717.0,188542403.0
168451,484362.0,28592411.0
168452,405812.0,37998449.0
168453,112229.0,5716193.0
168454,11129.0,2313207.0
168455,290222.0,7534164.0
168456,89468.0,15724074.0
168457,246691.0,7989128.0
168458,25714.0,14907111.0
168459,49417.0,8910325.0
168460,190630.0,7481147.0
168461,4310.0,17729595.0
168462,1661641.0,40680229.0
168463,442255.0,9348794.0
168464,142792.0,7898094.0
168465,250155.0,23400461.0
168466,453457.0,18718643.0
168467,1093491.0,55731414.0
168468,113819.0,5104321.0
168469,0,34371.0
168470,17553.0,16189456.0
168471,6255088.0,1734999580.0
168472,646182.0,44819946.0
168473,1977257.0,39452790.0
168474,13874284.0,111641139.0
168475,4857693.0,5118913.0
168476,7697.0,7291292.0
168477,4923606.0,109157900.0
168478,1306145.0,3562112.0
168479,20877492.0,213197845.0
168480,20807385.0,35060671.0
168481,13608307.0,336528259.0
168482,557111.0,109711021.0
168483,3809255.0,205813269.0
168484,3356679.0,30381833.0
168485,6238578.0,44711909.0
168501,2968371.0,117712709.0
168502,1388110.0,194562182.0
168503,298581.0,40334857.0
168504,93287957.0,189412474.0
168505,444634.0,9370450.0
168506,3859665.0,35392113.0
168507,92006762.0,91727681.0
168508,265553.0,38613843.0
168509,8053986.0,46077238.0
168510,39021.0,7616089.0
168511,522767.0,52993322.0
168512,4292842.0,47733705.0
168513,168908.0,9292913.0
168514,1111665.0,9033801.0
168515,743752.0,44761522.0
168516,7936004.0,100934426.0
168517,26391804.0,752072473.0
168518,2028755.0,85073663.0
168519,33325.0,6543931.0
168520,0,20013.0
168521,1049221.0,207370400.0
168522,114841.0,1765378.0
168523,6622367.0,46746426.0
168524,13819958.0,52248508.0
168525,16177177.0,1218147307.0
168526,6602229.0,80867657.0
168527,155385.0,102582013.0
168528,1125690.0,753052373.0
168529,5234933.0,67238645.0
168530,126214.0,6509547.0
168531,667247.0,34682831.0
168532,1836416.0,5201584.0
168533,55603.0,5192216.0
168534,23900.0,1710296.0
168535,7251445.0,62911654.0
168536,24192661.0,161130473.0
168537,29139551.0,60160961.0
168538,8705573.0,39658535.0
168539,7987474.0,88687750.0
168540,316.0,923888.0
168541,748004.0,26199353.0
168542,5219977.0,110147660.0
168543,1737035.0,78303538.0
168544,65649939.0,331822466.0
168545,385467.0,13331634.0
168546,17128993.0,9398299.0
168547,691717.0,8598331.0
168548,473190.0,440509.0
178601,0,896883.0
178602,0,37307298.0
178603,0,58590547.0
178604,315000.0,11902386.0
178606,0,67020497.0
178607,156243.0,9254769.0
178608,0,1841930.0
178609,391048.0,5892303.0
178701,211490.0,798068944.0
178702,14420088.0,109746943.0
178703,300053388.0,2814755477.0
178704,129140966.0,1506005320.0
178705,2698959.0,151735245.0
178706,6436424.0,145620582.0
178707,139076.0,115024278.0
178708,104277150.0,499527916.0
178709,48949.0,3604108.0
178710,30000.0,795974.0
178711,9825535.0,72893192.0
178712,103627.0,19904720.0
178713,27291.0,4959575.0
178714,4953671.0,100766293.0
178715,17527.0,8781877.0
178716,6383627.0,103078399.0
178801,4490.0,41238.0
178802,1817059.0,1031594319.0
178803,451413.0,221532983.0
178804,0,2425909.0
178805,433117.0,12154964.0
178901,4159135.0,116599502.0
178902,1161270.0,9664075.0
178903,178242.0,5949227.0
178904,0,103221003.0
178905,33000.0,57020794.0
178906,302960.0,4087537.0
178907,0,3341371.0
178908,0,17930.0
189001,465137.0,41391695.0
189002,14375.0,4413960.0
189003,935596.0,12827799.0
189004,487206.0,28703370.0
189005,1.0,1180201.0
189006,72978.0,2848805.0
189007,8479.0,7262906.0
189008,432.0,1970726.0
189010,8185.0,3746003.0
189011,8880.0,4448957.0
189012,0,4026953.0
189013,1529718.0,23856549.0
189014,2812036.0,66565367.0
189015,6268524.0,86497494.0
189016,27701.0,1942571.0
189017,164939.0,9950155.0
189018,29866795.0,398836979.0
189019,1126436.0,47396112.0
189020,42174.0,7977415.0
189021,11753362.0,248878747.0
189022,1149533.0,64969820.0
189023,423251.0,15400178.0
189024,852833.0,7622430.0
189025,352089.0,16451894.0
189026,1611218.0,81658586.0
189027,2089154.0,128803092.0
189028,1922139.0,57327483.0
189029,397958.0,11816168.0
189030,1064256.0,44483901.0
189031,1810471.0,54130087.0
189032,1751466.0,84348222.0
189033,49273.0,8005290.0
189101,230146.0,4663612.0
189102,1124156.0,63074481.0
189103,11004.0,460989.0
189104,1.0,312596.0
189105,344966.0,4536087.0
189106,621358.0,1187345.0
189107,711470.0,3415945.0
189108,0,120957.0
189109,0,19168.0
189110,10070.0,205193.0
189111,0,52694.0
189112,0,7601.0
189113,11621.0,562169.0
189114,10476.0,199613.0
189201,0,1487120.0
189202,14771.0,2393439.0
189205,12305.0,5183356.0
189206,101000.0,3506929.0
189207,4808.0,8429138.0
189208,4729.0,230589.0
189209,106.0,3543082.0
199301,5671635.0,25399095.0
199302,0,1647519.0
199303,324.0,153082.0
199304,0,1742388.0
199305,7274773.0,17865031.0
199306,480.0,21695204.0
199307,0,2450894.0
209401,25714704.0,133506635.0
209402,3954965.0,13850653.0
209403,77787943.0,104551854.0
209404,17326068.0,29337102.0
209405,19259991.0,83608320.0
209406,7852958.0,28910432.0
209503,20854873.0,143270827.0
209504,1577608.0,108320172.0
209505,632106.0,51931650.0
209506,3281437.0,65039572.0
209507,0,1570677.0
209508,202211.0,2594734.0
209601,484893.0,71739.0
209602,41089260.0,1783722.0
209603,14426574.0,38054918.0
209604,185845.0,93237.0
209605,5865.0,383363.0
209606,3241022.0,6929243.0
209607,1738302.0,21864194.0
209608,4133862.0,36575498.0
209609,677625.0,18949443.0
209610,4401.0,578353.0
209611,420151.0,1541252.0
209612,169650.0,4412582.0
209613,139258.0,8919480.0
209614,10.0,221750.0
209615,1249193.0,7622270.0
209616,1698143.0,10634073.0
209617,1588460.0,3919446.0
209618,722797.0,1870204.0
219701,636755.0,929784.0
219702,7969.0,84566.0
219703,2497974.0,1676812.0
219704,0,4609.0
219705,0,19835.0
219706,22675.0,7275.0
229999,8990532.0,557722660.0
