010101,1493727.7,11427733.89
010102,488927.0,0.0
010103,419922.24,11786.0
010104,0.0,12583.84
010105,0.0,1099683.19
010106,489358.18,2346024.88
010201,422274.0,7024967.87
010202,1485576.12,17528837.51
010203,6395780.7,4566989.28
010204,1350747.39,4931145.28
010206,1869300.81,844824.44
010207,1676618.51,2617105.71
010208,472035.1,4297881.53
010209,10403.13,1484848.35
010210,898069.46,8082918.22
010301,1896128.96,4206109.75
010302,1643774274.3,109902070.96
010303,1020409934.01,93697361.15
010304,730388047.6,32832126.32
010305,670598724.87,10254892.93
010306,88629400.41,58103953.5
010307,12929511.34,6827760.48
010401,282049.75,163608.03
010402,323400.7,604183.65
010403,48237.02,735177.42
010404,0.0,1166289.03
010405,1537767.12,903818.43
010406,85855200.72,45509395.27
010407,232068.19,144948.27
010408,582151.47,388128.09
010409,171211.65,761316.21
010410,0.0,3577.0
010501,10720.0,5148.0
010502,1093.0,4361.0
010503,0.0,1429.0
010504,3439990.01,20888257.5
010505,50080.0,2376169.86
010506,75753.91,4623.0
010507,76575.65,17966.0
010508,1122521.37,882070.75
010509,0.0,37305.83
010510,0.0,86578.0
010511,42450604.48,10468567.12
020601,47477.58,20175968.1
020602,1074368.79,71672929.26
020603,28230.31,36495691.24
020604,816772.04,10591559.62
020701,43276.58,17510407.33
020702,77457.09,31972680.35
020703,137294.8,7993527.25
020704,122589.03,21157502.88
020705,116977.69,14833973.0
020706,12619.99,1494304.3
020707,8894.0,6712558.85
020708,0.0,2951252.38
020709,76567.98,58896556.99
020710,66255.24,8372284.2
020711,0.0,291812.01
020712,104898.89,8293319.25
020713,500313.51,9072012.14
020714,0.0,398783.3
020801,71057.48,2559758.32
020802,1014942.05,12823432.45
020803,0.0,38097795.35
020804,28091.0,17807706.13
020805,541626.64,62203122.39
020806,658303.08,33815687.77
020807,34464.49,14474391.44
020808,187199.24,52277204.34
020809,1551684.04,18169265.47
020810,99183.73,25689909.25
020811,184872.98,15785268.76
020812,20473.33,489430.71
020813,48265.33,4477621.46
020814,0.0,138226.6
020901,806722.03,63564370.59
020902,57926.98,13414185.87
020904,208570.49,3387747.3
020905,30742.55,1743074.46
020906,21334.43,441704.62
020907,14546.0,138466.68
020908,6009.0,876883.16
020909,30140.07,692325.77
020910,467306.41,4213292.84
021001,1122.0,37863463.35
021002,0.0,3496906.76
021003,126902.71,574805.8
021004,31147.19,386478.57
021005,6818.29,3585446.49
021006,111164.52,14345831.03
021007,0.0,2338113.01
021008,1698.3,311271.89
021101,42601.09,777406.75
021102,96183.93,541180.57
021103,6119.0,6541186.29
021104,6380.89,389379.74
021105,23047.09,106481.06
021106,16429.57,988597.58
021107,10244.39,14252662.28
021108,57674.63,4696194.15
021109,151190.62,22881984.17
021201,7931378.92,98798644.32
021202,287018.0,743982.27
021203,0.0,32407.0
021204,0.0,1056055.38
021205,0.0,4978621.65
021206,13775.97,4146867.25
021207,3915.0,1647485.05
021208,15967.69,6367310.4
021209,648988.77,10342091.35
021210,0.0,781457.3
021211,174224.54,2202118.46
021212,3058265.98,3484645.55
021213,1006.89,45997.02
021214,73120.25,6115004.24
021301,26234.97,1971048.78
021302,22164274.62,24844098.76
021401,54571.91,433336.73
021402,0.0,17300.51
021403,0.0,22683.49
021404,205993.83,171938.2
031501,11527.57,330232.81
031502,22355.67,4146867.05
031503,29760.0,34403.0
031504,61943542.22,137693426.17
031505,6927.84,238748.34
031506,26214.48,14594.84
031507,33333219.45,4160278.46
031508,266048.99,1393467.68
031509,41231.35,15158675.24
031510,0.0,543638.92
031511,22399.72,14163325.34
031512,13282.05,1658489.72
031513,101242.27,2977965.67
031514,58903.77,27666207.8
031515,278987.66,3063442.79
031516,15294552.29,14454227.12
031517,9549622.71,24109763.76
031518,353201.38,1498731.81
031519,63863830.66,22561956.94
031520,2054239.2,950979.23
031521,57095.82,177466.47
031522,503492.43,96213.0
041601,9079248.7,6757800.41
041602,1968279.74,6804736.86
041603,3014052.34,1300601.14
041604,65766719.6,34999443.49
041605,97828429.45,30958843.74
041701,313926.64,49400371.89
041702,315010.72,6227519.07
041703,0.0,5407547.1
041704,11851714.99,75762760.88
041801,0.0,57086.0
041802,0.0,33013.02
041803,92223.72,8438107.27
041804,115938.24,13088918.23
041805,2851.91,3486557.34
041806,30588229.26,126664955.52
041901,2828579.28,27809003.29
041902,1333399.01,18697886.16
041903,0.0,130983.77
041904,2001756.0,40772049.17
041905,28737740.0,206830903.53
042001,136447.62,4023858.01
042002,219367.47,12098543.18
042003,8524.0,3100500.22
042004,184748.12,2440422.63
042005,2466637.06,23538545.44
042006,49376.05,886369.82
042007,683701.07,6658544.84
042008,3928479.37,26139559.94
042009,480126.18,40655556.94
042101,522627.28,22890301.7
042102,1620769.98,3900301.2
042103,7369912.2,49482967.19
042104,5554286.22,5038917.08
042105,6822128.13,9025097.22
042106,27219146.26,116855856.91
042201,15769888.69,1870514.84
042202,15966062.8,33359528.67
042203,1804553.06,14887976.3
042204,4457100.01,185224773.04
042205,32212.84,2613400.56
042206,121176.67,3071669.0
042207,7124093.97,6248047.06
042208,10227646.22,108942055.74
042209,6350.77,1355468.42
042301,44979156.28,106639549.43
042302,0.0,274055.84
042303,11539.19,20003729.24
042304,36558725.44,22693685.67
042306,159371.65,16658192.52
042308,73337.47,220191.29
042309,53245885.2,91070129.95
042401,1340144.22,15605362.55
042402,931233.42,24675600.59
042403,10591016.54,25153111.52
052501,565336.18,46111590.3
052502,13413.52,8323887.75
052503,211860.14,419575.38
052504,1518980.78,258690.81
052505,15094222.2,12827701.16
052506,7682866.3,23494725.59
052507,399747.93,26087761.01
052508,639284.87,4600777.82
052509,17284.93,609423.13
052510,284111.53,36357840.34
052511,4455252.67,6060580.74
052512,236791.53,611363.73
052513,164833.88,524072.9
052514,2159066.02,625417.91
052515,1691111.84,1245287.36
052516,222568162.76,6061257.14
052517,143993085.17,2209107.75
052518,15206674.3,1127634.07
052519,946447.88,992929.84
052520,971980.15,8866548.07
052521,3421184.83,746277.23
052522,2646728.1,3207810.83
052523,33617871.39,18766171.59
052524,0.0,1895.0
052525,2104573.55,509457.76
052526,7928209.5,3340503.95
052528,56240.33,21119.87
052529,46678241.74,8225031.07
052530,55090418.38,13168436.48
052601,69715530.71,22132558.73
052602,33223.4,53869848.59
052603,17475821.67,1362.0
052604,2989024.6,697833.0
052605,278000.0,2344346.0
052606,270141.82,669784.57
052608,0.0,66081610.17
052610,17899.19,130643.0
052613,0.0,228002.0
052614,85257699.88,13759.0
052615,40031.72,278743.28
052616,3519236.0,861453.65
052617,3935.56,376022.0
052618,0.0,202668.87
052619,6408007.36,4193352.69
052620,16377252.11,33973045.06
052621,35257375.38,1373149.67
052701,123271342.4,73291608.93
052702,45940.0,733880.12
052703,985751.32,3259394.93
052704,43644963.63,85754943.63
052705,20612.0,8549.02
052706,36362.46,970992.83
052707,55049504.18,2905597.96
052708,0.0,41513062.47
052709,36525945940.28,157793453.21
052710,2934156312.95,1006528141.05
052711,12397586690.68,70105013.7
052712,4137283.62,9377752.76
052713,28325679.28,121616702.45
052714,474950.63,128400.0
052715,250257.32,2949858.54
052716,118806743.07,533837758.18
062801,503063.65,17974509.65
062802,127914.97,22445.74
062803,49192.29,1321963.07
062804,255058676.81,68039256.45
062805,271330.0,5835369.39
062806,4298759.71,437916.27
062807,16728672.0,2287963.25
062808,21338.71,1195377.53
062809,791853.37,3391859.66
062810,4920.0,257097.0
062811,22890960.99,7309116.99
062812,12052.0,1518733.54
062813,0.0,895933.47
062814,3268.66,61688279.89
062815,16357701.41,14304686.21
062816,56233.94,223909.98
062817,1401065.26,2094729.0
062818,221066.14,581810285.1
062819,14847.39,193991.42
062820,4301598.63,82205.31
062821,4479923.36,3203319.36
062822,0.0,546793.05
062823,40887138.23,1439892.21
062824,90510.72,211640.76
062825,29994783.65,2913217.54
062826,6570280.15,2732852.3
062827,1963008.47,14135565.02
062828,560370.01,580826.39
062829,12840885.32,2398669.01
062830,23070.81,967063.45
062831,38134.36,2240386.5
062832,64258.29,2595697.39
062833,4603443.7,4735999.08
062834,33360469.06,788106.53
062835,3223032.61,8895756.62
062836,112794928.62,13290956.93
062837,0.0,86754.38
062838,70965.78,251992.3
062839,8311161.95,3960183.18
062840,366061.15,2539247.9
062841,1455644.29,413003.36
062842,589672.19,5626355.02
062843,2959496.53,360106.2
062844,3193599.1,3054222.59
062845,287175.0,662525.56
062846,13803581.22,142955.35
062847,1169606.19,4865225.89
062848,15441.38,124685.0
062849,78802701.23,11310817.35
062850,14733.0,656369.68
062851,463887.44,714901.63
062901,171786025.31,75665200.19
062902,520956.74,58489054.65
062903,133971425.87,74617662.44
062904,5248490.45,1323122.61
062905,126542617.05,39944934.03
062906,53491.6,907282.24
062907,719074.6,7501147.15
062908,0.0,186445.62
062909,5554193.39,105174655.14
062910,977285.86,3451348.12
062911,3267.0,37855.51
062912,38719933.45,3642508.7
062913,0.0,8188.97
062914,4018065.69,6797464.77
062915,32189469.46,44751674.81
062916,269441.68,7179546.67
062917,1345646.26,18040189.58
062918,893367.26,7561597.52
062919,52743.41,529380.87
062920,161085.72,3162013.51
062921,10674258.55,10037952.52
062922,30891034.24,18967801.99
062923,2041713.28,2970309.29
062924,443947092.47,53903777.89
062925,2103903.02,1140105.47
062926,115405.62,1252276.45
062927,0.0,227116.99
062928,22850.69,381014.19
062929,110196.77,5279358.41
062930,198216.08,3417013.98
062931,53658.62,2679009.58
062932,2226592.92,2053668.7
062933,1133319.35,20537402.65
062934,117608.0,2094204.02
062935,21695.31,535887.55
062936,1266206.64,13490863.71
062937,33998.55,617511.75
062938,11803.25,580008.32
062939,6168953.15,259110.68
062940,743005.0,1189076.55
062941,51914072.59,2336750.32
062942,1683112.39,757341.63
063001,84874.55,230106.0
063002,34658219.08,71680597.89
063003,12533621.95,41836047.64
063004,281734937.32,1010548206.52
063005,4314754.35,29854638.82
063006,98472391.83,58118880.23
063101,5012917.33,787556.21
063102,119402920.31,30068848.74
063103,29906.3,68532.71
063104,881350.84,79143661.92
063105,368806414.1,17939736.85
063201,12902.0,305888.85
063202,39337.69,866049.14
063203,133292.33,2980495.98
063204,7536102.41,96201748.33
063205,13744.0,76841.38
063206,75576984.98,29143773.13
063207,1800664.53,5266979.55
063208,30238001.08,73250644.77
063209,23151708.53,32572552.62
063210,1600059.27,5467148.44
063211,108207.6,1300432.93
063212,3088218.13,4962531.66
063213,195439.26,6809548.33
063214,10245032.67,73411784.63
063215,11761297.55,47776783.35
063301,212970.65,1724712.38
063302,1822551.85,78835224.45
063303,1205432.43,27504745.52
063304,16154645.27,147469041.52
063305,7106405.65,64792433.62
063306,3153907.25,16143737.11
063307,2607367.36,46884121.1
063401,1507330.57,24324903.78
063402,99133265.21,131842939.64
063403,1806481.08,21630634.77
063404,1241411.13,4607725.76
063405,1368753.76,11027981.04
063406,2322420.4,37473146.52
063407,143415.47,1782381.23
063501,1912646.86,609223.37
063502,1455185.19,546277.78
063503,6566.15,3215697.35
063504,544289.08,1429960.98
063505,155641.08,10513419.78
063506,4512977.18,32133489.41
063507,1880392.69,7230093.11
063601,39030.0,1448601.41
063602,12262286.52,13980849.18
063603,1548655.15,15605268.15
063604,194875.09,6671886.03
063605,39236.7,2665507.83
063606,107535.6,4832255.65
063701,652339.83,25547219.92
063702,367483.93,13356583.35
063703,193569.22,12075540.05
063704,1678375.76,569884.4
063705,10134754.68,4187649.52
063706,232354.16,3391511.64
063707,368860.26,53561063.63
063801,63705708.08,11878539.91
063802,1747769.69,4527750.44
063803,11748801.55,9563789.04
063804,49527326.19,1051781.52
063805,422857.95,545325.63
063806,14986126.8,2431392.44
063807,2602208.38,1031509.49
063808,14862735.45,42749487.45
063809,8230971.25,10430489.27
063810,1170085.59,2075281.3
063811,5778657.85,23996419.55
063812,178744.65,8878449.06
063813,1954913.1,1466412.1
063814,754673.22,5088028.26
063815,12259118.14,25995069.15
063816,6551219.53,19168276.59
063817,124707.71,539397.0
063818,101287487.05,2727983.98
063819,1110954.73,3263691.01
063820,7108823.23,12806537.37
063821,395253.73,2955412.9
063822,55605070.27,111226595.94
063823,93041242.07,134126008.35
073901,204098013.04,89434122.32
073902,109716769.93,35634883.86
073903,29203173.38,51511441.62
073904,102052577.03,19133933.19
073905,1486904.69,12344216.52
073906,6202264.69,64413234.61
073907,106154455.06,77150290.23
073908,3068160.89,7546001.04
073909,91822203.07,15379149.87
073910,3625513.92,23966808.59
073911,1036724.75,12469571.69
073912,3361712.27,6006418.87
073913,35918341.47,14678947.5
073914,119219.4,6769081.13
073915,4373556.5,721084.06
073916,3564066.48,12815999.86
073917,40621434.3,98445599.73
073918,2927902.18,47101372.16
073919,7203405.66,41959190.28
073920,60362485.94,144247404.52
073921,33733439.4,99202380.83
073922,3525236.01,52529277.55
073923,83331422.01,243346716.87
073924,5925538.94,63752208.67
073925,23481663.12,38784852.4
073926,57865122.76,222992164.51
074001,29660.16,975231.0
074002,1974848.91,7826533.52
074003,4215.66,370701.7
074004,95995.19,2558977.24
074005,2099151.78,15950510.76
074006,586069.01,1748850.67
074007,28203.87,81058.81
074008,3311695.68,24180817.92
074009,20082489.76,25553195.41
074010,11273223.19,13529914.89
074011,3883796.4,278122600.28
074012,2652307.59,5621170.49
074013,379830.4,1982164.23
074014,80990.17,6842278.08
074015,840484.99,14123630.63
074016,13317381.22,63127276.95
074017,244998.54,1032918.86
084101,27022068.95,6467570.09
084102,6572174.71,297887.68
084103,499679.99,157782.76
084104,19243085.4,48607001.5
084105,475011.0,93112.54
084106,7005.0,108691.97
084107,254323.61,371924.67
084108,9556.0,92664.99
084109,5576.0,141594.79
084110,439657.87,22542.99
084111,34693.18,879432.69
084201,273324.62,10665982.11
084202,4621631.73,98718559.29
084203,3799580.93,49564743.84
084204,84876.18,496783.41
084205,166812.99,2821984.13
084206,0.0,112363.7
084301,38545222.37,6587924.37
084302,7906480.08,2820533.25
084303,284048.09,6846002.44
084304,3993.76,239559.06
094401,8788359.51,58362689.07
094402,451306.25,8898863.4
094403,23718827.42,147526835.12
094404,3313045.32,1629420.14
094405,4138.54,131185.66
094406,169943.85,666457.56
094407,106373084.52,278274321.31
094408,780323.37,15529581.64
094409,10252786.13,68477492.73
094410,49713586.03,38719049.18
094411,36260869.95,58487705.73
094412,14821993.6,57114686.01
094413,137455.41,2990383.87
094414,416725.72,9659361.44
094415,2585758.87,26951029.13
094416,55453.61,483295.29
094417,127080.05,1745252.6
094418,150002920.05,246789852.87
094419,183024.75,4988222.42
094420,1300293.24,12055136.35
094421,11760903.95,40551577.4
094501,6546.0,38393.12
094502,0.0,28385.0
094503,24632.01,367483.77
094504,92251.43,1855704.29
094601,61925.48,1129173.97
094602,80679.3,7040227.58
104701,72614684.76,243693.9
104702,100713134.82,165624.64
104703,114766133.28,45364210.51
104704,23256274.71,6749880.97
104705,17780345.85,9131.0
104706,164156.19,893982.2
104707,21224985.9,7941583.54
104801,457031011.73,27802045.95
104802,512095871.64,95926723.1
104803,16484150.23,2365945.18
104804,218585787.7,48187163.34
104805,71764523.86,37039160.15
104806,77388645.41,4706028.88
104807,2483836.26,15621562.44
104808,3313590.94,9458909.07
104809,702650.63,4351142.83
104810,90157476.13,147145318.53
104811,31371023.07,66219314.44
104812,105102.77,270796.19
104813,500628.89,7206029.57
104814,659374.7,8813221.03
104815,99341.11,85388.25
104816,96502.63,1988688.05
104817,10485528.55,13402367.14
104818,10909340.84,256728245.38
104819,42449562.79,112323527.46
104820,5464233.54,39776101.1
104821,11395055.99,28904393.87
104822,174903.3,3064618.21
104823,29260799.31,51140386.34
104901,34841413.6,139127273.43
104902,7044421.23,71471496.73
104903,799113.38,3384891.59
104904,207252.27,1085424.39
104905,696895.59,4312249.37
104906,1617615.18,195850.08
104907,1785872.0,2822269.0
104908,2891699.69,1730452.76
104909,1213476.4,10256662.38
104910,2547950.7,7342465.78
104911,16045901.12,167108545.87
115001,0.0,3321.83
115003,0.0,5609.0
115004,0.0,14792.0
115005,0.0,91555.61
115006,157713.64,141731.6
115007,105690.53,1289059.37
115101,7580577.49,1562398.55
115102,2123.0,6000.19
115103,21009.13,14243.99
115104,1048.0,1092.0
115105,143401.67,4343385.52
115106,5171129.69,2347694.53
115107,607242.88,7406518.05
115108,91921.35,496201.58
115109,5663785.18,2738749.09
115110,16022.0,6436.0
115111,7136509.48,2582311.22
115112,4153139.41,4816946.64
115113,0.0,46301.33
115201,73630.72,192156.4
115202,193183.74,429716.47
115203,58693.0,180529.79
115204,38105.93,354159.25
115205,45824.97,3959038.5
115206,5905.0,578826.07
115207,1298352.65,2754653.35
115208,4141272.31,15120934.15
115209,18311228.05,8828297.11
115210,1145703.63,3800193.64
115211,1604495.99,2975907.04
115212,285024.46,2422643.12
115301,5752.0,114817.64
115302,2412.9,30293.36
115303,0.0,24881.88
115304,0.0,65962.47
115305,7117.77,60365.86
115306,39013.51,629638.9
115307,10079.33,10942.88
115308,2959.3,134357.22
115309,525828.69,3310630.16
115310,2899.79,233971.76
115311,6000.0,28620.63
115401,137745.07,1690933.04
115402,913323.96,21869080.58
115403,11417.24,2223663.58
115404,174924.35,1427459.11
115405,0.0,17861.82
115406,221117.87,944048.33
115407,11518561.62,17685203.37
115408,138650.79,1180091.98
115501,60165.41,65974.37
115502,0.0,2564.0
115503,584897.55,6520074.55
115504,83892.62,1279799.11
115505,43467.78,14454.2
115506,107079.1,442477.8
115507,10063.88,400606.14
115508,196828.98,1090987.96
115509,27482.36,2892494.7
115510,221455.0,1319743.27
115511,604547.1,1288330.02
115512,953510.02,9610357.34
115513,1643286.98,3861107.3
115514,2619001.7,4528686.91
115515,935153.38,3868980.33
115516,871821.18,2917381.76
115601,436673.15,23624471.04
115602,188228.81,7747488.91
115603,2094309.6,33874004.95
115604,151046.57,441917.48
115605,29298.0,168721.91
115606,16960.87,1011040.82
115607,12779281.61,20727594.3
115608,12189255.01,17966790.06
115609,3988203.27,2059994.17
115701,846906.67,8392934.47
115702,222665.42,20298756.33
115703,243842.4,31991703.36
115704,45671.12,1578948.82
115705,136002.36,2911524.58
115801,656853.25,4790720.27
115802,28967.97,523424.03
115803,20579.07,176435.38
115804,71124.98,719033.7
115805,28302.84,98368.51
115806,1128365.8,6055687.12
115807,848108.4,1471692.46
115808,120963.21,1336401.42
115809,22795.95,31645.33
115810,81741.27,1190110.91
115811,336778.54,537503.38
115901,25904.62,1836646.32
115902,119352.65,777715.72
115903,9682473.14,10715625.82
115904,148286.15,6152027.07
115905,15943.0,2090431.98
115906,606040.82,4928336.85
115907,2334846.02,1993498.5
115908,2488.0,213350.8
115909,3736676.96,557374.61
115910,292435.15,544174.51
115911,12296155.96,31209008.5
116001,5379749.83,984950.57
116002,3254477.26,12561943.01
116101,527705.88,5707589.42
116102,464356.53,8234903.27
116103,1035174.61,15386859.52
116104,1565614.67,47403124.6
116105,313986.99,9669789.35
116106,269532.98,26490853.29
116107,2936842.62,25477729.64
116108,2848278.45,37234155.33
116109,5122732.67,148878380.54
116110,14698249.62,214663378.93
116111,548909.18,25220461.98
116112,1082504.57,20791097.83
116113,456463.65,4835491.04
116114,1687532.74,16368570.28
116115,9299467.36,68821945.0
116116,487875.07,9501415.95
116117,943536.15,9165074.76
116201,2577427.41,41206255.18
116202,1286711.94,52440408.58
116203,8698395.03,193534969.63
116204,4955466.42,309113690.21
116205,1017231.95,47950821.53
116206,646163.11,32216163.89
116207,354909.34,5058800.82
116208,220807.95,9343360.44
116209,111824.41,9842986.39
116210,6320383.78,72914787.16
116211,11171053.83,49596801.53
116212,1316827.37,31047681.42
116213,9920.0,454078.77
116214,196003.64,6630877.01
116215,350466.41,4479550.61
116216,228969.89,6912467.26
116217,1074333.93,6159424.0
116301,906959.05,10956417.07
116302,2852677.02,75055014.47
116303,456848.62,32025502.38
116304,851961.04,10833162.39
116305,806398.48,21616275.2
116306,6286093.93,28760358.24
116307,9605552.22,46959523.32
116308,126774.86,2359152.64
116309,5004594.23,494613.7
116310,1208838.14,1342050.36
126401,2925467.53,12841263.81
126402,1801070.21,70449766.43
126403,11163024.58,241282298.38
126404,6210348.85,51996358.83
126405,621565.94,8927665.08
126406,648996.59,5754289.33
126501,0.0,19781.0
126502,4311.0,23260.3
126503,3158.0,458097.75
126504,11965.28,332600.84
126505,1097855.96,19318571.74
126506,1917085.29,18046754.75
126507,229166.95,492967.03
126601,72895.76,6823304.15
126602,2019.0,1163554.38
126603,230349.06,353138.83
126701,1756.0,575595.73
126702,116935.96,8283795.85
126703,403498.67,301919.59
126704,754220.44,2662852.17
136801,786983.99,8904589.6
136802,3708478.99,9442164.61
136803,5498577.11,2279717.93
136804,2759859.57,11742116.6
136805,5883868.5,10957515.12
136806,18214156.72,32066482.28
136807,10834500.86,23090593.58
136808,633749.79,1509200.06
136809,30877169.47,17025507.28
136810,6076998.18,70097727.54
136811,99655.17,1814711.04
136812,624635.24,701829.0
136813,221109.94,4287569.91
136814,7662.65,414116.87
136815,14771623.5,13735473.94
136901,34866.82,1745900.08
136902,1517657.79,21444180.78
136903,1599238.97,4596879.12
136904,3434433.79,3054596.22
136905,127742.8,12855755.24
136906,105110.1,359967.35
136907,111093.59,14413006.97
136908,460518.75,61438906.79
136909,604519.43,23584942.07
136910,4082140.95,32068678.44
136911,11523870.2,40158562.61
136912,2314950.7,23124372.55
136913,671689.93,20941821.12
136914,1157285.51,9828370.52
137001,1062079.67,157580.28
137002,92883.49,376408.39
137003,243241.37,1686766.29
137004,64503.45,644660.65
137005,5313629.83,31783054.36
137006,272110.73,3676815.07
137007,9716183.0,30513201.6
137008,8302052.34,3471336.48
137009,207226.82,10641947.2
137010,101568.06,25092013.76
137011,22497.75,1377489.72
137012,0.0,168530.54
137013,3854652.87,60221848.1
137014,230056.15,457471.94
137015,161139.54,150375.85
137016,191698.9,6845342.05
137017,1794995.04,4915471.22
137018,286513.78,3655736.3
137019,50453465.83,45479676.45
137020,3033629.79,24406917.88
147101,35394.96,389836.59
147102,180239.24,5419733.56
147103,90118.06,451934.16
147104,1213.0,93294.41
147105,9811.0,84563.46
147106,14435377.58,17471901.39
147107,39509.0,665949.97
147108,24044639.83,8168531.91
147109,0.0,15811.04
147110,156710345.13,7506331.36
147111,829763.4,37003.33
147112,11881546.47,25204263.9
147113,1928158.55,55761099.78
147114,3249952.72,3010566.02
147115,20688261.1,606426.14
147116,30425.69,788297.77
147117,1509177.62,38508882.88
147118,6529566.09,4966814.73
157201,29442561.47,2352415.62
157202,1054461182.05,22477933.61
157203,66178.0,2846722.46
157204,63740802.0,79638618.38
157205,92646.21,4368110.45
157206,878732.18,495786.89
157207,92443123.15,50525746.17
157208,15455840.03,146360721.8
157209,2596255.94,35033687.14
157210,121371888.11,97806305.61
157211,15474084.24,15502976.53
157212,10076888.92,15684119.93
157213,60455241.29,10172440.17
157214,109412248.87,51627289.41
157215,2115228.64,8557944.44
157216,79867282.2,75473747.11
157217,1217306.23,31363402.88
157218,5484214.1,4655487.7
157219,8420819.9,74158630.43
157220,1182449.3,12995722.76
157221,5667.0,71049.79
157222,4579867.33,24195790.18
157223,137113.14,1838838.05
157224,1448359.84,2053337.37
157225,2839203.96,52228956.04
157226,16240135.11,10334036.01
157227,0.0,4618458.17
157228,2404447.82,23661288.86
157229,2310782.2,3118730.68
157301,1760625.7,13841786.25
157302,1093150.87,7878199.93
157303,1901289.73,9082348.35
157304,32927721.74,201357343.07
157305,25417816.1,225280973.67
157306,56008799.66,354367599.62
157307,53105536.91,165408798.78
157308,126240533.53,489724625.73
157309,5039914.32,36799672.5
157310,8289669.39,27969566.86
157311,17461466.29,34850456.77
157312,16683020.99,42191737.25
157313,34897.05,426047.8
157314,721114.95,31473407.61
157315,24769648.3,40803798.98
157316,4184288.11,6091006.17
157317,1952615.64,25247702.21
157318,33763165.33,100855316.62
157319,359779.21,1373551.36
157320,1398239.43,18369802.29
157321,44958755.49,70020999.41
157322,913298.82,13120655.94
157323,5516054.9,46704622.7
157324,5456594.19,38058543.34
157325,58909695.26,54022968.46
157326,66457284.12,214685959.85
157401,9705.41,63607600.45
157402,262463.85,2309165.79
157403,117690378.23,8722380.53
157404,14685107.44,27778359.53
157405,0.0,108625.66
157406,1685.73,112075.62
157407,1212760.94,13368593.53
157408,253921.79,39275450.31
157409,638705.03,9707255.69
157410,489839.0,1266958.14
157411,593488.68,15813540.66
157412,51343825.31,27564816.22
157413,826939.16,8093299.91
157414,184135.39,393779.47
157415,1565416.93,2092093.41
157416,23816.81,28826.61
157417,16125.0,195180.37
157418,776114.37,1711132.46
157419,13730564.92,11118805.42
157501,164918.0,920401454.63
157502,1084935185.51,1229471.78
157503,2218364.28,300657.1
157504,234121.0,464491.93
157505,3183027.0,4701559.55
157506,4522900.0,971739.16
157507,7215061.0,1194694.26
157508,16217573.64,602713.63
157601,2409670159.41,471207698.72
157602,42077861.43,120439431.78
157603,42258.37,488004.8
157604,116511818.25,69860284.61
157605,111710692.96,23615781.07
157606,318246479.11,43892077.2
157607,59695987.69,27631042.1
157608,517342.67,2344027.64
157609,659116.29,2147618.82
157610,16875568.55,57549269.08
157611,891441.46,1224881.38
157612,2664761.75,45416317.12
157613,1209439.63,3148992.78
157614,18766390.31,2938261.77
157615,6403976.69,21106339.14
157616,27637558.43,61707813.17
157801,97434.42,3133692.29
157802,61800.35,29078.69
157803,56188.62,194050.9
157804,5294.0,2470691.08
157805,0.0,23343.05
157806,91968.33,1087473.05
157901,166535791.06,655824.11
157902,37450.24,259908.98
157903,11510995.57,347744.98
157904,72931.53,389096.07
157905,223042.74,3817637.93
157906,49763.41,250346.29
157907,842337.88,3288932.2
158001,1434.0,1119661.43
158002,814078.96,18404.64
158003,18710.55,123371.67
158004,655541.04,71804.28
158005,16592.0,73485.48
158006,16997.0,47023.0
158007,480746.32,4426860.18
158101,15494.0,667705.83
158102,14053.0,170853.62
158103,0.0,23360.8
158104,31306197.5,78904857.51
158105,240072773.79,136950630.66
158106,106134.0,14357.12
158107,336477.68,3345.29
158108,2277172.77,13966206.89
158109,34803.0,389908.22
158110,0.0,16862.46
158111,267671.35,7480371.09
158112,540982.05,1388190.16
158113,15227.0,154059.22
158201,867281.51,7672339.57
158202,2475066.27,21114621.58
158203,1071353.94,12882090.1
158204,723032.74,16382577.15
158205,7529947.51,59880213.62
158206,496501.68,5974739.05
158207,32767340.31,73286901.01
158208,8010056.38,6468766.65
158209,1872433.76,7912758.65
158210,72071.6,2357572.04
158211,1778043.31,14132885.4
158212,33641.23,23107599.77
158213,127181.25,3316036.49
158214,119932.41,3001130.17
158215,2904553.01,14061890.04
158301,41039266.15,29074362.34
158302,20842125.77,102128355.47
158303,10801295.53,7292630.31
158304,175894.62,1907814.71
158305,297129.65,3889213.61
158306,549725.29,9816957.85
158307,1313031.91,8625162.24
158308,542116.86,5848824.03
158309,171392.15,8464988.69
158310,1376199.44,8863982.41
158311,2742782.67,15039959.72
168401,97148.0,186362.0
168402,1544537.06,22136366.8
168403,1154898.47,11289941.5
168404,268217.98,8737185.26
168405,41982548.34,11217488.19
168406,4722369.99,13255130.97
168407,10926427.12,76761063.53
168408,46930818.69,93735773.58
168409,111745318.44,107777121.13
168410,9059395.94,16513618.33
168411,281610538.47,480450309.2
168412,90869250.43,122997730.57
168413,369922288.68,202497901.84
168414,75921637.01,193455407.68
168415,24444547.37,88266092.18
168416,1573250.19,13643924.92
168417,18060910.22,14191585.26
168418,19528264.52,209935593.89
168419,32666335.88,128726894.39
168420,5051040.61,3521704.59
168421,43247138.06,173957197.94
168422,27210913.15,138791951.54
168423,3081344.81,19023227.41
168424,112632687.5,82733638.18
168425,119757803.77,29716260.5
168426,64957822.97,71441702.96
168427,5258756.85,77187322.31
168428,35941354.66,128489645.9
168429,35218522.79,261037544.2
168430,50412189.55,68290223.18
168431,385989947.88,341475385.79
168432,76425577.98,39494850.17
168433,20462693.31,91865362.07
168434,1664580.67,31153572.09
168435,124976.64,687524.03
168436,12468306.76,52897225.57
168437,2077845.49,5821560.23
168438,27025425.38,76377145.29
168439,49656880.04,49262083.83
168440,797235.04,5618494.36
168441,27057751.14,10449730.02
168442,2702254.3,12160116.45
168443,22893246.27,62487444.17
168444,400656.0,103122.94
168445,868968.97,819343.02
168446,3441408.25,58731.83
168447,1075636.3,1243932.49
168448,1892384.22,2466452.55
168449,4748634.73,341526.44
168450,1459655.83,74896934.13
168451,6248742.23,27136690.56
168452,1478162.96,9240095.98
168453,751187.26,1081484.69
168454,4680364.74,2344473.67
168455,1940888.12,4674461.3
168456,777471.06,5921317.43
168457,917988.86,9329931.65
168458,1408035.41,20722650.69
168459,2402068.48,9695660.45
168460,898619.95,4221496.13
168461,2830115.51,6713919.61
168462,7780937.44,29438589.22
168463,3786815.06,3031946.82
168464,990134.79,10228652.89
168465,7103906.55,51284315.27
168466,24401935.58,50995603.97
168467,23297105.9,46350889.82
168468,7888982.09,6420623.19
168469,91800.62,390771.0
168470,27594388.23,27773775.89
168471,164835198.06,1458264153.57
168472,1809212.16,20991275.8
168473,115449164.1,702524284.72
168474,18995258.47,86853216.18
168475,302504.4,2388797.62
168476,13315088.18,12596393.17
168477,21816666.93,31428306.04
168478,3094093.57,3097064.67
168479,265599474.74,370116136.25
168480,19309562.89,20978046.25
168481,174014050.87,418766479.64
168482,9341626.77,34347132.07
168483,54740452.17,114282838.17
168484,5042143.19,14221022.69
168485,95405201.19,104112334.77
168501,44931544.2,106157424.83
168502,24700288.72,32350284.87
168503,16157080.19,28462474.69
168504,102059688.57,212606337.73
168505,1182485.19,9849642.35
168506,6071289.69,35175371.52
168507,12150602.89,55225779.87
168508,16009228.26,74684704.35
168509,4700369.55,64422557.83
168510,119339.23,11584454.34
168511,6436412.05,36953768.49
168512,8321174.09,38923545.8
168513,727106.5,12044729.58
168514,22725455.82,16099229.62
168515,10839165.71,26130791.45
168516,96206295.62,176448124.19
168517,330503303.58,330189473.49
168518,27589389.81,94105677.41
168519,857309.95,19670969.79
168520,4068183.66,32320516.94
168521,20116384.91,250008908.01
168522,2421832.9,7913918.14
168523,2199051.54,44593725.67
168524,56183732.95,343877755.25
168525,222583068.72,698803170.27
168526,33149568.57,39105010.25
168527,10461868.24,75663369.86
168528,53845519.46,277208320.61
168529,126498348.65,220813387.66
168530,9412583.93,27464982.14
168531,51014472.52,74740643.31
168532,4436866.64,13555881.9
168533,1923367.75,8609984.38
168534,11316226.61,27477401.8
168535,22355093.32,42982530.35
168536,68326518.9,251658590.84
168537,132528271.12,82574113.71
168538,67822382.13,112852512.93
168539,6679535.28,66981801.9
168540,1056213.37,6763114.35
168541,36251294.66,34011719.78
168542,56187469.93,174841841.21
168543,38894595.31,72908661.08
168544,256567509.83,237316264.93
168545,1027303.35,195987341.04
168546,8441018.7,6472055.49
168547,2823953.55,5538285.92
168548,6649043.14,8431117.66
178601,2802251.0,830107.0
178602,7176593.0,0.0
178603,0.0,16480744.83
178604,3299600.23,7395836.77
178605,11136.0,4424960.97
178606,543900.49,9089583.69
178607,10003757.72,39575274.05
178608,1780818.47,4615211.19
178609,26125909.1,39637640.26
178701,11659235.49,218718047.4
178702,8856821.07,105635270.67
178703,37075893.42,2833998841.76
178704,78128141.43,863261385.03
178705,53142759.26,119230056.43
178706,562048.55,19943631.66
178707,2062109.16,3551849.19
178708,565018815.56,522878032.04
178709,3877445.55,14710913.9
178710,51801089.04,24883757.37
178711,2280070.54,66612204.5
178712,390644.49,61636032.67
178713,11222272.55,28912743.66
178714,18566817.69,60195459.82
178715,2194853.73,13256017.32
178716,24263888.64,253435436.06
178801,73231.52,310295.19
178802,254032601.68,194823313.2
178803,112845231.61,371424876.09
178804,36171.98,1625966.27
178805,1382990.47,7039420.27
178901,1623168589.13,1719628201.0
178902,66533447.38,55248307.23
178903,71972492.62,294765136.67
178904,85695295.42,61835242.0
178905,867539363.45,327006691.94
178906,82967412.08,85855538.58
178907,21049148.08,16156861.08
178908,36669853.71,1275340.0
189001,6785207.77,60344322.67
189002,794562.76,16584467.98
189003,3187354.64,20524846.89
189004,3037987.09,22469546.44
189005,5858075.16,8434058.61
189006,4483524.91,39308362.31
189007,1382383.88,7341293.35
189008,2502977.86,6136222.73
189009,3646413.83,127543775.76
189010,2915381.05,14715215.95
189011,495057.93,5247238.24
189012,358449.12,2799810.42
189013,10111450.56,28530817.59
189014,100652091.2,63835178.85
189015,175973958.1,96770857.15
189016,385845.99,647606.75
189017,2000770.12,10805222.3
189018,168934907.99,290449842.17
189019,33389622.16,31489653.24
189020,494172.76,8976460.12
189021,19964186.3,138749907.11
189022,15066902.16,70977693.54
189023,114885201.8,25222572.61
189024,2405278.04,4317737.01
189025,9314681.27,13577710.29
189026,102630909.17,81523298.26
189027,31939064.38,89775147.62
189028,2590600.72,15727064.85
189029,20567601.43,9947108.54
189030,20944916.53,33601840.21
189031,49941632.2,78079930.36
189032,107300158.81,60806952.96
189033,6550702.78,16042609.5
189101,1965535.45,8149684.29
189102,4994450.27,33481578.37
189103,11413.0,160547.25
189104,88057.99,81963.1
189105,142202.24,3544520.08
189106,470142.2,1454663.69
189107,141438.7,2081337.61
189108,8486.0,435544.01
189109,7083.22,212296.47
189110,433624.0,130864.47
189111,27090.67,237442.38
189112,3972.0,119977.73
189113,367113.9,2039953.8
189114,338407.71,3509179.46
189201,88032.77,3698586.5
189202,209975.23,2688658.75
189203,0.0,2841986.37
189204,57147.0,591213.79
189205,207349.48,4074224.49
189206,95185.98,2077595.28
189207,193133.61,9187743.98
189208,33891.0,229082.04
189209,124210.25,7044826.45
199301,1833899.85,2155766.34
199302,56734.8,772807.5
199303,328382.28,9756086.7
199304,40025.59,1732411.44
199305,16654288.15,19728272.9
199306,99997006.22,56515209.16
199307,17248.91,210617.03
209401,290840439.45,339473215.67
209402,8851156.13,36568068.83
209403,68607542.24,707552758.7
209404,58067678.12,99554569.45
209405,90038870.12,239338976.94
209406,38114121.77,208574356.07
209501,417884.58,5288172.8
209502,2189497.11,12631317.7
209503,11728435.84,119876947.36
209504,12561680.57,69755524.89
209505,1203477.71,26316671.98
209506,33400260.47,140378381.21
209507,25600162.89,21516378.65
209508,539081.57,2671151.57
209601,30229.61,90733.94
209602,91677.0,769874.75
209603,11977633.09,49523812.33
209604,1078.04,163496.77
209605,16648.52,263577.45
209606,513290.0,1609311.69
209607,783188.61,2572609.66
209608,813767.69,20463789.36
209609,109145.02,4193534.92
209610,61804.17,2635138.48
209611,125246.4,1329690.54
209612,288107.96,6065060.76
209613,57371.3,4910730.76
209614,1402858.0,259748.26
209615,65303.44,4325475.17
209616,67358.0,632535.41
209617,568469.35,10177192.31
209618,206456.63,4575654.14
219701,12879095.08,8936645.71
219702,2281687.74,1083489.54
219703,3981487.86,3183806.06
219704,1325819.58,1472652.26
219705,16971060.59,1366167.88
219706,1714618.03,2395125.46
