010203,0.0,18688.0
010206,5550.8,0.0
010210,0.0,8699.0
010302,0.0,10069.0
010303,97603.26,8165810.0
010304,1771558.94,143602.0
010305,0.0,99956.0
010306,0.0,1313.0
010401,0.0,279038.0
010402,0.0,204018.0
010406,29664.46,49006.0
010506,1123.58,0.0
020603,18266.0,18293.0
020701,0.0,1651.0
020703,0.0,6175.0
020706,0.0,2603.0
020709,0.0,45537.0
020710,11148.6,1143.0
020713,0.0,26843.0
020803,27609.26,0.0
020805,13370.84,0.0
020806,0.0,1464.0
020808,54350.26,0.0
020811,0.0,157067.0
020901,220376.54,252820.0
020902,0.0,102492.0
020905,2793.0,0.0
020908,0.0,266270.0
020910,0.0,83624.0
021001,0.0,18121335.0
021003,0.0,1128117.0
021005,0.0,1632.0
021006,2170540.34,30905.0
021101,0.0,460319.0
021102,13755.9,0.0
021206,0.0,5818058.0
021211,35141.15,7574.0
021212,0.0,555521.0
021302,132044.0,0.0
031502,5484.6,0.0
031507,0.0,1824968.0
031512,0.0,1754439.0
031514,0.0,36000.0
031516,7680.8,172932.0
031517,0.0,385781.0
031519,0.0,11590.0
041601,0.0,19256.0
041602,18722.0,52129.0
041604,0.0,2947.0
041701,0.0,3210392.0
041703,250019.66,0.0
041704,0.0,362440.0
041805,0.0,5555.0
041806,0.0,593204.0
041901,0.0,41682.0
041902,0.0,11815.0
041904,0.0,5724.0
041905,0.0,203832.0
042001,0.0,245267.0
042005,0.0,75125.0
042007,0.0,22032.0
042008,0.0,162073.0
042009,78013.45,70054.0
042101,0.0,1091610.0
042102,8823.76,29051.0
042103,6567.71,171146.0
042104,4234.75,75140.0
042106,2975.0,1521094.0
042201,0.0,134633.0
042202,0.0,292733.0
042203,0.0,806295.0
042204,87166.0,161748.0
042206,0.0,8186.0
042207,0.0,1079.0
042208,34515.7,678676.0
042302,0.0,290679.0
042309,0.0,46049.0
042401,8094.79,0.0
042402,704622.0,742776.0
052501,2259.9,0.0
052505,0.0,3800.0
052506,1301.93,0.0
052512,1000.89,0.0
052513,0.0,4020.0
052515,0.0,22091.0
052520,48121.54,0.0
052523,18569.12,524017.0
052601,0.0,151660.0
052606,0.0,11148516.0
052703,327568.73,7856.0
052709,0.0,818190533.0
052710,5870639.19,128738934.0
052711,356015.16,98084.0
052712,0.0,289248.0
052715,0.0,3325.0
062814,0.0,8308820.0
062815,0.0,392839.0
062818,0.0,37515772.0
062819,0.0,21837.0
062839,3326.7,0.0
062841,0.0,11962.0
062901,0.0,1359920.0
062902,280171.7,22141.0
062905,568561.14,898830.0
062908,61809.33,0.0
062909,0.0,1128.0
062916,26037.0,0.0
062919,0.0,1169.0
062920,9661.83,0.0
062921,6634.65,0.0
062922,7767.0,0.0
062926,18457.0,0.0
062927,19433.61,0.0
062929,68430.0,6749.0
062932,0.0,269479.0
062933,206611.77,49983.0
062934,110186.0,0.0
062935,70296.0,0.0
062936,4437.0,0.0
062937,106291.0,0.0
062939,59195.0,0.0
062941,162900.0,0.0
063002,0.0,521331.0
063003,0.0,99190.0
063004,77770.0,556769.0
063005,0.0,9681.0
063006,0.0,26063.0
063102,3484879.01,17613378.0
063202,13536.3,0.0
063204,35369.0,143581.0
063210,1014.0,0.0
063213,0.0,1000.0
063214,0.0,29828.0
063215,0.0,1000.0
063301,10256.05,0.0
063302,856636.0,16601.0
063303,223475.0,471499.0
063304,141929.28,496177.0
063305,3793.61,110425.0
063306,0.0,24978.0
063307,43715.52,101935.0
063401,0.0,104100.0
063402,0.0,126035.0
063403,3476.76,50000.0
063406,0.0,2044.0
063506,1994.27,2000.0
063605,0.0,3143.0
063702,4695.0,0.0
063703,0.0,35740.0
063705,0.0,4049.0
063707,1114.0,12087.0
063808,75154.78,248693.0
063819,0.0,3728.0
063822,0.0,28327.0
063823,0.0,10065.0
073901,25394.94,81589.0
073902,75188.7,0.0
073904,0.0,39600.0
073907,1134927.71,0.0
073917,18117.41,30078.0
073918,1755.57,0.0
073919,11715.68,0.0
073920,1391.98,0.0
073921,3039.83,0.0
073922,0.0,15612.0
073923,41239.15,48191.0
073924,10421.65,11952.0
073925,55818.54,76511.0
073926,60821.67,77291.0
074006,0.0,19326.0
074008,10806.24,0.0
074009,5988.76,2064.0
074010,1734.92,1119.0
074011,359196.39,113183.0
074012,71087.0,2056.0
074013,52989.38,0.0
074014,0.0,13449.0
074016,65180.0,58317.0
084202,105634.18,70728.0
084203,1640.0,108519.0
084205,0.0,5389.0
084304,1105.0,1899.0
094403,0.0,14399.0
094407,0.0,2391613.0
094408,1704.97,0.0
094410,0.0,71230.0
094411,0.0,2165.0
094412,0.0,331345.0
094414,0.0,14648.0
094418,15389.62,55316.0
094419,0.0,1000.0
094420,0.0,8831.0
094421,0.0,43471.0
094503,1000.0,0.0
094601,0.0,28899.0
094602,0.0,10310.0
104702,919100.68,0.0
104807,1291.2,0.0
104809,0.0,22729.0
104811,0.0,1000.0
104812,5362.43,0.0
104813,156995.88,0.0
104814,20794.97,0.0
104817,0.0,50246.0
104818,0.0,7958.0
104819,3731.96,0.0
104820,12203.87,7570.0
104821,2199.0,1458.0
104823,221510.74,25687.0
104901,0.0,207142.0
104902,0.0,3654.0
104905,0.0,7115.0
104906,0.0,1988.0
104907,0.0,22298.0
104908,0.0,14929.0
104909,0.0,46505.0
104911,9934.53,177596.0
115007,15560.0,0.0
115111,365406.0,0.0
115112,15685.0,72464.0
115201,231405.33,0.0
115208,4413.0,5513.0
115209,0.0,5588.0
115210,42361.0,0.0
115211,2767.96,0.0
115310,15336.16,0.0
115402,38005.58,1029.0
115403,80012.66,346000.0
115407,268143.0,13910.0
115408,76734.0,0.0
115504,25322.84,0.0
115508,9099.83,0.0
115509,0.0,55569.0
115512,7995.69,3503.0
115513,0.0,15176.0
115515,224218.0,2761.0
115603,22298.81,0.0
115607,0.0,49646.0
115608,0.0,144576.0
115705,0.0,23765.0
115806,0.0,14754.0
115807,2199.0,0.0
115808,2069.0,0.0
115903,9593.03,0.0
116002,43232.98,9504.0
116102,0.0,321300.0
116103,0.0,109893.0
116104,0.0,6766.0
116106,1092.0,19138.0
116108,0.0,2375.0
116109,9519.0,95589.0
116110,12070.0,64685.0
116112,0.0,1847.0
116115,4674.0,0.0
116201,0.0,452930.0
116202,16449.0,6074653.0
116203,23837.0,683274.0
116204,124111.0,186761.0
116205,9930.0,51393.0
116206,12686.0,27274.0
116208,0.0,25451.0
116209,0.0,3825.0
116210,0.0,6072.0
116211,0.0,5935.0
116212,0.0,19982.0
116215,0.0,6159.0
116301,30150.0,0.0
116302,16769.72,3798.0
116304,0.0,5252.0
116305,19975.07,0.0
116306,2100.0,151529.0
116307,0.0,37093.0
116309,28643.77,0.0
126402,7061.0,0.0
126403,214904.0,521167.0
126404,317351.0,0.0
126405,2780.0,11906.0
126406,4043.07,0.0
126505,2407.0,0.0
126506,35808.0,0.0
126601,4850.0,0.0
126702,0.0,1295.0
136802,89154.48,297744.0
136807,7943.12,40579.0
136809,1069.38,0.0
136810,1228.0,17733.0
136812,0.0,12785.0
136815,0.0,13800.0
136904,1058.55,0.0
136905,0.0,63100.0
136907,0.0,4261.0
136908,11982.96,610356.0
136910,13458.61,468089.0
136912,4673.21,17731.0
136913,0.0,7922.0
137004,0.0,3473.0
137005,12662.11,26970.0
137009,0.0,16442.0
137010,0.0,245825.0
137013,0.0,50487.0
137019,1718.12,0.0
137020,0.0,5000.0
147101,296239.0,0.0
147102,34656780.0,22741196.0
147103,8380823.0,578188.0
147113,14567138.0,8622379.0
147117,0.0,1589.0
157201,0.0,24986896.0
157202,24164.0,0.0
157204,0.0,196003.0
157207,939754.78,1851944.0
157208,0.0,1889924.0
157211,0.0,105025.0
157212,33324.18,0.0
157220,0.0,3157.0
157223,0.0,4685.0
157224,0.0,5613645.0
157226,0.0,28156.0
157301,0.0,13037.0
157304,0.0,1000.0
157306,0.0,6564.0
157307,0.0,3242.0
157308,1598.02,191314.0
157310,0.0,1816.0
157312,0.0,40002.0
157314,0.0,34041.0
157315,7220.14,6219.0
157316,0.0,2974.0
157318,14631.13,22481.0
157321,1018.0,0.0
157323,12826.0,0.0
157324,0.0,1719.0
157325,0.0,45424.0
157326,2032.76,75207.0
157404,0.0,90279.0
157407,0.0,75880.0
157415,0.0,1192.0
157502,0.0,632479.0
157503,0.0,143414.0
157601,0.0,101069051.0
157602,0.0,148094.0
157605,0.0,3035.0
157610,6245.0,40597.0
157613,35907.0,0.0
157616,9251.37,1267.0
158007,10012.0,0.0
158101,4000.0,0.0
158104,0.0,23199.0
158108,0.0,1003016.0
158201,5880.94,0.0
158202,0.0,4173.0
158203,0.0,11002.0
158204,0.0,2720.0
158205,3070.0,7953.0
158207,0.0,8198.0
158212,0.0,2410.0
158214,0.0,3000.0
158301,10112.0,30844.0
158302,67423.61,34389.0
158303,0.0,8838.0
158306,15971.0,86494.0
158308,0.0,18384.0
158309,9785.33,1995.0
158310,0.0,30373.0
168407,34185.69,92173.0
168408,1800.0,38428.0
168409,71252.0,811679.0
168412,0.0,9630.0
168413,74037.0,197016.0
168414,311497.75,19623.0
168415,0.0,13546.0
168418,12385.0,58627.0
168419,216000.0,0.0
168420,9899.0,0.0
168421,100177.0,26221.0
168424,0.0,7288.0
168426,4199.0,0.0
168427,19419.51,105588.0
168429,427265.14,547020.0
168431,3134.74,10390.0
168432,50595.92,6564.0
168436,0.0,127321.0
168437,1035000.0,0.0
168438,367373.31,23127.0
168440,130850.0,7614.0
168443,152449.0,108707.0
168445,73530.21,0.0
168448,6165.0,0.0
168451,25386.0,0.0
168452,2131.0,0.0
168454,0.0,14437.0
168455,278792.0,0.0
168462,70000.0,0.0
168466,0.0,3313.0
168467,1000.0,0.0
168469,5000.0,0.0
168470,1000.0,1325.0
168471,325914.0,996934.0
168472,1471.0,26641.0
168473,1031335.0,509278.0
168474,26379.0,56094.0
168477,148000.0,1133000.0
168478,366106.0,493779.0
168479,0.0,17588.0
168480,0.0,180000.0
168481,181343.0,11972.0
168482,1061.0,44449.0
168483,736551.0,150096.0
168485,0.0,7287.0
168501,6755.65,2000.0
168502,0.0,88117.0
168503,2260.0,100555.0
168504,0.0,174718.0
168505,110930.0,0.0
168506,72354.54,0.0
168507,3390.83,4941.0
168509,49462.0,24698.0
168511,41149.0,167824.0
168512,313367.0,4147.0
168513,7333.0,0.0
168514,4281.0,0.0
168515,0.0,82249.0
168516,122172.85,43794.0
168517,12610535.0,411360.0
168518,136597.0,119776.0
168520,0.0,6870.0
168521,30250.0,0.0
168522,11750.0,16477.0
168523,0.0,119067.0
168524,10100.0,820080.0
168525,3070.0,134110.0
168528,2302.0,332308.0
168529,99000.0,32046.0
168531,94927.0,33345.0
168532,0.0,612915.0
168534,0.0,10951.0
168535,110195.0,58207.0
168536,119000.0,29980.0
168537,0.0,72851.0
168538,0.0,8054.0
168542,27945.0,2915244.0
168543,41000.0,15821.0
168544,17515.7,413979.0
168546,0.0,12359.0
168548,0.0,61887.0
178606,0.0,4999.0
178607,0.0,294812.0
178609,1602.0,744000.0
178701,88035.01,273754.0
178702,23000.0,234973.0
178703,90554.0,12189746.0
178704,187274.13,777637.0
178705,0.0,16965.0
178706,0.0,70699.0
178708,27325.21,895391.0
178711,14636.0,0.0
178712,0.0,948746.0
178714,28269.89,0.0
178716,16297.72,650522.0
178803,0.0,52000.0
178901,0.0,11443187.0
178903,26440088.0,89563726.0
178904,0.0,2676431.0
178907,0.0,34796.0
189001,2000.0,0.0
189002,284776.0,10361.0
189003,0.0,2245.0
189004,7439.0,0.0
189005,282865.0,7286.0
189006,49976.0,3860.0
189007,6100.0,9777.0
189009,100481.0,164255.0
189010,0.0,7041.0
189011,32856.0,0.0
189013,0.0,4350.0
189017,0.0,16000.0
189018,18350.0,273770.0
189019,9899.0,0.0
189021,69411.0,1391.0
189022,0.0,48585.0
189023,0.0,1792.0
189024,0.0,2686.0
189025,28003.0,1340.0
189026,1378.0,0.0
189027,0.0,7000.0
189028,227533.0,0.0
189030,0.0,6130.0
189031,0.0,77848.0
189032,4010.0,3895.0
189101,127109.0,1202744.0
189102,1509.0,0.0
189103,7623.06,0.0
189109,26914.0,0.0
189202,6775.0,0.0
189205,2049.0,0.0
189206,1395.0,0.0
209401,49365.87,161988.0
209403,100127.72,1038020.0
209405,53611.0,261261.0
209406,173741.43,206864.0
209502,0.0,1149.0
209503,1411.79,1587390.0
209505,0.0,3175.0
209506,34464.0,155973.0
209507,1514.0,0.0
209508,0.0,202499.0
209602,0.0,3000.0
209603,0.0,8951.0
209606,8699.0,12767.0
209607,1800.0,0.0
209608,0.0,23000.0
209609,0.0,21000.0
209613,0.0,3327.0
209614,24735.0,0.0
209617,45231.28,0.0
219701,911427.0,8563.0
219703,1935.0,0.0
219704,0.0,2465.0
219705,96209.0,0.0
219706,568078.0,2183.0
