010101,1449708.16,959289.9
010102,21436829.16,15611782.21
010103,29549789.42,29465796.93
010104,2845038.28,154924.0
010105,19176185.34,5225436.98
010106,3969623.87,1856488.49
010201,20402691.57,56306838.59
010202,57597426.69,21333560.54
010203,61845648.4,57817993.87
010204,14555717.43,22022715.31
010205,6193.0,71569.22
010206,6582461.59,7466256.71
010207,145299487.08,146047068.53
010208,974277.49,738257.0
010209,774459.91,912025.15
010210,83928795.84,74985043.83
010301,3855708.94,4612133.51
010302,166948530.56,243559713.67
010303,176108198.75,195891123.27
010304,64257523.86,94589000.31
010305,104736151.84,134023834.0
010306,53786803.89,107763989.38
010307,114139899.34,153127396.92
010401,124275151.25,126263423.59
010402,56692704.21,51940702.56
010403,37113141.07,88112987.38
010404,24603919.07,23347380.36
010405,72059679.36,73919864.0
010406,48785589.78,49750688.43
010407,27850655.33,9678098.28
010408,18258245.83,17213109.78
010409,7359332.01,12296349.47
010410,60260.89,188720.87
010501,0.0,152968.89
010502,0.0,1271715.33
010504,39316588.62,77910530.31
010505,1763297.13,1555851.6
010506,103209.0,39923.14
010507,0.0,21266.34
010508,4013.44,265066.02
010510,1071843.0,8348.0
010511,9957412.26,10344684.9
020601,514357.22,8094511.84
020602,35755498.96,36812035.04
020603,9124702.45,25767445.12
020604,13759440.84,17314819.01
020701,17317777.24,44512459.46
020702,27871199.97,3651145.3
020703,7066267.24,10331240.65
020704,19207171.19,17456821.55
020705,7312520.11,6429183.42
020706,7922096.73,6780379.69
020707,82852.25,31229.82
020708,3404824.0,3841407.59
020709,38498074.18,39041617.65
020710,65892668.98,68904013.72
020711,5337997.54,4748303.82
020712,8606919.58,4913265.34
020713,21435651.23,23800336.54
020714,1903350.89,2916766.73
020801,2400400.78,7663580.22
020802,91475045.48,90514406.86
020803,16012909.43,79307872.14
020804,29061156.46,68335099.38
020805,24940724.87,39334897.27
020806,9295527.02,21545101.89
020807,4861763.19,3873464.19
020808,115243548.12,135418052.42
020809,11197164.33,10156415.87
020810,77436919.65,74515004.62
020811,16480207.64,18833945.23
020812,787855.26,1499769.9
020813,2521451.8,3370949.72
020814,31512.82,42968.36
020901,73080646.01,184241150.31
020902,1990242.75,2134256.94
020903,3985.7,25479.49
020904,1268618.78,2618131.87
020905,114159.29,298453.53
020906,248049.05,895495.64
020907,16798.41,253275.51
020908,82314.4,859126.55
020909,273060.66,367064.48
020910,5376482.26,3439970.58
021001,11885121.23,126023972.14
021002,108322.94,1405415.37
021003,9709982.67,66909986.83
021004,810494.16,1125282.08
021005,10919646.06,290203131.95
021006,14757571.25,61529240.9
021007,186574.17,7141957.52
021008,2805044.14,4012809.53
021101,13473132.46,2976395.35
021102,7801299.21,7970490.08
021103,4533263.89,3504985.78
021104,706865.11,3081978.38
021105,550699.51,3343685.06
021106,226408.8,994739.35
021107,6552402.01,9247631.12
021108,3347813.03,4240838.6
021109,12121.47,1147563.44
021201,5022882.27,309642655.29
021202,291544.65,9422324.86
021204,45344.79,1929754.7
021205,4336584.91,151163226.03
021206,12188720.05,72440020.77
021207,2846071.97,4091731.79
021208,18967842.54,5293475.18
021209,15289625.25,21126334.24
021210,44397.0,508537.59
021211,732921.8,1196678.53
021212,9602306.29,10541785.98
021213,680880.5,298489.0
021214,856952.91,2960120.49
021301,2513054.74,17903182.1
021302,36677755.1,15002288.22
021401,210635.83,886829.53
021404,9338883.81,9634073.85
031501,8053236.01,499285.93
031502,563113.37,1012964.57
031503,2235.0,584884.85
031504,7290406.66,1686228.19
031505,58202.57,147149.14
031506,213542.37,58435.0
031507,138070592.41,160998808.89
031508,111269.75,118899.33
031509,286991818.85,219734791.1
031510,12374428.18,46312.12
031511,391241.47,11601534.72
031512,38945321.05,33147243.26
031513,2809908.28,5329118.17
031514,14718.63,49588702.03
031515,9403403.75,9590964.9
031516,2514974.41,3708139.22
031517,22649080.3,20489423.33
031518,19246646.47,16552229.0
031519,16625456.0,25457038.66
031520,8851358.72,4232865.3
031521,304154.34,308185.76
031522,1997989.6,192979.0
041601,94025127.8,24172916.29
041602,94073676.43,84690558.75
041603,18977.0,371101.11
041604,206374508.0,204047016.1
041605,8493747.07,13633911.95
041701,171268152.35,443430084.23
041702,5394826.7,7015774.35
041703,2355114.41,9783071.8
041704,15872616.41,12934555.39
041801,0.0,260160.61
041802,0.0,1872.02
041803,1541.0,2689019.51
041804,4308.0,1482745.78
041805,311331.08,6797673.2
041806,37176345.82,37025201.2
041901,96629482.26,78931905.37
041902,16516789.86,19355654.18
041903,98363.42,591152.49
041904,19781548.03,45173813.9
041905,186809342.89,180939874.36
042001,3042578.0,4944685.06
042002,185312388.95,125091069.98
042003,3136529.38,4346680.35
042004,7336668.77,55864856.44
042005,79970335.8,77021320.72
042006,659236.38,494343.53
042007,8195736.09,12046249.09
042008,62518343.91,67531574.68
042009,91439958.53,92890962.91
042101,15320970.84,21115090.92
042102,20948367.97,6612187.53
042103,49411763.1,47975412.4
042104,34113174.45,23659238.77
042105,34403205.02,67978248.9
042106,35803413.51,48621407.84
042201,25837259.13,6107694.56
042202,128179086.89,110827533.52
042203,261766545.81,46937203.38
042204,882942547.93,889143909.51
042205,3921465.54,1175258.67
042206,433357.71,2541183.07
042207,9745672.84,9187643.52
042208,47337845.74,53428708.51
042209,4312901.77,1087209.1
042301,8455099.9,6675008.58
042302,2610943.19,6698704.66
042303,24311259.55,13702350.88
042304,5857551.64,86503548.55
042305,0.0,1309623.87
042306,11299651.05,20858138.25
042307,203876.19,0.0
042308,855939.6,10634997.05
042309,26463140.71,98822656.19
042401,92348525.32,74666240.16
042402,481886149.35,123349429.82
042403,37482276.41,42015925.91
052501,10227604.47,10894580.02
052502,0.0,62606.0
052503,2798833.95,2553164.11
052504,242923.22,134699.9
052505,8185837.93,5641567.84
052506,4363121.07,1993657.29
052507,12214215.34,7043472.49
052508,6509181.29,8892392.92
052509,569284.55,143244.25
052510,37341.73,10150116.46
052511,62450.7,732339.63
052512,970722.33,969091.24
052513,56912.86,221646.02
052514,1907474.66,811076.64
052515,64360768.97,60219928.06
052516,46262874.49,30744649.91
052517,3257459.64,2337934.81
052518,211106.63,697907.09
052519,477245.44,927550.19
052520,3755702.16,8132318.82
052521,437337.96,148297.2
052522,2631350.21,1170698.61
052523,166332327.61,79979372.73
052525,13082.0,174536.85
052526,2816601.6,3725228.28
052528,1236.0,18829.0
052529,581355.99,3818575.23
052530,2125820.96,4240503.78
052601,14748847.37,243374.43
052602,0.0,705749.43
052603,604919994.81,1802920.0
052604,0.0,49463.0
052605,0.0,298990.77
052606,223745.56,605509.27
052607,7189.33,0.0
052608,6796919.92,433850.96
052609,781146.82,2034.0
052610,39109.39,866940.98
052611,28261281.06,14928.26
052613,5191.0,0.0
052614,204546.62,611584.97
052615,33341.79,2307297.52
052616,2131593.0,2165797.0
052617,80399.85,184280.27
052618,0.0,761274.06
052619,1900079.01,0.0
052620,20220039.47,17890079.01
052621,1481.27,4006811.35
052701,4910689.53,363800207.05
052702,164520.97,124965.54
052703,486041.5,6179473.83
052704,24532.64,5356315.99
052705,20783.08,36409.95
052706,59756.6,88083.92
052707,262248671.89,362007866.88
052708,2178.44,1873.95
052709,3417312.27,8069143205.47
052710,3536649418.04,1414788599.33
052711,194700537.28,1192864325.11
052712,18792698.03,14743426.21
052713,43504063.6,73435658.96
052714,19652894.75,2034741.71
052715,12409695.77,4230983.48
052716,95673714.71,0.0
062801,1211049.02,433842.9
062802,143760.97,2006056.84
062803,43309491.06,21862504.43
062804,8060339.25,6919116.14
062805,202661.38,55161.03
062806,10243466.5,72060.59
062807,132284.26,4310096.76
062808,6922852.61,495787.2
062809,45542.0,19949952.8
062810,38051.36,112700.52
062811,1470250.7,2378289.86
062812,35651.0,75102.9
062813,0.0,9375.63
062814,336304.62,46634469.11
062815,6616836.8,6393339.16
062816,3146.88,399745.88
062817,406940.43,2876147.03
062818,65888.39,3630959.54
062819,76071.91,803704.76
062820,0.0,507881.47
062821,279948.27,2052860.35
062822,9110.0,22187.35
062823,1787795.36,3746685.72
062824,99829.36,54471.72
062825,1188325.4,9316415.25
062826,46370.84,66427.3
062827,1102837.0,7826252.13
062828,11489040.65,10269437.23
062829,100961.37,15059202.06
062830,236964.18,887979.15
062831,0.0,835187.63
062832,112236.86,2171207.29
062833,1929607.6,5081694.91
062834,1319852.45,417300.98
062835,683397.14,3250150.24
062836,11465493.2,8473306.25
062837,0.0,79702.17
062839,374323.5,1006534.66
062840,6421.53,625856.31
062841,427759.0,862277.78
062842,128248.05,2328904.26
062843,163034.48,2681845.1
062844,426380.92,2347941.56
062845,3743.87,11154.71
062846,150023.19,923617.55
062847,1368571.4,4284342.48
062848,0.0,3898.0
062849,759055.54,4846086.85
062850,0.0,157829.71
062851,948030.11,208128.97
062901,440846236.58,372369130.97
062902,335582791.07,363293120.88
062903,2129903.22,20453524.61
062904,23702567.05,14697454.84
062905,1472836.24,24958606.68
062906,2863417.39,2625760.27
062907,888271.5,12851306.87
062908,112445.0,11691035.74
062909,38828225.63,55891733.93
062910,78036.84,424260.12
062911,14315.53,0.0
062912,1150404.59,489270.8
062913,173361.0,13831.66
062914,1215160.17,2118938.37
062915,1349068.16,6544360.44
062916,5015026.7,24791414.48
062917,89748.77,6643770.68
062918,3906868.57,9612762.47
062919,41059.0,1274579.37
062920,9973.07,1347583.73
062921,84139435.94,71836163.11
062922,766243.05,6070261.23
062923,216150.57,843909.58
062924,52764462.95,62697108.53
062925,509073.98,1986968.95
062926,134453.0,103321788.87
062927,1668.0,802365.88
062928,22609.24,135263.39
062929,2999080.52,44390960.0
062930,10720139.68,6969424.93
062931,365334.12,15273256.2
062932,461434.06,3732561.42
062933,134114663.51,147647915.83
062934,6231243.92,6233124.49
062935,36136.83,3106708.88
062936,11161072.09,10910429.43
062937,11042503.04,6263556.28
062938,2869848.0,19479.15
062939,103798.0,2202787.6
062940,4067846.45,3375245.05
062941,36836783.02,68054530.64
062942,1803904.25,666870.55
063001,439476.83,2629982.58
063002,16454319.94,134077724.54
063003,54693029.82,46867149.67
063004,774152727.96,726970780.44
063005,24448445.87,26865637.7
063006,21882199.54,24679065.47
063101,4201400.07,4038941.03
063102,75553355.48,82096069.18
063103,2692296.76,92739.47
063104,1382409.8,9440899.5
063105,98609133.52,104725009.04
063201,158154.17,1700165.08
063202,456257.28,4046136.91
063203,319480.28,2782763.81
063204,30429739.92,32576773.55
063205,205217.57,1024990.37
063206,21025117.74,57603568.8
063207,5674325.79,5995298.74
063208,129676825.75,124391326.48
063209,31458913.99,29441591.29
063210,4440870.48,6734624.1
063211,420224.51,1182757.71
063212,3032624.07,2390888.46
063213,274431.1,1676380.51
063214,10728534.52,27301079.61
063215,12320996.1,31985535.56
063301,4746374.78,3780509.53
063302,19651725.51,59940468.88
063303,27505401.59,78630006.7
063304,34188520.87,39439903.43
063305,32480505.7,38687199.09
063306,4774992.3,12498022.17
063307,97353393.18,93918912.34
063401,29717481.08,34173899.85
063402,82019249.99,78182794.75
063403,3789820.68,6172821.57
063404,6217868.62,8902635.67
063405,25805868.42,15775803.71
063406,22777617.82,28105639.98
063407,1404921.66,2909774.12
063501,403395.97,1284390.26
063502,932442.0,1565475.02
063503,554154.43,3302288.75
063504,283594.05,4147322.89
063505,813663.4,18520762.8
063506,99307708.92,95263839.2
063507,370821.51,5444499.96
063601,0.0,698029.0
063602,1950839.49,163502.53
063603,1438717.35,3731430.73
063604,605550.93,1834557.38
063605,45249.52,2278066.95
063606,130630.69,321183.63
063701,1823611.89,3046462.37
063702,922991.44,716315.52
063703,3822979.05,4309411.45
063704,176505.3,274451.56
063705,468049.96,224694.41
063706,1089997.26,547443.24
063707,11791692.69,12504764.2
063801,142993.99,2495030.77
063802,516242.74,1869808.39
063803,1847640.2,1890232.46
063804,2047364.6,1382347.11
063805,9925321.72,3449619.13
063806,165558965.83,252892087.74
063807,270670.7,48494.55
063808,93495644.08,109966386.83
063809,5619508.21,8329006.95
063810,872089.06,2727448.73
063811,727955.71,17782341.17
063812,2902354.9,5876208.94
063813,162678.03,572843.19
063814,4151209.61,4960171.51
063815,14472803.9,19639055.88
063816,2834191.19,3389713.27
063817,271801.0,18842892.72
063818,131361251.28,132649658.55
063819,285359.25,1952294.43
063820,297771.42,3443511.63
063821,94133.55,9153660.04
063822,19664913.16,121760886.39
063823,136363151.76,136774776.34
073901,194940396.58,203956474.16
073902,24844770.07,133872641.95
073903,19731298.03,54613237.45
073904,230432145.26,118553838.08
073905,7315120.58,10152989.25
073906,7590977.22,11073210.77
073907,62821320.35,110305390.87
073908,3049724.57,27609601.63
073909,209741799.01,151337120.18
073910,3189725.8,15091656.92
073911,6732515.3,28763009.17
073912,2465781.46,6701002.82
073913,793094.22,996457.42
073914,283681.83,1461932.03
073915,25337817.0,31896304.06
073916,19704023.02,18573890.95
073917,134367439.15,136971201.27
073918,15527219.89,36783610.46
073919,29052375.71,37420406.37
073920,443033144.63,441571016.91
073921,195628057.77,187692753.87
073922,47759096.06,47633519.38
073923,223856950.14,229120353.65
073924,184996123.03,154388342.8
073925,30536719.84,30138660.52
073926,258958504.77,260550805.28
074001,2951778.32,16901056.35
074002,16268991.76,31084093.37
074003,1081232.89,4421804.86
074004,2266548.64,1886183.34
074005,26004727.78,40100762.12
074006,12241475.84,8917015.8
074007,90131.86,2288824.38
074008,12670896.61,15584902.61
074009,66060253.6,66401393.92
074010,5815773.99,8765521.01
074011,990082928.88,871755653.82
074012,14187002.78,10274738.06
074013,645928.6,1587607.57
074014,4046146.38,6858963.48
074015,4046970.5,14228887.81
074016,84688529.52,87329932.2
074017,2824716.28,3502362.27
084101,13022896.72,14612008.45
084102,5211980.86,3400899.01
084103,2863876.04,2301066.49
084104,63057983.44,104644193.46
084105,10270760.29,17490332.4
084106,7574489.27,23119797.36
084107,2205195.51,23483295.45
084108,5052129.42,14480070.72
084109,1362944.32,9387481.7
084110,495987.61,71761.88
084111,367697.34,5095574.33
084201,475604.14,2345709.14
084202,67038604.21,68054659.27
084203,22675579.27,33270311.06
084205,17734432.04,26353896.43
084206,74329.0,181581.0
084301,2387364.72,7896992.52
084302,16138318.91,13680479.15
084303,1610784.05,2740240.74
084304,29926.59,777894.41
094401,108026781.21,116833776.36
094402,1365317.83,12379996.35
094403,102752964.4,99146532.29
094404,3727039.22,4040269.13
094405,46690.4,73939.9
094406,6160.72,29170.41
094407,78015823.25,42985978.32
094408,30155775.15,27025183.37
094409,19834891.62,21076133.99
094410,83381457.24,22631100.37
094411,141654088.09,139890052.81
094412,6913058.46,9648014.68
094413,3591302.59,2249363.45
094414,7611258.43,4154852.03
094415,31926731.2,29859006.48
094416,5398487.02,6475848.34
094417,4872371.72,5558112.43
094418,109739114.56,92888112.61
094419,1021955.99,1887037.17
094420,17555570.52,16436103.24
094421,12533576.1,13691131.75
094501,58913083.79,50069801.4
094502,23526735.61,2194647.21
094503,539166512.35,321305813.53
094504,444525506.65,276701654.88
094601,49240.76,793832.34
094602,3000703.34,3530111.85
104701,678324.96,725686.61
104702,9675807.46,94119.0
104703,720624125.42,563799939.24
104704,85075516.77,52343526.42
104705,1808451.79,222118.24
104706,3517020.19,3295747.24
104707,83567597.74,45573549.95
104801,2221470.1,34555147.04
104802,1600337344.74,1202946330.13
104803,14984176.91,8694289.07
104804,205886208.87,138280691.02
104805,15563426.41,19375360.39
104806,1017203.72,1339001.88
104807,1659558.19,4809190.2
104808,12058199.84,11710007.52
104809,1456184.59,5888099.24
104810,33011476.13,70962773.27
104811,39174917.56,41612147.51
104812,18659.71,413518.88
104813,702549.28,5872973.8
104814,1174597.57,1231982.98
104816,658434.25,1457476.75
104817,6533843.3,5494918.65
104818,131506152.4,103143475.66
104819,139352575.37,129099960.63
104820,24073728.15,23672254.81
104821,24162132.57,29231242.7
104822,3971003.48,4030076.74
104823,26999000.05,27192943.86
104901,53673811.19,57130777.03
104902,8817017.41,15818487.68
104903,1824818.65,2292446.61
104904,12617.0,60406.4
104905,1907073.26,2074876.93
104906,963760.54,295994.86
104907,410707.34,321570.91
104908,799905.48,2892049.93
104909,887159.49,1618449.28
104910,969215.08,602663.9
104911,17234724.02,20691752.58
115001,1391.0,0.0
115002,0.0,112145.0
115003,18528.0,229362.01
115004,6543.0,27674.44
115005,40351.0,1675280.07
115006,4104.0,187477.61
115007,1216574.41,1842913.51
115101,7356699.07,10794469.33
115102,2675324.14,1654049.58
115103,54172.0,376634.5
115104,0.0,4676.97
115105,3031369.34,17718223.42
115106,13787624.96,16487957.83
115107,4403944.75,8817586.32
115108,106520.01,929442.3
115109,1427879.64,1274239.89
115110,33501.0,121163.15
115111,8277713.18,8810768.99
115112,33103963.86,58728348.11
115113,7051.0,230749.37
115201,651592.18,79374361.53
115202,2458512.22,6822973.74
115203,1821716.56,3940625.04
115204,1497276.74,2056316.53
115205,39919376.46,45833107.44
115206,5535833.1,8748979.98
115207,1193977.82,4715952.02
115208,125920608.86,129554183.34
115209,42069430.62,43053294.09
115210,19601178.96,20032198.61
115211,6738891.82,6368598.31
115212,5492509.37,7206166.27
115301,117706.86,153627.68
115302,61699.29,0.0
115303,291252.64,367463.89
115304,0.0,11000.0
115305,6899.13,4393193.93
115306,846539.2,17217597.49
115307,65587.22,133812.72
115308,187367.32,4468691.52
115309,4990718.15,7813161.92
115310,89254.99,635173.9
115311,300490.91,897751.09
115401,3420639.85,11268275.54
115402,23476345.11,73806948.2
115403,659447.19,7501839.36
115404,34999668.32,31803613.77
115405,1445.0,9807.15
115406,348412.38,462312.54
115407,27585553.82,64946524.9
115408,12008087.54,11811316.18
115501,102564153.3,27383875.65
115502,68233.08,14825650.12
115503,53439521.6,38447209.04
115504,112324.32,11005182.4
115505,1123971.4,1082374.58
115506,14943437.74,6481147.18
115507,11034272.0,11405716.3
115508,300549.77,2571753.93
115509,35356850.62,33372018.63
115510,16185529.37,46074291.15
115511,1382133.05,1820540.83
115512,3765609.52,2939604.87
115513,7224817.62,13158180.18
115514,10500145.86,10841737.68
115515,82301490.92,66282885.73
115516,4993849.68,6602010.68
115601,12755437.37,6849784.93
115602,6089446.36,5602587.4
115603,22296303.43,44870258.19
115604,5282560.69,2118833.41
115605,646112.03,1337144.11
115606,1745972.81,4457265.09
115607,183017602.34,180470388.37
115608,37828397.0,29031400.96
115609,1220458.58,770600.95
115701,3515294.01,4889575.02
115702,39899447.17,36569080.57
115703,33307286.28,24662097.67
115704,632452.23,321451.61
115705,8299589.29,8588794.05
115801,46156625.93,45638778.72
115802,5583498.96,4502678.83
115803,750237.28,600727.72
115804,1015928.42,618966.89
115805,29147.46,570025.67
115806,11812147.39,10192089.42
115807,10172767.05,8064493.54
115808,469817.58,570477.08
115809,81873.48,124461.49
115810,1228897.56,2343291.46
115811,8292030.87,329800.75
115901,1702178.89,2471339.76
115902,74420512.07,62298222.19
115903,72309673.23,63683833.63
115904,2004780.42,2117273.87
115905,233030.0,436281.66
115906,47420234.85,39645128.8
115907,6021912.9,6586529.23
115908,501818.0,1838513.35
115909,1420859.02,4740006.6
115910,469721.67,1436548.01
115911,38221867.15,34852418.15
116001,7901108.42,8663036.94
116002,115151405.87,110837699.12
116101,14928548.48,12383606.64
116102,18119323.83,17589764.24
116103,50313670.42,48578038.27
116104,230481714.4,229906090.43
116105,142537191.58,69543056.39
116106,93526720.56,72483102.16
116107,49963798.26,50976286.56
116108,77934961.02,75166040.91
116109,961689482.97,687858617.44
116110,307194028.96,299116454.44
116111,327248274.9,68169118.71
116112,20793380.43,19104539.44
116113,3461862.41,4355163.2
116114,31382129.16,26931537.05
116115,231586477.18,238555754.63
116116,28048695.57,32157211.37
116117,19031130.47,21298043.63
116201,42362294.25,41167743.03
116202,34550901.39,26787400.99
116203,342199215.43,329550209.42
116204,343790095.23,343175799.63
116205,150448110.54,80141322.23
116206,129027645.89,113526272.47
116207,20029913.63,20137025.47
116208,21504450.33,20825740.04
116209,120605711.73,20839858.13
116210,28477635.86,26609355.14
116211,115737024.85,115025448.54
116212,78465976.25,105029108.68
116213,227618.59,163387.24
116214,5396197.06,5659772.85
116215,2871060.01,4640894.7
116216,670075.7,1140462.57
116217,18176975.88,21718004.76
116301,22468634.31,22600016.88
116302,523269459.43,514693725.33
116303,23027671.25,23155046.93
116304,57718302.5,55203280.87
116305,6426042.69,8596389.54
116306,16769454.44,17341705.12
116307,43861654.78,46912158.4
116308,570411.42,3110459.09
116309,10982522.15,4038987.51
116310,6586851.77,5640277.25
126401,29206346.76,27442596.57
126402,65806012.39,66039057.44
126403,1955290270.31,1958092984.42
126404,167710420.6,187243348.53
126405,59607939.08,48697479.49
126406,66439926.56,106634367.2
126501,11651383.75,1730.13
126502,5981.0,14777.74
126504,562762.05,1009514.11
126505,37224511.49,40962953.75
126506,18425818.21,19874671.38
126507,1991354.99,1905380.51
126601,7406004.41,7542550.04
126602,702246.15,331329.78
126603,1395921.62,900563.75
126701,1144179.15,1285360.64
126702,1576036.48,4388486.05
126703,59673.0,715997.92
126704,45727.16,695490.96
136801,44957381.98,17658269.27
136802,175573779.01,164937070.39
136803,3670270.05,2392243.88
136804,12514794.52,13365136.76
136805,48433121.98,44030143.84
136806,28329190.68,25466423.61
136807,4509828.82,4341462.33
136808,6701056.45,1104678.89
136809,15472009.65,7030995.6
136810,107201400.3,98374018.64
136811,2500826.04,1708848.62
136812,188426.31,977288.53
136813,579503.78,8902157.87
136814,19960.0,397869.94
136815,6401030.96,5776303.45
136901,1843229.09,312672.63
136902,10634128.66,6760413.24
136903,3060839.36,1498188.41
136904,3855475.39,1723500.22
136905,20386420.37,2905359.42
136906,137057.61,146102.08
136907,70660439.09,63559426.23
136908,244627963.21,227235748.48
136909,14217251.41,25075692.22
136910,130072309.11,64254679.43
136911,50858397.63,34549151.13
136912,132322649.21,65143195.92
136913,39791730.46,36976838.18
136914,13115226.86,11649863.42
137001,2741465.38,14907278.9
137002,1034950.62,215440.75
137003,11668066.02,13041545.39
137004,417769.69,2005695.12
137005,6325854.99,12734655.93
137006,1050448.69,4652607.01
137007,134785684.3,117449285.34
137008,2318123.14,1216759.2
137009,8328124.75,9888654.42
137010,367198229.24,335964401.2
137011,55596.48,235890.85
137013,90471350.61,89355025.62
137014,46774.85,1735942.41
137015,207670.0,1381600.14
137016,1702028.52,3406082.12
137017,2836423.58,2038845.38
137018,1462257.87,2350187.58
137019,9228269.48,23465271.47
137020,7085351.14,8103260.83
147101,33499.0,333284.75
147102,1388561.0,1984128.59
147103,26638.69,208482.94
147104,1375968.0,1846227.19
147105,207388.0,1579748.36
147106,12064348.73,25591698.45
147107,330540.09,3040244.11
147108,813626297.23,842019158.21
147109,0.0,10181.0
147110,631875.44,975500.79
147111,0.0,13738.59
147112,130674138.65,120456530.54
147113,47385772.57,77055649.38
147114,16192834.26,17945070.51
147115,285849.99,10752231.59
147116,210576.65,667820.74
147117,7461657.31,9457912.1
147118,1040649.88,2346688.91
157201,1833841.75,4088855.59
157202,4877854.12,14257841.0
157203,75474.56,15098380.78
157204,149380206.39,136072769.09
157205,894704.16,3734888.89
157206,543172.23,1408056.08
157207,100281112.09,37278544.38
157208,37431339.19,91389654.16
157209,14268701.21,22170044.84
157210,167002125.03,202748022.19
157211,8549385.74,17222144.05
157212,12707396.56,12820181.37
157213,345153251.57,294984410.0
157214,553727627.51,320458490.14
157215,6078546.86,1974516.38
157216,65497860.58,63584192.48
157217,58156736.63,40110883.91
157218,1522572.52,11666969.74
157219,3804039.29,4943474.93
157220,4287505.59,6763362.19
157221,6240216.0,1846874.94
157222,43356476.05,25910745.62
157223,1171552.24,10627885.65
157224,289566.77,2367711.33
157225,2386273.05,51264618.16
157226,3714050.12,19026292.41
157227,9339602.03,14287235.84
157228,5987339.62,28932766.44
157229,4206934.53,4962318.5
157301,4364009.63,4949323.26
157302,4493213.79,5075136.33
157303,2334374.17,13661923.25
157304,15103600.51,45334469.4
157305,4669974.42,2432111.18
157306,116245246.39,115568496.32
157307,18661347.42,24841310.63
157308,393612621.25,367459408.56
157309,27570296.56,14201052.19
157310,77136642.89,51083453.22
157311,75251576.04,39155544.9
157312,73789191.83,49281333.58
157313,3464093.77,846155.83
157314,79551106.1,80386421.98
157315,16852571.17,13231138.16
157316,570849.67,799611.35
157317,8424614.29,9101034.83
157318,41702133.12,43396024.9
157319,2683423.94,2753505.94
157320,90135976.66,77019601.3
157321,30041399.46,23789895.1
157322,2081153.77,4465086.81
157323,40295974.25,36729089.0
157324,47385831.9,39430234.65
157325,20560567.65,18969535.92
157326,184670253.92,190055475.35
157402,15168916.0,299342.44
157403,21833582.38,27864141.11
157404,207528915.3,83216550.53
157405,144317.43,2046001.54
157406,164826.0,739732.36
157407,46535257.08,49239681.11
157408,14265829.51,81458281.89
157409,1621313.55,27246820.28
157410,90528.72,3872842.67
157411,35603462.83,94555689.59
157412,7294875.49,8569503.63
157413,11717752.99,4719925.7
157415,1571100.77,1517459.76
157418,14351881.93,14705428.25
157419,7389322.62,6868015.16
157502,12367.38,4911742.23
157503,832807.17,0.0
157504,3602.26,1355124.13
157505,3373633.0,291452.15
157506,17339.0,431526.82
157507,106000.0,96866.89
157508,39292.93,1939527.7
157601,129794772.42,139614442.46
157602,81659257.65,2356049.14
157603,0.0,1109070.16
157604,136711738.09,139001012.64
157605,2770733.86,17100872.09
157606,6161344.0,33250283.85
157607,9613937.96,18826820.03
157608,7696598.14,4989898.04
157609,1884103.01,1093934.6
157610,67696280.16,56752243.42
157611,2541759.46,598275.86
157612,17428296.1,6428373.69
157613,6021780.0,370031.25
157614,13905481.56,9538723.67
157615,11642353.36,7388297.19
157616,63314366.39,59356982.12
157801,20892815.13,20471904.24
157802,7273015.89,1277753.0
157804,305035.72,166507.39
157806,893507.51,1394456.52
157901,1968307.91,12813408.83
157902,996071.21,0.0
157903,1263592.83,4674438.74
157904,309958.69,6232383.73
157905,290843.04,7798674.52
157907,3493708.54,8036773.83
158001,2103828.48,4708949.65
158002,1272762.49,0.0
158003,1653724.51,1748403.61
158007,5087372.67,1010633.52
158101,3881077.63,4201659.01
158102,90036.0,400758.99
158103,4473467.33,6157657.13
158104,591356.0,829137.3
158105,298330.8,2111960.91
158106,16726.0,304830.2
158107,0.0,2007.3
158108,260847.43,1961879.08
158109,0.0,29808.0
158110,12019.0,160429.0
158111,636405.53,206648.52
158112,3167171.0,1370826.83
158113,3697126.34,4401183.96
158201,7463262.26,6604635.04
158202,18287185.22,18002777.28
158203,23886049.03,13011235.7
158204,1688734.07,3544001.45
158205,19780519.84,20058396.62
158206,2723081.31,4097809.41
158207,70260211.19,69499421.61
158208,4109223.52,4312710.43
158209,9801871.29,11639164.56
158210,12409821.44,6789177.47
158211,17352223.98,16674797.04
158212,3413198.35,8319342.72
158213,481371.0,1389192.56
158214,1292271.4,1949241.87
158215,15738860.27,13751213.11
158301,156974313.03,150801354.35
158302,132803923.27,128772940.58
158303,16341032.16,16316106.04
158304,760714.8,1126070.61
158305,1538432.92,4248208.76
158306,9075411.58,8099979.64
158307,2911018.14,5775724.0
158308,12077834.22,11174868.97
158309,16206796.47,18175092.71
158310,5517018.46,2643848.08
158311,19472373.23,14707957.4
168401,20914.0,33946.0
168402,20136889.6,22239452.87
168403,43277953.6,35156983.09
168404,3704945.74,1473384.29
168405,645345.11,600907.05
168406,5222951.63,1919221.24
168407,6521375.75,70821542.32
168408,10970014.38,10689042.28
168409,337526204.3,312984665.84
168410,2332520.51,14995337.47
168411,50532451.45,60331320.54
168412,29047628.14,31092420.28
168413,98341571.3,92151059.45
168414,131551073.66,124922392.63
168415,67332485.37,129188796.5
168416,6114514.5,6956447.7
168417,30994179.34,27607694.61
168418,200769932.92,218187275.25
168419,276792551.19,209734258.06
168420,2515155.71,2740188.72
168421,215476025.29,206722391.83
168422,29474526.47,43956495.9
168423,5888097.16,8989897.24
168424,25994286.13,27657266.67
168425,9583014.54,11865969.16
168426,68094066.58,58397795.27
168427,17209284.93,32843073.6
168428,60636280.02,51155625.97
168429,84144529.45,82564829.66
168430,24110960.62,23499495.84
168431,81722578.62,84150163.01
168432,21665558.29,18681395.32
168433,7635096.29,11478836.62
168434,13903706.74,3231236.18
168435,600568.65,3914654.14
168436,7336187.12,12382053.23
168437,5475557.34,5405619.22
168438,41935029.81,37452673.83
168439,1429303.17,2233237.53
168440,41960809.37,29747042.01
168441,16362443.07,14580902.21
168442,5184025.0,5646379.39
168443,101775708.57,97300399.29
168444,334502.0,1036504.3
168445,7119083.88,8310645.54
168446,1791927.26,3849650.5
168447,2577484.07,3412321.29
168448,47963510.6,48548153.83
168449,28498867.01,22385474.89
168450,4363182.39,41927130.56
168451,17386545.9,11974278.81
168452,6604293.02,7988142.06
168453,1852214.38,3136817.91
168454,2598380.93,2432878.07
168455,2971356.29,3503713.54
168456,7739629.24,11679741.4
168457,1982252.52,11525101.02
168458,1410674.74,8697201.18
168459,3408751.96,5707599.5
168460,3704466.28,9047089.59
168461,2901111.71,3969190.08
168462,38044219.44,34505861.34
168463,2608249.75,4792714.73
168464,9679310.25,10732874.15
168465,9466468.07,21147130.52
168466,39538496.6,41616564.67
168467,8317901.6,12084335.97
168468,5301177.12,4621990.12
168469,45825.0,449331.86
168470,6545143.65,12005284.76
168471,122890885.99,363754672.37
168472,10275662.09,6002542.99
168473,60361894.95,53553955.73
168474,86633260.94,82596903.94
168475,4896845.3,7552812.02
168476,2852810.67,5662335.76
168477,34102110.6,44926280.61
168478,1712871.0,4782726.49
168479,110191744.66,112737735.31
168480,329357606.78,327525859.07
168481,346311990.68,352095853.3
168482,89372909.67,88358080.34
168483,51935374.32,54704112.46
168484,6722869.39,7864327.86
168485,43819047.49,39173336.95
168501,105024650.02,98275702.41
168502,56901156.34,51352025.25
168503,104977966.11,247252116.6
168504,240114967.62,236640447.58
168505,27817838.99,32273136.15
168506,4263738.44,8979204.3
168507,118716558.38,136509393.55
168508,8966383.37,17579770.04
168509,17423270.61,32354231.5
168510,1843861.83,1946969.69
168511,80735365.5,79415655.24
168512,84689254.84,86869520.7
168513,1226025.79,3966436.19
168514,5180441.26,8115636.7
168515,15338827.32,16369007.21
168516,197843560.94,198159641.85
168517,104938942.1,133252712.35
168518,42787626.14,43596548.4
168519,42925990.92,17690742.43
168520,1929.0,49498.1
168521,22526888.14,25076358.94
168522,6353513.57,61389059.94
168523,9781334.95,10491504.65
168524,16089008.19,53932849.13
168525,208375295.25,302671579.2
168526,179390142.91,159908532.0
168527,936822096.95,817332992.97
168528,76494137.3,291576876.09
168529,156737181.19,137548321.15
168530,4063510.23,4494759.64
168531,63887730.82,71466783.96
168532,130273810.31,130276162.14
168533,17807641.54,17629252.05
168534,6997340.7,52854259.9
168535,9355068.45,10169880.29
168536,455580226.08,448280197.45
168537,249335336.52,276295411.39
168538,122544104.98,135006177.99
168539,23657074.02,56492200.38
168540,1226451.17,1746486.63
168541,95813468.65,110035329.37
168542,211175983.03,318959932.3
168543,65510630.44,53464573.98
168544,906179156.48,962462187.81
168545,521784.26,6093647.18
168546,16485418.13,17302243.08
168547,19730737.66,14644039.25
168548,1302700.56,4947023.21
178601,0.0,5138.0
178602,0.0,148498.0
178603,0.0,3217542.0
178604,1313565.0,1567301.78
178605,10524.0,25473.0
178606,138991.76,471598.0
178607,4089099.7,9039232.1
178608,507904.0,1389446.97
178609,13896933.5,11371848.08
178701,36492666.23,125657446.58
178702,96927442.82,26487658.5
178703,2941340618.13,2883714604.66
178704,809992134.33,804883869.95
178705,33997642.17,26018789.18
178706,13972034.55,53088865.47
178707,12182262.99,19769014.2
178708,2467860057.39,2478126414.51
178709,1470615.25,4201184.5
178710,142107.0,16142638.0
178711,4372716.8,7837389.98
178712,291732157.19,127482328.33
178713,5816069.08,7586208.69
178714,120489943.37,121590743.6
178715,33280312.28,21145117.17
178716,63673366.95,59530810.65
178801,33420.0,95301.53
178802,83762130.43,31721880.9
178803,82503049.57,70829888.52
178804,92328.0,1302037.75
178805,1000.0,342884.47
178901,41993056.97,324110088.03
178902,10567110.71,0.0
178903,37324377.75,36041069.0
178904,6679955.0,502283.0
178905,66549414.02,291762860.0
178906,404443.0,710236.0
178907,1755703.92,4083503.63
178908,48840.0,9717.0
189001,98786831.6,107677253.07
189002,11628469.34,17491611.46
189003,4002178.52,15386554.75
189004,3645580.38,37872482.29
189005,23519462.19,17351680.49
189006,4071479.26,5467594.44
189007,1003093.3,1758888.13
189008,944111.37,398286.94
189009,3619.0,103639.0
189010,2167253.25,2176213.49
189011,463230.61,878084.86
189012,328842.35,977921.92
189013,3174261.81,5826861.7
189014,3782972.65,2266980.43
189015,14206693.61,13387354.25
189016,170649.98,1605127.2
189017,1691578.16,2309395.15
189018,139052368.34,135552268.34
189019,8247898.81,18742801.09
189020,1713737.29,1947078.28
189021,28988081.7,44135753.63
189022,17512470.65,42401845.6
189023,11140482.96,3714077.95
189024,2369743.7,15032864.72
189025,2752194.86,4185844.86
189026,10093567.62,18568772.39
189027,28292459.77,27396408.52
189028,32721247.05,26399744.06
189029,32491541.99,38629558.34
189030,14356049.4,15578020.67
189031,50623905.53,52209487.25
189032,93515924.58,105458753.37
189033,2703713.62,8976200.05
189101,35827432.45,36928858.84
189102,23518378.25,61950533.28
189103,38621.83,368138.03
189104,882769.6,298426.82
189105,1170755.49,1433767.2
189106,884691.47,939734.73
189107,2081280.1,1638288.8
189108,67902.0,201104.98
189109,1586956.0,1610391.59
189110,1143848.81,102578.93
189111,5418891.07,5163488.25
189112,26048.96,33069.0
189113,18295753.5,17339540.33
189114,6243626.03,7141599.13
189201,67894.65,1167190.58
189202,258603.73,277344.74
189205,525819.13,916921.16
189206,74957.92,810429.03
189207,315050.54,2853126.26
189208,540445.1,606011.64
189209,2157165.84,2209706.5
199301,0.0,86342.0
199302,474923.47,3126078.06
199303,26698712.12,22099156.21
199304,787367.85,1788861.28
199305,11446865.16,13867434.57
199306,1000157.96,4260908.67
199307,10142.0,11704.93
209401,722106543.17,723183779.73
209402,19425991.19,15358285.12
209403,563349351.62,555449758.57
209404,86156286.54,79453746.45
209405,103568054.46,124369749.51
209406,34604538.82,22381807.87
209503,31401048.2,94177555.45
209504,8732571.32,24610668.11
209505,2296362.28,10901563.25
209506,214612199.32,215927287.32
209507,2850310.22,4444092.06
209508,1150663.31,4769329.09
209601,679734.44,346431.73
209602,240168.49,1821833.32
209603,12197234.14,12017871.98
209604,141993.0,138462.83
209605,1258621.23,505444.83
209606,13399274.92,15074367.8
209607,3052136.57,5211742.94
209608,6044176.84,11699736.53
209609,643141.41,4246162.36
209610,24652276.38,9421496.32
209611,311698.45,400018.47
209612,1581900.26,2649740.65
209613,1033408.08,4145402.49
209614,52327.1,1061902.46
209615,1328458.59,1630929.85
209616,291559.96,1397287.66
209617,2320814.52,1267903.53
209618,598448.93,2637820.8
219701,6916848.68,6134720.1
219702,54334.51,196007.58
219703,1932202.19,968933.64
219704,308332.94,588878.94
219705,376526.03,1100042.45
219706,1841240.95,511209.35
