010101,6152998.83,45077581.84
010102,92842.52,21490746.69
010103,0.0,263939554.85
010104,0.0,302457.66
010105,183117.17,93643478.62
010106,1893005.44,48783196.46
010201,170783.47,4876198.42
010202,4299490.38,48751130.13
010203,6804985.09,131321891.5
010204,1328606.79,5467068.62
010205,18485.55,0.0
010206,109712964.72,136748379.57
010207,50221007.38,240607636.15
010208,2581419.5,6484672.03
010209,4659.69,760226.09
010210,1183144.74,26198903.69
010301,88873287.81,242886683.71
010302,21699846.88,45466367.2
010303,15110450.07,77470641.41
010304,51981737.38,200215252.01
010305,33297506.23,258563342.5
010306,20602373.04,388036313.26
010307,23879810.86,276902008.99
010401,2328668.36,35115906.14
010402,47541969.75,116345775.02
010403,329852.34,4248749.02
010404,2360316.3,6122126.54
010405,3249837.18,8185379.32
010406,4759409.82,21012387.25
010407,1972719.0,86667380.51
010408,137964.41,3885942.4
010409,605587.74,2936369.81
010410,1726134.64,111097001.07
010501,579857.65,243980.0
010502,1115948.75,851216.84
010503,464896.57,306615.9
010504,585393.95,19953373.75
010505,17301178.32,24954808.89
010506,226440.78,689835.52
010507,3612774.99,16096963.43
010508,657691.15,3299007.18
010509,62244.0,69864.78
010510,11332746.34,9246288.18
010511,2706036.22,19597318.71
020601,611838.82,174230.21
020602,2783834.32,19286490.92
020603,598936.21,13203766.99
020604,483811.07,1652825.1
020701,163618.68,1080816.22
020702,102921.24,1800954.06
020703,23738720.62,12251466.46
020704,481821.19,12008707.32
020705,340764.0,3051277.94
020706,549554.94,6656435.41
020707,68945.06,2094118.28
020708,5501097.35,4200127.62
020709,1938890.54,73337235.5
020710,8358492.41,26825656.76
020711,2968663.99,4086017.84
020712,23228636.79,86706446.69
020713,3628211.96,10198885.76
020714,3007894.96,8283815.86
020801,2586686.45,5690963.37
020802,28602790.37,73191230.87
020803,1130987.11,1110039.01
020804,5737638.99,53113612.85
020805,9385052.54,40365208.53
020806,45858844.76,170157200.43
020807,2605350.86,47446573.46
020808,26718240.25,26921857.69
020809,2057031.7,15742675.94
020810,70666057.1,156069426.84
020811,177183.97,667980.46
020812,158673.56,203869.8
020813,2306340.04,24585732.98
020814,258222.76,1053195.57
020901,7312901.01,11922647.75
020902,10774702.16,50309004.24
020903,19835.72,11174.0
020904,7348706.65,15369172.57
020905,122890.93,86282.0
020906,2384130.44,4818961.57
020907,91199.22,3923.01
020908,1088325.81,30384.0
020909,1583718.84,4493343.27
020910,2526645.64,11469946.21
021001,0.0,1681720.87
021002,2066.0,3101.82
021003,92766.04,64743.71
021004,41979.0,179776.21
021005,236221.94,318052.58
021006,1813011.55,46317127.03
021007,0.0,90627.4
021008,463936.9,916411.94
021101,18615343.34,41485703.95
021102,1409424.15,10653376.66
021103,119212.7,1846493.11
021104,2886901.95,4837970.42
021105,2720360.98,5823508.12
021106,1516213.9,2503306.1
021107,110782.33,3439385.7
021108,4717304.02,36557298.41
021109,44050.23,857329.83
021201,6930195.91,11799758.38
021202,2667334.32,6690393.12
021203,25058.0,0.0
021204,15758.0,35431.93
021206,552645.19,369035.57
021207,7833469.63,1618858.99
021208,225511.75,2913096.42
021209,6070871.57,18036861.79
021210,661853.0,1000423.9
021211,104922486.37,252676196.08
021212,18580876.06,46043083.07
021213,17696.0,686768.55
021214,20030.35,550628.97
021301,786232.56,4108163.58
021302,7853010.13,43755341.93
021401,10997351.4,25039430.57
021402,109712.88,37085.6
021403,22994.57,6662.74
021404,823499.85,1527018.28
031501,2720011.26,1953209.55
031502,49709.21,462024.28
031503,790250.73,444739.61
031504,189289.98,501298.03
031505,96219.71,75310.63
031506,46152.42,123756.0
031507,11903166.3,365976389.83
031508,7740501.62,29340713.62
031509,365006.81,370475.89
031510,4037.0,71052.0
031511,4292703.5,56495715.99
031512,43230.43,3114207.79
031513,4294323.31,1724490.38
031514,7076659.7,193369064.87
031515,10254191.66,32134642.95
031516,1394513.88,5410190.08
031517,2848642.62,36163654.89
031518,509155.39,1777096.58
031519,374870.75,5941335.58
031520,402180.77,9645601.49
031521,243495.31,1767607.66
031522,86442.7,15549.0
041601,611201.17,19473652.76
041602,7957001.94,117955255.28
041603,689634.7,4544093.37
041604,10528129.72,98682293.44
041605,14006074.82,132338284.42
041701,11283841.02,105987112.3
041702,1320725.73,11717632.55
041703,18201.27,246478.93
041704,16818491.54,183675434.35
041801,219167.84,309432.65
041803,80526.72,6920.0
041804,225843.23,324811.0
041805,106484.9,135083.94
041806,23722775.34,62758719.83
041901,9221296.2,61884981.23
041902,30426991.44,84515651.37
041903,230826.52,179125.43
041904,1504648.75,13600385.14
041905,28348064.16,160140491.68
042001,2066119.04,4023500.89
042002,489046.53,964902.59
042003,6366591.49,10253599.49
042004,145208.78,15875152.29
042005,9726972.22,76838771.75
042006,2806849.6,12333292.13
042007,1060739.19,5765318.06
042008,17659671.12,125923201.68
042009,2132817.68,25582869.79
042101,3273223.0,19435711.18
042102,1882428.72,9087988.08
042103,115653362.53,114106233.79
042104,3776487.61,45179925.2
042105,1148698.0,3938991.63
042106,36446235.69,342309746.28
042201,2412107.92,248127991.75
042202,27253889.45,102229976.69
042203,30081966.02,169806114.59
042204,16333190.59,142774343.55
042205,140906.97,267376.48
042206,1776554.01,11790799.73
042207,53909.94,466270.57
042208,222908981.71,349902261.01
042209,1321921.06,3344550.64
042301,2928523.6,11376682.02
042302,2833931.84,1546544.95
042303,162840.21,1759132.0
042304,371414.77,845542.41
042305,0.0,465920.07
042306,139532.04,82689.17
042308,60841.49,399147.0
042309,6430213.47,78023287.06
042401,47251866.22,78869696.45
042402,368992078.8,543977322.47
042403,7466081.54,14156100.37
052501,311660.19,3851158.96
052502,24816.17,44264.0
052503,181015.23,335087.44
052504,231715.9,322195.1
052505,205658.64,4879735.24
052506,159070.25,703547.42
052507,12920929.84,4773460.25
052508,1907887.75,2571001.69
052509,38734.95,154321.61
052510,31506.14,6562.01
052511,304097.77,33713.95
052512,114964.84,421749.0
052513,1463214.59,4725304.21
052514,305070.18,114376.26
052515,7181269.0,47325452.28
052516,2722372.16,31951757.94
052517,59289.91,27490573.29
052518,58364.21,1887.0
052519,3526437.51,2602686.63
052520,1171843.03,8265015.3
052521,327446.63,1912524.84
052522,50127.36,3084943.2
052523,6702949.52,105735115.97
052524,137033.42,51011.23
052525,63817.7,123365.97
052526,3273482.21,1711339.2
052527,2155.52,11663.0
052528,2178020.68,0.0
052529,4759803.23,1884467.72
052530,1045242.47,5464404.87
052601,267994.82,26159.0
052602,19079.81,22283.67
052603,1403281.0,0.0
052604,21958.0,0.0
052605,1912071.09,0.0
052606,1063387.43,69254.43
052608,113926.0,323859.39
052609,2166606.16,510565.0
052610,0.0,7726.0
052611,1582955.36,359073.0
052613,7238053.53,2371459.0
052614,87309.12,73864.37
052615,673898.61,2078780.45
052617,3288060.26,1396163.52
052618,10468.38,26570.2
052619,0.0,20416.0
052620,1415371.64,788076.65
052621,689416.47,589504.34
052701,1942197.46,102685431.95
052703,103463.0,109243.2
052704,241461.41,233802.33
052705,0.0,32757.0
052706,18471.0,10909.0
052707,11843734.16,524388.23
052708,122359.28,30420.0
052709,9843264.74,13163418.0
052710,153764853.38,3320491008.95
052711,14797520.63,380058999.35
052712,7629744.52,13947821.93
052713,478196.61,5465454.81
052714,210362.58,134746.0
052715,12771.19,980361.93
052716,43397993.0,467060959.59
062801,2515387.87,2959911.52
062802,39136.02,40770.79
062803,764409.09,9971961.68
062804,7839151.21,19874028.91
062805,2983540.51,4265108.74
062806,371478.35,1515012.09
062807,132779.73,811184.86
062808,157397.18,83024.59
062809,385967.01,885690.56
062810,335905.06,132414.95
062811,4694526.51,27916221.21
062812,33653.62,108511.61
062814,187622.79,288975.8
062815,2545066.99,6543183.12
062816,278367.32,42920.6
062817,2288001.83,6981282.09
062818,4559000.89,6395239.84
062819,380055.59,2524370.39
062820,1436537.11,2091858.92
062821,5707420.01,18540088.98
062822,2256439.71,5712149.95
062823,2002075.32,40449430.29
062824,49630.34,225701.18
062825,16614340.19,31455386.93
062826,660135.64,1219441.91
062827,3315998.34,11909079.65
062828,895310.63,1854886.97
062829,466640.21,705159.07
062830,865467.54,6286515.86
062831,1964968.14,3935247.34
062832,766677.01,358698.56
062833,5003648.03,21990099.63
062834,425206.26,663797.09
062835,6299829.1,11327654.1
062836,4423932.6,17981262.43
062837,2554626.47,36037956.84
062838,3782.75,9632.0
062839,914974.79,4294758.19
062840,344379.29,1941854.46
062841,2641597.62,5672007.15
062842,150685.08,307324.36
062843,43968569.65,101708498.42
062844,211297.57,1714778.82
062845,10196.0,88393.0
062846,4650063.22,4820970.62
062847,1666133.98,96575.47
062848,28221.8,0.0
062849,2141038.31,2180421.78
062850,3549093.87,5424876.66
062851,3228741.29,766939.02
062901,1010744.33,6056594.38
062902,11460056.76,25987095.99
062903,5763589.24,48359611.93
062904,1303428.46,4798436.74
062905,33385672.44,79336351.26
062906,15503787.85,40892647.32
062907,7149244.44,13215182.94
062908,799738.39,1882813.68
062909,3949969.63,21994821.22
062910,710257.84,256573.19
062911,7920.61,19387.74
062912,8295558.25,21269394.48
062913,30981.26,23685.34
062914,8798972.91,59220558.23
062915,8889629.82,69347009.99
062916,4018917.85,28609591.58
062917,10523921.37,197088847.99
062918,8018449.76,18457296.86
062919,205806.63,1882185.53
062920,666362.43,3208510.51
062921,7078404.2,15560405.16
062922,37799115.02,150221891.43
062923,2086558.09,4181239.55
062924,12363365.86,16705232.25
062925,1769541.39,2633794.08
062926,2992245.95,3433633.65
062927,2042218.56,15250702.81
062928,21958.0,51758.67
062929,8704709.34,24034161.8
062930,6473071.88,53736922.93
062931,4318135.74,10327836.0
062932,11518251.14,20889982.78
062933,31649077.41,110048088.07
062934,21443447.24,63441899.63
062935,6762632.1,16829076.44
062936,31533847.95,101012325.65
062937,14507365.14,28989591.46
062938,3802916.69,3918310.78
062939,6596153.96,9856655.49
062940,585688.0,761492.25
062941,83565094.33,262478941.64
062942,2782524.43,3939677.75
063001,2217121.41,5360564.45
063002,2189231.37,49145232.88
063003,3904110.66,13646951.13
063004,343361796.91,646357826.64
063005,5800415.82,22069471.87
063006,6664111.37,25170456.84
063101,96080.16,132324.49
063102,2095551.74,2207192.41
063103,877592.9,988046.0
063104,57231.65,788516.01
063105,1367288.09,2818733.91
063201,319176.65,651907.77
063202,2527270.58,36043948.75
063203,8608890.04,14530357.62
063204,162557778.29,549070366.28
063205,847934.27,1086232.67
063206,44523450.57,123587305.34
063207,19998216.54,29768925.97
063208,24389213.89,219642472.76
063209,7216933.0,40477375.28
063210,9143226.76,5100736.47
063211,723916.12,505906.3
063212,4656312.78,52205541.8
063213,7556218.74,11428964.1
063214,9589687.08,91151716.29
063215,28270460.56,183333753.81
063301,24914368.7,55029706.04
063302,57784311.25,144804809.24
063303,13009988.77,96868471.66
063304,31065660.58,334830500.73
063305,10318510.99,94823554.39
063306,32687286.79,31679111.41
063307,28868216.07,115914810.64
063401,11995514.87,70553784.16
063402,27364803.15,154015712.04
063403,7600119.58,52069044.01
063404,8485091.25,14362796.09
063405,4733124.94,35665240.94
063406,50919533.11,34115642.08
063407,2761079.57,4344291.45
063501,91965.97,634198.85
063502,1343280.56,6954670.74
063503,1171135.96,4334802.93
063504,542363.45,3265957.1
063505,1666289.18,4293717.27
063506,26806023.4,147796139.35
063507,3692826.98,17160237.18
063601,4125.0,0.0
063602,0.0,1206797.16
063603,330838.85,369984.62
063604,44899658.56,26895089.07
063605,1400248.29,156472.91
063606,1834385.74,5729476.34
063701,32604843.87,147759325.91
063702,45594207.55,381342072.45
063703,17253652.55,191042604.05
063704,314406.71,390018.58
063705,4083596.42,6881352.22
063706,7852544.55,3677191.01
063707,38131359.19,156755016.9
063801,824495.6,3494356.97
063802,1869965.62,5186233.29
063803,5223.98,31991.0
063804,124729.39,2070997.0
063805,1763737.78,1423773.95
063806,17719467.95,25196863.68
063807,445838.99,127329.53
063808,18292512.2,101261385.97
063809,40745209.42,109625771.93
063810,6725923.22,27695248.63
063811,5320242.58,54996807.54
063812,17896931.51,80152706.11
063813,308009.78,439825.12
063814,6789588.25,20569184.54
063815,10251225.08,15659677.6
063816,404318.84,3294106.16
063817,32657.15,132866.95
063818,10241672.06,26425317.21
063819,1091940.57,2381217.72
063820,2321340.75,3005072.64
063821,297030.86,1302634.67
063822,28559748.56,41008682.91
063823,53475044.11,333694759.7
073901,33671576.77,600409956.82
073902,19584047.12,374207077.49
073903,110638940.11,1369512271.24
073904,41020666.0,485329884.51
073905,8036116.98,19535210.5
073906,5984076.96,100636184.82
073907,67753238.94,909964687.87
073908,7738931.81,117896832.27
073909,8814592.28,138998987.04
073910,6950157.18,152484625.52
073911,6361218.1,70735089.22
073912,5881164.27,29113049.56
073913,4079302.11,7512074.65
073914,633677.17,14471687.87
073915,23913162.17,274207104.39
073916,3002606.55,7629152.22
073917,40917486.36,100891667.56
073918,8386989.36,56690744.33
073919,42877378.07,108359069.32
073920,91917133.8,1247347443.96
073921,37281330.0,158621006.9
073922,5759229.95,28683373.33
073923,354236296.16,456829746.02
073924,150228422.58,145854151.57
073925,24235136.73,153113189.9
073926,843134115.75,1108618198.52
074001,21784349.85,30931384.31
074002,25631765.03,198954733.03
074003,158525.2,30961.38
074004,216953.45,973269.01
074005,1210876.8,9364379.93
074006,841202.27,7484876.23
074007,3111344.97,50495476.75
074008,5313723.08,45888366.39
074009,4930883.72,26052535.88
074010,3458664.11,24066526.72
074011,35012243.78,324870251.35
074012,5599293.15,47387109.75
074013,10147789.28,12363594.97
074014,6128005.14,10015684.55
074015,14997815.71,23188862.03
074016,52140286.96,103366309.8
074017,2386345.51,2342157.97
084101,44352380.96,61762515.29
084102,6748086.92,6629482.27
084103,326814.68,5398012.29
084104,134933477.68,2071480800.29
084105,13557108.6,275924506.19
084106,5142606.46,88952500.21
084107,15966363.74,76765743.68
084108,240663.0,3685267.0
084109,3021850.63,65825464.98
084110,1000208.67,37990655.43
084111,1924832.92,18647262.46
084201,4180670.18,4749133.04
084202,1047891544.1,1391192661.13
084203,142429721.52,481699983.53
084204,642732.14,1754443.85
084205,15469279.06,22385104.06
084206,56252.04,42401.0
084301,12108127.79,372924435.28
084302,32896916.83,158984017.4
084303,71670006.05,82312916.86
084304,1322911.18,829991.26
094401,348851.0,2466455.75
094402,529995.82,739049.37
094403,69795656.36,141560916.7
094404,92829.85,1168227.22
094405,496187.69,327439.4
094406,0.0,5201.0
094407,72986967.03,264797493.96
094408,4969173.85,91184415.35
094409,9626028.67,73404276.98
094410,1516658.81,26424957.09
094411,61968372.9,76653368.15
094412,108699214.07,141724408.61
094413,462022.87,628348.0
094414,16979936.52,38967242.72
094415,4515583.86,14611925.77
094416,576884.13,373676.04
094417,1412037.78,4086052.11
094418,6803284.06,146135113.5
094419,8577715.36,18364659.65
094420,16976645.42,42351622.36
094421,25624441.09,61664663.75
094501,106363.18,13451.95
094502,21541.61,46993.66
094503,425745.46,1348007.81
094504,1044117.99,2677996.04
094601,7253525.84,9780086.17
094602,24244992.39,105567179.9
104701,73584.57,38399.0
104702,228212.73,66654.0
104703,2212004.59,4098224.3
104704,810982.28,3208841.5
104705,0.0,72031.0
104706,91007.69,476589.0
104707,43645293.7,11390077.04
104801,4215395.25,106682477.11
104802,33194382.59,242601813.38
104803,1788547.81,24794175.1
104804,14502211.1,365093837.52
104805,57470313.67,251093529.84
104806,1785167.57,4381051.01
104807,1216169.58,11702382.06
104808,13019940.04,25255353.57
104809,2167913.28,39339847.0
104810,57668301.35,957603564.91
104811,29958479.64,241246907.61
104812,404931.0,838048.43
104813,2371297.85,45091876.26
104814,3553456.57,34497617.01
104815,3213.95,56235.31
104816,2021274.59,21064353.75
104817,15153181.76,14550902.07
104818,19278494.89,169154018.54
104819,103015561.52,247575793.93
104820,87225710.14,147566489.31
104821,134720400.24,71520392.17
104822,2855234.34,2381411.04
104823,120684147.25,149854578.92
104901,589228199.52,202378149.3
104902,71770310.53,31195398.59
104903,51547609.97,48890320.77
104904,133026.25,2266246.17
104905,3514082.97,2551482.6
104906,367555.05,1343938.67
104907,11903425.12,15340005.66
104908,10125794.19,20437571.09
104909,26831280.22,24841168.75
104910,34068530.85,15859359.72
104911,67170354.59,91298121.5
115001,202147.0,187795.5
115002,26647234.84,79298868.31
115003,2893584.97,4667619.15
115004,10514245.38,11364031.1
115005,2829515.77,61641311.46
115006,95447.26,179730.0
115007,62264765.48,275174685.4
115101,19241729.49,81925525.19
115102,12262846.36,6941594.05
115103,923791.76,550029.82
115105,19849447.75,53391213.84
115106,29849647.49,274874790.94
115107,40550066.5,207879956.64
115108,8498468.52,61068785.85
115109,2786379.19,12670336.18
115110,103443.77,64170.14
115111,16407298.61,112381910.37
115112,22835838.34,180489907.23
115113,249679.55,670758.62
115201,34368916.06,63542898.37
115202,6530147.72,4333251.41
115203,507788.64,583647.6
115204,7046506.77,7900554.96
115205,167435604.33,1309381945.35
115206,17828810.21,60023372.61
115207,1507047.2,18134556.29
115208,587094439.27,1193668553.69
115209,794766618.05,1007732649.93
115210,39433456.59,146129177.57
115211,25495208.8,33736853.31
115212,16719315.53,14552269.14
115301,716316.89,1362236.91
115302,1805.0,1583.0
115303,600770.57,746881.47
115304,80221.82,113668.09
115305,1443382.89,645708.25
115306,9784341.63,40498703.58
115307,250819.36,285156.85
115308,21238463.0,83263066.7
115309,96236080.07,243664035.88
115310,760418.57,715980.79
115311,21750303.79,34303257.63
115401,25003181.82,32275655.97
115402,73885598.99,997177723.87
115403,9782774.61,52267257.77
115404,5584225.79,22383980.22
115405,136782.07,258183.33
115406,340114.45,13134866.18
115407,387837951.05,2276412873.27
115408,37008266.68,287081575.58
115501,4454026.23,1830006.41
115502,17392949.16,27475005.75
115503,30482028.01,317860325.73
115504,2210053.83,3334911.27
115505,193880.43,440626.25
115506,1941816.68,6151838.05
115507,367236.24,540919.0
115508,49387195.08,78490317.88
115509,79374153.73,414160606.03
115510,17936621.56,70474815.86
115511,1622146.75,1342888.38
115512,52653192.1,188869422.48
115513,199108469.29,359340780.9
115514,22243097.28,34999655.89
115515,38696809.48,197334264.88
115516,84515945.67,234995909.4
115601,17406111.13,33386472.84
115602,1445665.69,23036615.77
115603,61109175.63,241191373.48
115604,7244768.29,6446400.57
115605,711456.84,3168730.35
115606,2782249.02,79793549.42
115607,22706413.32,31478570.44
115608,7743706.07,16431359.25
115609,8022698.99,1754271.16
115701,5835042.19,6859562.79
115702,4116997.55,24969805.56
115703,10561402.35,95286878.3
115704,34022.36,912289.07
115705,1901530.69,5726606.37
115801,179528165.18,333647075.45
115802,3533058.7,2850872.08
115803,487522.42,606208.29
115804,35128224.83,144051841.02
115805,482684.27,1395463.64
115806,80226111.03,138427731.89
115807,82928616.79,46102924.65
115808,6505715.88,10206905.88
115809,470566.35,1043882.04
115810,28355458.16,49367992.55
115811,4661420.43,3322428.42
115901,3162780.95,7563952.79
115902,9701147.57,9409428.01
115903,87540517.52,1003105404.06
115904,13771.38,142824.64
115905,152296.32,614405.42
115906,2504855.17,20564485.19
115907,3098188.39,25483566.25
115908,1332841.37,1145096.46
115909,90689.4,533761.26
115910,431679.94,2682970.62
115911,6769343.87,20424610.47
116001,69494218.29,185987896.92
116002,803197645.47,1734608668.76
116101,15006923.38,12717808.55
116102,38617070.44,14415746.24
116103,108899589.38,223246258.42
116104,320563696.11,444155463.83
116105,277067878.82,335902308.16
116106,292432784.92,46622330.06
116107,196861630.94,257916673.14
116108,418117250.46,514178879.97
116109,423995733.84,744595747.83
116110,2614101950.26,1822471746.4
116111,171913505.41,210193587.82
116112,119616266.98,167035173.89
116113,11511725.97,18111537.19
116114,121689970.68,107583843.43
116115,49274670.9,99430512.23
116116,65465367.55,68914416.23
116117,99210929.78,107398935.58
116201,410774601.38,301913682.17
116202,342369106.57,197163255.91
116203,1104873455.67,1368529997.68
116204,1682808863.66,1931792343.83
116205,943458357.7,523027603.44
116206,732868316.28,371633733.64
116207,56128690.43,52279873.17
116208,129501435.86,196053168.06
116209,72465402.4,94096400.17
116210,244809443.13,262699564.03
116211,248155066.94,460919237.23
116212,253156237.2,340602616.6
116213,5007577.32,13580959.77
116214,9750588.42,44550771.85
116215,8687349.38,50122997.96
116216,25543749.94,27215261.05
116217,108831015.74,365626860.05
116301,8249269.93,16353570.54
116302,152513946.53,240997596.75
116303,6410284.17,8216358.11
116304,8673355.48,13433702.9
116305,8259424.62,17623914.6
116306,31571695.57,56706436.31
116307,41881308.64,112463687.33
116308,400325.11,832353.0
116309,1978515.62,37998873.55
116310,1315766.4,8622592.57
126401,4911347.06,5369699.46
126402,357209845.43,273082756.26
126403,383404836.21,2938836807.26
126404,135821253.9,441269370.05
126405,46361665.38,47072486.32
126406,130050058.9,404712473.4
126501,433734.15,428339.24
126502,1604015.88,8896578.41
126503,1124510.99,970266.04
126504,6009590.58,8087275.54
126505,77903914.63,38789590.54
126506,16140909.83,20544433.38
126507,3153567.67,3125594.6
126601,116559023.27,95666907.84
126602,228626.92,471807.65
126603,12530226.98,56390508.19
126701,5250884.9,7213011.94
126702,174978519.77,133359836.04
126703,3435966.55,4987270.63
126704,20442122.66,29954322.35
136801,71105.23,447430.02
136802,16617485.11,396084286.59
136803,885423.17,1359304.04
136804,4900724.79,40177636.32
136805,5591029.89,39111718.53
136806,3071205.62,37941106.42
136807,331274.16,3038219.12
136808,218967.28,2876891.8
136809,4327153.07,23349813.81
136810,18647925.22,37109869.1
136811,1877000.92,6099598.43
136812,656158.63,1899884.28
136813,582738.88,2038820.52
136814,1926120.32,5195512.21
136815,3187420.36,21253875.91
136901,68578.91,1588062.9
136902,1252088.64,2691788.0
136903,1114921.61,4719429.76
136904,216746.75,6397253.53
136905,286170.15,500416.73
136906,79451.79,642006.58
136907,1348706.42,36307966.08
136908,5281692.83,195611468.39
136909,2126662.09,96942045.24
136910,5185921.03,66061370.75
136911,49479487.7,134301700.6
136912,28731228.15,69584494.34
136913,38068315.79,173070368.68
136914,5958141.84,16141043.21
137001,567952.16,231387.2
137002,2837494.85,17872926.87
137003,2045970.61,3387531.23
137004,945792.73,5600736.03
137005,8743263.34,64938885.72
137006,3166743.56,100802052.45
137007,4709078.62,42547037.05
137008,50374.53,7898180.88
137009,18156701.59,47576221.98
137010,4359718.35,39039402.05
137011,4176555.79,34729738.7
137012,4034716.81,2981188.55
137013,26242843.52,137358490.14
137014,2041784.15,17867793.97
137015,14595998.22,27139466.39
137016,3503013.38,12263773.1
137017,661095.49,4289322.64
137018,19310277.48,114989250.23
137019,12822583.9,116801703.3
137020,6924680.15,22367610.07
147101,106141692.61,186188448.13
147102,946017638.8,3088458984.08
147103,235245468.13,231377319.27
147104,12341567.32,19207994.18
147105,3728877.49,14911589.6
147106,6773778.77,25038353.45
147107,136733.0,256437.93
147108,188036300.62,4185526110.68
147109,13438.0,76884.34
147110,11139507.37,259659246.34
147111,39751.0,57061.26
147112,41934372.07,48776543.54
147113,1181281459.54,1219454190.62
147114,15360470.82,17603133.04
147115,2232645.13,15207731.86
147116,47892390.62,35572008.17
147117,129613296.49,148541377.94
147118,1109932.19,10152308.18
157201,43558.99,2242578.05
157202,17078185.9,14857285.93
157203,63533.05,46648.0
157204,104979242.72,60590784.32
157205,898053.63,2085646.09
157206,177823.11,8689732.96
157207,10594485.14,47283331.18
157208,19441600.31,107585367.89
157209,19203197.58,394873014.72
157210,21763134.08,602060851.62
157211,5246894.19,52163640.55
157212,2400553.82,37095450.36
157213,40259496.67,43633728.91
157214,4810833.98,106707399.77
157215,1359730.85,21910761.21
157216,6435514.57,70038223.41
157217,5139717.46,49878834.2
157218,363307.35,1544028.7
157219,21898443.41,995264946.41
157220,6637387.83,183451427.36
157221,56677.36,1346390.0
157222,4191045.18,51459487.17
157223,2256091.77,45515727.63
157224,33247.28,2194464.0
157225,10763071.43,164524778.15
157226,1638455.1,26542944.33
157227,878755.72,901812.34
157228,1276267.75,32765265.11
157229,752096.84,5477997.24
157301,2984184.44,13720751.37
157302,379668.72,14426510.43
157303,1190164.5,24217134.31
157304,8299412.91,8446084.27
157305,380352.17,1189487.03
157306,9093005.5,107720055.02
157307,11818351.11,73726060.98
157308,24407504.34,317699315.68
157309,1661972.58,4747869.85
157310,21834424.8,47434156.83
157311,31614154.77,8328007.4
157312,3352497.78,34982865.38
157313,97050.27,501680.72
157314,9999524.23,18799213.36
157315,24739183.88,39832794.61
157316,1365275.96,1089115.38
157317,4208914.62,14352525.16
157318,50301309.6,131918898.72
157319,10580488.22,14043141.46
157320,16896493.63,31476634.78
157321,19725233.9,73914476.74
157322,238543.95,938922.0
157323,140116178.64,183522418.86
157324,4803653.8,43210867.54
157325,5610484.02,30161145.57
157326,170305061.11,254679290.61
157401,49055.68,0.0
157402,7698840.15,8129467.13
157403,27160964.25,190733973.73
157404,58835318.86,269992128.23
157405,160584.91,391414.52
157406,580915.47,8137705.87
157407,12247680.31,147641155.2
157408,21406903.88,390080980.91
157409,24269878.73,270191724.42
157410,61974835.64,337733183.6
157411,9520592.43,119167695.92
157412,2330754.65,17042350.01
157413,2567729.49,11514683.18
157414,134665.52,168539.66
157415,6732705.18,11125279.98
157416,674114.77,2750988.44
157417,699901.79,403421.66
157418,7663876.94,15127163.19
157419,39855304.94,48175454.58
157501,25637538.33,26165553.0
157502,2334089.36,24087123.58
157503,3064923.05,25083221.0
157504,59849.39,3397181.33
157505,1072952.32,6913031.98
157506,495287.37,10322697.21
157507,125362.04,83217.74
157508,5051258.7,3744490.71
157601,44728379.41,282469604.86
157602,15447215.9,95503866.18
157603,203030.51,1195271.71
157604,24153938.05,69729491.72
157605,2274664.54,21451115.75
157606,70365209.15,224255018.78
157607,9871924.26,130629561.54
157608,777175.37,10081312.58
157609,470087.27,1465747.3
157610,14676116.84,191022040.66
157611,448316.36,2794650.51
157612,21772593.32,7550954.74
157613,107158.08,1713481.98
157614,1229419.77,1350468.7
157615,88234526.63,23027265.23
157616,23859232.55,79135897.04
157801,4425331.44,14007462.05
157802,391492.58,317660.0
157803,516408.14,51158.0
157804,834777.72,284949.69
157805,2256.0,23646.0
157806,2159628.94,805385.22
157901,20823964.53,125587975.83
157902,760532.5,5050735.8
157903,5898420.29,5534000.34
157904,768102.6,55721.87
157905,1225769.48,962578.0
157906,745097.54,157428.24
157907,11400704.14,16691812.52
158001,12768095.27,45189823.61
158002,17793.45,87272.15
158003,7170762.77,21407183.15
158004,180696.0,5129917.0
158005,121534.17,62847.08
158006,0.0,2600.0
158007,4223624.54,3035763.08
158101,2555977.72,6848315.11
158102,297652.68,987618.27
158103,778473.99,1881904.84
158104,4336701.47,771110.11
158105,33235854.84,60064359.68
158106,968361.0,906023.62
158107,585760.44,528327.6
158108,1846423.84,13603449.29
158109,219207.51,260259.26
158110,14886253.5,19688607.39
158111,278140.28,969879.02
158112,3907236.33,51794338.67
158113,19162.0,226283.0
158201,9761549.61,7685223.59
158202,4244728.24,26275511.95
158203,7903732.2,29246249.56
158204,5278250.76,10041288.67
158205,47331850.14,63135630.98
158206,3803593.84,4657849.36
158207,36586669.46,122929532.56
158208,8618611.57,31128906.19
158209,2207889.2,10078840.17
158210,7418831.16,9897756.93
158211,35542347.39,57510579.41
158212,50545001.01,28187002.57
158213,9310697.69,30000979.07
158214,16960490.37,35236889.89
158215,66523436.49,122859626.0
158301,71660247.52,171174901.25
158302,91886501.9,199483643.66
158303,2597267.78,9307524.73
158304,5040169.9,10698838.9
158305,38918547.14,71963739.1
158306,41842298.07,46585736.07
158307,600715.06,6535066.65
158308,87544207.42,113148327.24
158309,12798942.6,52215254.03
158310,4939073.49,9441390.39
158311,7313588.88,31899525.71
168401,270599.0,38999.0
168402,11709592.08,46764544.79
168403,496513.3,2916460.5
168404,506564.56,2250058.47
168405,725230.36,4708128.56
168406,1975767.74,10991059.32
168407,137251375.59,200332601.61
168408,6979433.11,65741363.44
168409,34910349.7,555714388.87
168410,41671.54,347592.42
168411,148900443.01,438510418.23
168412,5158748.67,37839061.51
168413,28768439.65,189227444.35
168414,263247547.51,1149867654.69
168415,82437434.7,1170398872.79
168416,2744242.92,17844057.71
168417,2585886.22,13616523.05
168418,26708986.19,295383575.03
168419,28939619.54,157794979.14
168420,1198858.96,12813338.89
168421,43362498.78,161938904.34
168422,32656213.32,158609758.48
168423,24391617.82,84375184.54
168424,23632427.79,83539983.32
168425,7029193.69,21811452.4
168426,25403036.65,140585809.89
168427,5447513.32,15102531.55
168428,29466455.89,377139033.54
168429,201040368.88,267049315.84
168430,20886325.19,64367110.71
168431,43723734.62,316984137.75
168432,1159829.56,2230052.69
168433,2455699.42,8974433.72
168434,2587978.91,2125583.28
168435,680221.26,710492.95
168436,172286.93,2286904.4
168437,468496.35,4112728.39
168438,15881775.17,52650335.79
168439,4502696.29,38202111.81
168440,2379041.09,20369107.06
168441,13570381.47,67477499.72
168442,14543200.33,72832045.58
168443,62098161.49,397867603.67
168444,1752947.67,2747523.69
168445,4700913.95,30652278.49
168446,4142391.57,12964391.48
168447,28752185.76,232684845.09
168448,55099971.06,135293337.52
168449,6274190.0,3802100.09
168450,9204633.84,88535752.47
168451,48423005.09,114098493.4
168452,116036322.89,368652623.11
168453,5667648.58,68763443.54
168454,4258757.43,21506932.53
168455,3089363.81,10225195.99
168456,5153959.03,62539549.55
168457,2538270.4,24997527.62
168458,8890900.55,34916390.98
168459,11440777.37,53494554.74
168460,7433295.06,47782929.98
168461,6794865.66,25424438.63
168462,39490011.53,121119622.0
168463,6176050.97,28539492.77
168464,4586449.7,37275705.54
168465,16933658.64,123080277.46
168466,21471826.86,130064851.07
168467,3712206.7,28704759.86
168468,5650170.91,11497473.47
168469,17751859.83,30967977.17
168470,187547049.13,214802283.44
168471,1017416536.96,5376284630.52
168472,41807928.26,252692733.69
168473,2657381883.01,4849975151.55
168474,11852325.27,56879937.5
168475,4887798.94,15268790.84
168476,3684532.77,13063945.34
168477,209229313.8,459120343.36
168478,10130890.33,92312529.25
168479,185816215.3,594698387.44
168480,141164371.74,296285657.47
168481,53139328.21,316788682.73
168482,37271125.48,250421569.6
168483,34934919.51,182776478.07
168484,6941373.57,24175083.96
168485,11359898.68,47705168.88
168501,224812125.72,839586453.02
168502,23356033.75,264017277.65
168503,45230793.93,357803566.11
168504,1216550118.65,2331855466.86
168505,47764106.14,159698546.4
168506,233066538.02,427562097.73
168507,210912339.86,628655763.57
168508,120253002.51,325175996.49
168509,122031891.54,303348389.55
168510,34323548.63,64614736.07
168511,23681670.03,65298946.73
168512,31861261.87,43405387.04
168513,99677121.18,210247968.41
168514,12944244.39,30768159.43
168515,62307203.83,166141613.32
168516,391002941.25,949695706.97
168517,872858473.12,2254109207.18
168518,426389968.9,1036085156.18
168519,162429491.8,479588886.1
168520,77035799.19,222891781.86
168521,202612546.93,1113243495.56
168522,466498315.84,1663208930.37
168523,146143502.26,458606052.16
168524,142198383.16,308500777.38
168525,201638093.65,3384561456.94
168526,25247154.79,158401828.77
168527,1009576436.47,2052150489.78
168528,159445572.65,1559469190.68
168529,617735090.72,1661837600.52
168530,4888766.24,66724394.67
168531,527463606.49,387450258.33
168532,230538193.76,1001671336.27
168533,120322988.17,400423636.12
168534,800415214.39,650453420.06
168535,29152169.7,75405764.85
168536,701028474.48,1456387351.87
168537,52313145.18,240313616.53
168538,64708713.4,349716745.15
168539,111885366.65,262658997.2
168540,92766817.56,1558512494.16
168541,1173229077.32,2651537333.95
168542,4580420931.21,11151913621.88
168543,235874292.24,378669000.01
168544,466316026.19,1354662168.08
168545,2358230.12,24712905.41
168546,7858388.72,13422679.51
168547,6742576.55,43385282.12
168548,41753368.5,76822982.94
178603,3647.0,212753469.71
178604,942999.0,4862539.8
178605,22251.05,35720876.0
178606,7066.95,191165.0
178607,3911116.43,39992606.41
178608,206966.84,12014578.05
178609,10276757.62,123483298.13
178701,6525661.27,41867911.4
178702,45836084.06,282948482.67
178703,370718076.01,2908349652.9
178704,19164581.23,210057445.49
178705,6746059.62,26402736.29
178706,38800128.51,58341603.4
178707,94908306.45,48686004.7
178708,105260865.08,612385304.3
178709,1464481.79,7184780.3
178710,1101.0,88529.0
178711,87647068.89,586394762.97
178712,26355089.99,151207162.42
178713,935555.03,2256571.72
178714,91800094.85,372654691.54
178715,27813864.23,82790168.66
178716,9593756.5,50698473.79
178801,53242.0,39891.0
178802,3788625.0,667891.04
178803,67231506.38,244605446.1
178804,1314461.14,3141146.55
178805,2755033.5,8904475.92
178901,12373051.33,452474306.07
178902,0.0,1880884.0
178903,14529339.48,38779201.86
178904,5385046.06,1731842.99
178905,13778678.4,1004541.0
178906,1362392.41,361159.42
178907,810806.89,2420128.85
178908,499451.79,2429.0
189001,46333928.33,304432582.7
189002,53466197.57,157753609.41
189003,248623075.12,170863316.73
189004,106048074.98,147422852.83
189005,23385133.87,58539719.19
189006,511204809.25,893477194.82
189007,9450182.12,10965945.4
189008,6149519.68,20649384.26
189009,462939552.69,602177030.29
189010,11950761.24,84566344.57
189011,11155088.39,38597455.65
189012,1456618.41,5231192.81
189013,146566574.61,406558872.61
189014,7971994.78,17514644.47
189015,14014730.05,35775724.66
189016,1803373.68,4822813.68
189017,24118531.07,33805295.85
189018,74620257.37,439049272.81
189019,41233664.64,124551970.98
189020,629071.4,2842742.86
189021,28886160.88,49147874.51
189022,12516884.91,117573123.72
189023,4939472.3,6255394.16
189024,3937094.32,74085637.5
189025,30609119.66,128668469.44
189026,17438853.31,68097693.38
189027,31380195.78,185067978.55
189028,3517621.25,26072014.18
189029,24170286.25,34785985.4
189030,65929981.38,386796146.23
189031,65063151.5,227738240.81
189032,65809451.42,181839377.17
189033,16227403.91,32320713.02
189101,133539292.42,442011495.57
189102,1625940137.54,1830830621.82
189103,25650511.83,8114840.31
189104,369701.05,247259.31
189105,142151671.71,113714299.03
189106,10709496.81,20708253.58
189107,18457463.14,31740607.23
189108,135038925.77,981892918.98
189109,17510360.39,23086563.52
189110,39494842.59,279074529.31
189111,178208444.17,131750076.09
189112,4610328.23,4246636.63
189113,257112540.74,150655343.08
189114,134837731.32,398583676.03
189201,2536372.21,13871566.53
189202,4010167.03,8742790.96
189203,27954.0,5425.0
189204,460958.65,944371.87
189205,672745.15,5466518.65
189206,1534222.91,1593765.28
189207,10458543.75,34940576.48
189208,11575003.69,6002601.7
189209,9174556.58,44297591.68
199301,89434.0,6974.0
199302,873682.59,779926.19
199303,684746.0,459595.3
199304,81422.0,88498.47
199305,359552.92,508054.21
199306,3862706.24,2179964.61
199307,27337.25,67775.19
209401,66256015.02,287173190.71
209402,1062184.29,10830009.35
209403,156628481.8,714779942.41
209404,37484192.8,98825830.89
209405,387377751.15,719226003.02
209406,1526740.66,16345137.34
209501,23693432.92,18249460.19
209502,226393220.93,118999007.78
209503,1064833573.83,1442944059.31
209504,388391225.23,1188580978.08
209505,173742412.59,121278005.43
209506,249069585.08,483735807.72
209507,37795502.94,64119922.89
209508,1256899.42,2736682.76
209601,5686357.53,6156128.18
209602,2519745.23,11586262.0
209603,54241715.29,95992855.28
209604,218227.68,354620.8
209605,60494922.34,17300917.69
209606,149305573.6,161289547.65
209607,121456208.29,218995775.68
209608,48859134.59,198478023.66
209609,24564353.05,29318583.53
209610,3140818.73,5207817.2
209611,3994307.48,7990272.43
209612,22457116.98,53171879.94
209613,54407605.64,102384535.45
209614,440927.46,698964.25
209615,32800512.76,74985056.29
209616,1075858.87,2900858.59
209617,14991412.34,49659792.71
209618,5212044.74,8712536.33
219701,34598962.31,42725228.72
219702,751816.62,718746.19
219703,5223142.39,4913574.18
219704,15043540.97,31631099.05
219705,4652632.63,34859595.36
219706,62810453.02,51759101.34
