010102,3567215.48,134916.62
010104,2833604.62,1664781.95
010105,125722.0,394737.04
010106,1392436.0,1441034.0
010201,0.0,32191.69
010202,0.0,87653.86
010203,0.0,6112.85
010204,8472.0,9810.98
010206,0.0,22352.26
010207,19782.85,23024.84
010210,3810.0,3525.0
010301,0.0,1451.0
010302,2646.0,29142.0
010303,625089.0,5551541.97
010304,0.0,57136.36
010305,14544.0,92039.04
010306,6273.49,875123.91
010307,0.0,10925.74
010401,0.0,36591.16
010402,147767.0,8651821.91
010403,0.0,12858.17
010404,0.0,135822.15
010405,5556.0,340482.02
010406,0.0,143264.72
010407,0.0,18838.4
010409,1046.0,59186.23
010410,0.0,20074.0
010504,0.0,40348.0
010506,1072.09,0.0
010507,5743.17,0.0
010508,0.0,1889.0
010511,2526.74,83496.73
020601,17358.0,15241.0
020602,0.0,2019.0
020603,65161.77,1518271.0
020604,1017815.0,0.0
020701,117922.47,501819.43
020702,6363669.45,6076271.82
020703,2925540.16,661454.88
020704,6697.43,2100.95
020706,0.0,2914.0
020708,1281011.75,3184.51
020709,578865.14,515867.2
020710,179010.14,9212.04
020711,2976.0,2810.0
020712,90057.0,18623.4
020713,2503000.73,1995942.68
020714,232748.95,7643.67
020801,57404885.62,6033831.57
020802,310360.0,33573.13
020803,214292.36,192400.42
020804,9254274.43,7376571.64
020805,0.0,113034.79
020806,1487.62,93400.44
020807,6839.96,7327.99
020808,0.0,210888.41
020809,0.0,4960.92
020810,0.0,34865.15
020811,0.0,3003.38
020812,84051.91,0.0
020813,265737.74,38689.79
020814,8082.22,0.0
020901,136697.66,58225.85
020902,3383.0,918562.85
020904,0.0,11990.75
020905,0.0,3221.0
020910,824413.08,3502678.43
021001,0.0,5618080.74
021005,906664.26,1353765.47
021006,217981.36,21459409.07
021007,32529.02,0.0
021008,638796.78,405313.6
021101,0.0,20787670.89
021102,195814.31,757405.6
021103,0.0,223366.66
021104,502343.44,55022.74
021105,0.0,3181.32
021106,0.0,52495.23
021107,143349.27,7584958.14
021108,0.0,131895.11
021202,219077.99,76156.13
021206,0.0,142761.64
021207,81388256.41,14021279.05
021208,0.0,4828585.75
021209,107904.0,798362.31
021211,1061282.7,728805.76
021212,2439552.07,0.0
021301,86558.92,252065.44
021302,68354.0,4261159.31
021401,0.0,4250.0
021404,2750151.91,0.0
031503,0.0,11130.0
031507,336506.0,392004.83
031508,0.0,308321.36
031509,0.0,46372.94
031510,1567.0,0.0
031511,0.0,864323.2
031512,443166.0,645142.73
031513,0.0,566450.68
031514,0.0,43759.48
031515,4440871.23,4198455.04
031516,228256.79,1028664.64
031517,3383.94,2100838.96
031518,0.0,113872.88
031519,0.0,3176151.56
031520,0.0,34907.17
031521,2662.0,3272.53
031522,0.0,96515.01
041601,0.0,83318.44
041602,0.0,178689.73
041604,1468.0,559329.97
041605,0.0,126612.57
041701,11010.68,995832.98
041702,0.0,670936.67
041703,0.0,22176.98
041704,3741.0,2629792.04
041805,0.0,2232.77
041806,0.0,376363.4
041901,1588.0,8147741.11
041902,0.0,6025712.3
041903,0.0,69373.48
041904,2622.0,1515616.07
041905,8639.0,3612307.5
042001,0.0,22767.65
042002,9015.1,1977301.17
042003,0.0,49182.77
042004,0.0,11762.39
042005,0.0,179812.35
042006,0.0,15265.37
042007,0.0,37837.72
042008,1042879.42,1172516.93
042009,13314.0,371598.99
042101,34171.0,10805152.17
042102,0.0,2223129.31
042103,0.0,556667.87
042104,548479.42,19841914.92
042105,0.0,1213119.44
042106,504910.24,13007772.01
042201,111005.97,113752.45
042202,1579391.79,7041258.52
042203,0.0,3383211.32
042204,0.0,1222758.31
042205,0.0,382171.28
042206,3265.0,243704.21
042207,228491.9,3384721.03
042208,854521.0,2833478.09
042209,3189.0,64839.18
042301,0.0,47042.47
042302,5340.06,49120.87
042304,0.0,77931.74
042306,1818952.6,111679.32
042308,0.0,2618.35
042309,0.0,2332676.36
042401,0.0,104662.26
042402,6571097.0,27213974.37
042403,0.0,40277349.24
052501,0.0,3449534.33
052503,0.0,46793.25
052505,0.0,39457.51
052506,0.0,3369.59
052507,0.0,248183.49
052508,120170.0,94375.33
052509,0.0,28787.0
052512,7693.31,190390.55
052513,0.0,42192.0
052515,0.0,115120.23
052516,0.0,5167.37
052517,0.0,64177.32
052518,1061915.81,0.0
052520,1283.37,2241300.66
052521,0.0,181901.0
052522,5276.0,3242113.03
052523,196728.29,49177947.3
052526,0.0,14711.22
052528,0.0,2274.0
052529,0.0,2467.64
052530,7177.61,435949.28
052602,16995558.35,0.0
052610,0.0,916429.0
052616,0.0,14869.0
052617,6195.33,207943.81
052621,0.0,8584.0
052701,0.0,7738.15
052706,0.0,13054.95
052707,0.0,434898.56
052709,0.0,1709.58
052710,61981.53,454538538.49
052711,0.0,26546665.68
052712,25404.41,86397.84
052713,0.0,4527960.92
052714,0.0,6327083.66
052715,0.0,162095.11
052716,0.0,5274474.0
062801,0.0,12904.7
062803,0.0,391080.05
062804,46977.93,156068.3
062805,0.0,259713.18
062806,60439.0,340337.25
062807,29616.55,1015803.44
062808,0.0,238261.78
062809,0.0,17272.09
062810,0.0,8007.0
062811,34546.0,55888.44
062812,0.0,4736.0
062813,0.0,7758.15
062814,0.0,25592.56
062815,79850.94,2501841.37
062817,0.0,83409.04
062818,0.0,9807.9
062819,0.0,10414.0
062820,0.0,13331.0
062821,0.0,48070.7
062823,0.0,5527.12
062824,0.0,54935.76
062825,0.0,27054.0
062826,0.0,1673.55
062827,6774.0,236945.6
062828,62057.0,579105.31
062829,0.0,1523.98
062830,0.0,83431.91
062831,0.0,21499.14
062832,0.0,21464.56
062833,50802.0,773386.52
062834,10962.71,600625.98
062835,0.0,10386.6
062836,13554.62,565349.33
062837,150728.51,16665275.35
062839,0.0,153546.46
062840,4030.02,63863.77
062841,0.0,1228.97
062842,0.0,7070.0
062843,0.0,60716.02
062844,0.0,15891.0
062847,0.0,377660.48
062849,0.0,228359.26
062851,0.0,4045.16
062901,87130.36,617176.49
062902,0.0,40088.36
062903,0.0,512111.84
062904,0.0,1250.0
062905,1046.0,122469.5
062906,1288.0,0.0
062907,0.0,6888.11
062908,0.0,1764.78
062909,0.0,14936.86
062910,1140.0,0.0
062911,0.0,16067.0
062912,0.0,6312.5
062914,0.0,185973.64
062915,0.0,103528.47
062916,0.0,40070.6
062917,0.0,23757.46
062918,0.0,162299.13
062919,0.0,1636.0
062921,0.0,5193.52
062922,0.0,2208300.39
062923,0.0,3630.33
062924,0.0,18086.0
062925,0.0,11913.55
062926,0.0,379568.0
062927,0.0,1072.97
062929,0.0,2786951.27
062930,0.0,828573.62
062931,0.0,1503.92
062932,0.0,13823.0
062933,0.0,108959.0
062934,0.0,16655.0
062936,0.0,150183.72
062939,0.0,10829.0
062940,0.0,3672.0
062941,0.0,33010.0
062942,0.0,30138.82
063001,0.0,1433.0
063002,4468.0,4604146.86
063003,0.0,161742.75
063004,632074.32,13828245.26
063005,11009.0,588937.74
063006,1391.0,1906018.8
063101,0.0,11975.85
063102,3698456.55,20214077.54
063103,0.0,154753.53
063104,194670.0,8068310.78
063105,353158.95,54380167.4
063202,0.0,158151.03
063203,0.0,27451.06
063204,0.0,314992.82
063205,0.0,1405.45
063206,0.0,316146.34
063207,0.0,92393.01
063208,53504.12,792245.4
063209,491430.16,1404250.23
063210,1532.0,205608.45
063212,0.0,104327.53
063213,0.0,17885.54
063214,16117.0,213423.36
063215,3993.87,162834.48
063301,0.0,50322.0
063302,0.0,5520996.08
063303,0.0,779468.36
063304,32289.0,602210.0
063305,1391.0,222910.2
063306,0.0,1133352.77
063307,0.0,240448.08
063401,33832.55,1917442.89
063402,2436.5,692961.39
063403,14123.21,423672.86
063404,0.0,10182.0
063405,0.0,177674.19
063406,0.0,132604.6
063407,0.0,1546.04
063503,0.0,4089.77
063505,0.0,43443.99
063506,43202.0,896045.44
063507,0.0,489187.38
063602,145001.0,14674685.43
063603,0.0,1416047.71
063604,0.0,132386.93
063605,0.0,565420.66
063606,0.0,4405.79
063701,0.0,447202.05
063702,0.0,22261.0
063703,0.0,38134.66
063704,0.0,9739.0
063705,0.0,7472.0
063706,0.0,4727.31
063707,0.0,282627.54
063801,0.0,1323.0
063802,6702.0,2147868.13
063806,0.0,4820.36
063807,0.0,8130.0
063808,1711599.01,10832533.91
063809,0.0,17597.53
063810,0.0,452561.13
063811,0.0,1468382.07
063812,0.0,137736.86
063813,0.0,71025.69
063814,0.0,332280.26
063815,0.0,19508.0
063816,0.0,196768.44
063818,0.0,3707.0
063819,0.0,259811.6
063820,0.0,638224.79
063821,0.0,66518.09
063822,16003.0,4442143.83
063823,2599.66,1296790.45
073901,4601.76,3360316.38
073902,27837.16,1945050.73
073903,1340.72,255209.37
073904,0.0,3476332.03
073905,0.0,191065.14
073906,0.0,1636920.75
073907,0.0,4657438.43
073909,0.0,155375.9
073910,6200.0,227342.33
073911,0.0,14740.48
073912,0.0,325608.61
073913,0.0,4956.2
073915,8150.0,48069.16
073916,0.0,182245.17
073917,83809.55,7782338.66
073918,0.0,86612.58
073919,0.0,1088609.43
073920,3812.0,3220044.06
073921,1137.0,927313.64
073922,0.0,77675.61
073923,737233.64,11442936.41
073924,16126.82,1531035.57
073925,3040.25,436225.73
073926,7031.0,2142105.75
074001,0.0,2143377.04
074002,0.0,479312.17
074004,13674.0,0.0
074005,0.0,19396.26
074006,0.0,97972.66
074008,0.0,122810.03
074009,0.0,349900.26
074010,0.0,730230.24
074011,63825.0,3493276.81
074012,18168.0,343804.49
074013,183290.0,323086.96
074014,0.0,509309.67
074015,0.0,579882.13
074016,3867.0,2242919.33
074017,0.0,784265.25
084101,61482.24,2593.0
084102,747546.53,0.0
084103,28450.0,0.0
084104,9538.0,0.0
084105,1706845.57,174443.0
084106,3587322.76,487015.0
084107,0.0,3228.0
084108,2717.0,0.0
084201,1041.0,7757.0
084202,22817.0,109626.77
084203,0.0,139758.55
084205,8084.0,15101.0
094401,0.0,16049.22
094403,26291.0,1005970.0
094404,0.0,1884.0
094405,0.0,2468.18
094407,0.0,973886.34
094408,0.0,17697.0
094409,0.0,1485.0
094410,0.0,35992.0
094411,0.0,110184.46
094412,0.0,484475.3
094413,0.0,804492.83
094414,0.0,16932.52
094415,0.0,73643.67
094417,0.0,19088.59
094418,2344.26,162382.75
094419,1384.47,12094.08
094420,133581.93,129431.45
094421,6211.02,336168.02
094503,0.0,2394.0
094504,0.0,4647.0
094601,4950.87,1434895.59
094602,66286.65,466693.65
104704,0.0,7630.23
104801,9528.98,1552359.67
104802,27845.0,1139305.96
104803,0.0,41666.66
104804,3264.0,206773.29
104805,0.0,23348.41
104806,0.0,4762.89
104808,0.0,2774257.13
104809,3825.0,420235.69
104810,1032.0,1304307.57
104811,0.0,1323676.46
104812,0.0,41019.59
104813,2938.0,1654349.44
104816,0.0,65244.52
104817,0.0,369557.66
104818,0.0,509676.82
104819,169133.0,1897543.38
104820,1931.0,869767.87
104821,15990.0,2162466.96
104822,0.0,78300.91
104823,12644.67,246513.95
104901,45155.12,1911274.41
104902,5566.0,67618.08
104903,0.0,55558.66
104905,3530.12,38446.08
104906,0.0,13913.0
104907,0.0,160038.68
104909,0.0,8811.75
104910,0.0,167497.03
104911,35513.0,977676.21
115007,0.0,18179.0
115105,0.0,1058.0
115106,0.0,114564.0
115108,0.0,1553.0
115109,0.0,16033.0
115110,0.0,1050.11
115111,0.0,4503.0
115112,0.0,7453.0
115201,507695081.71,465946.02
115202,3575952.61,70012.33
115203,499012.7,33699.98
115204,0.0,11853.3
115205,5980389.41,3146701.06
115207,52770.0,103327.0
115208,48464.0,1520664.71
115209,3485.0,79972.85
115210,0.0,10169.18
115211,105420.0,216064.0
115212,1698.0,291384.04
115301,3144.0,0.0
115305,0.0,27437.6
115308,0.0,31543.4
115309,0.0,6277.0
115310,0.0,5577.24
115401,0.0,33373.93
115402,0.0,1067074.61
115403,0.0,4348146.0
115406,0.0,482980.32
115407,5238.0,623235.8
115408,0.0,367709.0
115501,0.0,19749.29
115502,0.0,2099419.0
115505,6880.0,1884.29
115506,0.0,4928.17
115507,0.0,231625.0
115508,0.0,40676.73
115509,70775.0,0.0
115511,0.0,118473.0
115512,0.0,1453357.59
115513,22209.0,61772.5
115514,0.0,350594.4
115515,15280.0,1800927.22
115516,0.0,93246.0
115601,1708106.0,47808.7
115602,0.0,96448.0
115603,4731.0,241582.14
115606,0.0,10480.05
115607,0.0,165904.86
115608,0.0,30750.7
115609,0.0,31474.73
115701,0.0,125312.48
115702,0.0,24126.0
115703,0.0,23546.0
115704,0.0,18937.86
115705,0.0,109877.71
115801,0.0,6096.0
115802,0.0,5587.1
115804,0.0,12238.0
115806,0.0,179103.0
115807,0.0,7696.0
115808,0.0,174575.0
115809,0.0,7201.0
115810,0.0,107137.0
115811,0.0,15309.0
115901,0.0,11989.0
115902,0.0,101649.36
115903,0.0,179087.57
115907,0.0,64202.0
115908,0.0,1654.28
115909,0.0,8627.0
115910,0.0,47599.41
115911,0.0,198696.77
116002,1765.0,9662.0
116101,0.0,164357.0
116102,0.0,1296.0
116103,0.0,373270.0
116104,0.0,41666.0
116105,0.0,130454.13
116106,0.0,7462.0
116107,0.0,17688.0
116108,0.0,13840.0
116109,0.0,501078.6
116110,0.0,176319.0
116111,0.0,54039.19
116112,0.0,85710.83
116113,0.0,11290.0
116114,154637.0,391422.88
116115,0.0,121484.96
116116,0.0,28693.96
116117,1743.0,82451.75
116201,5917.0,65120.0
116202,0.0,18598.0
116203,3703.0,653394.08
116204,12891.0,79988.97
116205,112228.0,160033.01
116206,39330.0,228207.0
116207,0.0,79190.0
116208,0.0,5586.0
116209,0.0,91786.0
116210,0.0,418618.0
116211,1391.0,62909.76
116212,0.0,7029.0
116214,2783.0,277580.0
116215,3631.0,13211.0
116216,0.0,38608.94
116217,0.0,1052176.29
116301,34700.0,113985.0
116302,6989.39,78139.15
116303,3794.0,62407.25
116304,45609.54,4948851.91
116305,1067891.19,1042464.46
116306,37248.0,1289329.65
116307,89895.0,206876.52
116308,0.0,12105.0
116309,88485.17,6991876.97
116310,42775.4,66234.94
126401,39885.0,88780.68
126402,3218.0,1437277.81
126403,168937.0,778099.4
126404,0.0,82021.37
126405,4258.14,330708.32
126406,0.0,51207.82
126504,0.0,7355.0
126505,0.0,179538.82
126506,2766.0,278568.59
126507,0.0,30355.0
126601,0.0,312734.8
126602,0.0,2783.0
126603,0.0,20151.0
126702,0.0,27523.84
126703,0.0,8933.0
126704,0.0,158552.37
136801,0.0,2277.69
136802,3175.0,126296.66
136804,0.0,490288.56
136805,0.0,93662.81
136806,0.0,114795.79
136807,2279.0,743636.45
136808,0.0,41509.19
136809,0.0,48172.89
136810,12224.0,252800.73
136811,0.0,21213.9
136812,0.0,139823.0
136813,0.0,33001.95
136815,0.0,22519.11
136901,0.0,14868.0
136902,0.0,162182.84
136903,0.0,374383.81
136904,0.0,137675.0
136905,1280.53,37392.13
136907,18048.0,838655.39
136908,463682.34,1747278.0
136909,0.0,355071.83
136910,0.0,681668.3
136911,4239.0,137114.39
136912,5525.1,56448.71
136913,18753.44,13885.04
136914,1235.0,25260.3
137002,0.0,35089.35
137003,0.0,79248.44
137004,0.0,15456.67
137005,0.0,422887.24
137006,0.0,26861.0
137007,0.0,152751.94
137008,0.0,93732.54
137009,0.0,165605.07
137010,33728.05,3957622.26
137011,0.0,181119.34
137013,3137.25,354050.33
137016,0.0,56542.54
137017,0.0,425903.24
137018,0.0,9414.99
137019,0.0,32113.22
137020,0.0,43315.51
147101,0.0,1165.0
147106,1080.0,3149.84
147108,1960676829.33,24820244.89
147112,0.0,5590.0
147113,10079.0,76380.0
147114,0.0,65391.0
147115,0.0,19828.31
147116,0.0,14088.0
147117,36863.81,103334.2
157204,733146.2,603180.11
157207,0.0,12939.62
157208,139375.98,1367839.12
157209,0.0,5655167.33
157210,504821.72,5168765.5
157211,0.0,121300.14
157212,0.0,40919.3
157213,0.0,26979872.27
157214,3076716.33,9015462.74
157215,0.0,81443.45
157216,316644.74,1262553.63
157217,8426.78,415316.45
157218,0.0,7831.0
157219,0.0,116964.85
157220,0.0,282250.0
157222,0.0,80439.36
157223,0.0,19186.0
157225,0.0,412143.97
157226,0.0,90792.35
157227,0.0,145082.0
157228,106366.0,640141.42
157229,0.0,362024.66
157301,3829.0,979833.0
157302,0.0,438751.03
157303,0.0,8125681.89
157304,112664.0,960407.57
157305,0.0,402959.31
157306,32872.0,1859443.84
157307,0.0,579164.27
157308,44807.63,8798036.27
157309,0.0,1820416.58
157310,0.0,545560.84
157311,29715.92,1849152.19
157312,67044.3,412802.85
157313,0.0,83557.58
157314,10248.0,977686.13
157315,0.0,533551.7
157316,0.0,67484.91
157317,0.0,474425.42
157318,114411.31,1406640.82
157319,0.0,22955.0
157320,0.0,194281.65
157321,67756.0,723628.31
157322,4050.0,11518.0
157323,0.0,437309.09
157324,0.0,193505.34
157325,0.0,600455.82
157326,225379.52,19526117.46
157401,0.0,3260.7
157402,0.0,7808.2
157403,15511.0,22660.0
157404,379410.96,2427484.0
157406,1391.0,0.0
157407,0.0,36242.8
157408,0.0,22167.51
157409,3781.0,76352.96
157410,0.0,2575.0
157411,0.0,194726.73
157412,0.0,84689.38
157413,0.0,202796.38
157415,0.0,28906.22
157418,0.0,2783.0
157419,25554.0,119719.78
157505,0.0,4001.0
157507,0.0,12522.0
157508,0.0,80154.0
157601,0.0,55161.65
157602,0.0,2224.79
157604,57799.0,645994.64
157605,0.0,14886.0
157606,11058.29,1739618.89
157607,0.0,1289959.21
157608,0.0,52740.33
157609,0.0,149592.36
157610,81510.0,642745.23
157612,1391.0,986768.81
157613,2783.0,31776.09
157614,0.0,2449123.16
157615,1530.0,250013.11
157616,204298.0,375367.15
157801,0.0,11130.0
157802,2980.79,0.0
157804,0.0,11830.92
157806,0.0,33225.9
157903,0.0,38861.0
157904,64037.61,0.0
157905,0.0,75623.02
157907,0.0,454688.23
158001,0.0,8348.0
158101,0.0,5099.0
158109,0.0,11371.0
158112,0.0,1871.0
158201,0.0,337292.92
158202,0.0,84953.18
158203,0.0,102009.45
158204,0.0,251677.4
158205,290715.58,1201257.91
158206,0.0,276189.39
158207,64112.0,982517.43
158208,0.0,132927.83
158209,0.0,69318.54
158211,0.0,20668.0
158212,0.0,102077.0
158213,0.0,16397.5
158214,0.0,51727.52
158215,0.0,55829.82
158301,0.0,263105.29
158302,0.0,314347.64
158303,0.0,342249.19
158304,0.0,23834.16
158305,0.0,54385.91
158306,128188.0,125936.18
158307,0.0,127131.11
158308,0.0,62943.67
158309,9949.0,2098662.78
158310,0.0,141557.48
158311,0.0,428932.17
168402,0.0,303448.5
168403,0.0,3241.75
168404,0.0,713871.0
168405,0.0,156404.0
168406,0.0,55141.0
168407,2269873.0,4067560.12
168408,774812.72,14629704.21
168409,39646.0,1390355.98
168410,0.0,1847.0
168411,35302.0,4115979.0
168412,265118.0,1002650.36
168413,79953.0,1564860.03
168414,59991.0,726440.13
168415,16652.0,2133377.23
168416,0.0,81547.27
168417,1736.0,813242.3
168418,0.0,1876368.11
168419,1391.0,1462742.68
168420,0.0,26355.0
168421,4695.0,1738080.98
168422,17887.0,1746627.13
168423,4174.0,564401.8
168424,70663.86,1193003.93
168425,42474.0,466641.36
168426,7411537.27,890343.78
168427,16697.0,1861593.97
168428,5700.0,1933485.01
168429,1792287.0,3266216.75
168430,304631.25,5030748.96
168431,1000733.07,2414643.63
168432,0.0,197350.37
168433,0.0,43478.79
168434,0.0,7151.0
168436,11702.0,2215381.25
168437,9588.0,698123.07
168438,9200.8,898046.66
168439,1937.0,41174.0
168440,0.0,484548.55
168441,0.0,131270.08
168442,0.0,277614.08
168443,63931.0,1225294.4
168445,1270780.0,1015299.32
168446,0.0,349727.93
168447,0.0,572601.0
168448,0.0,415741.09
168450,0.0,124583.41
168451,2540.0,41501.0
168452,0.0,178749.08
168453,5080.0,4473.0
168454,0.0,4544.0
168455,0.0,606439.0
168456,0.0,19873.0
168457,0.0,2542.0
168458,0.0,77506.17
168459,1489.0,1110996.41
168460,0.0,22258.0
168461,0.0,140103.8
168462,14448.0,402062.63
168463,0.0,133798.0
168464,236691.0,127550.69
168465,7256.0,96988.68
168466,0.0,568202.22
168467,15115.0,408705.78
168468,13159.0,97439.67
168469,0.0,40474.0
168470,0.0,136315.21
168471,627214.77,7432424.91
168472,0.0,238822.57
168473,1527.0,1606970.9
168474,1548246.16,6516275.65
168475,0.0,8685.0
168476,0.0,117252.19
168477,0.0,727391.26
168478,0.0,1045846.69
168479,288092.0,3748829.75
168480,20233.0,136345.0
168481,81994.0,827279.73
168482,3003.0,1165923.25
168483,113594.89,1272999.78
168484,3009.0,319055.34
168485,0.0,519195.71
168501,158555.0,860599.26
168502,104623.0,9681963.97
168503,5566.0,763776.22
168504,82508.0,3235538.18
168505,0.0,298124.95
168506,92135.95,264883.53
168507,49618.23,3094995.28
168508,0.0,140613.03
168509,19448.0,511344.8
168510,0.0,4861.0
168511,7856.0,343531.6
168512,5578.0,362932.41
168513,4131.0,1776064.61
168514,0.0,352628.76
168515,43392.0,398025.71
168516,0.0,294416.82
168517,196488.1,5662091.48
168518,16452.0,109364.21
168519,0.0,188249.13
168521,13970.0,665698.31
168522,0.0,17728.86
168523,3150.0,400635.53
168524,0.0,1947370.62
168525,21511.0,2023202.08
168526,42117.0,743763.0
168527,0.0,986069.36
168528,1075.0,2982751.8
168529,50469.0,1026186.17
168530,78962.0,236922.06
168531,78179.0,466684.01
168532,0.0,271242.59
168533,0.0,113039.7
168534,0.0,14784.71
168535,31339.0,520246.52
168536,18280.0,1036032.78
168537,0.0,2993899.67
168538,39601.0,581985.33
168539,18112.0,121677.8
168540,0.0,27277.09
168541,5482.0,3589896.51
168542,55650.0,6711536.63
168543,20164.0,922937.62
168544,61722.0,2469741.04
168545,0.0,698566.07
168546,0.0,391139.79
168547,0.0,34465.0
168548,0.0,91389.98
178607,0.0,214771.32
178608,0.0,198181.0
178609,40024.0,997662.77
178701,340047.0,7505817.89
178702,0.0,9122112.24
178703,346539.45,6456106.44
178704,531146.0,7448199.18
178705,215478.0,3870054.87
178706,0.0,14323.0
178707,7132.0,124767.17
178708,15108.0,974845.18
178709,0.0,1468110.19
178711,2606305.03,8389004.37
178712,0.0,1305715.92
178713,0.0,14223.73
178714,118702.0,441806.93
178715,0.0,68489.33
178716,373503.0,4599533.98
178801,0.0,30000.0
178802,0.0,44298433.0
178803,3762545.0,3969092.89
178805,0.0,1172194.0
178903,0.0,5525.0
178907,0.0,93488.41
189001,19996.0,103292.0
189002,0.0,76953.57
189003,0.0,13428.0
189004,0.0,110098.23
189005,0.0,5179.0
189006,0.0,31466.0
189007,0.0,125466.13
189008,0.0,29803.0
189010,0.0,138784.0
189011,0.0,169190.47
189012,0.0,11941.0
189013,0.0,383831.63
189014,46601.26,777048.81
189015,199406.71,634642.11
189016,0.0,99700.18
189017,1560.0,526711.22
189018,12855.0,2814701.96
189019,0.0,1015628.48
189020,6957.0,92821.64
189021,34720.0,68698.0
189022,94057.0,2136864.67
189023,0.0,3031131.82
189024,0.0,301566.0
189025,3697.0,163116.35
189026,40794.0,519307.94
189027,49305.0,507319.74
189028,0.0,2133647.66
189029,0.0,109840.68
189030,32360.0,379570.49
189031,28156.0,2565124.48
189032,262113.0,230869.09
189033,0.0,51141.46
189102,0.0,8068.0
189103,0.0,11781.13
189104,4661.0,46458.0
189105,1391.0,42948.53
189106,0.0,55501.47
189107,0.0,6889.83
189114,0.0,2783.0
189201,15133.0,2661.0
189205,0.0,10260.0
189206,15973.87,0.0
189207,0.0,1261.0
189208,0.0,9358.0
189209,0.0,4839.0
199301,3185.0,47997.0
199302,2585.0,294584.34
199303,25897.0,592453.39
199304,0.0,76170.19
199306,23285.0,721670.56
209401,60829.0,352014.15
209402,0.0,236767.17
209403,752820.27,1603691.68
209404,67690.0,389187.63
209405,6578.0,1451362.96
209406,38957.18,1302799.13
209503,296397.97,556067.25
209504,54477.58,417796.79
209505,12571.0,104064.32
209506,1663.0,203566.77
209508,3646.0,3123.48
209602,0.0,1440.0
209603,0.0,155694.21
209604,2817.0,66112.5
209605,15804.0,36299.0
209606,0.0,7726.0
209607,0.0,2373.0
209608,19386.0,1472230.94
209609,0.0,558704.03
209610,0.0,220904.95
209611,0.0,14731.29
209612,0.0,73936.14
209613,0.0,47904.03
209614,0.0,4520.0
209615,0.0,17077.91
209616,0.0,91320.0
209617,1391.0,260890.81
209618,0.0,7716.0
219701,6937.78,35845.81
219703,221965.67,0.0
219705,102394.48,9255.0
219706,299548.0,0.0
