010101,0.0,3478.0
010105,0.0,98333.0
010106,0.0,17637.0
010201,0.0,58067.0
010202,0.0,152470.0
010203,0.0,64581.0
010204,0.0,160569.0
010206,0.0,17984.0
010207,0.0,1011302.0
010208,0.0,4028.0
010210,0.0,194989.0
010301,0.0,6846.0
010303,0.0,48000.0
010304,16158.0,40460.0
010305,0.0,169999.0
010306,24068.0,0.0
010307,5577.0,72806.0
010401,0.0,47316.0
010402,2287.5,1053533.5
010403,0.0,57925.0
010404,0.0,1445.0
010405,0.0,138833.0
010406,0.0,154967.0
010501,0.0,41841.0
010502,20678.0,0.0
010504,0.0,8361.0
020602,3076.58,8295.0
020603,3271.0,0.0
020701,0.0,42981.0
020702,8784.09,0.0
020703,24269.43,253491.57
020704,9902.63,0.0
020706,6091.92,0.0
020707,9503.47,0.0
020708,8126.06,0.0
020709,2291773.33,1663180.44
020710,2401.91,25400.0
020711,5795.23,3399.0
020712,0.0,119488.0
020713,0.0,55443.0
020714,452992.82,93190.14
020801,79116.04,35743.0
020802,0.0,3447.0
020803,4039794.96,22560.0
020804,436241.11,74832.05
020805,144659.81,63250.43
020806,0.0,44847.0
020807,23335.39,10913.0
020808,0.0,22756.0
020810,27008.64,6337.0
020811,2711.06,9998.0
020813,0.0,25586.0
020901,294556.2,66563.0
020904,11529.03,28440.0
020906,23873.62,1197.0
020907,2603.0,107863.0
020908,1829.0,0.0
020910,34347.76,27718.0
021004,0.0,3080.0
021005,0.0,267962.0
021006,22373.33,606999.0
021008,0.0,28059.0
021101,27485.5,1782160.0
021103,3394.03,40325.0
021104,0.0,53159.0
021106,5193.95,0.0
021107,0.0,76779.0
021209,5717.0,147885.0
021210,0.0,10806.0
021211,27849.21,3249.0
021212,1898.15,8665.0
021302,0.0,77919.0
021401,0.0,6650.0
031501,0.0,12999.0
031502,0.0,3415168.0
031505,0.0,7780.0
031507,0.0,529386.0
031508,0.0,2577.0
031509,0.0,10985.0
031511,0.0,86812.0
031513,0.0,825400.0
031516,0.0,20376.0
031517,0.0,614179.0
031520,0.0,5640.0
041601,26512.0,249599.0
041602,0.0,201239.0
041604,13302.44,419958.0
041605,0.0,164951.0
041701,29241.06,1232395.0
041702,0.0,12379.0
041703,0.0,1157.0
041704,0.0,189645.0
041801,693202.2,0.0
041804,96082.27,2493.0
041805,49591.34,0.0
041806,17774.14,137118.0
041901,0.0,436298.0
041902,0.0,83853.0
041904,111628.0,172212.0
041905,0.0,349478.0
042001,0.0,19756.0
042002,0.0,10378.0
042003,0.0,305170.0
042004,0.0,213287.0
042005,0.0,207436.0
042007,25671.42,21923.96
042008,0.0,128035.0
042009,70066.09,105593.6
042101,1503.0,135163.0
042102,1261.96,37335.0
042103,165630.02,19176.0
042104,0.0,32813.0
042105,0.0,139664.0
042106,1009144.0,308499.0
042201,45625.34,38936.0
042202,69325.75,255770.72
042203,51125.71,340866.0
042204,1038.49,239003.0
042205,0.0,6081.0
042206,12020.15,0.0
042207,0.0,23326.0
042208,547781.63,422988.79
042304,0.0,75883.0
042309,9412.42,165997.0
042401,63680.27,253490.0
042402,549215.0,50491.0
052505,1939654.88,1082857.69
052507,0.0,2970.0
052508,0.0,65355.0
052512,0.0,8960.0
052514,0.0,12500.0
052515,0.0,2099.0
052517,2599991.73,548837.37
052519,0.0,7500.0
052520,7625.48,3048.0
052521,0.0,7740.0
052523,65310.1,1156905.0
052525,0.0,18600.0
052530,159154.35,0.0
052707,0.0,26786.0
052710,11896831.11,17774216.0
052712,1046.55,13114.0
052713,0.0,711525.0
052714,0.0,753294.0
052715,22720.38,0.0
062815,0.0,311675.0
062817,0.0,2620.0
062819,0.0,19257.0
062821,0.0,18021.0
062823,0.0,10631.0
062827,0.0,3795.0
062828,0.0,17990.0
062833,0.0,4432.0
062834,0.0,8000.0
062836,0.0,32566.0
062839,0.0,59001.0
062840,0.0,46800.0
062847,0.0,1832.0
062849,0.0,19928.0
062901,0.0,1230.0
062902,0.0,3125.0
062903,4174.0,57213.0
062905,0.0,2601.0
062906,0.0,29600.0
062909,0.0,27657.0
062912,0.0,5186.0
062914,0.0,3016.0
062915,0.0,40266.0
062916,0.0,2941.0
062917,0.0,22871.0
062918,0.0,119574.0
062922,0.0,7920.0
062924,3067.0,370993.0
062925,0.0,5848.0
062926,0.0,2835.0
062928,0.0,4349.0
062930,0.0,4950.0
062931,0.0,44400.0
062932,0.0,495980.0
062933,0.0,534387.0
062934,0.0,100000.0
062935,0.0,3400.0
062936,81052.0,37149.0
062937,0.0,13184.0
062938,0.0,2655.0
062941,0.0,29665.0
062942,0.0,6477.0
063001,0.0,117305.0
063002,4069.0,558726.0
063003,34888.0,430131.0
063004,144860.0,269222.0
063005,81000.0,106211.0
063006,35980.0,201774.0
063101,0.0,87400.0
063102,20657.88,34634.0
063103,31484.27,0.0
063105,74852.99,823177.0
063204,0.0,9169.0
063205,0.0,18922.0
063206,34477.0,365900.0
063207,0.0,5578.0
063208,51137.0,107087.0
063209,213856.0,35248.0
063210,976814.0,878284.0
063211,0.0,4962.0
063212,0.0,91505.0
063213,0.0,96783.0
063214,43352.59,55326.0
063215,0.0,31998.0
063301,816641.0,3020.0
063302,1875.0,725513.0
063303,13384.0,175457.0
063304,1391.0,33726.0
063305,0.0,110685.0
063306,603803.81,512106.0
063307,46276.0,10741.0
063401,4222253.55,749275.17
063402,33711.98,139706.41
063403,0.0,45895.0
063404,0.0,3300.0
063405,0.0,3901.0
063406,0.0,54261.0
063407,0.0,1775.0
063504,0.0,6024.0
063506,3025.59,69741.0
063507,0.0,13401.0
063602,0.0,8330.0
063603,0.0,6395.0
063605,0.0,5643.0
063701,0.0,1739.0
063702,0.0,4440.0
063707,0.0,35459.0
063802,0.0,111088.0
063808,19838.0,551314.0
063809,0.0,25548.0
063810,0.0,433869.0
063811,0.0,19055.0
063814,0.0,24314.0
063815,0.0,3369.0
063816,0.0,2783.0
063819,0.0,2779.0
063822,19512.0,151215.0
063823,6645.28,425955.28
073901,0.0,47780.0
073902,0.0,130497.0
073904,0.0,474494.0
073906,13439.22,571239.0
073907,0.0,706456.0
073908,0.0,16157.0
073909,0.0,30541.0
073910,0.0,46785.0
073911,0.0,11504.0
073912,5388.0,14676.0
073913,0.0,21102.0
073915,14979.45,16694.0
073916,8729.83,27682.0
073917,154862.0,274351.0
073918,0.0,37332.0
073919,0.0,67541.0
073920,7222.39,1604229.0
073921,25178.53,135657.0
073922,0.0,18336.0
073923,97617.0,310485.0
073924,32048.0,241063.0
073925,0.0,278819.0
073926,1833764.78,454342.0
074001,0.0,678611.0
074002,0.0,24099.0
074006,0.0,28563.0
074007,0.0,2100.0
074008,4162.0,1391.0
074009,0.0,81841.0
074010,0.0,19126.0
074011,2944.3,549102.0
074012,0.0,114761.0
074013,0.0,92004.0
074014,0.0,11297.0
074015,0.0,532891.0
074016,11874.0,53860.0
074017,0.0,1146.0
084101,68904.49,0.0
084104,78585.0,99859.0
084107,0.0,21969.0
084201,0.0,2645.0
084202,123932.0,302051.0
084203,0.0,68533.0
084205,0.0,9997.0
084304,0.0,1278.0
094403,0.0,286469.0
094407,11334.75,1871390.0
094409,0.0,109377.0
094410,5275.82,0.0
094411,9583.63,16536.0
094412,0.0,155740.0
094415,0.0,8086.0
094418,0.0,184703.0
094419,0.0,3721.0
094420,1974.0,68458.0
094421,7336.03,42814.0
094503,0.0,144043.0
094601,4602.0,0.0
094602,1295.0,48993.0
104707,0.0,6364.0
104802,2783.17,303493.0
104803,0.0,188620.0
104804,0.0,11879.0
104805,0.0,76277.0
104808,0.0,3412.0
104810,133887.64,111194.0
104811,2033.0,474175.0
104816,0.0,18264.0
104817,0.0,11742.0
104818,1767.41,68746.0
104819,17380.68,538131.74
104820,0.0,61688.0
104821,6819.0,176723.0
104823,21196.45,63012.09
104901,14682.0,246486.0
104902,4483.0,6784.0
104903,0.0,3804.0
104905,0.0,8347.0
104907,0.0,230540.0
104908,0.0,4950.0
104909,0.0,4808.0
104910,0.0,10959.0
104911,45784.4,150024.0
115007,0.0,439358.0
115111,0.0,17708.0
115206,0.0,1008573.0
115208,2565.0,34715.0
115211,0.0,157558.0
115305,0.0,36596.0
115311,0.0,8188.0
115401,0.0,434761.0
115402,0.0,59502.0
115404,256640.0,36303.0
115407,0.0,205522.0
115501,0.0,236670.0
115503,0.0,7076.0
115508,0.0,13722.0
115509,0.0,39232.0
115512,0.0,26158.0
115513,0.0,12101.0
115514,0.0,11083.0
115515,0.0,154534.0
115601,0.0,54398.0
115603,0.0,142844.0
115607,3122.0,95507.0
115608,0.0,8100.0
115702,0.0,31679.0
115703,0.0,45122.0
115705,0.0,30695.0
115801,0.0,44178.0
115804,0.0,2310.0
115806,21439.0,52080.0
115807,0.0,46341.0
115808,0.0,181063.0
115809,0.0,10939.0
115810,0.0,40874.0
115901,0.0,54110.0
115903,0.0,183207.0
115904,0.0,1129.0
115906,0.0,27324.0
115907,0.0,13250.0
115909,0.0,29430.0
115911,0.0,4710.0
116001,0.0,1223.0
116002,0.0,682770.0
116103,0.0,49836.0
116104,2782.0,11054.0
116105,34531.0,21635.0
116106,14544.0,1111.0
116107,86654.0,3985.0
116108,0.0,4519.0
116109,47580.0,64807.0
116110,107415.0,7384.0
116111,0.0,21612.0
116113,0.0,8350.0
116114,3181.0,7625.0
116115,0.0,5388.0
116116,0.0,11975.0
116117,1391.0,11516.0
116201,9533.0,17977.0
116202,23364.0,12685.0
116203,48055.0,25938.0
116204,121018.0,86324.0
116205,24687.0,13814.0
116206,35071.0,5502.0
116207,0.0,2547.0
116208,0.0,1272.0
116209,0.0,42217.0
116210,0.0,35055.0
116211,211312.0,50924.0
116212,0.0,4776.0
116214,96008.0,0.0
116215,0.0,5732.0
116216,0.0,12774.0
116217,1014.0,27788.0
116301,0.0,1002.0
116302,22576.0,28094.0
116303,0.0,14409.0
116304,0.0,29530.0
116305,6805.46,0.0
116306,14156.0,5496.0
116307,21184.0,12955.0
116308,0.0,5574.0
116309,153722.52,7912.0
126401,0.0,25164.0
126402,131134.0,145998.0
126403,1145398.0,1100011.0
126404,47702.0,106173.0
126405,0.0,22089.0
126406,3561.0,220368.0
126504,0.0,7616.0
126505,8218.0,48024.0
126506,0.0,29046.0
126601,0.0,21129.0
126603,0.0,9025.0
126701,7035.0,0.0
126702,0.0,53103.0
126703,0.0,105789.0
126704,0.0,61901.0
136801,0.0,1344.0
136802,25890.14,39242.0
136803,0.0,23616.0
136804,0.0,5394.0
136805,0.0,14820.0
136806,0.0,16451.0
136807,0.0,225878.0
136809,0.0,12535.0
136810,0.0,508096.0
136811,0.0,29565.0
136812,0.0,2900.0
136813,0.0,5205.0
136815,0.0,3576.0
136902,0.0,2865.0
136904,0.0,98344.0
136905,0.0,3270.0
136906,0.0,11822.0
136907,0.0,36443.0
136908,2809.78,458694.0
136910,0.0,105939.0
136911,0.0,256683.0
136912,0.0,53255.0
136913,0.0,41308.0
136914,0.0,11853.0
137001,0.0,3544.0
137002,0.0,14578.0
137004,0.0,2584.0
137005,0.0,10855.0
137007,0.0,22978.0
137009,0.0,72442.0
137010,0.0,94322.0
137013,1355.86,35135.0
137016,0.0,18973.0
137017,1165.0,19697.0
137018,0.0,1944.0
137019,0.0,58157.0
137020,0.0,35516.0
147103,17639.24,0.0
147106,0.0,780000.0
147108,55427.0,0.0
147112,769000.0,0.0
147113,9028.0,74169.0
147115,0.0,10123.0
147116,0.0,19030.0
147117,0.0,43534.0
157202,2018947.79,0.0
157204,732018.85,13279.77
157205,0.0,22683.0
157210,0.0,1039010.0
157211,0.0,1891.0
157212,0.0,44372.0
157214,126566.32,778918.0
157216,0.0,37916.0
157217,0.0,258349.0
157218,0.0,14254.0
157219,7066.82,0.0
157220,0.0,313943.0
157222,0.0,28664.0
157226,5455.98,9969.0
157301,0.0,18381.0
157302,0.0,1716.0
157303,0.0,609299.0
157304,0.0,120109.0
157305,0.0,16475.0
157306,6606.63,412366.0
157307,1554.0,119166.0
157308,4004.17,746319.0
157309,0.0,18346.0
157310,0.0,57592.0
157311,29936.78,204309.0
157312,0.0,103720.0
157313,1875.41,53264.0
157314,212499.26,114829.0
157315,0.0,27841.0
157316,0.0,21685.0
157317,0.0,113945.0
157318,12451.0,105290.0
157319,0.0,11572.0
157320,0.0,6119.0
157321,41592.72,235858.0
157322,0.0,9450.0
157323,0.0,54948.0
157324,0.0,45349.0
157325,0.0,5323.0
157326,65274.78,299538.0
157404,280438.64,0.0
157408,0.0,52476.0
157409,9628.97,6365.0
157411,0.0,50648.0
157412,0.0,12726.0
157413,0.0,42430.0
157415,0.0,3895.0
157418,0.0,7267.0
157419,0.0,36529.0
157502,26532.0,0.0
157507,0.0,7605.0
157508,0.0,3800.0
157602,449890.92,0.0
157604,4174.0,36270.0
157605,0.0,6900.0
157606,60796.43,7884.0
157607,0.0,184837.0
157608,0.0,94655.0
157610,0.0,772714.0
157612,0.0,101762.0
157614,0.0,104644.0
157615,0.0,96383.0
157616,30861.0,76991.0
157802,100575.22,0.0
157806,0.0,7841.0
157907,0.0,33519.0
158101,1102.0,0.0
158102,0.0,3700.0
158112,0.0,7717.0
158201,0.0,29787.0
158202,0.0,10369.0
158203,0.0,45356.0
158204,0.0,36020.0
158205,0.0,22196.0
158206,0.0,8382.0
158207,0.0,40122.0
158208,5729.0,5888.0
158209,0.0,4797.0
158211,0.0,32796.0
158212,0.0,8056.0
158213,0.0,4208.0
158214,0.0,4224.0
158215,3148.0,56782.0
158301,15852.0,98539.0
158302,0.0,39414.0
158303,0.0,43649.0
158304,0.0,13059.0
158305,0.0,20911.0
158306,0.0,12931.0
158307,0.0,3046.0
158308,0.0,8610.0
158309,0.0,84604.0
158310,1071.0,43327.0
158311,0.0,29238.0
168405,4000.0,33156.0
168406,125559.0,0.0
168407,0.0,364964.0
168408,0.0,39874.0
168409,5075.0,392005.0
168410,0.0,89997.0
168411,0.0,6620.0
168412,7125.0,44943.0
168413,22443.0,268737.0
168414,5513.0,2008178.0
168415,23134.0,234450.0
168417,0.0,35419.0
168418,55385.0,1224953.0
168419,20511.0,58303.0
168420,0.0,3657.0
168421,59975.0,627720.0
168422,0.0,95386.0
168423,7475.0,12593.0
168424,20046.0,268750.0
168425,0.0,6217.0
168426,0.0,120300.0
168427,0.0,391511.0
168428,1439.0,612246.0
168429,5800.0,326633.0
168430,12700.0,345478.0
168431,81288.0,120568.0
168432,18022.0,92000.0
168433,0.0,13672.0
168435,0.0,4668.0
168436,0.0,86160.0
168437,0.0,92595.0
168438,9083.0,85635.0
168439,0.0,7692.0
168441,0.0,6995.0
168442,20551.0,9006.0
168443,29550.0,463556.0
168448,8228.0,22256.0
168450,0.0,307366.0
168451,0.0,132031.0
168452,0.0,21153.0
168453,0.0,8922.0
168455,0.0,19874.0
168456,0.0,16923.0
168458,0.0,4661.0
168459,0.0,6332.0
168460,0.0,12060.0
168462,2707.0,16698.0
168463,0.0,158413.0
168465,0.0,4200.0
168466,0.0,96418.0
168467,2600.0,165450.0
168468,0.0,44123.0
168470,0.0,9290.0
168471,22232.0,1067442.0
168472,1757.0,294897.0
168473,59548.0,129748.0
168474,0.0,254842.0
168475,0.0,5424.0
168476,0.0,25056.0
168477,56969.0,129560.0
168478,5172.0,17199.0
168479,50278.0,134169.0
168480,2934.0,4088.0
168481,60136.0,540368.0
168482,6536.0,21825.0
168483,18592.0,99364.0
168484,3553.0,9056.0
168485,150004.0,11290.0
168501,5551.0,193908.0
168502,0.0,206203.0
168503,2598.0,464172.0
168504,77335.0,61264.0
168505,1170.0,2800.0
168506,0.0,14649.0
168507,9802.35,1302694.0
168508,1296.0,17048.0
168509,0.0,39533.0
168510,0.0,7965.0
168511,7983.0,9295.0
168512,67583.0,24284.0
168513,0.0,33134.0
168514,0.0,14765.0
168515,0.0,3372.0
168516,25000.0,97404.0
168517,72772.0,1584630.0
168518,0.0,126266.0
168519,1460.0,47146.0
168521,0.0,256280.0
168522,0.0,5058.0
168523,1800.0,41117.0
168524,0.0,132444.0
168525,0.0,2798402.0
168526,0.0,16220.0
168527,0.0,20128.0
168528,0.0,926873.0
168529,64217.0,121513.0
168530,0.0,4548.0
168531,53813.0,11474.0
168532,5660.0,29409.0
168533,0.0,6931.0
168534,54491.0,15080.0
168535,3297.0,39375.0
168536,1289882.0,1691871.0
168537,20900.0,462533.0
168538,80231.0,47741.0
168539,0.0,21512.0
168540,0.0,2558.0
168541,38527.0,140561.0
168542,24201.0,73128.0
168543,45398.0,230868.0
168544,24565.0,560939.0
168545,0.0,24641.0
168546,0.0,690402.0
168547,1074.0,7733.0
168548,0.0,418993.0
178606,0.0,24894.0
178607,0.0,119387.0
178608,0.0,17035.0
178609,0.0,4645.0
178701,29629.89,661355.72
178702,0.0,285758.0
178703,225518.0,736889.0
178704,0.0,1114986.0
178705,0.0,53500.0
178707,0.0,8650.0
178708,447963.54,248258.54
178711,20370.0,301842.0
178712,0.0,243535.0
178713,0.0,9334.0
178714,0.0,275464.0
178715,0.0,3934.0
178716,22518.59,77305.0
178803,19408.0,69332.0
178805,0.0,10000.0
178902,7407.0,0.0
178903,274922.0,1109238.0
178905,0.0,10063.0
178907,47972.0,10963.0
178908,708309.2,2809.0
189001,24908.0,36210.0
189002,4136.0,10048.0
189003,0.0,39818.0
189004,0.0,61715.0
189006,0.0,4300.0
189010,0.0,3951.0
189011,80576.0,1515.0
189012,0.0,10558.0
189013,0.0,17388.0
189014,0.0,3883.0
189015,2934.0,10560.0
189016,0.0,227874.0
189017,2239.0,268191.0
189018,951576.0,746510.0
189019,0.0,22479.0
189020,0.0,92504.0
189021,23344.0,194089.0
189022,0.0,512908.0
189023,0.0,27193.0
189024,0.0,12247.0
189025,3096.0,32954.0
189026,6139.0,114720.0
189027,3205.0,158596.0
189028,0.0,294337.0
189029,0.0,4476.0
189030,4144.0,17017.0
189031,9478.0,163325.0
189032,17526.0,139625.0
189033,2486.0,25000.0
189101,0.0,34961.0
189102,0.0,64782.0
189105,0.0,7680.0
189113,0.0,1656.0
189205,0.0,13717.0
199302,0.0,32551.0
199303,0.0,26700.0
199306,0.0,9088.0
209401,2546.23,76708.0
209402,0.0,68719.0
209403,100099.13,280738.79
209404,0.0,28217.0
209405,160733.0,233361.0
209406,3534.0,399937.0
209503,22681.67,91137.0
209504,0.0,43230.0
209505,0.0,84900.0
209506,2313.0,153513.0
209507,0.0,7895.0
209508,0.0,4768.0
209602,0.0,1407.0
209603,110881.71,80030.71
209605,0.0,1300.0
209607,0.0,12566.0
209608,2541.0,14890.0
209609,1770.48,0.0
209610,0.0,4697.0
209611,0.0,8725.0
209612,0.0,3500.0
209613,0.0,4925.0
209614,0.0,37238.0
209615,0.0,142917.0
209616,0.0,34452.0
209617,0.0,9753.0
209618,0.0,15640.0
219701,15499.0,52102.0
219702,0.0,2743.0
219703,0.0,7000.0
219704,3508.0,0.0
219706,0.0,30609.0
