010105,0.0,425889.0
010201,0.0,20328.0
010202,0.0,429143.0
010204,0.0,97223.0
010206,0.0,63352.0
010207,0.0,313880.0
010302,0.0,7410.0
010303,22229.14,60287.0
010304,0.0,28272.0
010305,0.0,238962.0
010306,0.0,14957.0
010401,0.0,52249.0
010402,0.0,302638.0
010403,0.0,207422.0
010404,30261.23,0.0
010405,0.0,922039.0
010406,0.0,560233.0
010407,0.0,683206.0
010504,5480.0,0.0
010511,0.0,64951.0
020601,0.0,1244.0
020602,1000.0,4765630.0
020603,3648.0,344793.0
020604,0.0,86945.0
020701,0.0,1995570.0
020702,69720.86,0.0
020703,1706827.03,107055.0
020704,12092.94,1645.0
020706,22581.51,0.0
020707,556990.85,54141.0
020708,0.0,1596.0
020709,203715.44,4107.0
020710,0.0,41603.0
020711,0.0,261287.0
020713,0.0,22155.0
020801,0.0,2580.0
020802,0.0,486757.0
020803,0.0,111741.0
020804,1044.3,539513.0
020805,3669.06,631464.0
020806,1100752.26,0.0
020807,123154.7,4729.0
020808,149869.54,6632397.0
020809,21209.34,2370.0
020810,0.0,168934.0
020813,0.0,131837.0
020901,5878.69,13498.0
020902,0.0,6803801.0
020904,0.0,65337.0
020909,0.0,13213.0
020910,0.0,6340.0
021005,0.0,127392.0
021006,0.0,28584.0
021101,0.0,824065.0
021102,0.0,13411.0
021103,0.0,5039.0
021104,0.0,29388.0
021105,0.0,1710.0
021107,0.0,637707.0
021108,0.0,111500.0
021201,0.0,2590.0
021202,0.0,8816.0
021208,0.0,40990.0
021209,0.0,465171.0
021210,0.0,50280.0
021211,1544949.16,0.0
021301,0.0,7000.0
021302,3781749.0,41730.0
021404,1791600.62,57626.0
031502,0.0,634606.0
031507,0.0,989802.0
031509,0.0,36695.0
031511,0.0,40253.0
031512,0.0,1497420.0
031513,0.0,83380.0
031515,0.0,229197.0
031516,0.0,1188280.0
031517,118180.31,537632.0
031519,550362.68,0.0
031522,120358.34,0.0
041601,0.0,416091.0
041602,0.0,2739398.0
041604,95000.0,499967.0
041605,0.0,1764.0
041701,0.0,15119253.0
041702,0.0,158814.0
041703,0.0,40907.0
041704,104499.0,3667710.0
041805,0.0,33657.0
041806,0.0,4081827.0
041901,0.0,447714.0
041902,0.0,1256357.0
041904,0.0,139355.0
041905,0.0,3266112.0
042001,0.0,105094.0
042002,0.0,572076.0
042003,0.0,5000.0
042004,0.0,29449.0
042005,5748.87,574515.0
042006,0.0,3027.0
042007,0.0,138050.0
042008,54963.81,97075.0
042009,0.0,691849.0
042101,0.0,5168960.0
042102,0.0,1585358.0
042103,0.0,1414534.0
042104,0.0,581719.0
042105,0.0,233725.0
042106,0.0,1939901.0
042201,0.0,243491.0
042202,0.0,1496161.0
042203,0.0,4177603.0
042204,13000.0,889841.0
042205,0.0,19992.0
042206,0.0,28575.0
042208,324214.0,287338.0
042209,0.0,132896.0
042301,0.0,23752.0
042303,31277.06,0.0
042304,0.0,107678.0
042306,51639.37,0.0
042309,0.0,74810.0
042401,0.0,14028.0
042402,0.0,13907282.0
052501,753613.38,40115.0
052503,36367.73,234503.0
052504,0.0,56323.0
052505,0.0,188974.0
052508,3001.03,33479.0
052510,0.0,512160.0
052511,0.0,4060780.0
052512,0.0,15851.0
052513,2287.62,29848.0
052514,0.0,11482.0
052515,0.0,121905.0
052516,0.0,9459.0
052517,468139.02,10765.0
052520,0.0,12228.0
052522,0.0,63246.0
052523,138382.49,3164854.0
052524,0.0,345163.0
052529,7730.6,0.0
052530,80243.65,13279.0
052601,0.0,349411.0
052617,6330.85,29045.0
052701,0.0,13578.0
052702,0.0,26686.0
052707,0.0,52298.0
052709,189010849.9,0.0
052710,612673411.82,5563029.0
052711,3117275079.17,0.0
052712,0.0,42958.0
052713,21358902.47,366817.0
052714,0.0,2269.0
052715,0.0,9233.0
052716,18207747.0,0.0
062801,4141022.0,0.0
062803,1196033.15,0.0
062804,323483.0,19732.0
062806,0.0,19754.0
062807,0.0,6594.0
062811,0.0,39793.0
062813,17043.71,0.0
062814,639773.54,0.0
062815,0.0,1206827.0
062817,0.0,39797.0
062821,0.0,1020310.0
062827,108824.0,245822.0
062830,0.0,8672.0
062832,0.0,7070.0
062833,804626.99,264565.0
062835,0.0,65214.0
062836,1187.88,512000.0
062839,0.0,48503.0
062841,0.0,41192.0
062844,0.0,439015.0
062849,0.0,516981.0
062851,0.0,12000.0
062901,0.0,57510.0
062902,0.0,67426.0
062903,0.0,71983.0
062904,0.0,65914.0
062905,0.0,2108244.0
062909,0.0,1871363.0
062910,0.0,34719.0
062912,0.0,4119.0
062915,0.0,44929.0
062916,0.0,8470.0
062917,0.0,12408.0
062918,0.0,25976.0
062922,0.0,1449319.0
062923,0.0,28604.0
062924,0.0,40078.0
062929,0.0,51749.0
062931,0.0,115200.0
062933,0.0,6113.0
062934,0.0,61275.0
062935,0.0,2131.0
062936,0.0,130463.0
062939,0.0,13000.0
062941,0.0,79135.0
062942,0.0,8184.0
063002,0.0,797705.0
063003,0.0,70512.0
063004,0.0,5467375.0
063005,0.0,6919.0
063006,0.0,70999.0
063104,0.0,607199.0
063105,18845.99,0.0
063202,0.0,81332.0
063203,0.0,2387.0
063204,0.0,1229620.0
063205,0.0,30108.0
063206,24858.71,0.0
063207,0.0,14331.0
063208,0.0,14411076.0
063209,0.0,1615321.0
063210,0.0,189679.0
063211,0.0,98473.0
063212,0.0,5000.0
063213,0.0,6369.0
063214,19969.57,1840418.0
063215,0.0,53266.0
063301,0.0,3312.0
063302,0.0,749517.0
063303,0.0,432793.0
063304,0.0,2951832.0
063305,0.0,3579236.0
063306,0.0,302983.0
063307,0.0,1223080.0
063401,0.0,1927019.0
063402,0.0,5288341.0
063403,0.0,362587.0
063404,0.0,1000.0
063405,0.0,102013.0
063406,0.0,7023.0
063407,0.0,3134.0
063502,0.0,1000.0
063504,0.0,1587.0
063505,0.0,743545.0
063506,0.0,4500148.0
063507,0.0,67399.0
063602,0.0,92031.0
063603,0.0,52021.0
063604,0.0,4975.0
063605,0.0,659160.0
063701,0.0,152722.0
063702,0.0,223261.0
063703,0.0,2350.0
063707,0.0,329365.0
063801,0.0,7462.0
063802,0.0,20698.0
063804,0.0,1066107.0
063806,21794.17,170000.0
063808,0.0,2985830.0
063809,0.0,142949.0
063810,0.0,4626.0
063811,25091.0,4684744.0
063814,0.0,465348.0
063815,0.0,3847674.0
063819,0.0,609629.0
063820,0.0,373453.0
063821,0.0,10084.0
063822,0.0,229862.0
063823,92730.0,2980337.0
073901,0.0,1132859.0
073902,61033057.6,30744.0
073904,0.0,73354.0
073905,0.0,536021.0
073906,0.0,372905.0
073907,0.0,713677.0
073909,0.0,905675.0
073910,0.0,232566.0
073911,0.0,105744.0
073912,0.0,1101149.0
073913,0.0,177844.0
073914,0.0,1000.0
073916,0.0,52841.0
073917,0.0,2458515.0
073918,7794.0,1239567.0
073919,15289.0,1024650.0
073920,580836.7,4153196.0
073921,0.0,620072.0
073922,0.0,41329.0
073923,204904.34,6751331.0
073924,1266.0,2422760.0
073925,2842.0,243074.0
073926,12115.0,2340785.0
074002,0.0,333303.0
074005,0.0,83000.0
074007,0.0,15958.0
074008,0.0,12640.0
074009,0.0,1050405.0
074010,0.0,682226.0
074011,1000.0,18950912.0
074012,0.0,657565.0
074013,0.0,405469.0
074014,0.0,18510.0
074015,0.0,55180.0
074016,0.0,2365961.0
074017,0.0,102244.0
084101,1420882.36,0.0
084102,231634.07,0.0
084104,0.0,1000.0
084201,1384.0,3339.0
084202,1244.0,333354.0
084203,0.0,36060.0
084204,0.0,5333.0
084205,0.0,87646.0
084304,0.0,8675.0
094401,0.0,8297.0
094403,0.0,13972.0
094406,0.0,254746.0
094407,10168.81,4077349.0
094409,0.0,5139.0
094410,0.0,587992.0
094411,0.0,1613603.0
094412,0.0,451716.0
094413,0.0,3814.0
094415,0.0,2400.0
094417,0.0,1120.0
094418,0.0,630372.0
094419,0.0,15103.0
094420,0.0,34000.0
094421,0.0,2769906.0
094501,0.0,2046.0
094503,0.0,2000.0
094504,0.0,9952.0
104703,0.0,40497.0
104707,0.0,8577.0
104801,0.0,58796.0
104802,0.0,107014.0
104803,0.0,66220.0
104804,0.0,132280.0
104805,0.0,174144.0
104808,0.0,1706.0
104809,0.0,1407.0
104810,1886.06,242857.0
104811,0.0,328230.0
104812,0.0,4370.0
104814,0.0,312097.0
104816,0.0,2253.0
104817,0.0,33492.0
104818,0.0,400236.0
104819,0.0,144795.0
104820,0.0,702445.0
104821,1339.0,359216.0
104823,0.0,156105.0
104901,9778.0,101890.0
104903,0.0,11409.0
104906,0.0,319926.0
104907,0.0,5087292.0
104908,0.0,23878.0
104910,0.0,4955.0
104911,66717.0,4091691.0
115002,248014.0,0.0
115003,203860.0,0.0
115007,0.0,35103.0
115101,3974980.58,0.0
115102,957925.43,0.0
115105,44004.0,0.0
115107,0.0,71766.0
115109,0.0,5586128.0
115111,0.0,26231.0
115112,0.0,202606.0
115201,85449901.02,707233.0
115202,1428991.81,0.0
115203,225047.0,0.0
115205,72449743.64,4771.0
115206,41406.0,0.0
115207,29700.0,0.0
115208,22050460.0,337895.0
115209,17011603.0,357953.0
115210,0.0,1000.0
115211,50121.0,55920.0
115212,0.0,41284.0
115309,0.0,105333.0
115310,0.0,25527.0
115401,0.0,5000.0
115402,0.0,295396.0
115406,0.0,307701.0
115407,5126.0,1129296.0
115408,0.0,103591.0
115504,0.0,9000.0
115505,0.0,11204.0
115508,0.0,5000.0
115509,0.0,20792.0
115510,0.0,32944.0
115511,0.0,82552.0
115512,0.0,479404.0
115513,0.0,132872.0
115514,0.0,233492.0
115515,0.0,119992.0
115516,0.0,362730.0
115601,757932.0,13386.0
115602,0.0,102873.0
115603,82491.0,81984.0
115604,2089.0,33017.0
115606,2237.0,0.0
115607,0.0,791187.0
115608,0.0,2805.0
115609,0.0,4765.0
115701,4459845.0,240920.0
115702,78266.0,7622630.0
115703,1361.0,416586.0
115704,0.0,19691.0
115705,47202.0,47603.0
115801,0.0,125201.0
115802,1746955.0,1655.0
115804,0.0,1586351.0
115806,0.0,6941.0
115807,2097.0,810630.0
115808,0.0,3305.0
115810,0.0,141357.0
115901,0.0,3038.0
115903,2287.0,20000.0
115904,0.0,177794.0
115907,0.0,5708.0
115909,0.0,4078.0
115910,0.0,5946.0
115911,0.0,162730.0
116001,82657.0,0.0
116002,4792821.0,78799.0
116101,45060.0,4487.0
116102,960162.0,6219.0
116103,384439.0,3490203.0
116104,13380486.0,185432.0
116105,168814.0,9400.0
116106,81446.0,3210.0
116107,40293.0,0.0
116108,4161.0,6759.0
116109,12645720.0,82756.0
116110,6165332.0,29042.0
116111,9959.0,37351.0
116112,3841.0,233230.0
116114,75784.0,17900.0
116115,262820.0,302990.0
116116,0.0,1449.0
116117,0.0,31564.0
116201,0.0,194731.0
116202,0.0,31093.0
116203,6076385.0,1533138.0
116204,6853469.0,424869.0
116205,10702.0,337158.0
116206,0.0,39113.0
116207,160175.0,7050.0
116208,168326.0,20420.0
116209,11574.0,4969.0
116210,0.0,2595.0
116211,145098.0,147328.0
116212,1000.0,26593.0
116214,0.0,652924.0
116216,218093.0,0.0
116217,0.0,10717.0
116301,4314.0,82693.0
116302,32379143.0,214576.0
116303,1137420.0,314504.0
116304,282378.0,1395.0
116305,0.0,2471459.0
116306,0.0,177077.0
116307,1632.0,15191.0
116309,0.0,47517.0
116310,261757.54,6642.0
126401,1000.0,4294163.0
126402,0.0,384893.0
126403,10134.0,230556.0
126404,0.0,686798.0
126405,55916.0,1271665.0
126406,0.0,204917.0
126503,0.0,1603.0
126504,0.0,1906.0
126505,0.0,67596.0
126506,0.0,12984.0
126601,0.0,46658.0
126702,0.0,20396.0
136802,0.0,2361909.0
136804,0.0,50860.0
136805,0.0,16999.0
136806,19418.55,594421.0
136807,0.0,720406.0
136808,0.0,26416.0
136809,1254.32,389941.0
136810,0.0,98136.0
136811,0.0,1750513.0
136812,0.0,10557.0
136813,0.0,79311.0
136814,0.0,184216.0
136815,0.0,2000.0
136902,0.0,112093.0
136903,0.0,6000.0
136904,0.0,1893.0
136905,0.0,4550.0
136907,0.0,43205.0
136908,0.0,1926754.0
136909,0.0,2359.0
136910,0.0,111790.0
136911,0.0,1775973.0
136912,1003.36,70948.0
136913,0.0,20819.0
136914,0.0,23330.0
137002,0.0,909184.0
137003,2641.95,56693.0
137004,0.0,35997.0
137005,0.0,54960.0
137007,0.0,259370.0
137009,0.0,136972.0
137010,0.0,650773.0
137011,0.0,12434.0
137013,13824.19,8287825.0
137014,0.0,4865.0
137017,23203.0,258485.0
137019,0.0,1046253.0
147104,0.0,13680.0
147112,63001.0,0.0
147113,0.0,379939.0
147114,0.0,109022.0
147115,0.0,152731.0
147117,2280.0,2864.0
147118,0.0,1202379.0
157203,0.0,28994.0
157204,2939185.29,1204.0
157205,0.0,6000.0
157207,14956.55,0.0
157208,0.0,1367012.0
157209,0.0,115908.0
157210,21099.46,1786006.0
157211,0.0,56420.0
157212,0.0,388559.0
157213,0.0,275453.0
157214,0.0,4279600.0
157215,0.0,511600.0
157216,470638.93,1357393.0
157217,0.0,1457596.0
157219,0.0,7432.0
157222,0.0,93631.0
157223,0.0,4000.0
157225,0.0,5217.0
157228,0.0,3964819.0
157229,0.0,31801.0
157301,0.0,185609.0
157302,0.0,17362130.0
157303,0.0,109491.0
157304,1158704.86,61700064.0
157305,0.0,14258625.0
157306,0.0,8972705.0
157307,141482.0,2830845.0
157308,25622.0,4685110.0
157309,53300.0,997420.0
157310,21548.0,716428.0
157311,3536.0,1056206.0
157312,9649.4,2551361.0
157313,0.0,624829.0
157314,0.0,171708.0
157315,0.0,5717160.0
157317,0.0,588085.0
157318,0.0,2359736.0
157319,0.0,34432.0
157320,0.0,48275.0
157321,2688.0,615440.0
157322,0.0,1001912.0
157323,1550.0,851999.0
157324,0.0,255350.0
157325,0.0,72755.0
157326,18254.0,3265549.0
157404,393911.19,0.0
157407,0.0,5611.0
157408,0.0,241075.0
157409,0.0,17464.0
157411,0.0,12165.0
157414,0.0,12742.0
157418,0.0,1920.0
157419,0.0,22201.0
157505,0.0,26100.0
157508,0.0,31464.0
157602,550701.88,0.0
157603,0.0,7524.0
157604,0.0,122064.0
157605,0.0,106715.0
157606,9534.0,181404.0
157607,0.0,418956.0
157608,0.0,6930.0
157610,0.0,157202.0
157611,7191.0,38554.0
157612,0.0,1000.0
157614,0.0,2001.0
157615,0.0,182903.0
157616,0.0,2107928.0
157803,0.0,3975.0
157806,4593.0,13318.0
157902,0.0,183000.0
157903,0.0,1400.0
157904,0.0,2622.0
157907,0.0,9416.0
158001,0.0,448000.0
158101,0.0,1000.0
158104,0.0,25361.0
158108,0.0,15172.0
158112,0.0,25159.0
158201,0.0,78037.0
158202,0.0,184598.0
158203,0.0,45827.0
158204,3960.0,149601.0
158205,1635.0,311634.0
158206,0.0,42380.0
158207,375681.0,4845071.0
158208,0.0,42442.0
158210,0.0,1004.0
158211,0.0,3002.0
158212,0.0,1160978.0
158213,0.0,10856.0
158214,0.0,18000.0
158215,0.0,17042.0
158301,1261.0,387912.0
158302,5173.0,1452174.0
158303,0.0,15523.0
158304,0.0,12907.0
158305,0.0,2555.0
158306,1323.0,45908.0
158307,0.0,24201.0
158308,7466.0,3472.0
158309,0.0,188286.0
158310,0.0,2312.0
158311,10049.0,1066407.0
168402,0.0,762951.0
168403,0.0,1061639.0
168404,0.0,10236.0
168405,0.0,296069.0
168406,0.0,10467362.0
168407,150000.0,1328413.0
168408,17420.0,1596604.0
168409,180474.0,4547683.0
168411,141284.0,3661401.0
168412,348156.0,1001826.0
168413,79590.0,14115016.0
168414,53742.0,13631010.0
168415,0.0,4476629.0
168416,5575.0,154391.0
168417,0.0,4713324.0
168418,13990.0,4935781.0
168419,171849.0,8079824.0
168420,0.0,76130.0
168421,9619.0,14060457.0
168422,38966.0,663468.0
168423,0.0,86881.0
168424,6047.0,2270018.0
168425,57091.0,232130.0
168426,0.0,787064.0
168427,16637.0,419191.0
168428,3733.0,5027181.0
168429,298295.0,17923687.0
168430,519047.0,14238574.0
168431,327259.0,22603783.0
168432,0.0,4325627.0
168433,0.0,168233.0
168434,0.0,138833.0
168436,0.0,26000.0
168437,0.0,1519.0
168438,5135.0,737431.0
168439,0.0,2529743.0
168441,0.0,193850.0
168442,0.0,4000.0
168443,0.0,110859.0
168445,0.0,1830996.0
168446,0.0,18831.0
168447,0.0,88793.0
168448,3140.0,2614981.0
168449,0.0,24307.0
168450,0.0,1860546.0
168451,0.0,299392.0
168452,0.0,72503.0
168456,0.0,15000.0
168458,0.0,75066.0
168459,0.0,474299.0
168460,0.0,36210.0
168461,3829.0,7122.0
168462,18000.0,72544.0
168463,0.0,6055.0
168465,22172.0,241707.0
168466,1000.0,63243.0
168467,0.0,32795.0
168468,0.0,45132.0
168469,0.0,1974.0
168470,0.0,203113.0
168471,157235.0,5384159.0
168472,0.0,1000.0
168473,12988.0,1417128.0
168474,231477.0,8649414.0
168477,0.0,8385906.0
168479,82506.0,5311320.0
168480,0.0,20361.0
168481,9002.0,21762533.0
168482,3864.0,461577.0
168483,4000.0,3559389.0
168484,0.0,322676.0
168485,3570.0,3370332.0
168501,11756.0,6829743.0
168502,11738.0,1655498.0
168503,0.0,560277.0
168504,149316.0,3333538.0
168505,0.0,27211.0
168506,0.0,248491.0
168507,0.0,2109319.0
168508,0.0,103120.0
168509,0.0,1194932.0
168510,0.0,12090.0
168511,4045.0,871316.0
168512,0.0,273172.0
168513,0.0,135892.0
168514,0.0,24263.0
168515,31615.0,1194889.0
168516,3147.0,2504554.0
168517,273211.0,11466892.0
168518,0.0,521539.0
168519,0.0,1087425.0
168520,0.0,1027189.0
168521,0.0,519257.0
168522,20179.0,16080.0
168523,0.0,1001205.0
168524,8710.0,3231734.0
168525,0.0,6090729.0
168526,106941.0,730454.0
168527,31091.0,930588.0
168528,19402.0,12874552.0
168529,3529.0,1442997.0
168530,0.0,3799.0
168531,48210.0,922352.0
168532,0.0,8533.0
168533,0.0,20329.0
168534,13000.0,23615.0
168535,0.0,936149.0
168536,4118.0,2028559.0
168537,0.0,3958199.0
168538,0.0,468609.0
168539,0.0,2564173.0
168540,0.0,4170.0
168541,2204.0,102821.0
168542,279774.0,111309.0
168543,0.0,2282854.0
168544,3706.0,10246513.0
168545,0.0,86282.0
168546,0.0,316348.0
168547,0.0,110082.0
168548,0.0,26360.0
178602,0.0,3626000.0
178605,0.0,14242344.0
178607,0.0,672411.0
178609,116040.5,247246.0
178701,16538.0,29754465.0
178702,0.0,2457624.0
178703,109042.0,75647637.0
178704,311781.0,27168672.0
178705,80663.0,11466695.0
178707,0.0,5021.0
178708,18233.0,11330481.0
178709,0.0,19203.0
178711,0.0,30981.0
178712,0.0,479131.0
178713,0.0,4000.0
178714,0.0,74148.0
178715,0.0,142590.0
178716,37500.0,1203685.0
178802,36143216.0,56784886.0
178803,3152360.0,2707273.0
178804,0.0,375000.0
178901,0.0,2730000.0
178903,0.0,378171.0
178905,0.0,267540000.0
178907,0.0,2487.0
189002,0.0,20008.0
189004,0.0,12764.0
189006,0.0,805921.0
189007,12458.0,16752.0
189008,0.0,1907.0
189009,0.0,131232.0
189010,0.0,93000.0
189011,0.0,433671.0
189012,0.0,1244.0
189014,563926.0,745843.0
189015,57406.0,5201919.0
189016,0.0,37871.0
189017,3075.0,13613.0
189018,2486.0,5467536.0
189019,1000.0,78076.0
189020,0.0,33179.0
189021,0.0,346529.0
189022,79706.0,5201985.0
189023,0.0,8000.0
189024,0.0,363487.0
189025,0.0,230888.0
189026,9951.0,1376851.0
189027,2578.0,2390375.0
189028,0.0,34533.0
189029,0.0,9784.0
189030,0.0,466632.0
189031,59081.0,1231306.0
189032,0.0,394062.0
189033,0.0,52823.0
189101,0.0,97896.0
189102,0.0,180808.0
189103,0.0,40395.0
189105,0.0,484018.0
189114,0.0,8000.0
189209,0.0,2000.0
199303,0.0,17000.0
199304,0.0,2000.0
199306,0.0,19000.0
209401,73836.0,1693063.0
209402,0.0,2388626.0
209403,6098.0,15391931.0
209404,0.0,181870.0
209405,0.0,2432657.0
209406,0.0,4146191.0
209501,0.0,75560.0
209502,0.0,13531.0
209503,0.0,169748.0
209504,0.0,1324820.0
209506,1369.0,101887.0
209508,0.0,467619.0
209602,0.0,20571.0
209603,0.0,228854.0
209606,0.0,55126.0
209607,0.0,11133.0
209608,0.0,39222.0
209609,0.0,6718.0
209610,0.0,167260.0
209612,1244.0,6221.0
209613,0.0,19845.0
209615,0.0,4477.0
209617,0.0,57253.0
209618,0.0,9000.0
219704,1000.0,3310.0
219706,53529.0,0.0
