010105,0.0,38000.0
010202,0.0,456697.0
010203,0.0,292476.0
010207,0.0,3361389.0
010208,0.0,176287.0
010302,0.0,18892.0
010303,123272.13,197007.0
010305,2037.0,416022.0
010306,0.0,54746.0
010307,0.0,15021.0
010401,0.0,128211.0
010402,16109.0,753616.0
010403,0.0,1490644.0
010404,0.0,42875.0
010405,0.0,1869276.0
010406,0.0,1487114.0
010407,0.0,32000.0
010409,0.0,90560.0
010504,274042.0,0.0
010511,0.0,326980.0
020601,0.0,1474.0
020602,0.0,4947.0
020603,0.0,16209.0
020604,0.0,50238.0
020701,0.0,30585.0
020702,4109.33,0.0
020703,21711.41,461704.0
020704,2485.21,0.0
020706,2139.82,0.0
020707,464724.38,0.0
020708,0.0,29238.0
020709,132408.13,0.0
020711,0.0,19270.0
020713,293187.37,593763.0
020801,0.0,113957.0
020802,0.0,14834.0
020804,3110.0,0.0
020805,0.0,19155.0
020806,812168.09,5352170.0
020807,131798.95,0.0
020808,226652.01,14550.0
020809,23155.48,0.0
020810,4644.11,1700.0
020813,0.0,1716.0
020901,0.0,20339.0
020902,0.0,4685245.0
020904,0.0,14533.0
020910,0.0,14740.0
021001,0.0,144419254.0
021004,0.0,94432.0
021005,0.0,231427.0
021006,0.0,785432.0
021008,0.0,133627.0
021101,1624180.23,8595969.0
021102,0.0,87097.0
021103,0.0,1682874.0
021104,0.0,476626.0
021106,0.0,1575.0
021107,0.0,1385358.0
021108,0.0,20651.0
021201,334175.5,0.0
021205,0.0,17683.0
021206,0.0,7161.0
021209,0.0,646306.0
021210,0.0,197739.0
021211,1927414.95,175800.0
021302,13806397.0,4000.0
021401,0.0,8806.0
021404,1921896.63,50564.0
031504,0.0,7963.0
031507,0.0,5682.0
031508,0.0,26993.0
031509,0.0,135587.0
031511,0.0,62582.0
031512,1121121.95,2939291.0
031513,0.0,50607.0
031514,0.0,1925.0
031515,0.0,59002.0
031516,0.0,197412.0
031517,0.0,6480518.0
031518,598402.47,85839.0
031519,121047.11,0.0
031520,0.0,1123.0
041601,0.0,404832.0
041602,3365.0,3342728.0
041604,13958.0,1153127.0
041701,0.0,18119863.0
041702,0.0,14118.0
041704,0.0,2085604.0
041806,240764.0,7110593.0
041901,0.0,2400105.0
041902,2783.86,2797385.0
041904,0.0,1625163.0
041905,14660.0,3369423.0
042001,1063.4,41440.0
042002,1874350.33,144683.0
042003,0.0,372666.0
042004,0.0,123392.0
042005,0.0,935487.0
042006,2928.27,0.0
042007,0.0,97866.0
042008,52724.44,475910.0
042009,0.0,864387.0
042101,0.0,1609045.0
042102,0.0,35981.0
042103,0.0,1518752.0
042104,0.0,657235.0
042105,0.0,141687.0
042106,0.0,4105945.0
042201,0.0,816228.0
042202,669511.55,4099133.0
042203,0.0,2283290.0
042204,141227.5,103984.0
042208,585939.0,16948.0
042209,0.0,3278.0
042302,0.0,69760.0
042309,0.0,52809.0
042402,0.0,7833112.0
052501,0.0,87369.0
052503,511042.93,2582673.0
052505,0.0,238331.0
052508,0.0,94998.0
052509,0.0,25051.0
052510,0.0,6333145.0
052511,5974.8,9439139.0
052512,0.0,265256.0
052515,0.0,5894.0
052516,0.0,13584.0
052517,2495.55,1989.0
052519,0.0,1029.0
052520,0.0,35673.0
052522,0.0,132606.0
052523,4114283.62,4450500.0
052524,0.0,2078613.0
052525,0.0,1474.0
052530,115075.34,0.0
052601,0.0,1068620.0
052621,0.0,249439.0
052701,0.0,15611.0
052702,0.0,65537.0
052708,0.0,120293.0
052709,218532629.41,0.0
052710,1106451877.45,22794863.0
052711,5466741283.31,6154.0
052712,0.0,24443.0
052713,8361085.43,0.0
052715,0.0,1008252.0
052716,15487958.0,0.0
062801,7097360.0,0.0
062802,4853.43,0.0
062803,2455865.83,0.0
062804,0.0,113151.0
062806,0.0,31756.0
062807,4314065.46,20718.0
062808,0.0,3673.0
062809,0.0,9092.0
062811,0.0,123554.0
062815,0.0,2870947.0
062818,0.0,22000.0
062820,0.0,100203.0
062825,0.0,2328.0
062827,4806.0,335721.0
062828,0.0,59817.0
062832,0.0,62005.0
062833,462623.26,308466.0
062835,0.0,566181.0
062836,0.0,651340.0
062839,132469.0,82185.0
062841,0.0,507587.0
062842,0.0,1940.0
062847,20546.8,0.0
062849,0.0,631705.0
062851,0.0,6903.0
062901,0.0,171769.0
062902,0.0,161569.0
062903,0.0,55750.0
062904,0.0,472178.0
062905,0.0,98999.0
062907,0.0,1119.0
062909,0.0,49189.0
062912,0.0,1728.0
062914,0.0,13860.0
062915,0.0,944843.0
062916,0.0,93221.0
062917,0.0,3069.0
062918,0.0,238093.0
062920,0.0,112000.0
062921,0.0,310325.0
062922,0.0,359493.0
062924,0.0,35250.0
062928,0.0,13000.0
062929,0.0,261727.0
062931,0.0,124973.0
062933,0.0,181111.0
062935,0.0,32860.0
062936,0.0,24687.0
062940,0.0,32000.0
062941,0.0,177663.0
062942,0.0,1660.0
063002,23801.0,1948187.0
063003,0.0,197313.0
063004,0.0,20508858.0
063005,0.0,67032.0
063006,0.0,465126.0
063101,0.0,7000.0
063102,5457226.79,0.0
063104,0.0,2068143.0
063201,0.0,1157.0
063202,0.0,3730.0
063203,0.0,1798.0
063204,0.0,1031105.0
063205,0.0,1779.0
063206,0.0,103928.0
063208,0.0,3125977.0
063209,0.0,587374.0
063210,0.0,297766.0
063212,0.0,249830.0
063213,0.0,7279.0
063214,0.0,69602.0
063215,0.0,142019.0
063301,0.0,4125.0
063302,0.0,819802.0
063303,0.0,711816.0
063304,0.0,2824422.0
063305,0.0,6140440.0
063306,0.0,897623.0
063307,0.0,1514336.0
063401,125596.0,1439617.0
063402,0.0,3696393.0
063403,0.0,2172243.0
063404,0.0,11000.0
063405,0.0,148381.0
063406,0.0,30604.0
063407,0.0,1703.0
063504,0.0,1319.0
063505,0.0,542169.0
063506,0.0,182611.0
063602,0.0,1077026.0
063603,0.0,102611.0
063604,0.0,297328.0
063605,0.0,1242766.0
063701,0.0,214022.0
063702,0.0,54097.0
063703,0.0,88374.0
063705,0.0,2860.0
063707,0.0,122119.0
063801,0.0,88415.0
063802,0.0,357270.0
063804,0.0,4169125.0
063808,0.0,398527.0
063809,0.0,264525.0
063810,0.0,8976.0
063811,220946.0,5333466.0
063812,0.0,29400.0
063813,0.0,81516.0
063814,0.0,1101677.0
063815,0.0,4052252.0
063816,10629.46,79818.0
063819,0.0,1017995.0
063820,0.0,1291547.0
063821,0.0,32612.0
063822,0.0,390798.0
063823,0.0,13695211.0
073901,0.0,2577609.0
073902,87440174.28,564435.0
073903,0.0,6799.0
073904,0.0,128000.0
073905,0.0,226931.0
073906,0.0,3742323.0
073907,0.0,3069663.0
073908,0.0,170935.0
073909,0.0,3907839.0
073910,0.0,230505.0
073911,0.0,569984.0
073912,0.0,3488998.0
073913,0.0,161000.0
073914,0.0,1293446.0
073916,0.0,79362.0
073917,0.0,8331735.0
073918,0.0,1557788.0
073919,0.0,1815753.0
073920,0.0,631373.0
073921,8000.0,1551074.0
073922,0.0,280643.0
073923,80592.97,3818825.0
073924,0.0,548400.0
073925,0.0,555561.0
073926,55736.0,5796349.0
074002,0.0,759259.0
074005,0.0,184313.0
074006,0.0,12224.0
074008,0.0,119241.0
074009,3888.0,3222954.0
074010,0.0,1016099.0
074011,48274.47,27181235.0
074012,15331.08,139847.0
074013,0.0,335222.0
074014,0.0,13348.0
074015,0.0,37087.0
074016,3436.0,1786016.0
074017,0.0,94513.0
084101,1659489.31,63600.0
084102,452655.09,0.0
084103,861578.77,0.0
084104,298041.0,88733.0
084106,0.0,10400.0
084201,1000.0,0.0
084202,0.0,958609.0
084203,4420.0,290482.0
084205,0.0,1705122.0
084301,32624.0,0.0
084303,0.0,73955.0
094403,0.0,865986.0
094406,0.0,2645734.0
094407,3120.15,18818883.0
094408,0.0,179000.0
094409,0.0,649781.0
094410,0.0,681820.0
094411,0.0,3764027.0
094412,0.0,2156554.0
094415,0.0,80142.0
094418,0.0,1030901.0
094419,0.0,28041.0
094420,0.0,15668.0
094421,0.0,255953.0
094503,0.0,69768.0
094504,0.0,7042.0
104704,0.0,16729.0
104801,0.0,2825167.0
104802,0.0,3014209.0
104803,0.0,15215.0
104804,0.0,541730.0
104805,0.0,1279581.0
104806,0.0,52000.0
104807,0.0,697784.0
104808,0.0,10655.0
104809,0.0,7070.0
104810,0.0,245494.0
104811,0.0,293508.0
104813,0.0,26000.0
104814,0.0,597882.0
104816,0.0,8179.0
104817,0.0,2909.0
104818,0.0,573663.0
104819,0.0,397661.0
104820,0.0,2276366.0
104821,4943.0,148207.0
104823,0.0,775918.0
104901,0.0,405195.0
104902,0.0,123342.0
104903,0.0,4738.0
104906,0.0,2700.0
104907,0.0,5604907.0
104909,0.0,2611.0
104910,0.0,11654.0
104911,0.0,1196739.0
115002,92447.0,0.0
115003,131995.0,0.0
115101,3419965.0,0.0
115102,705107.86,0.0
115106,0.0,96235.0
115111,0.0,16745.0
115112,0.0,1098025.0
115201,121333901.9,0.0
115202,2567695.74,3160.0
115203,95081.11,0.0
115204,234134.0,0.0
115205,75325636.52,104876.0
115208,25003205.0,1885.0
115209,19515140.04,175991.0
115210,2869.0,0.0
115211,0.0,478006.0
115212,0.0,1323169.0
115401,0.0,11544.0
115402,0.0,11920.0
115403,0.0,362480.0
115406,0.0,921700.0
115407,20849.0,1157908.0
115408,0.0,5000.0
115504,0.0,8000.0
115505,35689.1,1656.0
115508,0.0,7889.0
115512,0.0,17931.0
115513,0.0,2000.0
115514,0.0,8000.0
115515,0.0,163490.0
115516,0.0,1779390.0
115601,1517851.0,13881.0
115602,0.0,26166.0
115603,0.0,23487.0
115605,0.0,5413.0
115607,0.0,570618.0
115608,0.0,53752.0
115609,0.0,43019.0
115701,1172974.0,1000084.0
115702,93504.24,99971.0
115703,0.0,125100.0
115705,107667.0,0.0
115801,0.0,667178.0
115802,733238.0,10778.0
115805,0.0,1029.0
115806,0.0,3505.0
115807,0.0,106975.0
115901,0.0,2691.0
115903,0.0,224430.0
115904,0.0,764019.0
115905,0.0,89888.0
115906,0.0,26600.0
115907,4000.0,0.0
115909,0.0,62918.0
115910,58375.0,12621.0
115911,0.0,865472.0
116001,33969.0,0.0
116002,3383732.0,81159.0
116102,407617.0,3081022.0
116103,421143.0,2693260.0
116104,1568873.0,16513923.0
116105,309285.0,140116.0
116106,31282.0,2523480.0
116107,0.0,5578.0
116108,2294.0,743582.0
116109,6880392.0,294286.0
116110,4215115.0,2250571.0
116111,9718.0,0.0
116112,133377.0,1087161.0
116114,0.0,1474.0
116115,364661.0,1214362.0
116116,0.0,185884.0
116117,0.0,107563.0
116201,9429.0,744462.0
116202,0.0,11087638.0
116203,4955311.0,4636412.0
116204,13889552.0,372268.0
116205,28240.0,164772.0
116206,2383.0,10320.0
116207,64290.0,38019.0
116208,356319.0,120073.0
116209,0.0,14822.0
116210,0.0,183914.0
116211,876422.0,2204751.0
116212,0.0,1685268.0
116214,0.0,1387610.0
116215,0.0,70143.0
116216,5443.0,210397.0
116217,0.0,19846.0
116301,60058.0,102770.0
116302,29565963.0,1734452.0
116303,2085.0,4000.0
116304,63042.0,127095.0
116305,154587.0,787542.0
116306,0.0,919375.0
116307,274398.0,1059153.0
116309,1165.6,17538.0
116310,162947.39,1635.0
126401,0.0,83045.0
126402,0.0,160005.0
126403,0.0,1528260.0
126404,0.0,185273.0
126405,0.0,686364.0
126406,0.0,67310.0
126505,0.0,579601.0
126506,0.0,249368.0
126507,0.0,8847.0
126601,0.0,2823.0
136801,0.0,4000.0
136802,0.0,2301104.0
136804,0.0,386180.0
136805,0.0,4040.0
136806,0.0,159659.0
136807,0.0,242916.0
136808,0.0,43449.0
136809,0.0,387216.0
136811,0.0,4309455.0
136812,0.0,176997.0
136813,0.0,924582.0
136814,0.0,11304.0
136815,0.0,92772.0
136902,0.0,552019.0
136904,48296.4,0.0
136905,0.0,8294.0
136907,0.0,99263.0
136908,0.0,795210.0
136909,0.0,197593.0
136910,0.0,279782.0
136911,22030.0,569947.0
136912,0.0,9955.0
136913,0.0,9000.0
137004,0.0,3326.0
137005,0.0,51581.0
137006,0.0,1000.0
137007,1026.0,232684.0
137009,0.0,56745.0
137010,0.0,745608.0
137011,0.0,144996.0
137013,31703.44,4595121.0
137016,0.0,160480.0
137017,0.0,164874.0
137018,0.0,105108.0
137019,0.0,292627.0
137020,0.0,1028.0
147112,210477.0,0.0
147113,22644.0,3003179.0
147114,0.0,72957.0
147115,0.0,3512803.0
147117,9883.0,18192.0
147118,0.0,3255288.0
157204,0.0,4679.0
157208,0.0,4397050.0
157210,0.0,1664500.0
157211,0.0,108150.0
157212,0.0,34757.0
157213,0.0,4381131.0
157214,0.0,49690176.0
157215,0.0,171521.0
157216,0.0,3506346.0
157217,0.0,9814730.0
157218,0.0,28432.0
157219,0.0,120962.0
157222,0.0,135697.0
157223,0.0,2822.0
157224,0.0,24000.0
157226,0.0,35000.0
157227,0.0,242852.0
157228,0.0,6138248.0
157229,0.0,706805.0
157301,12530.55,266015.0
157302,0.0,55147361.0
157303,0.0,9945.0
157304,11076.47,174405980.0
157305,0.0,101937355.0
157306,1251116.38,26561160.0
157307,18372.0,10750351.0
157308,83561.0,52050946.0
157309,0.0,17774774.0
157310,0.0,567906.0
157311,0.0,1216053.0
157312,16058.0,4155749.0
157313,0.0,457752.0
157314,0.0,857016.0
157315,0.0,503216.0
157316,31854.0,6789.0
157317,0.0,355272.0
157318,0.0,11205534.0
157320,0.0,270636.0
157321,0.0,299830.0
157322,1210.0,417841.0
157323,2271.0,1367993.0
157324,0.0,365819.0
157325,0.0,144420.0
157326,22514.0,6626112.0
157402,0.0,37504.0
157403,0.0,8460.0
157404,84444.42,0.0
157406,0.0,6000.0
157407,0.0,412308.0
157408,0.0,48190.0
157410,0.0,2646.0
157411,0.0,96706.0
157412,0.0,38760.0
157415,0.0,4353.0
157418,0.0,2754.0
157419,0.0,1048214.0
157508,0.0,29739.0
157603,0.0,89910.0
157604,338772.0,306101.0
157605,0.0,798173.0
157606,0.0,393771.0
157607,0.0,390973.0
157608,0.0,1122.0
157609,0.0,4453.0
157610,0.0,197281.0
157611,0.0,6643.0
157612,100117.0,514886.0
157613,13582.0,2831.0
157614,0.0,179696.0
157615,0.0,232253.0
157616,0.0,113247.0
157806,0.0,6025.0
157907,4795.0,183500.0
158007,0.0,8826.0
158102,0.0,1698.0
158108,0.0,1000.0
158201,0.0,73521.0
158202,0.0,867298.0
158203,0.0,79742.0
158204,2003.0,396577.0
158205,2000.0,675174.0
158206,0.0,114063.0
158207,80859.0,15146149.0
158208,0.0,34516.0
158209,0.0,27164.0
158210,0.0,50931.0
158211,0.0,1050.0
158212,0.0,1297400.0
158213,0.0,1000.0
158214,0.0,10007.0
158215,0.0,496243.0
158301,0.0,389381.0
158302,0.0,502982.0
158303,12403.0,421931.0
158304,0.0,3998.0
158305,0.0,15672.0
158306,0.0,7710.0
158307,0.0,162901.0
158308,0.0,71539.0
158309,1000.0,820220.0
158310,3000.0,1230202.0
158311,0.0,3040911.0
168402,0.0,4811773.0
168403,0.0,626770.0
168404,0.0,96437.0
168405,0.0,998849.0
168406,0.0,1013711.0
168407,12821.0,1977844.0
168408,0.0,8973209.0
168409,1710.0,7733086.0
168410,0.0,21399.0
168411,610304.0,18797330.0
168412,8020.0,2884092.0
168413,192691.0,41145607.0
168414,32418.0,10491615.0
168415,15404.0,3045269.0
168416,32828.0,141307.0
168417,0.0,2769.0
168418,1065.0,12298289.0
168419,496512.0,16612283.0
168420,0.0,14000.0
168421,31285.0,19978678.0
168422,24000.0,444938.0
168423,0.0,466778.0
168424,0.0,1483227.0
168425,0.0,4449685.0
168426,0.0,28065893.0
168427,0.0,2042110.0
168428,0.0,10598177.0
168429,0.0,81483688.0
168430,0.0,143403827.0
168431,88600.0,152605509.0
168432,24050.0,8169853.0
168433,463592.0,73368512.0
168434,0.0,18000.0
168437,0.0,232678.0
168438,1450.0,2390608.0
168439,0.0,191321.0
168440,0.0,1110059.0
168441,0.0,48433.0
168442,0.0,450194.0
168443,253398.0,5391234.0
168444,0.0,31030.0
168445,0.0,2257445.0
168446,0.0,1999822.0
168447,0.0,93758.0
168448,14714.0,1989570.0
168450,25066.0,1404656.0
168451,0.0,1376588.0
168452,0.0,326762.0
168453,0.0,2443.0
168455,0.0,96536.0
168456,0.0,70917.0
168458,36730.0,2406673.0
168459,0.0,957135.0
168460,0.0,16160.0
168461,3724.0,117047.0
168462,35249.0,1440581.0
168464,0.0,236205.0
168465,0.0,38854.0
168466,1000.0,673458.0
168467,1453.0,268408.0
168468,0.0,288202.0
168470,0.0,608071.0
168471,14030.0,19718900.0
168472,0.0,286208.0
168473,26634.0,5825406.0
168474,180910.0,13881516.0
168475,0.0,1748078.0
168477,54807.0,4726083.0
168479,15990.0,32645436.0
168480,0.0,2357947.0
168481,220776.0,33470128.0
168482,2466.0,2541857.0
168483,18735.0,5042026.0
168484,0.0,845893.0
168485,149280.0,2158957.0
168501,0.0,2612293.0
168502,90000.0,11452945.0
168503,4368.0,1042978.0
168504,28474.0,14428116.0
168505,0.0,87574.0
168506,0.0,392443.0
168507,0.0,2373672.0
168508,2632.0,878891.0
168509,0.0,2220333.0
168510,0.0,7941.0
168511,6090.0,2189085.0
168512,76656.0,116531.0
168513,0.0,171628.0
168514,0.0,1892909.0
168515,0.0,19878883.0
168516,1355.0,8886734.0
168517,5485.0,45589486.0
168518,0.0,2483933.0
168519,0.0,1548682.0
168520,0.0,6249222.0
168521,11000.0,3198754.0
168522,11619.0,145649.0
168523,0.0,4788523.0
168524,2444.0,5813263.0
168525,57784.0,18369325.0
168526,126930.0,3146685.0
168527,0.0,2867461.0
168528,48755.0,7894922.0
168529,14495.0,2959748.0
168530,0.0,530100.0
168531,1473.0,3715454.0
168532,1473.0,410425.0
168533,0.0,26843.0
168534,0.0,41688.0
168535,0.0,2948819.0
168536,27601.0,4414106.0
168537,5460.0,8846605.0
168538,0.0,1040328.0
168539,1473.0,3385445.0
168540,0.0,235817.0
168541,0.0,80119.0
168542,103853.0,2505544.0
168543,0.0,1805183.0
168544,43048.0,48741696.0
168545,0.0,175440.0
168546,0.0,1605852.0
168547,0.0,128239.0
168548,0.0,382490.0
178602,0.0,6000000.0
178604,0.0,3990500.0
178605,0.0,23561000.0
178607,0.0,43941.0
178608,0.0,1644912.0
178609,7363.86,801963.0
178701,0.0,21309311.0
178702,0.0,31700310.0
178703,91963.0,69543068.0
178704,3459.0,102438753.0
178705,484000.0,107432424.0
178706,0.0,1749.0
178707,0.0,2715.0
178708,78905.0,22276473.0
178709,0.0,216166.0
178711,0.0,187568.0
178712,0.0,997243.0
178714,0.0,18160.0
178715,0.0,1000.0
178716,2513.0,16250378.0
178801,0.0,10000.0
178802,29198.0,666859.0
178803,39141.0,2377432.0
178804,196100.0,0.0
178901,6712345.12,5811138.0
178902,151383.0,138035.0
178903,0.0,823637.0
178904,0.0,1565536.0
178905,1003196.0,2542280.0
178906,427311.0,9383.0
178907,10000.0,746074.0
189001,0.0,267925.0
189002,0.0,49034.0
189003,0.0,15177.0
189004,0.0,129744.0
189005,0.0,10327.0
189006,2178.0,0.0
189007,0.0,9384.0
189008,0.0,236063.0
189010,0.0,127100.0
189011,0.0,134098.0
189013,0.0,518376.0
189014,415296.0,337649.0
189015,433454.0,24617224.0
189016,0.0,51379.0
189017,0.0,281095.0
189018,7000.0,4297267.0
189019,0.0,964530.0
189020,0.0,728975.0
189021,0.0,61970.0
189022,0.0,4087237.0
189023,7006.0,495045.0
189024,0.0,1229779.0
189025,0.0,494415.0
189026,7580.0,11226985.0
189027,85113.0,5198863.0
189028,0.0,1233737.0
189029,0.0,232589.0
189030,56619.0,4902449.0
189031,240000.0,8303258.0
189032,1800.0,4443489.0
189033,0.0,174412.0
189101,0.0,185651.0
189102,0.0,191197.0
189103,0.0,3931.0
189105,0.0,73714.0
189106,0.0,25023.0
189108,0.0,21738.0
189109,0.0,36839.0
189202,0.0,1960.0
189205,0.0,4560.0
189207,0.0,122661.0
189209,0.0,2000.0
199303,0.0,36122.0
199304,0.0,11407.0
199305,0.0,24866.0
199306,0.0,162173.0
209401,0.0,1110561.0
209402,0.0,1828888.0
209403,35834.0,14149001.0
209404,0.0,182475.0
209405,116998.0,2927835.0
209406,0.0,31932951.0
209503,164252.0,565834.0
209505,36491.0,34364.0
209506,5043.0,215212.0
209603,48863.0,590711.0
209604,0.0,1199.0
209606,0.0,97835.0
209607,0.0,2000.0
209608,0.0,30878.0
209609,0.0,1446.0
209610,0.0,66700.0
209612,0.0,16399.0
209613,0.0,109312.0
209615,0.0,9784.0
209617,0.0,12800.0
209618,0.0,2620.0
219701,4700307.0,9613.0
219704,0.0,56882.0
219705,0.0,380213.0
219706,2585958.0,3226728.0
