010105,0.0,924509.0
010202,0.0,2832507.0
010203,0.0,689385.0
010204,0.0,35317.0
010206,0.0,23270.0
010207,0.0,410255.0
010209,0.0,619676.0
010210,0.0,5721.0
010301,0.0,83346.0
010303,0.0,203250.0
010304,0.0,32170.0
010305,0.0,47154.0
010306,0.0,13192.0
010307,0.0,47516.0
010401,0.0,335829.0
010402,0.0,2158645.0
010403,0.0,145422.0
010404,29714.28,301805.0
010405,0.0,2802772.0
010406,0.0,5648801.0
010407,0.0,6955815.0
010410,0.0,1980.0
010504,23250.0,0.0
010511,3348.78,767738.0
020601,0.0,54777.0
020602,0.0,4593158.0
020603,0.0,1287081.0
020604,0.0,65086.0
020701,39324.57,26790712.0
020702,901145.41,182734.0
020703,260529.49,6475568.49
020704,115334.13,35111.0
020705,0.0,3195.0
020706,266670.46,623781.49
020707,339221.07,398846.0
020708,0.0,37596.0
020709,191037.82,210443.64
020710,0.0,87783.0
020711,0.0,152083.0
020712,0.0,24263.0
020713,73359.19,702892.0
020801,0.0,9773.0
020802,0.0,342988.0
020803,0.0,1682304.0
020804,0.0,580831.0
020805,0.0,2365655.0
020806,1940926.57,12110.0
020807,208087.52,130116.0
020808,260509.4,17226134.0
020809,53373.25,27039.0
020810,0.0,21870.0
020811,0.0,7415.0
020813,0.0,371708.0
020901,0.0,49541.0
020902,0.0,1217915.0
020904,0.0,13586.0
020905,0.0,59549.0
020908,0.0,6293.0
020909,0.0,6534.0
020910,1925.0,221368.0
021001,0.0,39000.0
021005,0.0,248214.0
021006,33798.91,23382778.0
021101,336442.88,19346680.0
021102,0.0,152118.0
021103,0.0,869197.0
021104,0.0,147157.0
021107,46187.84,2719536.0
021108,0.0,392288.0
021202,0.0,18345.0
021206,0.0,37331.0
021207,0.0,11839.0
021208,55807.14,0.0
021209,0.0,688844.0
021210,0.0,205036.0
021211,4735722.66,165020.0
021212,0.0,91575.0
021301,0.0,15365.0
021302,3779849.26,91978.0
021404,13102752.38,1852380.68
031501,0.0,3350.0
031502,0.0,1255137.0
031504,0.0,3299.0
031507,0.0,453055.0
031509,0.0,62142.0
031510,0.0,19211.0
031511,0.0,426454.0
031512,1278835.65,717852.0
031513,0.0,144384.0
031515,0.0,67698.0
031516,0.0,2613492.0
031517,0.0,15011978.0
031518,0.0,281738.0
031519,794880.32,15795.66
031520,0.0,4577.0
031522,818042.28,0.0
041601,0.0,4169837.0
041602,0.0,643979.0
041604,0.0,784308.0
041701,0.0,22341793.0
041702,0.0,2058813.0
041704,0.0,10555099.0
041803,0.0,57200.0
041804,0.0,29250.0
041805,1136.02,1449960.0
041806,1146485.0,7833931.0
041901,0.0,8418528.0
041902,0.0,6969572.0
041904,0.0,2102215.0
041905,0.0,1943011.0
042001,0.0,1148067.0
042002,0.0,1514333.0
042003,0.0,986648.0
042004,0.0,37317.0
042005,3781.71,2672841.71
042006,0.0,2347.0
042007,0.0,1095713.0
042008,0.0,577943.0
042009,0.0,809634.0
042101,0.0,7999955.0
042102,0.0,2061749.0
042103,0.0,791087.0
042104,0.0,1841603.0
042105,0.0,379379.0
042106,0.0,14059006.0
042201,0.0,1114893.0
042202,24107.21,8877330.0
042203,0.0,1893785.0
042204,0.0,269167.0
042205,0.0,3292.0
042207,0.0,18355289.0
042208,0.0,937167.0
042209,0.0,86809.0
042301,0.0,8348.0
042304,0.0,684457.0
042306,15979567.54,0.0
042309,0.0,4047755.0
042402,0.0,7518296.0
052501,0.0,151321.0
052503,149214.39,0.0
052504,0.0,91813.0
052505,0.0,320796.0
052506,0.0,188769.0
052507,0.0,2997.0
052508,0.0,506849.0
052509,0.0,39430.0
052510,0.0,3567574.0
052511,0.0,17105208.0
052512,0.0,61120.0
052513,0.0,94419.0
052515,0.0,1631232.0
052516,0.0,5665.0
052517,5446.06,168844.0
052519,0.0,89024.0
052520,0.0,7399083.0
052522,0.0,41690.0
052523,220693.25,437416.84
052524,0.0,2839202.0
052525,0.0,1419.0
052526,0.0,1960.0
052530,1066.37,30589.37
052601,0.0,2183214.0
052602,0.0,39501.0
052620,0.0,2129.0
052701,0.0,56427.0
052703,0.0,230510.0
052704,0.0,31706.0
052705,14156.24,10910.0
052706,0.0,2446.0
052707,0.0,74923.0
052708,0.0,5990.0
052709,121320584.87,0.0
052710,1070865875.69,297839476.48
052711,4783169385.1,27517.0
052712,509022.47,22362.0
052713,17550232.56,41840259.11
052714,0.0,368049.0
052715,0.0,271402.0
062801,19819334.0,15405.0
062803,1923486.86,17202.0
062804,0.0,823806.0
062806,0.0,51849.0
062807,1452.98,0.0
062808,0.0,598040.0
062809,0.0,25069.0
062811,0.0,99905.0
062815,0.0,1291132.0
062818,0.0,28560.0
062819,0.0,1487.0
062821,0.0,220506.0
062823,0.0,4410.0
062824,0.0,128971.0
062825,0.0,39791.0
062826,0.0,30970.0
062827,190091.0,741063.0
062828,0.0,190468.0
062829,0.0,2300.0
062830,0.0,15603.0
062831,0.0,155267.0
062832,0.0,236207.0
062833,0.0,541129.0
062834,0.0,12431.0
062835,0.0,404269.0
062836,0.0,771737.0
062839,0.0,115780.0
062841,0.0,836384.0
062843,0.0,13393.0
062844,0.0,200930.0
062847,0.0,581310.0
062849,0.0,818897.0
062851,0.0,33005.0
062901,0.0,9014.0
062902,0.0,1975276.0
062903,0.0,416898.0
062904,0.0,438966.0
062905,0.0,658393.0
062907,0.0,5141.0
062909,0.0,205909.0
062912,0.0,209530.0
062914,0.0,2420.0
062915,0.0,380798.0
062916,0.0,69127.0
062917,0.0,33942.0
062918,0.0,347923.0
062919,0.0,11680.0
062921,0.0,275159.0
062922,0.0,906512.0
062923,0.0,780225.0
062924,0.0,17426.0
062925,0.0,4700.0
062927,0.0,995794.0
062928,0.0,2091.0
062929,0.0,149628.0
062930,0.0,106187.0
062931,0.0,859172.0
062932,0.0,17027.0
062933,0.0,35995.0
062934,0.0,19824.0
062936,0.0,187791.0
062939,0.0,1395.0
062941,0.0,136779.0
062942,0.0,480831.0
063001,0.0,3708.0
063002,0.0,5959832.0
063003,0.0,111349.0
063004,0.0,12595129.0
063005,0.0,400593.0
063006,0.0,1145722.0
063101,0.0,4833294.0
063102,0.0,13936.0
063104,0.0,15288758.0
063105,0.0,220806.0
063201,0.0,79317.0
063202,0.0,217254.0
063203,0.0,1881.0
063204,3522.0,1746465.0
063205,0.0,13566.0
063206,6203.7,769397.0
063207,0.0,3280.0
063208,0.0,3953891.0
063209,0.0,8567118.0
063210,0.0,1348703.0
063211,0.0,239049.0
063212,0.0,477531.0
063213,0.0,27921.0
063214,0.0,5160293.0
063215,0.0,202915.0
063301,0.0,198185.0
063302,0.0,3529596.0
063303,0.0,2974674.0
063304,0.0,1833725.0
063305,0.0,5978679.0
063306,0.0,1193571.0
063307,2505.0,764988.0
063401,56404.42,3304638.0
063402,0.0,1906669.0
063403,0.0,2092899.0
063404,0.0,17282.0
063405,0.0,311181.0
063406,0.0,19238.0
063407,0.0,47288.0
063501,0.0,27909.0
063502,0.0,23800.0
063503,0.0,26487.0
063505,0.0,1157795.0
063506,1335.0,4774967.0
063507,0.0,239478.0
063602,0.0,2985082.0
063603,0.0,649833.0
063604,0.0,1598554.0
063605,0.0,1070741.0
063701,0.0,243301.0
063702,0.0,113190.0
063703,0.0,118100.0
063706,0.0,1391.0
063707,0.0,634462.0
063801,0.0,114288.0
063802,0.0,355090.0
063803,0.0,1609.0
063804,0.0,5005034.0
063805,0.0,5986.0
063806,0.0,6807.0
063807,0.0,18864.0
063808,0.0,3974329.0
063809,0.0,406042.0
063810,0.0,85286.0
063811,0.0,6999291.0
063812,0.0,1082483.0
063813,0.0,46584.0
063814,0.0,4262622.0
063815,0.0,5327261.0
063816,0.0,8263359.0
063817,0.0,2780.0
063819,0.0,913585.0
063820,0.0,5257370.0
063821,0.0,61615.0
063822,0.0,1335575.0
063823,2403.26,7987090.26
073901,126503.33,1663630.0
073902,71257053.86,8030439.94
073903,0.0,246762.0
073904,0.0,1646151.0
073905,0.0,496214.0
073906,0.0,3592664.0
073907,0.0,359536.0
073909,31747.0,8027363.0
073910,0.0,538399.0
073911,0.0,2105818.0
073912,0.0,1519983.0
073913,0.0,122021.0
073914,0.0,189100.0
073915,43848.35,65560.35
073916,0.0,167772.0
073917,0.0,19105262.0
073918,2592.0,3528119.0
073919,0.0,3734336.0
073920,4010.0,11518476.0
073921,0.0,1675887.0
073922,0.0,1531848.0
073923,24102.0,3417298.0
073924,0.0,2811784.0
073925,0.0,1690485.0
073926,6669.0,1741479.0
074001,0.0,2970.0
074002,0.0,71374.0
074003,0.0,46914.0
074004,0.0,313602.0
074005,0.0,20609.0
074006,0.0,29738.0
074007,0.0,7950.0
074008,0.0,826217.0
074009,5190.0,1475307.0
074010,0.0,914549.0
074011,0.0,8656496.0
074012,7461.93,321428.0
074013,0.0,1861179.0
074014,0.0,431159.0
074015,0.0,1716290.0
074016,18602.0,914431.0
074017,0.0,504396.0
084101,4041950.72,2415094.66
084102,669756.02,0.0
084103,471934.19,64000.0
084104,960917.63,0.0
084105,293764.0,0.0
084106,407207.0,399631.0
084111,0.0,15682.0
084201,0.0,267852.0
084202,4700.0,1096843.0
084203,2090.0,132012.0
084205,1018.0,743003.0
084303,0.0,82229.0
084304,0.0,32307.0
094401,0.0,65343.0
094403,0.0,1131527.0
094404,0.0,74479.0
094406,0.0,135650.0
094407,0.0,42862762.0
094408,0.0,65770.0
094409,0.0,2034612.0
094410,0.0,7822439.0
094411,0.0,7059841.0
094412,0.0,2017852.0
094413,0.0,736201.0
094414,0.0,254011.0
094415,14600.45,831952.45
094416,0.0,29465.0
094417,0.0,65639.0
094418,0.0,2219373.0
094419,0.0,29138.0
094420,0.0,14280.0
094421,0.0,1324588.0
094503,0.0,4532.0
094504,0.0,19712.0
094601,0.0,35498.0
094602,0.0,95132.0
104701,0.0,19138.0
104704,0.0,1486.0
104706,0.0,353669.0
104707,0.0,7570.0
104801,0.0,2978095.0
104802,0.0,1879178.0
104803,0.0,554595.0
104804,0.0,400979.0
104805,0.0,1017262.0
104806,0.0,21887.0
104807,0.0,65274.0
104808,0.0,232127.0
104810,0.0,178117.0
104811,0.0,136767.0
104812,0.0,89215.0
104813,0.0,4960.0
104814,0.0,1640938.0
104816,0.0,58460.0
104817,0.0,54024.0
104818,11000.0,1624595.0
104819,1213.0,620431.0
104820,0.0,2706324.0
104821,0.0,583325.0
104822,0.0,94101.0
104823,0.0,368978.0
104901,2200.0,200883.0
104902,0.0,504996.0
104903,0.0,12395.0
104905,0.0,13296.0
104907,0.0,16012193.0
104908,0.0,278003.0
104909,1526.0,2891.0
104910,0.0,66806.0
104911,6848.0,172924.0
115001,56255.0,0.0
115002,336202.0,0.0
115003,98910.0,0.0
115006,0.0,4176.0
115007,0.0,53798.0
115101,4333193.16,526049.19
115102,1138377.86,900878.54
115107,0.0,14936.0
115111,0.0,16965.0
115112,0.0,553652.0
115201,139537745.73,58921413.35
115202,4320769.12,2005033.5
115203,709537.58,0.0
115205,162373116.82,153488291.83
115206,306354.61,1041.0
115207,51750.0,190633.0
115208,35393958.0,33669549.0
115209,28113235.09,20138131.0
115210,0.0,10994.0
115211,38863.0,77667.0
115212,0.0,20909.0
115301,0.0,3199.0
115305,0.0,1546.0
115306,0.0,2853.0
115308,0.0,1257.0
115309,10239.0,8463.0
115310,0.0,4760.0
115401,0.0,230395.0
115402,1908.0,406391.0
115403,0.0,59172.0
115404,0.0,41250.0
115406,0.0,764999.0
115407,10557.0,165269.0
115408,0.0,34476.0
115501,39199.43,607222.0
115503,44734.94,236715.81
115504,0.0,2970.0
115508,0.0,430359.0
115509,2153976.0,41349.0
115511,0.0,49353.0
115512,0.0,67500.0
115513,0.0,42581.0
115514,0.0,5508.0
115515,0.0,1053677.0
115516,0.0,389919.0
115601,1991310.0,2264674.0
115602,0.0,15045.0
115603,0.0,3341596.0
115604,0.0,54374.0
115607,0.0,342527.0
115608,0.0,213579.0
115609,0.0,600272.0
115701,466551.0,3357378.0
115702,76287.0,25466.0
115703,0.0,887917.0
115704,0.0,547680.0
115705,1811.48,789262.0
115801,2630.0,172114.0
115802,4786911.0,1042059.0
115803,0.0,10858.0
115804,0.0,230718.0
115805,0.0,1684.0
115806,0.0,98382.0
115807,0.0,329270.0
115808,97728.0,41620.0
115809,0.0,4434.0
115810,0.0,5292.0
115811,0.0,45872.0
115901,0.0,1834.0
115902,0.0,3550.0
115903,0.0,776385.0
115904,0.0,4531647.0
115905,0.0,406168.0
115906,0.0,92156.0
115907,0.0,117653.0
115908,0.0,5658.0
115909,0.0,313941.0
115910,53517.0,122094.0
115911,0.0,243225.0
116001,11550.0,934579.0
116002,6296300.0,4975043.0
116101,49992.0,10290.0
116102,42865.0,98862.0
116103,396446.0,376556.0
116104,870930.0,701656.0
116105,10217.0,338546.0
116106,42503.0,26660.0
116107,233820.0,324423.0
116108,9176.0,93696.0
116109,6315879.0,1450994.0
116110,86762.0,609579.0
116111,14688.0,35464.0
116112,0.0,223150.0
116113,0.0,16342.0
116114,0.0,398956.0
116115,393510.0,683114.0
116116,0.0,246639.0
116117,2569.0,261449.0
116201,1900.0,177113.0
116202,798379.0,26867.0
116203,6991742.0,2487986.0
116204,16599270.0,10394816.0
116205,12164.0,275494.0
116206,4174.0,152203.0
116207,172345.0,138228.0
116208,289823.0,267522.0
116209,0.0,165549.0
116210,0.0,677850.0
116211,5827.0,722516.0
116212,0.0,92995.0
116213,0.0,3202.0
116214,0.0,1480728.0
116215,4172.0,58272.0
116216,11702.0,273038.0
116217,0.0,72058.0
116301,62953.0,1022007.0
116302,42856131.0,34957368.0
116303,0.0,185345.0
116304,72477.0,30060.0
116305,0.0,883330.0
116306,0.0,786463.0
116307,119714.0,911585.0
116308,0.0,76592.0
116309,0.0,11685.0
116310,1279466.59,1265578.37
126401,0.0,657659.0
126402,0.0,386568.0
126403,2400.0,1052713.0
126404,0.0,1591396.0
126405,0.0,95145.0
126406,0.0,138395.0
126505,0.0,538120.0
126506,0.0,649773.0
126507,0.0,65629.0
126601,0.0,56195.0
126602,0.0,49229.0
126603,0.0,4358.0
126702,0.0,511139.0
126704,0.0,4657.0
136801,0.0,3253320.0
136802,6359.85,5514940.73
136803,0.0,15843.0
136804,0.0,430083.0
136805,0.0,65607.0
136806,0.0,2219407.0
136807,0.0,7791906.0
136808,0.0,424284.0
136809,0.0,3712083.0
136810,0.0,2673160.0
136811,0.0,2648753.0
136812,0.0,168461.0
136813,0.0,191832.0
136814,0.0,156355.0
136815,0.0,223477.0
136901,0.0,7652.0
136902,0.0,2042554.0
136903,0.0,681837.0
136905,0.0,46801.0
136907,28232.09,626662.09
136908,10204.54,1973481.54
136909,0.0,179924.0
136910,0.0,822566.0
136911,0.0,2435794.0
136912,0.0,348638.0
136913,0.0,256205.0
136914,0.0,233223.0
137002,0.0,1915.0
137003,0.0,578170.0
137004,0.0,322785.0
137005,0.0,2453636.0
137006,0.0,3081595.0
137007,0.0,271397.0
137008,0.0,6010632.0
137009,0.0,559580.0
137010,0.0,6360822.0
137011,0.0,14785.0
137013,0.0,614562.0
137014,0.0,148753.0
137015,0.0,15778.0
137016,0.0,79680.0
137017,0.0,948276.0
137018,0.0,68426.0
137019,0.0,1967242.0
137020,0.0,901068.0
147102,217649.0,0.0
147103,118358.0,1131.0
147106,0.0,6003.0
147108,0.0,137378.0
147112,2051689.0,0.0
147113,0.0,2579103.0
147114,0.0,1209901.0
147115,0.0,2677501.0
147117,0.0,51724.0
147118,0.0,2377618.0
157201,0.0,92758.0
157202,0.0,287477.0
157204,0.0,25243.0
157205,0.0,62167.0
157206,0.0,301111.0
157207,0.0,159036.0
157208,0.0,493283.0
157209,0.0,539558.0
157210,0.0,3882918.0
157211,0.0,1210964.0
157212,0.0,7407822.0
157213,0.0,5134749.0
157214,21522.8,111196283.0
157215,0.0,26427.0
157216,14715.34,3843931.0
157217,0.0,6323616.0
157219,0.0,130970.0
157220,0.0,219249.0
157222,0.0,393323.0
157223,0.0,36007.0
157224,0.0,152025.0
157225,0.0,493881.0
157227,0.0,3166543.0
157228,0.0,21755248.0
157229,0.0,303236.0
157301,0.0,11573497.0
157302,0.0,41693813.0
157303,0.0,2026345.0
157304,214309.46,44644565.0
157305,0.0,32742068.0
157306,104530.14,5859551.14
157307,0.0,2605422.0
157308,602343.08,57140053.51
157309,21000.0,15342120.0
157310,0.0,1499730.0
157311,10660.0,14382778.0
157312,0.0,3729997.0
157313,0.0,2429081.0
157314,0.0,1036260.0
157315,0.0,378018.0
157316,0.0,50839.0
157317,0.0,3855876.0
157318,0.0,4118970.0
157319,0.0,2238.0
157320,0.0,715288.0
157321,0.0,4982981.0
157322,0.0,963846.0
157323,0.0,1367861.0
157324,0.0,985898.0
157325,104015.98,2211836.98
157326,45721.0,4229251.0
157403,0.0,1665.0
157406,0.0,1123.0
157407,0.0,132213.0
157408,29341.0,79520.0
157409,0.0,54026.0
157410,0.0,4703.0
157411,0.0,642866.0
157412,0.0,1006198.0
157413,0.0,309464.0
157415,0.0,34602.0
157418,0.0,40868.0
157419,0.0,87835.0
157506,0.0,1150.0
157507,0.0,1378722.0
157508,0.0,798488.0
157603,0.0,436327.0
157604,0.0,9088652.0
157605,0.0,166065.0
157606,0.0,4002999.0
157607,8853.0,150053.0
157608,0.0,64609.0
157609,13860.0,98629.0
157610,9285.0,6046828.0
157611,0.0,38598.0
157612,0.0,535016.0
157613,0.0,38203.0
157614,0.0,28659117.0
157615,0.0,1231657.0
157616,0.0,917159.0
157804,0.0,87383.0
157806,0.0,104562.0
157903,0.0,4339.0
157904,0.0,5451.0
157907,0.0,51459.0
158001,0.0,557256.0
158007,0.0,19830.0
158101,0.0,2008.0
158104,0.0,17829.0
158108,0.0,897397.0
158112,0.0,23991.0
158113,0.0,12600.0
158201,0.0,360418.0
158202,126287.0,733246.0
158203,1858.0,147405.0
158204,0.0,407217.0
158205,7109.0,923215.0
158206,1725.0,995246.0
158207,14024.0,9323111.0
158208,0.0,299030.0
158209,0.0,95870.0
158210,0.0,540685.0
158211,0.0,79897.0
158212,0.0,1024026.0
158213,0.0,62378.0
158214,2962.0,7744.0
158215,0.0,176317.0
158301,8208.0,483160.0
158302,26855.0,1580817.0
158303,0.0,524609.0
158304,0.0,112423.0
158305,0.0,78817.0
158306,0.0,4416330.0
158307,0.0,345172.0
158308,0.0,115894.0
158309,0.0,1371075.0
158310,25821.0,2366391.0
158311,28482.0,6694605.0
168402,0.0,2948244.0
168403,16153.0,3433240.0
168404,0.0,543069.0
168405,0.0,3092243.0
168406,0.0,17290964.0
168407,0.0,699650.0
168408,0.0,2968142.0
168409,35338.0,3063074.0
168410,0.0,113014.0
168411,0.0,21876376.0
168412,0.0,1471958.0
168413,16697.0,3168831.0
168414,58172.0,15897738.0
168415,0.0,17086161.0
168416,63162.0,2565480.0
168417,0.0,21384266.0
168418,0.0,8609207.0
168419,3405.0,61215014.0
168420,0.0,69597.0
168421,1466.0,10147453.0
168422,0.0,2930260.0
168423,4848.0,803532.0
168424,0.0,3469654.0
168425,0.0,1544061.0
168426,817527.0,7358826.0
168427,2780.0,2707962.0
168428,3323.0,22090532.0
168429,521790.0,30749516.0
168430,0.0,36496035.0
168431,139920.0,20386412.0
168432,0.0,3723513.0
168433,8206.0,37471214.0
168434,0.0,457669.0
168435,0.0,9359.0
168436,0.0,240365.0
168437,0.0,355896.0
168438,0.0,5760390.0
168439,11507.0,35004.0
168440,0.0,1271328.0
168441,0.0,549559.0
168442,0.0,396301.0
168443,5600.0,5876389.0
168445,0.0,10304298.0
168446,0.0,387811.0
168447,0.0,7208.0
168448,1357.0,4148662.0
168450,0.0,2640104.0
168451,0.0,503041.0
168452,0.0,199223.0
168453,0.0,25137.0
168454,0.0,5040.0
168455,0.0,61875.0
168456,0.0,770347.0
168457,0.0,3967.0
168458,0.0,609822.0
168459,0.0,281524.0
168460,0.0,54675.0
168461,9441.0,77238.0
168462,0.0,1035517.0
168463,0.0,112745.0
168464,0.0,286636.0
168465,0.0,283262.0
168466,0.0,229177.0
168467,4781.0,227930.0
168468,0.0,724205.0
168469,0.0,5975.0
168470,0.0,1034257.0
168471,888845.0,47907360.0
168472,0.0,318665.0
168473,12807.0,2121097.0
168474,292558.0,7148978.0
168475,0.0,22882.0
168476,0.0,98096.0
168477,0.0,4652812.0
168479,519817.0,13678400.0
168480,0.0,640393.0
168481,482855.0,6479740.0
168482,0.0,1179249.0
168483,0.0,4568008.0
168484,0.0,597473.0
168485,2385.0,3187380.0
168501,195885.0,2734830.0
168502,118094.0,3682317.0
168503,3714.0,2580473.0
168504,10843.0,8946531.0
168505,1680.0,288641.0
168506,0.0,417517.0
168507,0.0,11133925.0
168508,2783.0,1311671.0
168509,0.0,1491672.0
168510,0.0,8051.0
168511,0.0,560677.0
168512,0.0,414375.0
168513,0.0,642475.0
168514,0.0,353035.0
168515,32283.0,3859227.0
168516,0.0,2862343.0
168517,89058.0,2542106.0
168518,0.0,1235276.0
168519,0.0,894186.0
168520,0.0,5066.0
168521,5529.0,704418.0
168522,0.0,1716332.0
168523,0.0,1648406.0
168524,3960.0,5336111.0
168525,22860.0,15456724.0
168526,273258.0,6897737.0
168527,0.0,130370.0
168528,113200.0,26040433.0
168529,0.0,3935051.0
168530,0.0,2256797.0
168531,8062.0,3627488.0
168532,0.0,115098.0
168533,0.0,173066.0
168534,0.0,95993.0
168535,0.0,3103377.0
168536,137427.0,1044076.0
168537,18036.0,53863364.0
168538,0.0,3440764.0
168539,0.0,2590857.0
168540,0.0,86374.0
168541,4803.0,88016.0
168542,340558.0,3982763.0
168543,1618.0,2578026.0
168544,0.0,27410698.0
168545,7699.0,885566.0
168546,0.0,446438.0
168547,0.0,721067.0
168548,0.0,9040.0
178602,0.0,26328490.0
178604,0.0,1804.0
178605,0.0,41947800.0
178606,656644.06,8560001.0
178607,0.0,3420727.0
178608,0.0,814667.0
178609,0.0,1208675.0
178701,0.0,25879852.0
178702,0.0,16766751.0
178703,245983.0,4208338.0
178704,2412.0,10013665.0
178705,173295.0,32427090.0
178706,0.0,14813.0
178707,0.0,96312.0
178708,18988.0,1292520.0
178709,0.0,112972.0
178711,7400.0,1287320.0
178712,0.0,1463694.0
178713,0.0,54240.0
178714,87557.0,152197.0
178715,0.0,98151.0
178716,36711.0,5238520.0
178802,0.0,151914816.0
178803,237247.0,2104020.0
178804,0.0,1053240.0
178805,0.0,765204.0
178901,0.0,4201136.0
178903,0.0,1400360.0
178904,250000.0,546059.0
178905,0.0,6811751.0
178906,0.0,2124476.0
178907,7764.0,830382.0
189001,0.0,697271.0
189002,0.0,404447.0
189003,0.0,116617.0
189004,0.0,647350.0
189005,0.0,1009467.0
189006,0.0,73799.0
189007,0.0,2690862.0
189008,0.0,259089.0
189010,36614.0,510563.0
189011,0.0,2707038.0
189012,0.0,286531.0
189013,0.0,2943155.0
189014,2895.0,4422009.0
189015,866642.0,12250889.0
189016,0.0,257340.0
189017,0.0,86429.0
189018,8878.0,1217242.0
189019,0.0,906125.0
189020,0.0,477719.0
189021,0.0,377457.0
189022,538699.0,9815689.0
189023,0.0,20858545.0
189024,1276.0,507138.0
189025,21796.0,522426.0
189026,109422.0,4006277.0
189027,38254.0,7733044.0
189028,0.0,5503617.0
189029,2505.0,139135.0
189030,1331.0,1529335.0
189031,317900.0,3302836.0
189032,36673.0,711843.0
189033,0.0,644940.0
189101,463570.0,1256336.0
189102,0.0,319816.0
189103,0.0,15670.0
189104,8062.0,0.0
189105,0.0,297648.0
189106,0.0,7078.0
189107,0.0,11419.0
189109,0.0,26203.0
189110,0.0,1235.0
189113,0.0,151003.0
189114,0.0,7756.0
189201,0.0,254536.0
189202,0.0,4844.0
189205,0.0,127531.0
189206,0.0,27819.0
189207,0.0,242608.0
189209,0.0,16395.0
199301,0.0,44468.0
199302,0.0,810634.0
199303,0.0,543857.0
199304,0.0,4021.0
199305,0.0,165711.0
199306,0.0,139312.0
199307,0.0,12328.0
209401,0.0,538980.0
209402,0.0,942494.0
209403,1992.6,8456429.6
209404,0.0,518133.0
209405,41550.0,17612267.0
209406,36230.0,39730951.0
209503,1124.0,1199391.0
209504,0.0,123436.0
209505,1548.0,41275.0
209506,15479.0,1296649.0
209508,0.0,8594832.0
209603,0.0,199359.0
209604,0.0,57650.0
209605,0.0,4359.0
209606,0.0,227966.0
209607,6910.0,199202.0
209608,2661.0,152701.0
209609,1336.0,35206.0
209610,0.0,596972.0
209611,0.0,12085.0
209612,0.0,46656.0
209613,0.0,132380.0
209615,0.0,21254.0
209616,0.0,13610.0
209617,12000.0,31647.0
209618,0.0,116797.0
219701,32068.0,66338.0
219703,0.0,59318.0
219705,0.0,1749.0
219706,874428.0,0.0
