010101,22580.0,95225.0
010103,0.0,13459.29
010105,21514.0,0.0
010106,1302.0,0.0
010202,82983.0,189015.0
010203,0.0,108556.83
010207,573255.15,3551832.22
010210,0.0,18516.26
010301,9795.0,9842.0
010302,12623.93,190370.1
010303,128086.1,1935424.85
010304,0.0,37757.0
010305,37463.78,83721.18
010307,332045.56,4600.0
010401,0.0,5866.8
010402,183557.0,42427.16
010403,0.0,77790.48
010405,13940.0,1758569.27
010406,0.0,20118.94
010407,68274.0,709200.94
010408,0.0,1260.0
010409,15963.32,8009.15
010410,0.0,720218.0
010509,2248.0,0.0
010510,10385.52,0.0
010511,1733.47,3544.0
020601,37667.86,0.0
020602,42400.81,1728.0
020603,4307.0,1780.0
020604,48987.29,0.0
020701,28566.04,129416.0
020702,22915.43,0.0
020703,40642.88,6195.0
020706,5024.6,0.0
020707,0.0,3857.0
020709,7287.92,0.0
020710,3167.0,72838.0
020711,0.0,20240.0
020712,5346.05,0.0
020713,3665.75,116597.0
020801,53503.0,0.0
020802,2190724.39,37801.96
020803,7085.0,179759.66
020804,6000.0,0.0
020805,8086548.95,265779.47
020806,1757.0,0.0
020807,1983.0,0.0
020808,419683.42,0.0
020809,24702.0,0.0
020810,107298.13,0.0
020811,22119.68,0.0
020812,35620.92,0.0
020813,19736.91,7308.0
020901,1104457.0,400924.38
020902,17228367.15,126563.28
020904,33411.34,35607.22
020905,0.0,2062.0
020909,0.0,1125.0
020910,1306493.23,45768.9
021001,4401740.71,17476997.0
021003,0.0,17953.0
021006,0.0,276694.77
021101,974805.22,21335664.9
021102,99910.32,932447.0
021104,0.0,48451.0
021105,0.0,2657.0
021107,0.0,334753.12
021108,0.0,33065.0
021201,0.0,232643.0
021202,0.0,1281.0
021205,0.0,1328.0
021208,67220.0,0.0
021209,740461.74,215006.54
021210,78772.0,45726.0
021211,351786.1,9011.8
021302,147534.0,58205.1
021401,63639.51,0.0
021404,0.0,12070.44
031507,4800.0,899286.0
031512,285361.92,117761.79
031514,0.0,41583.0
031515,38029.9,57420.0
031516,0.0,170769.0
031517,155057.72,1827996.29
031518,0.0,11183.0
041601,4163.06,722508.14
041602,102534.72,745792.34
041604,23257.18,49354.4
041605,0.0,1328.0
041701,450956.0,30728285.23
041702,0.0,7760.34
041704,98528.12,665236.16
041803,0.0,9531.0
041806,638218.01,926161.19
041901,33215.0,128795.07
041902,4978.92,148119.17
041904,0.0,19756.0
041905,84713.21,681922.71
042001,30992.06,123704.03
042002,37229.77,46073.82
042003,0.0,48913.78
042004,7142.0,21906.44
042005,53618.54,77007.95
042007,147023.44,93306.95
042008,81063.96,42062.52
042009,2014836.55,374764.89
042101,15027.0,155747.71
042102,14109.79,40092.0
042103,494762.46,664141.53
042104,0.0,163821.54
042105,42319.61,5434.0
042106,3000.0,163864.87
042201,5100259.95,113009.65
042202,4655741.6,310289.15
042203,411429.0,1946076.25
042204,4461488.32,1360028.29
042205,0.0,4429.0
042206,3685.93,139517.0
042207,1671597.31,13625161.27
042208,2298654.08,6939748.54
042209,70142.28,9727.0
042302,1669.0,0.0
042305,0.0,21399.0
042309,5616.0,26337.59
042401,1157242.95,479299.25
042402,734085.11,24497283.04
042403,0.0,15489.0
052501,0.0,527779.0
052505,170044.17,57599.89
052508,279241.73,22136.0
052511,64638.17,0.0
052512,82799.75,14691.0
052513,0.0,34628.0
052515,172537.39,54104.0
052516,445785.5,137709.26
052517,80907.52,82712.0
052520,0.0,56740.75
052521,162334.81,0.0
052522,237717.34,90751.0
052523,52796.53,1805349.0
052524,155300.92,0.0
052530,54311.67,0.0
052601,93265.37,0.0
052602,263715.67,0.0
052603,10535521.27,8416.0
052618,0.0,2146.0
052619,534028.83,0.0
052701,512280.26,29654.0
052707,0.0,67147.0
052709,19548879.16,0.0
052710,22396800.7,111109205.78
052711,106812.0,11951734.19
052712,0.0,3139.0
052713,77945.0,1221541.19
052714,0.0,27496.0
052716,11826700.73,14329343.32
062801,0.0,104905.83
062803,0.0,1134.0
062804,127146.0,0.0
062806,0.0,2637.0
062807,178486.0,996202.62
062808,21164.0,26580.0
062811,56262.0,77749.37
062814,197025.92,36192.0
062815,4000.0,749646.19
062818,0.0,5000.0
062819,151367.17,0.0
062820,756992.32,0.0
062824,4050.0,0.0
062827,24082.32,99488.09
062828,0.0,6646.0
062833,18970.0,254471.97
062834,2148293.0,0.0
062835,0.0,130436.0
062836,0.0,624126.73
062837,1547209.81,0.0
062839,0.0,9208.0
062841,11560.44,0.0
062844,24000.0,0.0
062845,334558.17,4104.0
062846,14000.0,0.0
062849,0.0,133827.28
062851,34059.0,0.0
062901,42460.0,1307081.47
062902,50000.0,0.0
062903,0.0,25775.24
062905,0.0,120048.0
062912,0.0,11371.9
062914,0.0,1177.0
062915,82408.71,10572.0
062917,107806.54,1060.0
062918,91851.2,0.0
062920,12571.0,0.0
062925,0.0,13774.41
062931,27435.66,0.0
062932,0.0,7142.0
062933,9989.0,12957.0
062934,0.0,1328.0
062935,0.0,337039.0
062936,3492.0,630100.0
062937,0.0,275691.0
062939,220179.0,0.0
062941,2336.0,2656.0
063001,9034.0,0.0
063002,231252.0,131833.29
063003,110456.0,156359.0
063004,1932433.45,5279501.15
063005,79638.0,244714.6
063006,49508.0,52068.0
063102,12460967.06,262039.0
063103,0.0,110401.44
063105,2693864.39,0.0
063201,4973.96,0.0
063203,11261.0,5447.0
063204,132770.32,128073.78
063205,0.0,14755.0
063206,466950.5,10421.0
063207,112561.0,0.0
063208,33469.87,698535.65
063209,27951.61,88043.6
063210,45769.11,73107.96
063211,0.0,17921.0
063212,502861.38,46296.0
063213,0.0,1328.0
063214,0.0,14681.35
063215,62556.0,8638.0
063301,184110.98,2024.0
063302,71772.0,74485.0
063303,86460.0,50636.87
063304,84155.0,224899.84
063305,4544.0,782958.77
063306,2962.0,55966.11
063307,256405.0,99101.29
063401,25305.0,228569.89
063402,87902.7,331781.96
063403,6636.08,78585.0
063404,43458.97,4285.0
063405,17913.05,16159.71
063406,0.0,1051.0
063503,0.0,1054.34
063505,0.0,48924.0
063506,12672.0,116839.29
063507,0.0,24258.73
063602,0.0,13894.0
063604,0.0,38027.0
063605,0.0,747512.9
063606,0.0,1280.98
063702,0.0,10629.0
063703,0.0,11308.0
063705,0.0,3392.0
063706,0.0,11270.0
063707,35547.0,38232.36
063801,11563.0,0.0
063802,2100.0,41524.0
063808,0.0,4671762.0
063809,5698.0,0.0
063810,119815.24,0.0
063811,33085.52,9909.85
063812,14843.0,5159.0
063813,12088.4,0.0
063814,0.0,5073.0
063815,65279.0,1095607.0
063816,0.0,1993.0
063818,130773.0,0.0
063819,0.0,11305.9
063820,0.0,21399.48
063821,0.0,1470.0
063822,141963.0,95511.12
063823,944171.03,34764.19
073901,1995.92,137364.64
073902,0.0,43331.0
073903,22859.65,222653.0
073904,0.0,1328.0
073906,5602.0,0.0
073907,11024.4,104854.0
073908,514483.7,0.0
073909,141452.7,39412.09
073911,1193814.0,790841.33
073916,0.0,22592.0
073917,0.0,9998.0
073918,3475.0,75283.0
073919,34500.0,164010.32
073920,85705.56,114390.52
073921,53024.64,67117.0
073922,0.0,29229.4
073923,237869.02,1537626.07
073924,81199.0,79275.66
073925,17024.68,97316.11
073926,18630.3,87030.98
074002,0.0,7439.0
074003,0.0,40018.0
074004,0.0,2829.0
074005,2116.11,0.0
074006,0.0,3997.66
074009,62638.0,29673.05
074010,5167.0,87513.0
074011,153689.43,1953141.79
074012,22024.7,247412.94
074013,0.0,11970.67
074014,0.0,15537.91
074015,6410.0,5041.0
074016,49677.07,164742.73
084101,1851165.16,0.0
084102,472384.69,0.0
084104,10558.0,19138.63
084107,3875.0,0.0
084202,1000.0,33664.01
084203,57767.18,109876.49
084205,6120.0,0.0
084302,0.0,57405.0
084303,25158.0,45390.0
084304,8763.0,0.0
094401,25225.0,5315.0
094403,2253111.15,0.0
094404,4331.0,0.0
094407,240520.67,440318.0
094408,159758.05,14451.0
094409,87042.1,67405.43
094410,0.0,58673.95
094411,71315.37,21016.0
094412,15630.22,103979.0
094413,0.0,9662.0
094415,11289.79,75675.22
094416,10694.0,3516.0
094417,4078.78,0.0
094418,108011.0,169558.07
094420,20779.0,48506.0
094421,24805.0,11166.0
094501,0.0,1871.0
094503,9084.66,35798.48
094504,0.0,39062.0
104701,0.0,3419.0
104702,0.0,41240.0
104703,0.0,24585.0
104705,61827.19,0.0
104706,0.0,14618.0
104707,0.0,4000.0
104801,20535.0,59592.41
104802,1464.0,694019.11
104803,0.0,22651.0
104805,79443.78,736771.01
104808,1237.15,191896.65
104810,52160.11,34725.0
104811,86843.01,14622.0
104812,0.0,32118.0
104813,10600.0,25214.0
104814,50354.24,193846.76
104817,0.0,6832.75
104818,29113.0,81601.51
104819,200823.17,466445.83
104820,0.0,120208.65
104821,1262.0,187333.76
104823,0.0,285029.14
104901,155515.58,1811268.48
104902,25283.63,12249.0
104905,39825.0,5863.0
104907,10061091.0,222024.0
104908,0.0,5980.0
104909,0.0,5980.0
104910,0.0,5315.0
104911,21337.13,139019.69
115002,32752.53,0.0
115003,207558.74,0.0
115004,4181.0,0.0
115006,7199.0,0.0
115007,1400.0,5386.0
115101,262783.62,254692.97
115107,16330.0,5933.0
115109,16296.0,0.0
115111,0.0,15239.76
115112,0.0,354344.0
115201,1222943.28,88323.52
115202,0.0,1189.0
115204,0.0,1599.0
115205,3131.0,28027.48
115206,0.0,1248.0
115207,0.0,1745.0
115208,107340.0,780936.86
115209,11273.0,116281.0
115211,0.0,57929.0
115212,3170.0,0.0
115311,0.0,131376.0
115401,9182.0,5873.08
115402,1260887.16,61314.0
115403,11961.0,0.0
115407,15205.0,339723.02
115501,0.0,79509.0
115503,656472.98,20607.92
115505,113385.66,0.0
115506,547053.0,0.0
115507,350934.0,0.0
115508,0.0,1328.0
115509,1000.0,4476.1
115512,0.0,205301.18
115514,0.0,12491.0
115515,48832.0,171427.0
115516,0.0,106216.34
115601,73665.0,27101.0
115602,26398.0,0.0
115603,66690.0,18440.0
115607,339879.7,33888.0
115608,2100.0,0.0
115701,23486.0,0.0
115702,3142939.76,7192.0
115703,24628.0,19975.0
115705,94049.0,34434.87
115802,1938.0,5740.0
115804,30908.13,0.0
115806,32259.0,6805.27
115807,16549.0,8955.85
115808,45320.0,2157.0
115903,68331.56,0.0
115904,0.0,106550.91
115909,43385.0,0.0
115910,14254.0,0.0
115911,20107.0,0.0
116001,0.0,1328.0
116002,130817.0,5295.0
116101,3184.0,18682.44
116102,37879.0,8297.0
116103,3386.0,14083.0
116104,134404.0,194532.0
116105,0.0,38755.38
116107,15725.0,13561.25
116108,8469.0,11595.0
116109,1692.74,156394.62
116110,115131.88,482307.49
116111,30442.64,9545.0
116112,557985.0,239607.0
116114,27377.68,18421.0
116115,84925.87,43549.0
116116,58625.28,1328.0
116117,1055.0,10630.0
116201,387006.0,90313.0
116202,3914065.19,61240.0
116203,210165.0,1094233.67
116204,784032.31,192203.87
116205,4961405.0,156102.45
116206,94879.0,28336.0
116207,8768.0,0.0
116208,8070.0,28242.0
116209,17177.0,59321.09
116210,1368.0,3993.0
116211,241211.31,396028.57
116212,0.0,1993.0
116214,5740.0,5336.0
116215,0.0,3322.0
116216,129594.35,25596.0
116217,11923.0,31616.23
116301,9306.29,415984.92
116302,32569.0,152381.41
116303,2615.0,132845.0
116304,7572.0,12258.0
116305,77657.7,486198.64
116306,0.0,3660.0
116307,0.0,10181.59
116309,0.0,568041.82
126401,10943.0,62383.0
126402,15897.0,233699.98
126403,901677.0,1601767.11
126404,279577.0,627006.77
126405,773039.0,230301.42
126406,0.0,138356.45
126505,0.0,34629.0
126506,3500.0,0.0
126601,0.0,5478.39
136801,5016.0,0.0
136802,264067.0,42083.82
136803,0.0,6644.0
136804,2090.0,51369.0
136805,33337.0,1328.0
136806,148529.89,239071.69
136807,0.0,15080.0
136809,0.0,11138.0
136810,409505.57,8718.0
136812,10753.0,65862.99
136814,7212.0,0.0
136815,70300.28,315888.0
136901,0.0,48000.0
136902,2145.62,0.0
136903,2100.0,11960.0
136905,0.0,15282.0
136907,0.0,40411.68
136908,0.0,151623.38
136910,0.0,167328.83
136911,150023.1,3628819.25
136912,27125.66,23254.6
136913,54128.78,434243.0
136914,84921.27,0.0
137002,0.0,1993.0
137003,65470.0,117882.73
137004,24736.58,107400.15
137005,49121.0,2197.0
137007,14041.06,41319.56
137009,0.0,14302.84
137010,139548.01,2310222.43
137013,10988.64,120042.71
137016,13560.46,9139.0
137018,0.0,2579.0
137019,210798.31,19873.0
137020,114278.38,2833.0
147102,0.0,105130.0
147103,26679.0,0.0
147104,22294.0,100214.0
147106,0.0,29901.0
147108,0.0,730918.0
147110,44195.0,1440.0
147112,2314970.0,0.0
147113,60000.46,82452.0
147114,6645.0,0.0
147115,0.0,1060495.0
147117,0.0,15282.0
147118,783512.0,3427.0
157201,1036802.8,0.0
157202,12901974.38,0.0
157204,3661748.93,0.0
157206,181009.0,8077.0
157207,2322644.18,69358.0
157208,55110.53,89014.15
157209,70555.0,85135.0
157210,0.0,376159.0
157211,23014.0,0.0
157212,7937.58,124010.02
157213,80949.37,89600.0
157214,223451.95,10806.0
157215,222421.01,0.0
157216,46259.24,139223.41
157217,55092.0,3739.0
157218,7050.98,395407.0
157219,20435.48,23097.0
157220,52287.0,0.0
157222,16820.0,2906.0
157223,1688.0,0.0
157224,2597.19,0.0
157225,70832.36,0.0
157226,0.0,36796.0
157227,6507.72,0.0
157228,1191834.6,0.0
157302,48500.61,3879.0
157303,45768.16,3941.0
157304,21260284.97,1444611.03
157305,491080.36,47016.0
157306,1133130.42,208859.97
157307,131245.69,64374.0
157308,100424.33,794921.31
157309,7533.0,82065.0
157310,69797.9,312191.67
157311,19701.51,9336.09
157312,58149.81,693259.0
157314,122160.1,24912.0
157315,33121.33,1389.23
157317,20111.18,0.0
157318,101167.77,21018.91
157320,50952.49,30323.31
157321,4117.0,92281.0
157322,10060.97,3986.0
157323,33262.51,378881.77
157324,25984.55,15310.91
157325,182555.0,2212.0
157326,78865.31,247453.28
157401,10589.81,0.0
157403,164221.08,89432.0
157404,4199868.66,0.0
157406,14040.0,0.0
157409,12752.02,0.0
157410,3844.0,0.0
157411,12834.0,0.0
157413,33500.0,506056.0
157415,0.0,18584.0
157419,33424.0,0.0
157601,206273.52,33000.0
157602,1197523.28,0.0
157603,10490.0,0.0
157604,481179.0,75669.12
157606,29168.14,357669.7
157607,0.0,31182.35
157608,67480.01,27506.22
157610,114782.0,90574.0
157611,9262.0,0.0
157612,9650.82,8999.0
157614,267690.29,137074.64
157615,0.0,91692.77
157616,122748.0,141368.95
157804,0.0,10148.0
157806,0.0,2657.0
158001,480257.0,0.0
158101,4651.0,0.0
158102,4651.0,0.0
158105,176107.0,0.0
158108,67120.0,0.0
158201,3331.0,5979.0
158202,68009.0,0.0
158203,0.0,27324.0
158205,34795.37,46771.59
158206,0.0,55815.0
158207,72172.0,155972.0
158209,43306.0,0.0
158210,1143.15,0.0
158211,0.0,4445.0
158212,0.0,70444.0
158214,10665.0,9967.0
158215,0.0,11452.0
158301,61409.0,43935.89
158302,1364.0,86685.89
158303,0.0,7309.0
158304,0.0,13713.0
158305,0.0,34838.0
158306,3748.0,32494.17
158308,32705.0,27416.0
158309,5967.0,325593.09
158310,0.0,249412.66
158311,18872.0,410176.46
168402,0.0,3811.0
168403,1586.0,143425.41
168404,0.0,1797.0
168407,149640.0,160545.0
168408,11458.54,81829.68
168409,338962.74,309561.92
168411,65666.0,331931.0
168412,55357.0,19110.0
168413,276264.48,858541.54
168414,24428.06,1903499.32
168415,150699.0,1305287.0
168417,15229.0,45410.0
168418,52288.82,122883.73
168419,98438.04,40399.69
168421,482326.0,139877.32
168422,68626.02,1541947.14
168423,120433.09,29907.0
168424,389661.66,26878.69
168425,6255.1,28568.0
168426,48500.0,1328.5
168427,67672.54,834617.0
168428,107069.0,352810.8
168429,92522.0,69611.0
168430,15199.0,1036365.0
168431,643185.79,493710.78
168432,0.0,231649.0
168433,33435.04,60208.0
168434,0.0,249245.0
168435,0.0,10131.0
168436,2196.0,306984.0
168437,3000.0,118925.79
168438,179497.99,2277702.15
168439,35496.0,1593.0
168440,0.0,4651.0
168441,55661.0,1528.0
168443,709946.87,93920.1
168445,37187.26,30000.0
168446,16679.81,164070.0
168447,35337.89,9229.0
168448,17739.53,0.0
168450,105750.0,995517.99
168451,1000.0,34493.0
168452,19309.0,19004.04
168453,3624.0,0.0
168456,1329.0,0.0
168457,655816.0,0.0
168458,357882.68,0.0
168459,153071.52,4662.0
168460,79050.0,12978.0
168461,100019.64,7181.0
168462,135199.0,29428.0
168463,40649.0,10146.0
168464,12199.0,12584.0
168465,25358.0,25936.22
168466,10556.0,53554.99
168467,0.0,6644.0
168468,28759.0,12147.0
168469,0.0,71795.0
168470,0.0,204875.0
168471,164785.0,1863054.83
168472,4547.0,60425.12
168473,490570.0,431534.95
168474,251370.0,244945.32
168477,687869.96,2438336.8
168479,10202.0,1134506.41
168480,12626.0,0.0
168481,141548.0,433545.88
168482,163213.0,41404.0
168483,36213.75,121042.25
168484,0.0,12017.0
168485,130409.0,84075.08
168501,3560345.3,426788.05
168502,96363.0,945509.74
168503,149881.79,112451.43
168504,417626.99,2477249.57
168506,2024.0,83256.0
168507,20715.02,300443.58
168508,5544.0,35880.0
168509,91643.0,153455.0
168510,383985.0,58472.0
168511,7366.56,374551.28
168512,0.0,46161.15
168513,0.0,1993.0
168514,1422.0,148177.0
168515,62111.7,3986.0
168516,287163.15,715682.36
168517,7974.0,914000.1
168518,2279.0,38385.0
168519,0.0,172114.0
168520,0.0,65820.0
168521,0.0,46367.01
168522,0.0,5103.0
168523,66394.0,192201.0
168524,90106.0,20673.0
168525,12467.0,3072876.83
168526,0.0,28666.0
168527,10752.0,6754664.0
168528,10632.0,171222.65
168529,131844.0,3411485.17
168530,37989.0,5016.0
168531,129518.35,41988.92
168532,32923.0,2597107.0
168533,293119.14,0.0
168534,0.0,1328.0
168535,170747.55,1270569.45
168536,375153.91,1104560.44
168537,84722.91,107658.64
168538,41183.0,404063.89
168539,316517.0,354821.69
168540,0.0,18720.0
168541,40897.0,29763.0
168542,309881.0,557785.7
168543,80224.0,90315.21
168544,145986.91,1870971.57
168546,14591.6,98695.0
168548,20089.0,133938.71
178601,682815.26,0.0
178602,109785.0,1200000.0
178607,365088.12,1166896.0
178608,0.0,6016.0
178609,0.0,7565.0
178701,51533.69,292787.06
178702,0.0,336600.38
178703,927200.84,2758165.79
178704,1227560.35,1343550.0
178705,55893.1,632941.84
178706,0.0,285158.0
178707,1134.0,11625.0
178708,824060.78,2413060.05
178709,25106.0,0.0
178710,13374.0,0.0
178711,0.0,11561.0
178713,4651.0,29649.0
178714,30041.0,12414.0
178716,27875.83,170394.2
178802,80506.0,1731486.0
178803,542459.1,664030.43
178804,32375.69,0.0
178901,567070.24,0.0
178902,0.0,74906.0
178904,105000.0,0.0
178908,516101.19,0.0
189001,7398.0,16027.0
189003,0.0,16484.0
189004,0.0,4542.0
189005,11297.0,1328.0
189006,12869.0,211348.0
189007,0.0,5667.0
189008,5367.0,12346.32
189009,4058.0,2203541.0
189010,1329.0,49997.0
189011,0.0,19269.0
189013,0.0,1768.0
189014,50249.0,160099.0
189015,99081.0,557889.36
189017,0.0,1328.0
189018,76911.0,4187171.04
189019,0.0,11132.0
189021,1329.0,205344.79
189022,2359.0,15195.11
189023,0.0,23256.0
189024,2125.0,0.0
189025,1209.0,52557.49
189026,21753.0,73207.0
189027,61171.6,138416.0
189028,1683.0,77860.0
189029,210758.0,1993.0
189030,0.0,12625.0
189031,10260.92,89764.66
189032,172939.34,92777.0
189033,17111.0,15057.0
189102,0.0,3986.0
189103,0.0,24809.0
189105,11874.0,12761.0
189111,1676.0,0.0
189114,0.0,3322.0
189202,8353.0,0.0
189205,20008.0,0.0
189207,0.0,24371.0
189209,11216.0,2819.0
199302,0.0,251627.15
199303,0.0,196271.03
199304,0.0,57092.35
199305,38645.0,5620.0
199306,0.0,71500.3
199307,0.0,1993.0
209401,7288.34,333085.84
209402,0.0,9045.0
209403,166616.85,3184072.08
209404,0.0,87203.0
209405,455471.71,302056.9
209406,156250.45,355666.8
209501,0.0,31779.0
209502,1715.0,10280.0
209503,7126.0,595937.72
209504,0.0,117499.12
209505,0.0,125302.0
209506,0.0,47627.96
209507,32088.81,0.0
209508,7039.0,0.0
209603,128443.08,21347.95
209606,0.0,13354.78
209607,1497.0,3966.79
209608,44956.53,21935.11
209609,0.0,5980.0
209610,0.0,3322.0
209611,0.0,23756.0
209613,0.0,5738.27
209617,0.0,1773.0
219701,27726.38,29268.0
219703,1793.0,0.0
219705,22454.0,0.0
219706,6430529.0,0.0
