010101,289498.42,4734179.69
010102,47878.74,30728366.4
010103,0.0,50593.12
010104,6014.86,3604921.63
010105,101886954.4,8189244.35
010106,5926151.94,1640067.18
010201,15710.64,3929787.43
010202,3398199.47,12475327.25
010203,1013735.53,670456.94
010204,6453.0,15921900.88
010205,22522.7,20165.96
010206,350631.03,5645376.47
010207,18422605.23,60037172.33
010208,404097.0,534821.04
010209,0.0,72063.55
010210,282737.88,252938.5
010301,34517632.66,9355213.58
010302,24908817.98,79777851.95
010303,9911835.34,61410182.96
010304,8365938.42,15906513.61
010305,5081535.28,9303494.04
010306,179027834.97,54972083.05
010307,57595217.73,15584783.15
010401,4261464.97,3470250.52
010402,67023709.44,262150205.74
010403,2359707.43,2940332.63
010404,385322.83,5997785.11
010405,1446265.19,8124346.66
010406,1074863.42,14767281.32
010407,40114731.97,972877.62
010408,9464.0,25370.43
010409,1680344.41,3641995.28
010410,8624440.84,1342439.74
010502,0.0,111619.31
010503,0.0,8583.76
010504,37300.06,2574889.22
010505,4152089.0,142467.56
010506,32653.29,20882.61
010507,805584.82,18254.57
010508,129629.63,23511.24
010509,42532.0,0.0
010510,19989.82,32345.11
010511,966052.51,3732405.79
020601,68596.72,121365.0
020602,16877764.01,2506138.28
020603,27935325.2,635052.56
020604,11726623.71,240381.87
020701,343032.88,18917238.32
020702,9409209.87,1354576.6
020703,10052477.34,76445037.94
020704,1976372.98,31886520.12
020705,1669894.68,3366940.92
020706,2545427.0,17097815.8
020707,2952864.56,94998.85
020708,4590084.57,7139523.38
020709,25636600.09,14755754.96
020710,734091.01,12312747.42
020711,192133.96,1807565.1
020712,4024870.06,11626791.9
020713,7741864.96,25070548.66
020714,1356288.45,4394699.92
020801,10681505.77,6533069.68
020802,1358905.57,6688911.95
020803,8737998.36,34857.58
020804,9843526.63,14682708.73
020805,2173452.79,27742415.06
020806,1621720.0,17421665.04
020807,41443840.03,288995.81
020808,652481.85,27631548.5
020809,34350.01,1790114.59
020810,27110276.84,10567973.44
020811,381992.99,1425851.92
020812,273386.22,103113.75
020813,1453844.76,5526193.25
020814,22690.58,43164.1
020901,3872336.27,17612842.31
020902,3587855.98,13758299.92
020903,813786.32,13618.52
020904,48270231.47,32577331.87
020905,143070.69,188547.0
020906,418724.56,730522.29
020907,453892.98,6113409.39
020908,1043057.56,1876149.47
020909,1094595.81,4724978.83
020910,6958772.17,8346134.46
021001,570203.15,141979535.67
021003,109077.14,194415.15
021004,148896.89,363187.56
021005,2155118.61,312789647.15
021006,14833874.1,15185352.58
021007,2525.99,36659.76
021008,139391.76,1846903.52
021101,17700916.02,3026607.08
021102,2681858.94,7304355.92
021103,1361101.71,2642998.87
021104,8537712.13,7371004.97
021105,482415.42,2071786.01
021106,7179957.9,1301579.2
021107,9570.73,7821434.47
021108,5771933.46,24839902.8
021109,348999.55,706205.51
021201,12316170.96,118882851.28
021202,823138.59,14252648.9
021203,149902.75,2878210.11
021204,0.0,394474.0
021205,4787.17,2635977.49
021206,45111.84,1395519.29
021207,6421512.32,3491465.74
021208,523526.87,4250739.98
021209,390743.26,3838959.99
021210,4009.0,152605.06
021211,4542778.81,25915875.82
021212,3656856.33,6491681.4
021213,596195.05,358710.76
021214,103903.41,742121.84
021301,437694.96,2361718.58
021302,3484676.14,12626159.59
021401,4006831.39,1232077.83
021402,37716.79,241428.34
021403,7824.0,121179.28
021404,1441381.13,819519.32
031501,0.0,4195.0
031502,324843.03,332391.64
031503,9026617.37,2632.0
031504,581687.99,1001566.12
031505,0.0,32303.56
031506,16751.21,65154.84
031507,70297828.99,61063939.17
031508,383910.82,1071064.07
031509,733901.56,353854.13
031510,12394.7,2719340.0
031511,3547712174.86,138087349.05
031512,17539421.32,21538074.14
031513,286422734.46,90817934.1
031514,5140911.82,4221682.29
031515,22573858.28,22978902.2
031516,288552432.37,15840902.53
031517,103227288.89,6948886.44
031518,3628401.58,2745379.45
031519,518301152.62,17396218.25
031520,126334631.46,2456226.35
031521,1809943.77,712014.11
031522,3416416.57,3425461.0
041601,788751.58,3819908.17
041602,16646887.13,9228432.98
041603,3360644.07,866118.89
041604,39439316.18,23434936.26
041605,42404073.38,10421780.93
041701,61031619.12,129917029.01
041702,6539113.9,17566153.9
041703,146563.28,740587.34
041704,20185301.29,24901652.72
041801,33167758.56,139628901.97
041802,1172108.2,314915.32
041803,31686425.19,650366.34
041804,96467061.26,494723.94
041805,46893629.98,3746348.29
041806,39117613.53,18001623.72
041901,65293152.96,113509457.73
041902,22622816.11,18830538.31
041903,1067149.07,127306.89
041904,12636425.01,11909018.63
041905,116930596.5,23511722.56
042001,496987.17,366079.82
042002,391942.85,4778031.34
042003,2094147.66,9271901.2
042004,1566799.34,5250490.81
042005,14560026.14,13329581.72
042006,478576.49,2214894.31
042007,3510328.73,5722329.03
042008,20721604.52,25477937.1
042009,17482297.76,11259621.28
042101,69734470.68,20226812.65
042102,1360770.77,4238301.99
042103,42715162.23,20365105.32
042104,10886575.48,2359891.27
042105,5700107.9,7951747.91
042106,79331860.82,111954224.76
042201,6067640.99,847984.39
042202,62753261.88,11542053.96
042203,24933348.52,17893367.49
042204,1785107.34,14736294.79
042205,72890.73,462796.54
042206,191665.69,1242723.7
042207,778304.65,1105573.69
042208,26860595.75,60535536.09
042209,464336.71,704215.29
042301,19289326.3,7808731.51
042302,1219950.48,4727096.17
042303,109965.82,1058414.61
042304,9905680.55,114050449.85
042306,100790640.68,1310106.22
042307,0.0,41478.0
042308,811728.71,3344327.2
042309,29676862.03,97064322.64
042401,5000978.34,34591124.7
042402,97410603.59,51026603.66
042403,106037432.13,15929162.58
052501,1595186.79,11427735.5
052502,7340.52,19916.56
052503,5655380.75,2114006.89
052504,17767.0,286553.13
052505,33438392.28,5283588.77
052506,208509.77,1539931.21
052507,4383981.28,3646731.01
052508,9913359.17,14611400.16
052509,666500.79,84521.42
052510,3237353.79,9003400.8
052511,12700.0,811382.95
052512,89013.04,260176.15
052513,191338.71,2346657.65
052514,6174.27,131556.69
052515,495232.68,3089540.05
052516,1481307.75,2550285.27
052517,4114263.74,4850385.65
052518,25047.71,62816.16
052519,49954.18,3081476.6
052520,303166.5,601881.75
052521,7796786.06,77845.78
052522,5407341.72,190189.83
052523,62619215.12,34530534.26
052524,20592.68,3616500.32
052525,901029.13,707978.0
052526,353829.77,3752859.9
052527,0.0,99341.0
052528,334751.1,211038.51
052529,2665961.48,9386787.52
052530,3840588.67,15496326.3
052601,8180103.31,52457978.92
052602,6578.0,142104.08
052603,189279.58,0.0
052604,11525.08,40511.0
052605,2249.8,0.0
052606,929712.4,536018.42
052607,318093.26,29745.0
052608,10332.39,0.0
052609,0.0,63675911.29
052610,5021.75,35629.99
052611,145864.21,35507.0
052612,265042.93,0.0
052614,11968474.34,4987947.37
052615,7807226.36,6195317.18
052616,0.0,12446.04
052617,497685.0,3292.82
052618,3085.43,700285.5
052619,346271.33,30684.0
052620,5147061.32,2073817.49
052621,515719.38,558579.9
052701,1596840.58,205856113.45
052703,106235.83,217398.82
052704,48491.37,5738416.27
052705,18306.19,73638.02
052706,10558.83,198570.86
052707,53501805.58,60385592.86
052708,12493.51,502624.83
052709,2887733115.52,282746009.64
052710,1841167518.5,1985411730.05
052711,3236061469.86,121729820.8
052712,49959635.6,10898395.08
052713,3882933.62,106032835.53
052714,247315.3,993684.93
052715,457027.98,551378.34
052716,666688.0,309533.0
062801,1166951.47,1601621.08
062802,258523.03,979608.65
062803,6038838.03,11724356.61
062804,2382578.13,125103064.22
062805,56478.72,3159357.77
062806,2302524.66,749589.71
062807,2454449.74,2235636.01
062808,255257.15,2763532.22
062809,3345744.06,905777.01
062810,148011.6,1052484.01
062811,22247269.05,46494617.01
062812,166845.0,1245683.89
062813,0.0,5977.09
062814,38977817.99,6234007.68
062815,2777483.33,15473899.2
062816,8904.63,432774.81
062817,1009182.5,2746828.54
062818,2039472.05,15550993.82
062819,41322.45,893884.28
062820,93251.17,2260592.65
062821,749801.18,7410932.36
062822,591845.48,1242831.06
062823,9490828.37,16639744.49
062824,1990733.4,966295.62
062825,2401775.49,9649540.38
062826,215358.01,3000781.95
062827,3067969.91,17007595.09
062828,739856.01,2154167.65
062829,27128.93,1001414.78
062830,75474.17,616890.07
062831,29352.18,675339.38
062832,241888.64,1663841.32
062833,7639515.32,21995674.37
062834,1220843.76,4604744.31
062835,5081381.73,33431016.13
062836,17621571.68,66809947.96
062837,143071.0,5349907.16
062838,3046.0,54788.48
062839,12150559.85,2799575.86
062840,1300839.63,1079281.62
062841,344416.41,4684567.54
062842,399437.26,1293473.28
062843,188539.75,15158047.03
062844,517755.56,37896638.91
062845,23183.0,147652.0
062846,188070.37,3704660.66
062847,333121.01,5775867.46
062848,0.0,179802.15
062849,2579268.54,3693499.73
062850,64687.54,323423.43
062851,240040.9,1093569.31
062901,71059136.64,51169148.46
062902,191951532.0,239092611.42
062903,81955376.07,107073925.81
062904,629446.53,2722578.85
062905,253160058.77,110514911.52
062906,226883.71,11361339.66
062907,3934463.87,36023023.56
062908,50711.96,6100846.39
062909,173231192.88,26852260.96
062910,2516151.16,15014431.86
062911,44125.64,259051.26
062912,1536662.0,5496867.88
062913,0.0,77782.77
062914,2121093.16,15260356.88
062915,239890360.68,60591308.76
062916,127322685.36,32645009.11
062917,185575576.07,78198869.63
062918,24569919.69,18961018.63
062919,237953.97,6192484.5
062920,175423.71,5747831.79
062921,1288465.64,11977753.95
062922,24111106.51,31732810.26
062923,521320.83,4285015.76
062924,8394286.09,5910219.36
062925,106600.68,2331437.56
062926,2107615.61,14280769.94
062927,66219.56,1566274.7
062928,9192.15,277274.59
062929,2027470.68,17385401.62
062930,3054435.63,17359075.83
062931,10148482.98,47050579.65
062932,1153660.97,1556698.41
062933,1723890.99,43802519.05
062934,626693.97,6184606.29
062935,123440.84,1548999.77
062936,9221823.84,19904980.08
062937,1815057.72,3088382.44
062938,278523.66,383071.2
062939,686286.28,2165828.39
062940,671318.0,290247.29
062941,15334046.01,25688645.66
062942,2328965.44,3001265.63
063001,164136.23,315256.53
063002,2594415.3,28267321.54
063003,12126539.11,19452102.49
063004,61345132.25,268213846.46
063005,5800227.16,13227284.44
063006,5884033.24,11821824.74
063101,639742.12,1271763.22
063102,113435463.63,59708402.72
063103,661745.15,6280494.55
063104,3279930.75,146499524.36
063105,24209688.58,32976726.84
063201,96615.18,273586.76
063202,101893.07,893132.2
063203,983438.66,1091674.15
063204,9143227.11,58986777.25
063205,157610.42,546240.47
063206,71626869.26,61699703.93
063207,9149333.44,59367888.36
063208,42282653.5,44248152.29
063209,13504393.04,9968400.9
063210,4510567.59,4876999.58
063211,350078.46,1009133.37
063212,17905734.39,21507192.15
063213,1408611.79,482275.35
063214,22534556.4,18462211.8
063215,38211015.03,29995610.66
063301,1177057.43,5294182.03
063302,4987656.05,56716738.59
063303,2536090.03,14578947.32
063304,31953466.39,91155970.91
063305,18729076.43,34006810.36
063306,3939554.98,30240975.51
063307,36454347.01,30835402.1
063401,125243899.53,24647375.12
063402,69055622.06,82444005.2
063403,12567632.2,38313728.45
063404,48198525.4,10454236.55
063405,3181603.45,18802354.27
063406,9653830.38,2296347.47
063407,1485572.34,345619.46
063501,203849.62,2303569.22
063502,55851.0,134048.66
063503,324590.37,994332.64
063504,231717.86,925492.09
063505,4975177.12,10410670.76
063506,25215640.42,30389853.01
063507,1335525.64,5044695.6
063601,193812.0,811147.65
063602,1214047.71,5259870.24
063603,266763.51,1361685.19
063604,451328.5,1604230.62
063605,853515.18,198331.89
063606,1363092.16,729868.03
063701,14433862.11,33983636.08
063702,38000617.75,49282111.36
063703,2374142.34,13376512.79
063704,1619631.0,608047.0
063705,1243258.69,9316619.93
063706,301462.95,927136.21
063707,15452326.57,18197675.36
063801,242799.11,4430003.65
063802,20327188.63,4021574.13
063803,3418.32,46956.98
063804,115369.18,2088209.17
063805,220015.84,309703.44
063806,807215.71,6779400.52
063807,1509836.99,67606.09
063808,58951672.3,53748460.45
063809,4290037.48,15904127.72
063810,11017096.4,49924097.14
063811,3534758.91,26224533.17
063812,35341000.19,22453218.05
063813,178226.22,2168829.07
063814,3903815.27,5664762.32
063815,15162510.84,65203091.16
063816,9368449.95,9052010.74
063817,132280.95,12938879.1
063818,266124536.97,69488209.85
063819,795899.73,2294621.81
063820,207908.51,1349302.68
063821,561808.8,853120.74
063822,649166.6,13864681.14
063823,158466435.52,133489324.96
073901,214046147.65,215973862.51
073902,107748914.44,65544991.05
073903,278484843.34,217337374.71
073904,33110218.47,54990794.14
073905,11977793.59,16626860.96
073906,20594581.85,62861262.49
073907,308893209.93,373987270.45
073908,52304151.97,44521942.83
073909,25830143.69,91188581.27
073910,4786757.76,36197978.14
073911,10093222.69,52051892.82
073912,1332643.96,14360168.74
073913,1412856.35,2825431.61
073914,211419.07,4066175.0
073915,19493792.13,6061822.48
073916,6928360.02,4215376.85
073917,26488037.44,41862219.66
073918,6039635.2,7483804.53
073919,33312899.2,89866865.02
073920,232926275.64,186372623.52
073921,66909649.2,62944586.45
073922,4507127.32,2206500.23
073923,401275575.11,104960807.03
073924,46788724.4,15041284.63
073925,15690297.5,5413527.92
073926,346446093.65,376455712.4
074001,741707669.96,305211720.0
074002,17887972.88,123689881.45
074003,1860401.9,610128.14
074004,1523340.0,332228.4
074005,18755545.32,21157917.81
074006,6858037.03,4361446.16
074007,115049723.02,1426884.95
074008,33607624.69,10340998.8
074009,25712191.94,22130383.7
074010,8530881.89,17752604.13
074011,74975095.13,64141260.0
074012,4805157.94,5260673.62
074013,4528290.26,4078461.71
074014,46316715.78,3076403.05
074015,960526094.79,13472938.43
074016,93808727.02,88390559.79
074017,3123680.14,5102521.76
084101,4017293.06,1408921.61
084102,476348.39,2000874.41
084103,8353865.16,1426279.28
084104,35170327.41,101287505.57
084105,10327151.86,20684279.68
084106,463422.01,655984.11
084107,2884325.23,4736386.36
084108,57407.0,56200.67
084109,676299.43,603494.76
084110,497387.84,15226.05
084111,238355.56,434994.17
084201,87079.91,199023.17
084202,17595383.76,40443956.45
084203,1663638.38,4535237.17
084204,49400.99,166765.26
084205,14095750.25,2770258.27
084206,69982.99,43933.0
084301,7031.0,5601.0
084302,191169.8,1640301.55
084303,2086949.41,81071.08
084304,19289.65,31536.73
094401,18986165.66,552080.74
094402,15030114.55,646053.63
094403,688521669.39,41967091.32
094404,3505148.31,76092.75
094405,557456.76,146791.22
094406,11114823.98,174197.75
094407,827210362.34,79776740.78
094408,141428941.14,36446674.1
094409,126306441.56,11809564.42
094410,34651235.6,16600503.28
094411,230906917.92,8660399.43
094412,1140039794.13,11343124.76
094413,3339463.13,1052134.71
094414,13076902.42,921397.76
094415,21780186.24,2408185.57
094416,138975.72,7915.85
094417,2452663.02,220573.86
094418,182413945.62,7717557.86
094419,3630387.78,512341.75
094420,4166538.53,2382347.21
094421,20714191.78,10418846.56
094501,6124.9,3022.96
094503,9875.76,554713.49
094504,304061.98,348407.03
094601,206253.43,754475.32
094602,580244.21,980568.69
104701,249938.52,185689.51
104702,1036.62,142835.45
104703,52283.83,7129859.13
104704,19550.19,616091.38
104705,1142.31,390642.89
104706,428243.26,613590.07
104707,3251413.16,20020560.07
104801,16124434.21,72472373.15
104802,40303791.53,153311600.5
104803,5063493.04,5040143.61
104804,7050786.59,93994944.6
104805,22772376.75,60418453.14
104806,413437.85,5730483.01
104807,853820.57,1402776.13
104808,3917798.09,9874850.51
104809,1943965.92,11531370.51
104810,7256252.34,188804175.82
104811,37534409.67,105269890.92
104812,62413.85,1715722.15
104813,2836351.14,5272290.96
104814,1009618.2,3209300.48
104815,84191.87,28732.81
104816,1977260.94,2139233.62
104817,3643619.92,1340517.65
104818,78706819.93,45792748.07
104819,50619750.37,32428508.37
104820,45782819.43,5034284.06
104821,18343371.61,36801086.29
104822,2190185.01,10318330.66
104823,38868925.3,58216619.88
104901,111691995.88,76369138.07
104902,5078110.98,9041069.37
104903,6352153.78,406706.07
104904,346005.46,515467.85
104905,911926.75,334537.76
104906,429335.83,425604.03
104907,1865347.5,15865039.34
104908,356237.86,5541389.99
104909,2185284.96,519225.79
104910,2336595.21,847825.63
104911,16083035.66,14869511.53
115001,57912.0,80386.0
115002,91865.0,78636.93
115003,5300.0,30074.0
115005,75855.0,50946.45
115006,1218.0,0.0
115007,1698770.73,10978242.1
115101,4646.0,14338017.71
115102,0.0,4905.79
115103,485779.17,20412.0
115104,12920.0,0.0
115105,6141749.46,3334384.27
115106,914792.29,1149279.35
115107,37244728.9,1250577.36
115108,0.0,3141.0
115109,436557.14,170562.76
115110,0.0,2414.0
115111,188844.0,1628370.83
115112,472051.0,2200930.99
115201,3108988.7,29726615.65
115202,3197533.92,850017.2
115203,1220157.06,3073756.65
115204,1897939.95,833259.84
115205,34741798.88,81514265.13
115206,10815391.16,27006689.18
115207,258184.61,3869099.29
115208,47742179.38,59918119.0
115209,24143039.39,49500118.81
115210,53751064.74,9915647.94
115211,1728990.32,4099339.92
115212,4260909.52,2985427.7
115301,0.0,57356.0
115302,2861.0,9578.4
115303,13582.0,213028.24
115304,4493.52,27300.45
115305,385112.66,595478.76
115306,1560.0,372615.0
115307,48883.62,82280.79
115308,87815.56,131188.31
115309,229902.64,1010504.84
115310,98041.03,154754.31
115311,1105009.18,413229.53
115401,3335655.54,3378545.03
115402,291746441.54,42276071.46
115403,603749.53,1199294.83
115404,1666866.37,4345924.79
115405,127579.04,54217.8
115406,66319.0,112859.6
115407,145922382.3,107718334.86
115408,892567.84,11759405.46
115501,846823.95,9678982.87
115502,1474005.41,8614213.09
115503,41040178.79,23482628.05
115504,1448982.88,519110.96
115505,2480314.43,493378.06
115506,957259.14,4381921.71
115507,40107.42,10230.0
115508,4206097.13,2149271.1
115509,81096013.75,36156542.43
115510,3516634.66,1212058.6
115511,480963.57,11167019.33
115512,13638706.34,21211306.43
115513,54367187.2,27268393.99
115514,21550984.68,12782525.5
115515,18211166.44,25068115.54
115516,9608742.24,21560841.46
115601,4164080.2,6878633.68
115602,2109066.81,3816171.01
115603,15863244.88,32411860.51
115604,2803482.19,2208556.42
115605,91660.0,1534160.57
115606,446447.42,394583.97
115607,4448891.68,6060740.28
115608,7254851.92,6710593.92
115609,9173666.06,766525.91
115701,824898.26,1521246.18
115702,1917486.74,7651591.48
115703,11330454.41,9950100.75
115704,561075.76,1335755.17
115705,5988441.25,2569203.27
115801,1176803.1,5957575.85
115802,4588331.28,2253989.84
115803,604256.78,1064825.39
115804,647007.95,4645640.86
115805,2623.0,14536.0
115806,6031346.33,8030472.97
115807,4959934.35,8116408.41
115808,455576.4,541994.74
115809,13763.47,189862.79
115810,2281266.77,4447410.01
115811,302208.32,839794.47
115901,164416.31,580894.91
115902,351032.23,28702437.73
115903,5595004.7,9321216.73
115904,48769.94,41745.0
115905,132562.54,218706.58
115906,1260761.75,2792403.61
115907,1289086.66,1284576.11
115908,170489.03,132271.64
115909,714295.54,1327130.79
115910,567309.97,1953741.89
115911,11860076.05,26313060.44
116001,52991810.97,107140435.96
116002,95548076.97,94052945.88
116101,16734273.26,437907.25
116102,29809658.82,661450.76
116103,72400907.74,6879862.4
116104,150506078.94,7607590.44
116105,104427091.25,3657447.88
116106,58556670.94,2964040.14
116107,16362621.85,1950502.96
116108,54002129.63,2126145.72
116109,104718471.22,38570264.89
116110,257081819.19,8240895.86
116111,174667343.2,1978954.69
116112,12163712.73,2380900.41
116113,1251653.12,286616.65
116114,35884591.83,7235245.82
116115,7486951.74,2181583.76
116116,81454323.24,6288697.35
116117,8355523.95,17245847.58
116201,32791109.74,6158933.91
116202,13183956.41,2068647.58
116203,126379443.06,22321364.81
116204,143831239.98,18351668.24
116205,128402983.6,17716220.11
116206,70331724.5,10568377.5
116207,2721047.48,1598478.11
116208,15849595.46,3679189.08
116209,9646712.28,3215771.68
116210,9960559.74,4039844.56
116211,37422026.5,14141037.03
116212,51744078.84,4660611.96
116213,8334222.42,274663.0
116214,961664.75,3762983.49
116215,88407.6,1239441.13
116216,2351451.85,1020497.8
116217,3742860.47,14119774.11
116301,2999587.26,2628162.61
116302,12354855.53,17421655.98
116303,2564526.82,2623774.19
116304,2576004.25,3789414.99
116305,4653909.28,4825987.5
116306,5227073.78,2961935.75
116307,8828197.17,9543252.84
116308,33893.18,1539122.46
116309,9930951.92,55728703.07
116310,1586851.7,1588809.92
126401,7969073.91,516880.49
126402,78341889.92,32714696.18
126403,35600699.37,24659239.1
126404,29795826.84,17702630.05
126405,20462012.45,7710474.8
126406,2775159.43,12688878.79
126501,6410.0,24152.11
126502,0.0,2765.0
126503,46770.0,21539.64
126504,89154.99,322035.16
126505,6509462.22,1175584.53
126506,11399545.96,2430643.51
126507,734701.3,317824.6
126601,1042311.83,1753451.62
126602,263937.0,100938.78
126603,310855.8,938430.24
126701,22344.55,87148.68
126702,434617.26,2317153.55
126703,0.0,19792.0
126704,72939.0,261948.84
136801,152490.04,144397.05
136802,6524095.0,7907845.47
136803,473191.74,118316.61
136804,2408461.68,22049713.03
136805,10720188.67,12859466.13
136806,14433868.11,4783059.37
136807,1635897.19,2016039.88
136808,5703166.86,724806.6
136809,8787748.56,4310623.67
136810,30751453.98,1570617.39
136811,12611176.38,3766811.2
136812,6647336.18,2203454.88
136813,5171450.76,1915692.41
136814,52389.87,632282.87
136815,7276690.03,19736580.28
136901,3716646.2,302643.71
136902,6082018.2,19625356.36
136903,1026211.05,13325213.55
136904,11471315.23,2046336.93
136905,2450405.88,398819.92
136906,521058.38,101126.63
136907,21680638.63,3869771.47
136908,46399239.49,11048583.6
136909,13296143.63,12267660.41
136910,11842042.54,2623574.82
136911,22354212.75,16906156.76
136912,35797554.14,5854791.2
136913,29816519.84,4149551.96
136914,32212532.61,34837945.28
137001,413667.19,9378479.42
137002,16131214.98,11421930.73
137003,1664203.81,7556177.95
137004,783574.72,1095841.36
137005,9659423.0,24738138.16
137006,12353687.6,5804858.88
137007,13470285.65,8276235.35
137008,316013.44,344503.53
137009,11198156.21,10363459.32
137010,24539541.29,4455441.18
137011,241049103.49,162201561.67
137012,3575.0,61892.75
137013,30003178.99,34752750.75
137014,12671192.85,4091142.27
137015,2284660.24,2055026.16
137016,742428.37,1919428.18
137017,522172.38,2596973.54
137018,349782.53,3801822.09
137019,36151496.88,46639677.28
137020,20819869.61,43798844.69
147101,1489209.77,1446209.09
147102,35597982.34,41746107.74
147103,567146.48,2692138.75
147104,4561581.33,7287695.47
147105,4809.0,133818.63
147106,1671236.32,60924617.67
147107,0.0,3035756.64
147108,130854125.81,573420752.2
147109,405583.0,122638.0
147110,1309095.05,5377545.63
147111,2574327.0,150168.0
147112,55328773.36,4349346.15
147113,454974446.94,18537845.2
147114,2702451.39,1736430.12
147115,80669913.84,102461396.4
147116,104175.19,1055739.71
147117,1363412.78,3726132.26
147118,10705.0,9219.0
157201,7943140.17,13283383.22
157202,4035635.21,28301050.11
157203,59835675.01,3935664.17
157204,16526789.55,196418848.0
157205,437527.18,7060045.3
157206,382201.74,2227684.11
157207,5321968.67,50384901.81
157208,39235225.24,159190053.28
157209,14889804.27,213644793.87
157210,105690646.51,256959513.78
157211,2041900.74,12697218.3
157212,7658496.36,19181197.76
157213,31024865.63,47869280.5
157214,15075384.34,16138599.47
157215,7636860.62,11654960.48
157216,4832168.45,54878256.5
157217,23276335.64,33709249.88
157218,949362.63,2677388.44
157219,13662151.76,119988018.05
157220,9913811.73,23086028.17
157221,140577.16,19147255.24
157222,5228892.01,19141662.35
157223,641973.12,6616259.34
157224,1021263.04,1197381.24
157225,962885.57,83954032.36
157226,4298185.62,14171921.61
157227,559404.25,6536294.12
157228,759413.31,52856447.47
157229,3479983.22,5992413.33
157301,766410.57,3435806.67
157302,2205572.96,23626414.78
157303,1568649.3,2320476.95
157304,50079397.62,148442574.9
157305,263312870.51,312006651.62
157306,67106269.98,51533164.02
157307,36867086.64,53688957.52
157308,91354033.5,42663053.66
157309,9586377.1,5346761.96
157310,26144877.08,14259472.67
157311,16953657.46,8937004.44
157312,44201729.49,16250941.06
157313,252688.47,129781.6
157314,7602672.65,7226551.63
157315,9194791.84,14212074.73
157316,362161.76,1058694.26
157317,7477257.27,2317360.54
157318,117752233.9,159934267.47
157319,12357780.22,20654862.98
157320,22821452.68,38251340.04
157321,15447088.34,7023752.76
157322,1737739.86,1741801.02
157323,13097843.61,22419329.02
157324,1611585.69,4572014.15
157325,8106064.6,8286948.3
157326,132268186.12,252348747.51
157401,374421.61,77006.49
157402,1024119.96,1863641.98
157403,5931266.23,236631318.1
157404,57686893.69,11146052.01
157405,0.0,125211.15
157406,11802410.47,1678104.06
157407,26458920.01,22461119.23
157408,56094681.12,82448778.17
157409,38006012.65,127460603.71
157410,155486419.35,74419378.02
157411,101165274.54,60549021.31
157412,1579028.08,6643935.51
157413,3128592.73,2899377.0
157414,158899.83,1683182.81
157415,2748787.24,8517563.82
157416,3639784.6,1280489.84
157417,38008.62,106650.89
157418,358290.36,924024.69
157419,5042896.87,10634303.64
157501,214215.0,982746.99
157502,85701.0,3993598.94
157503,1816252.43,916647.15
157504,60573.85,97506.52
157505,119114.46,1802334.67
157506,462934.16,5636773.92
157507,190227.8,4426145.18
157508,1933318.72,1583879.31
157601,71900022.99,225706125.68
157602,8879233.87,19582395.46
157603,2139961.33,1467113.42
157604,53975696.52,27377353.27
157605,14485465.64,22250551.31
157606,29260615.44,115011101.26
157607,32324280.38,78397152.56
157608,8458797.79,29787598.37
157609,4607770.22,3059427.38
157610,25507636.16,13288845.8
157611,772609.46,660971.92
157612,9967690.38,19648689.8
157613,490247.99,1124755.5
157614,2880813.98,1376096.09
157615,3113002.93,2539258.99
157616,210969850.06,64931038.31
157801,7289678.43,27696256.85
157802,999837.99,51468.1
157803,3614831.05,1777274.97
157804,5079002.55,2015553.47
157805,247657.6,108973.7
157806,10582284.28,3639435.05
157901,1737230.82,64746707.52
157902,907916.02,1027185.46
157903,7831152.53,1567947.33
157904,416857.97,3991228.67
157905,800203.24,501643.93
157906,182453.86,101130.17
157907,6921650.22,1810460.29
158001,137406317.7,20638735.56
158002,302680.84,232151.33
158003,10371132.77,4964916.72
158004,1322521.25,1745377.39
158005,5188671.81,1506878.11
158006,10173.0,0.0
158007,9531069.78,3576036.01
158101,314341.52,691517.71
158102,62159.56,121351.39
158103,3497.0,624258.47
158104,115353.66,611173.3
158105,326028.4,25233377.21
158106,41847.36,34205.6
158107,4248.0,9051.0
158108,598840.91,2719771.14
158109,53885.0,160364.62
158110,3268.0,114281.16
158111,2926.08,176015.68
158112,369127.3,4321331.41
158113,28234.5,122107.13
158201,924321.82,8748576.7
158202,3368734.35,9444800.11
158203,1515782.96,4998867.36
158204,2806503.8,4865886.21
158205,8607430.54,22048244.18
158206,1393973.84,2342509.51
158207,29186939.55,128181358.39
158208,5413953.47,25673009.38
158209,219339.38,4574402.51
158210,445023.45,578498.97
158211,1549166.45,2918266.44
158212,11562239.32,30097420.52
158213,316205.0,690378.93
158214,983410.37,1509685.49
158215,963017.43,2710346.45
158301,23241697.6,23164839.57
158302,24994657.42,47189153.38
158303,3129527.76,746095.68
158304,2937977.82,1151335.8
158305,6922573.51,5075472.68
158306,3998611.93,1283941.01
158307,2321504.56,3755855.61
158308,4885512.86,5360200.86
158309,11166427.49,14725119.25
158310,2344420.98,2601556.1
158311,31016687.73,14050809.36
168401,281855.0,2460078.89
168402,12614327.79,20982227.74
168403,1379311.01,6015411.1
168404,2080874.81,16547921.51
168405,1382763.67,13184665.77
168406,15079140.07,45348767.27
168407,44247841.56,209143035.76
168408,6943182.96,69954243.43
168409,90901485.05,199596791.84
168410,1028345.36,3350925.95
168411,202074642.61,522981210.26
168412,8653484.6,15906041.25
168413,22322267.36,155896645.67
168414,294200451.9,353943351.55
168415,557954766.58,102262629.26
168416,2605837.08,8558879.52
168417,6005383.3,18237041.97
168418,59047853.04,75312987.65
168419,48922838.54,135559980.68
168420,2164338.55,5588589.98
168421,71817397.25,170931153.69
168422,22577604.28,62984364.3
168423,3733423.13,10993021.99
168424,21930605.12,63395683.68
168425,4870301.87,23927233.33
168426,17956351.09,123424917.93
168427,3910658.42,48048034.69
168428,38275999.15,82132475.3
168429,14854004.82,92732266.65
168430,6602431.61,35495765.74
168431,64552846.64,145610821.2
168432,1712489.29,4897734.32
168433,2117808.01,17808437.95
168434,620110.0,1372342.82
168435,484757.58,935073.26
168436,10519736.59,15145841.66
168437,6557666.28,6042966.1
168438,12435344.53,33539761.69
168439,1624963.2,16705850.85
168440,1380780.01,5468193.83
168441,5322092.34,38047187.45
168442,3027324.72,17530442.08
168443,122505620.76,141176529.67
168444,227776.11,2252683.94
168445,1363154.48,11400145.69
168446,346500.22,1622988.35
168447,4042787.96,14751734.67
168448,8753708.26,28321877.94
168449,98840.0,18585016.66
168450,28676090.43,38647169.37
168451,9678768.84,19882214.59
168452,12217106.27,21068560.85
168453,1986143.87,1478589.98
168454,2187051.63,12999099.95
168455,3034513.42,17243252.61
168456,12605699.83,32551224.26
168457,2859983.49,28964916.6
168458,4211714.58,49057286.49
168459,9448482.24,30823170.83
168460,2912645.82,80241274.24
168461,6316055.18,27451452.27
168462,41078448.37,100146443.97
168463,2239411.58,32582576.51
168464,3132242.69,21550814.83
168465,16639707.57,104132111.83
168466,30497343.03,127915351.63
168467,18903119.81,53616833.7
168468,8914993.63,9310237.39
168469,26389918.93,2186488.81
168470,99455324.58,20268115.72
168471,12195150569.86,1478010076.26
168472,44105694.75,33141555.81
168473,10016162595.47,4063389582.57
168474,39640549.29,58112069.27
168475,10823755.02,23863207.92
168476,2088051.2,3118500.96
168477,59620940.96,213110815.98
168478,3330296.8,11502097.06
168479,267830039.17,748351032.25
168480,92269195.81,253191491.93
168481,63457413.57,232769613.43
168482,106935477.93,104458092.88
168483,30276462.07,125334134.18
168484,6320745.29,21145558.97
168485,41060157.43,59416406.47
168501,371872138.4,442513396.53
168502,12658409.33,31680523.23
168503,42083591.89,85881875.63
168504,609633372.8,707547702.77
168505,87601175.6,228287378.58
168506,65312901.0,71341289.12
168507,218308019.43,205676391.86
168508,102900153.46,16165834.15
168509,99627442.85,39086362.73
168510,2204045.66,2497652.92
168511,15518046.46,77766618.45
168512,76741520.6,50882312.83
168513,4914414.35,7028204.14
168514,13588366.75,45591139.42
168515,20176518.67,79450628.02
168516,241324188.85,84886370.34
168517,2261520709.19,473997913.02
168518,582582776.15,205482127.43
168519,570024048.43,19215936.32
168520,366673466.44,3317578.67
168521,1730130122.75,101552172.35
168522,364667607.51,575769358.75
168523,327394606.5,101176218.19
168524,89733488.72,83188066.75
168525,2271635287.52,924415327.52
168526,70487502.74,26341476.56
168527,2240131547.47,86015693.12
168528,2646383048.04,153285738.26
168529,1033920935.82,1057499930.73
168530,2863164.63,12616300.98
168531,94587741.18,278289795.76
168532,684210371.43,700144176.75
168533,174223478.62,228216691.32
168534,707561392.57,1263854999.09
168535,69181878.06,98080961.42
168536,488704222.53,773069386.58
168537,351363286.37,220281060.79
168538,66510475.96,114122446.48
168539,19583119.92,88588891.32
168540,840795807.63,888265160.09
168541,2964762169.48,1687877661.43
168542,20942907932.38,15725869951.64
168543,339923904.52,153904507.08
168544,338655391.07,267695276.09
168545,1368446.58,33765086.36
168546,9379054.67,19121588.9
168547,17051654.48,37575144.31
168548,46656766.43,40305301.79
178601,49419.0,20010290.0
178602,0.0,1030113.96
178603,36944.0,5802426.42
178604,171885.0,7612184.46
178605,0.0,6084.09
178606,232737.22,2894355.53
178607,472626.07,12199987.57
178608,236759.33,3130221.01
178609,22693761.84,878816.84
178701,2810817.25,30999728.57
178702,2201799.49,18426012.23
178703,95441478.93,781535292.32
178704,3981732.53,244538755.16
178705,1481647.79,17835525.6
178706,991306.14,10326582.72
178707,1215024.14,5085937.38
178708,194255259.84,625155004.91
178709,711615.39,11713478.38
178710,231684.0,4828676.0
178711,15975726.71,24182457.14
178712,135767.09,9604301.35
178713,1259448.16,965340.79
178714,200415448.09,51555072.87
178715,203846.1,1822778.95
178716,27494076.56,26502743.13
178801,12259.24,75578.19
178802,21563844.06,767547310.34
178803,119861774.64,229155425.48
178804,332300.0,354911.47
178805,580273.84,2794406.56
178901,17244856.37,281312987.92
178902,95110.0,1042765.42
178903,26691675.57,5118153.26
178904,5999045.76,2770224.69
178905,83227721.93,148176018.12
178906,1410653.79,1112391.8
178907,984704.85,7307189.53
178908,1799629.0,17242.26
189001,43340151.61,49559661.27
189002,79454101.02,49447948.98
189003,3207034.94,15047007.77
189004,5697522.81,12743021.11
189005,5272381.78,2722026.33
189006,410419473.5,206335192.25
189007,16786358.49,3795928.48
189008,7167181.26,8211544.18
189009,72525277.31,40774793.44
189010,12796832.4,61510889.91
189011,3029787.32,9310033.22
189012,773648.03,4830725.72
189013,99347429.34,140397336.13
189014,12820295.5,23671046.15
189015,19559040.3,38048173.74
189016,1261332.97,633631.15
189017,4250026.59,7041568.19
189018,239126817.28,139618079.74
189019,14559292.1,28933085.1
189020,907091.48,5581112.04
189021,14140450.68,19407532.04
189022,54595604.88,37983523.4
189023,9380697.0,26001345.69
189024,7965101.2,18287301.64
189025,2813354.56,12182336.52
189026,78318160.26,52310805.3
189027,15319061.45,67207351.22
189028,44695694.49,17912515.24
189029,20299348.38,11396541.21
189030,338905708.03,421989706.98
189031,163576767.37,376163109.91
189032,139572923.18,93903043.76
189033,23826199.08,17493037.66
189101,12049931.31,62589882.08
189102,52724450.35,34403725.6
189103,180337.09,465994.51
189104,3222886.23,76244.96
189105,3407964.82,9708969.21
189106,1987672.52,1260549.15
189107,20914998.78,3070500.81
189108,19922564.28,13253164.72
189109,365066.68,2051496.74
189110,6818483.14,6487275.19
189111,11645254.09,18146627.7
189112,665725.0,678279.75
189113,1209789.33,3753920.33
189114,58905578.91,24671990.63
189201,24258705.23,7518128.59
189202,583414.18,1540385.42
189203,17620504.32,1028086.0
189204,209772.96,405128.45
189205,1896436.75,4478308.83
189206,3089130.07,1458887.49
189207,81715329.32,15825667.72
189208,401204.46,254682.32
189209,8758589.26,8755511.52
199301,19841.0,48252377.0
199302,19449.0,164871.83
199303,20886.0,25142300.55
199304,136802.0,158629.37
199305,238655.52,5296140.84
199306,1488574.77,18497151.15
199307,58677.0,52960.97
209401,478983613.15,71046108.58
209402,1968118.76,4839128.34
209403,1081293783.71,108720074.44
209404,32411395.09,6480246.65
209405,57092731.42,40120030.12
209406,7849770.73,3577609.43
209501,490125.33,1352330.66
209502,558231.64,1158975.84
209503,164070732.73,39997875.71
209504,148220038.96,17857018.58
209505,1712730.17,1712511.88
209506,50694273.51,60791211.31
209507,58566247.96,11093345.04
209508,860603.37,3483741.83
209601,517614.42,383507.99
209602,311162.39,3409546.7
209603,12820435.88,13096015.43
209604,29586.04,102958.92
209605,531447.76,2193193.86
209606,2999931.34,10725535.7
209607,6683915.57,9733986.61
209608,36558662.31,21381253.6
209609,6176265.43,8042254.94
209610,707974.39,167677.28
209611,7341685.13,1119425.25
209612,44442106.58,47068144.52
209613,7065921.18,6604866.06
209614,127015.32,156178.97
209615,289845.2,1143011.49
209616,13967580.34,4169360.21
209617,19940295.54,2018770.94
209618,206173.06,242794.05
219701,15823789.71,1040323.71
219702,15687.0,32524.0
219703,308159.92,163391.99
219704,110011.7,296723.35
219705,2549010.47,272652.47
219706,1449135.0,4630737.68
