010101,3000.0,0.0
010102,732137.48,3040778.0
010103,475054.21,340307.0
010104,23488.82,25000.0
010105,302152.91,2065902.0
010106,1000.0,10000.0
010201,2679370.07,977441.0
010202,112388.72,1644145.0
010203,426679.21,1461386.0
010204,158621.02,563080.0
010206,63836.06,53485.0
010207,20229.77,1448164.0
010209,32794.77,425000.0
010210,1255016.0,2173307.0
010301,301840.51,302514.0
010302,16417.0,47014.0
010303,19397.67,109206.0
010306,32965.0,0.0
010307,308461.04,35602.0
010401,1319346.49,7625045.0
010402,0.0,10201.0
010403,663425.7,3236694.0
010405,175455.19,805343.0
010406,5033441.0,4001612.0
010407,693047.63,1861306.0
010408,74601.57,30328.0
010409,115520.41,312844.0
010508,3916.54,0.0
020601,9803.0,97492.0
020602,32315.46,178000.0
020604,53206.0,4693.0
020701,218165.0,2006350.0
020702,0.0,61175.0
020703,5291.2,443009.0
020706,15948.46,148013.0
020708,124655.43,153000.0
020709,158986.82,887114.0
020710,196443.17,117000.0
020711,57265.84,122302.0
020712,177554.05,67387.0
020713,112113.12,392099.0
020714,5659.77,3000.0
020801,0.0,8988.0
020802,82268.87,168265.0
020803,29942.16,49305.0
020804,0.0,16247.0
020805,12022.88,187550.0
020806,268186.41,177664.0
020807,0.0,5323.0
020808,598293.33,3616796.0
020809,530597.89,656499.0
020810,127000.0,624000.0
020811,1206525.58,270080.0
020812,5788.32,123000.0
020813,93854.75,100628.0
020901,6858.0,1446413.0
020902,12334.17,591864.0
020904,35308.9,12083.0
020909,45838.03,2322.0
021001,4317306.95,1118000.0
021002,5031.4,0.0
021003,1343579.34,178000.0
021004,77326.18,171000.0
021005,3613574.21,5540406.0
021008,2712.53,13000.0
021101,1130761.75,7055824.0
021103,81512.81,642526.0
021104,37648.19,47679.0
021107,509616.09,191000.0
021201,7565275.3,757800.0
021202,0.0,2040.0
021205,641478.31,11000.0
021206,5827909.99,134000.0
021207,25098.4,23000.0
021209,79139.0,1026656.0
021210,125000.0,328000.0
021211,441427.12,978557.0
021212,610996.86,17205.0
021214,28714.9,102000.0
021302,20858.0,61001.0
021401,13970.42,41995.0
021403,10313.85,0.0
031501,26042.14,1040000.0
031502,11023.1,0.0
031507,0.0,1700.0
031512,21560.15,1450000.0
031514,0.0,184584.0
031515,0.0,3589.0
031516,0.0,3684.0
031518,3490.03,0.0
031519,0.0,48460.0
031520,0.0,25316.0
031521,21000.0,16000.0
041601,1051556.58,20302428.0
041602,259264.94,17614531.0
041701,1036601.3,8518620.0
041702,54109.89,21000.0
041703,63293.37,1000.0
041704,2087.53,2951696.0
041801,29892.74,0.0
041806,39981.29,12232407.0
041901,0.0,42036.0
041902,17245.68,1204895.0
041904,57453.51,575678.0
041905,1541544.44,18606655.0
042001,231334.67,1970276.0
042002,27323.61,54482.0
042003,10630.85,11000.0
042004,45452.01,134000.0
042005,252240.54,774475.0
042006,1963.54,14583.0
042007,303088.5,1184062.0
042008,372419.54,499216.0
042009,1119643.33,7214247.0
042101,0.0,4817.0
042102,38731.56,1893543.0
042103,51780.65,9771461.0
042104,14980.12,332745.0
042105,5939.09,1818014.0
042106,114250.0,7729686.0
042201,5510.38,2538870.0
042202,365624.04,15977688.0
042203,79589.35,20658761.0
042204,2965867.16,5810092.0
042207,8737.36,123891.0
042208,454843.0,21313621.0
042209,10487.09,311000.0
042302,205370.66,2997197.0
042304,376053.32,1933000.0
042306,33802.43,484000.0
042309,311333.34,8124522.0
042401,4129724.71,1602759.0
042402,297027.0,49228560.0
052501,2444252.18,1818228.0
052505,54528.38,175000.0
052507,36865.93,4497.0
052508,89707.51,71037.0
052510,100208.13,17000.0
052511,11491.15,0.0
052512,6063.87,11146.0
052515,99625.86,513284.0
052516,123782.17,328307.0
052517,92000.76,675631.0
052518,53971.65,0.0
052520,900144.05,126173.0
052522,277665.9,730000.0
052523,61561.39,0.0
052524,5483.13,9000.0
052530,47650.52,89109.0
052602,18869.24,0.0
052606,31040.55,0.0
052608,9948.5,0.0
052621,14198.88,0.0
052701,44779.08,21000.0
052702,3895325.81,220260.0
052703,57193.59,14299.0
052704,7889.73,14000.0
052706,9090.29,20000.0
052707,8173.28,52000.0
052708,15740.0,18186.0
052709,23828.06,36000.0
052710,8223446.49,87130195.0
052711,25740.66,2079764.0
052712,3776.07,38000.0
052713,239262.54,390000.0
052715,5650.51,95228.0
062804,825845.3,740480.0
062806,27674.61,430115.0
062811,57403.07,153178.0
062813,11641.08,0.0
062815,80503.1,363596.0
062816,7669.15,0.0
062818,2352902.17,4169.0
062821,61792.09,3000.0
062825,6000.0,31000.0
062828,10705.71,29909.0
062829,8182.49,18261.0
062832,0.0,10107.0
062833,906689.44,78000.0
062835,59874.48,124000.0
062836,95333.18,249126.0
062839,510073.89,20000.0
062842,147524.04,3000.0
062901,18339.68,309000.0
062903,12313.5,37261.0
062904,0.0,16436.0
062905,68664.12,246089.0
062915,92268.79,268942.0
062917,174675.54,17000.0
062918,0.0,2172.0
062929,119934.9,0.0
062933,25730.0,4000.0
062936,0.0,1322.0
063002,0.0,85396.0
063003,0.0,2833.0
063004,184098.0,17922402.0
063005,183475.0,292393.0
063006,15605.0,165112.0
063102,0.0,172969.0
063204,84978.0,596943.0
063205,0.0,3022.0
063206,28929.44,123133.0
063207,7000.0,57000.0
063208,522233.0,6856618.0
063209,51772.55,3704297.0
063212,22000.0,159000.0
063214,103874.95,4715329.0
063215,0.0,6611.0
063301,78772.0,16610.0
063302,69113.0,43484.0
063303,45294.0,59251.0
063304,12045.0,1368154.0
063305,11534.1,1637913.0
063306,4000.0,182436.0
063307,8362.0,1918403.0
063401,119150.04,511201.0
063402,720761.67,12910651.0
063403,6983.5,397492.0
063404,6159.39,13975.0
063405,17298.1,194045.0
063406,11523.49,126789.0
063407,0.0,116475.0
063505,16240.27,312000.0
063506,28944.07,1625110.0
063507,10572.0,1416.0
063602,494132.09,476735.0
063603,30569.0,0.0
063605,0.0,31500.0
063702,5758.0,5762.0
063703,5040.16,7368.0
063706,3957.0,4695.0
063707,0.0,28056.0
063802,0.0,17664.0
063805,17033.2,11000.0
063806,44590.63,7000.0
063808,161824.0,6533497.0
063809,36591.75,66967.0
063810,0.0,1228.0
063811,38564.87,21322.0
063813,8510.24,0.0
063814,123718.32,668817.0
063815,1000.0,29000.0
063816,157095.88,351403.0
063819,55547.72,234154.0
063820,571106.68,891022.0
063822,0.0,2361.0
063823,1867180.53,1862509.0
073901,161167.61,66424.0
073902,410179.76,288000.0
073903,25780.46,70750.0
073904,14132.93,96000.0
073907,15174.73,146562.0
073908,0.0,2078.0
073909,28394.71,486668.0
073910,9757.0,135630.0
073911,8386.39,25000.0
073912,27375.0,0.0
073913,33815.51,0.0
073915,70863.61,263716.0
073916,22000.0,635817.0
073917,219732.42,8293271.0
073919,227286.0,399440.0
073920,629144.89,2234401.0
073921,225507.32,2269034.0
073922,346554.0,584845.0
073923,748266.47,5557543.0
073924,34847.0,823444.0
073925,69255.0,1740209.0
073926,136476.18,4254129.0
074004,58224.86,55000.0
074005,0.0,2078.0
074006,11000.0,2000.0
074008,17770.0,168490.0
074009,79153.0,538433.0
074010,528000.0,298766.0
074011,81817.41,5969331.0
074012,40540.62,136000.0
074014,0.0,1889.0
074015,27668.0,48000.0
074016,108161.41,1259940.0
074017,7000.0,28000.0
084101,2255558.0,77923.0
084102,236854.59,36000.0
084104,1802025.0,9927336.0
084105,109138.0,167168.0
084106,14587.0,413301.0
084107,13542.0,326849.0
084109,5534.0,0.0
084201,0.0,2456.0
084202,56833.0,1553028.0
084203,910486.0,662462.0
084204,40593.0,3000.0
084302,261543.0,74927.0
084303,196136.0,20346.0
084304,1767.0,0.0
094401,155403.41,46652.0
094402,589147.43,38970.0
094403,9610436.76,314028.0
094404,18545.35,1000.0
094406,216063.46,183000.0
094407,60347678.39,1511379.0
094408,1765038.53,475242.0
094409,4376115.33,2065597.0
094410,308008.18,1766145.0
094411,116210.26,320584.0
094412,2604644.13,864271.0
094413,127518.8,49132.0
094414,5000.0,1000.0
094415,578171.04,463871.0
094417,12167.71,39244.0
094418,4628022.52,5055233.0
094419,19436.0,1000.0
094421,281836.55,800002.0
094503,25159.0,7005.0
094504,85911.0,55365.0
094602,1265148.0,18691.0
104706,14332.96,2000.0
104707,31959.23,41015.0
104802,206391.84,699677.0
104803,260885.2,246270.0
104804,38416.83,491856.0
104805,874632.88,1108813.0
104806,23294.17,40000.0
104807,6603.54,28543.0
104808,6384.02,25672.0
104810,5768.21,1522781.0
104811,83904.97,750181.0
104812,0.0,19648.0
104814,1000.0,46000.0
104817,86101.86,50328.0
104818,1184079.93,1355363.0
104819,1068699.73,5477062.0
104820,110195.66,3508743.0
104821,1502.0,40740.0
104822,3717.57,10770.0
104823,215220.92,1501968.0
104901,99228.0,1617617.0
104902,1956614.0,201320.0
104907,3600.0,0.0
104910,20668.0,117806.0
104911,29597.39,1431348.0
115007,3000.0,5000.0
115101,195793.21,4000.0
115103,0.0,5101.0
115106,105005.0,15000.0
115107,153863.0,33531.0
115109,1000.0,33000.0
115111,2766.0,203371.0
115112,19003.0,565769.0
115201,17489.87,1486.0
115202,22505.06,18000.0
115203,77526.55,0.0
115205,267719.28,1344693.0
115207,88053.0,325346.0
115208,545687.0,2297970.0
115209,452662.0,3558946.0
115210,250612.0,344632.0
115211,14151.0,427144.0
115212,21955.0,287708.0
115309,8896.0,60134.0
115401,10251.0,0.0
115402,23850.64,140794.0
115403,43000.0,166000.0
115407,271258.0,1440332.0
115408,108387.0,311186.0
115503,40852.6,265000.0
115504,22413.61,49000.0
115505,117874.63,16000.0
115506,32511.95,397623.0
115507,30000.0,5000.0
115509,43909.0,901299.0
115510,18468.0,102950.0
115512,118042.0,542882.0
115513,50000.0,99000.0
115514,89238.0,86191.0
115515,11655.0,774184.0
115516,63616.0,1135657.0
115601,7040.0,919499.0
115603,1993.0,368883.0
115604,32000.0,33000.0
115606,0.0,18987.0
115607,5103.0,1322.0
115701,45000.0,51000.0
115702,12814.0,330000.0
115703,101308.0,850527.0
115704,0.0,7273.0
115705,0.0,1082.0
115801,376083.0,391260.0
115802,8000.0,10000.0
115804,51000.0,7000.0
115806,194079.0,98400.0
115807,10000.0,28700.0
115810,1000.0,0.0
115811,4000.0,27000.0
115902,34000.0,2000.0
115903,19300.0,758547.0
115906,13000.0,23000.0
115907,0.0,10863.0
115909,39000.0,21000.0
115911,0.0,29962.0
116001,97956.0,212349.0
116002,141699.0,790625.0
116101,83158.0,0.0
116102,19499.0,0.0
116103,74205.0,450463.0
116104,437031.0,385653.0
116105,25796.0,67769.0
116106,165000.0,73655.0
116107,205659.0,364666.0
116108,460792.0,99296.0
116109,497137.0,1459871.0
116110,575561.0,1364181.0
116111,77368.0,21000.0
116112,152637.0,364580.0
116113,1831.0,14671.0
116114,6062.0,108093.0
116115,205065.0,1513794.0
116116,3000.0,16000.0
116117,8000.0,20000.0
116201,6012710.0,733661.0
116202,3419642.0,973422.0
116203,6790435.0,7836764.0
116204,4911411.0,3345354.0
116205,552154.0,951585.0
116206,432087.0,352898.0
116207,836905.0,538498.0
116208,436902.0,271286.0
116209,130240.0,227355.0
116210,14317.0,0.0
116211,1513497.0,2721712.0
116212,18000.0,94833.0
116214,36182.0,70136.0
116216,8000.0,17000.0
116217,2000.0,16000.0
116301,2962175.0,749821.0
116302,1430082.0,2242203.0
116303,2000.0,52000.0
116304,7329.0,23000.0
116305,6632.25,42000.0
116306,32867.0,86745.0
116307,215277.0,618820.0
116309,17176.8,72604.0
116310,28944.12,25908.0
126401,680454.0,760547.0
126402,128810.0,593762.0
126403,14705206.0,14100097.0
126404,1129643.0,1079469.0
126405,3143591.0,2101597.0
126406,13574404.0,17259621.0
126506,13532.0,133399.0
126601,2232.0,111551.0
136801,230778.43,0.0
136802,376115.99,1288461.0
136804,1000.0,182000.0
136805,2778.0,37974.0
136806,7719.23,250439.0
136807,1066580.05,1737812.0
136808,1873.4,6000.0
136809,14268.47,510014.0
136810,141493.0,2584103.0
136811,24051.22,289607.0
136812,10000.0,198000.0
136813,43000.0,163864.0
136814,0.0,1794.0
136815,9980.78,160604.0
136901,7748.6,37326.0
136902,35204.62,781679.0
136903,34253.0,33000.0
136904,2915069.2,4245164.0
136905,9319.3,4321791.0
136906,1896.4,20000.0
136908,184030.05,4002987.0
136909,12241.81,2686.0
136910,66918.62,728916.0
136911,3873.0,506388.0
136912,39636.93,49817.0
136914,54874.23,31691.0
137001,12304.22,0.0
137003,0.0,17940.0
137004,24756.89,161142.0
137005,0.0,9285.0
137006,0.0,2333.0
137007,555816.28,568577.0
137008,3293.63,36055.0
137009,114476.28,405126.0
137010,21638.64,754010.0
137013,79778.86,460436.0
137014,0.0,2550.0
137015,0.0,7273.0
137016,3400.79,27511.0
137017,1329.0,0.0
137019,0.0,26543.0
137020,1808.0,42941.0
147101,0.0,1511.0
147102,0.0,2928.0
147106,55000.0,3000.0
147108,73713.0,0.0
147113,28246.0,302195.0
147117,0.0,35424.0
157201,46162.18,0.0
157202,764189.51,141192.0
157204,1708359.14,1000.0
157206,8534.99,2000.0
157208,458990.08,3931183.0
157209,100948.98,2180366.0
157210,33844.13,267510.0
157211,125730.43,1090469.0
157212,18795.82,121000.0
157213,1846804.06,1333778.0
157214,4860886.0,1633656.0
157215,161387.45,197777.0
157216,868046.69,542042.0
157217,363253.0,341942.0
157218,64738.56,0.0
157220,9932.73,61000.0
157222,8702.15,96109.0
157224,21961.45,17000.0
157225,7240.1,231756.0
157226,5000.0,105000.0
157228,632364.85,647055.0
157229,14892.8,62574.0
157302,21626.62,15243.0
157303,537789.05,332210.0
157304,874268.56,1089054.0
157305,112116.43,116765.0
157306,5245866.51,3164975.0
157307,368633.85,2389803.0
157308,824873.63,5658753.0
157309,42468.0,805847.0
157310,161856.15,688180.0
157311,96130.19,73000.0
157312,1038221.46,658358.0
157313,2005.38,57981.0
157314,5247235.95,1092859.0
157315,219000.0,104397.0
157317,28415.32,721989.0
157318,1469588.04,3157277.0
157320,54029.0,158091.0
157321,89288.0,5333962.0
157322,299574.84,430994.0
157323,33498.62,1394388.0
157324,239372.86,841990.0
157325,191084.87,946213.0
157326,928172.49,2965907.0
157403,320100.69,54683.0
157404,8829528.9,13000.0
157407,137986.39,118000.0
157408,17784.0,186588.0
157409,110939.0,0.0
157411,38365.0,69710.0
157412,0.0,1700.0
157415,4259.0,26333.0
157419,3000.0,45605.0
157601,226553.29,1553000.0
157602,3358324.06,0.0
157603,11885.04,0.0
157604,2714688.16,5275773.0
157605,10000.0,161000.0
157606,134466.26,1484951.0
157608,29000.0,25889.0
157610,1712312.0,2219692.0
157612,8000.0,236899.0
157614,106140.87,752426.0
157615,36000.0,26589.0
157616,63729.0,3609904.0
157801,230597.77,13000.0
157802,167630.2,13000.0
157803,34600.74,0.0
157806,16000.0,4000.0
157901,38576.3,56515.0
157902,12793.9,0.0
157904,2622.43,2978.0
157905,7835.72,88000.0
157906,44000.0,77000.0
157907,28736.75,101306.0
158001,4000.0,26000.0
158003,4000.0,23000.0
158105,0.0,53278.0
158110,24749.0,0.0
158201,211696.55,235312.0
158202,50175.0,924946.0
158203,14297.0,114333.0
158204,0.0,15114.0
158205,39712.0,1007832.0
158206,0.0,21632.0
158207,803984.0,1318575.0
158208,119351.0,373919.0
158209,3246.0,135453.0
158213,8000.0,8000.0
158301,164661.0,508890.0
158302,242118.0,3133551.0
158303,0.0,1511.0
158306,15000.0,28622.0
158307,305000.0,2000.0
158308,37331.0,173769.0
158310,218098.0,634464.0
158311,790189.67,200117.0
168402,26196.0,498277.0
168403,166000.0,327000.0
168404,35000.0,0.0
168406,18459.0,138854.0
168407,504664.0,9000.0
168408,1958913.0,297758.0
168409,294320.0,916150.0
168410,545814.0,0.0
168411,1393387.0,824731.0
168412,90013.0,90039.0
168413,1870618.0,4973025.0
168414,1081340.0,2759147.0
168415,19483.0,468320.0
168417,16513.0,351252.0
168418,280858.0,2986944.0
168419,299344.0,1254892.0
168420,64581.0,134448.0
168421,5069933.0,2645795.0
168422,71608.0,862034.0
168423,12227.0,589441.0
168424,51300.0,488089.0
168425,514228.0,521538.0
168426,126636.54,73885.0
168427,90345.0,1039909.0
168428,91000.0,246879.0
168429,228211.0,3048298.0
168430,104054.0,177392.0
168431,410959.0,2001878.0
168432,694989.0,770164.0
168433,51948.0,608725.0
168434,70452.0,480849.0
168435,22000.0,4000.0
168436,96000.0,171335.0
168437,31042.0,78439.0
168438,98540.0,790296.0
168439,9730.0,5621.0
168440,15949.0,125527.0
168441,5316.0,160169.0
168442,15293.0,93965.0
168443,6284.0,515894.0
168447,6787.0,15783.0
168448,5155.0,16194.0
168450,10021.0,2495203.0
168451,4329.0,316336.0
168452,45130.0,690161.0
168453,277391.0,853866.0
168455,2000.0,7000.0
168458,127940.0,150166.0
168459,224622.57,147132.0
168460,82321.0,34500.0
168461,37875.0,182125.0
168462,966835.0,310100.0
168463,34262.0,518777.0
168464,80309.0,2739796.0
168465,53260.0,3809501.0
168466,168128.0,768572.0
168467,119248.0,187515.0
168469,0.0,1700.0
168470,0.0,1228.0
168471,53580.0,4122023.0
168472,2967.0,1322.0
168473,188167.0,1508715.0
168474,119789.0,2190921.0
168475,0.0,9918.0
168477,372076.0,316636.0
168478,4000.0,17000.0
168479,120063.0,3353307.0
168480,288696.0,341656.0
168481,2044544.0,8663768.0
168482,580117.0,1053254.0
168483,1222959.0,670276.0
168484,11633.0,202806.0
168485,7000.0,6000.0
168501,378230.0,1645061.0
168502,172945.0,862636.0
168503,41112.0,59881.0
168504,231993.0,961491.0
168506,8270.0,302062.0
168507,581106.55,2322024.0
168508,12217.0,758942.0
168509,29975.0,1188676.0
168510,0.0,1322.0
168511,3259454.0,816003.0
168512,478334.0,320378.0
168513,0.0,1511.0
168514,1331.0,18817.0
168515,23924.0,449053.0
168516,402507.0,7532116.0
168517,220343.0,18368555.0
168518,56716.0,198105.0
168519,0.0,2550.0
168520,0.0,1416.0
168521,144703.0,498721.0
168522,0.0,4817.0
168523,5636.0,145962.0
168524,17312.0,117017.0
168525,11041.0,354056.0
168526,19000.0,7000.0
168527,1993.0,516750.0
168528,192105.0,1001090.0
168529,305367.0,406200.0
168531,48000.0,24000.0
168532,20990.0,12228.0
168533,14542.0,2000.0
168535,193900.0,2299437.0
168536,2618272.0,9624544.0
168537,159270.0,7624227.0
168538,111487.0,1442393.0
168539,12689.0,1487697.0
168540,10601.0,6044.0
168541,4122.0,2739.0
168542,41111.0,45248.0
168543,4460.0,668528.0
168544,2623530.0,15134728.0
168545,95846.73,36041.0
168546,116099.93,1317556.0
168547,81000.0,72000.0
168548,20000.0,371000.0
178603,0.0,67920.0
178607,144473.0,543540.0
178701,1605382.0,5118791.0
178702,1555396.0,1767980.0
178703,8995356.0,29991975.0
178704,2376101.04,6105567.0
178705,582804.0,3868476.0
178706,3969.0,0.0
178707,304943.0,26797.0
178708,2714419.0,18379012.0
178709,102601.0,25732.0
178711,9000.0,37000.0
178712,339830.0,734391.0
178713,20102.0,40015.0
178714,53043.0,45277.0
178716,1757060.92,4577784.0
178803,81567.0,2000.0
178901,8652.43,0.0
178903,8651.0,0.0
189001,9238.0,4211.0
189002,11296.0,23256.0
189004,2626.0,49952.0
189005,10323.0,4128.0
189006,0.0,1228.0
189008,28335.0,92946.0
189009,3000.0,105061.0
189010,1000.0,47133.0
189013,92583.0,0.0
189014,52665.0,3711.0
189015,0.0,34007.0
189016,2963.0,36803.0
189017,7979.0,220593.0
189018,238058.0,1395283.0
189019,2345.0,20121.0
189021,17329.0,426816.0
189022,25741.0,23252.0
189025,125000.0,12000.0
189026,109896.0,255942.0
189027,9000.0,11762.0
189028,365192.0,2033403.0
189029,0.0,2833.0
189030,50227.0,533640.0
189031,165862.0,196554.0
189032,243485.0,325318.0
189033,2000.0,32368.0
189102,3400.0,119086.0
189105,1628.0,28817.0
189106,2184.0,0.0
189107,65346.0,33643.0
189201,1249.0,6393.0
189208,10333.0,0.0
199306,823466.0,98576.0
209401,7748160.03,6215281.0
209402,1659.0,63344.0
209403,12549908.99,20324226.0
209404,610465.0,1398569.0
209405,51026.0,5508102.0
209406,896318.93,5110008.0
209503,20865.0,1183508.0
209504,3413.0,86140.0
209505,7719.0,21638.0
209506,45464.0,250427.0
209508,17784.0,0.0
209602,7603.0,0.0
209603,12000.0,293361.0
209607,2368.0,56000.0
209608,1000.0,154117.0
209612,0.0,2739.0
209613,22440.0,75677.0
219701,4669.0,0.0
219703,34578.0,0.0
219704,122560.0,0.0
219705,6010.0,0.0
219706,1619.0,0.0
