010106,142918.0,5165.0
010202,0.0,178293.0
010203,0.0,9931.0
010207,0.0,9121.0
010209,0.0,25756.0
010210,0.0,5070.0
010301,766789.0,0.0
010302,7088376.78,6401372.78
010303,119654347.52,109278669.7
010304,4799946.56,2817523.56
010305,1907919.0,0.0
010306,0.0,10040.0
010307,171355.01,0.0
010401,0.0,8492.0
010402,0.0,133094.0
010404,0.0,1169.0
010406,0.0,2678.0
010407,0.0,280576.0
010508,95211.82,0.0
020604,6014.91,0.0
020708,3421.19,0.0
020713,1398.78,0.0
020807,3136.13,0.0
020813,0.0,4991.0
020901,0.0,15491.0
020905,12523.0,0.0
021006,0.0,3300.0
021101,0.0,212814.0
021108,0.0,4460.0
021203,0.0,5475.0
031501,0.0,7050.0
031502,0.0,5996.0
031503,0.0,4248.0
031511,0.0,2157.0
031515,0.0,47634.0
031516,0.0,21554.0
031517,0.0,25466.0
041601,0.0,379546.0
041602,0.0,84873.0
041604,6963320.14,791560.0
041701,0.0,205303.0
041704,0.0,98166.0
041806,0.0,13401.0
041901,0.0,56578.0
041902,0.0,306470.0
041904,0.0,29317.0
041905,10581.93,201953.0
042002,0.0,2798.0
042005,127798.45,222148.45
042008,80203.18,2995.0
042009,0.0,5603.0
042101,0.0,466525.0
042102,0.0,2630.0
042103,0.0,260907.0
042104,0.0,2645.0
042105,0.0,240229.0
042106,0.0,1246810.0
042201,0.0,102292.0
042202,0.0,733549.0
042203,0.0,620302.0
042204,0.0,77373.0
042208,1876.78,302107.0
042209,0.0,2738.0
042401,0.0,33800.0
042402,0.0,463476.0
042403,0.0,26011.0
052501,0.0,65912.0
052523,0.0,595415.0
052530,0.0,43282.0
052621,0.0,6706.0
052710,2739154.1,298195730.59
052711,0.0,446608.0
052716,0.0,6548.0
062804,0.0,151745.0
062807,0.0,3805.0
062811,0.0,23082.0
062815,0.0,52392.0
062827,0.0,9120.0
062828,0.0,8174.0
062829,0.0,41550.0
062833,0.0,1901.0
062836,0.0,13534.0
062901,0.0,29916.0
062903,0.0,35625.0
062904,0.0,4007.0
062905,0.0,5400.0
062909,0.0,1574353.0
062933,0.0,2114.0
063002,0.0,19702.0
063003,0.0,2944.0
063004,0.0,718595.0
063005,0.0,24811.0
063006,0.0,41789.0
063101,3902.66,0.0
063208,7434.66,1099830.0
063209,0.0,89856.0
063210,0.0,8883.0
063211,0.0,91083.0
063215,0.0,17334.0
063304,0.0,6140.0
063305,0.0,17876.0
063306,0.0,41452.0
063307,3904.88,4924.0
063401,0.0,61287.0
063402,0.0,248236.0
063403,0.0,59489.0
063406,0.0,5117.0
063506,0.0,1767.0
063808,0.0,24660.0
063810,0.0,3632.0
063811,0.0,112485.0
063814,0.0,172872.0
063816,0.0,7823.0
063819,0.0,92220.0
063820,0.0,4568.0
063821,0.0,3159.0
063822,0.0,60146.0
063823,0.0,49038.0
073901,0.0,205503.0
073903,0.0,4583.0
073904,0.0,1232.0
073907,0.0,4483.0
073909,0.0,2300.0
073914,0.0,21281.0
073915,3268.8,0.0
073917,0.0,1080856.0
073918,0.0,7625.0
073919,0.0,1094.0
073920,22521.0,12144.0
073921,3434.0,21195.0
073922,7649.4,8315.0
073923,0.0,36005.0
073924,0.0,346014.0
073925,0.0,76524.0
073926,14899.11,11573401.76
074008,0.0,276870.0
074009,0.0,575454.0
074010,8023.0,8429.0
074011,0.0,19997.0
074012,0.0,7786.0
074015,0.0,14884.0
074016,1114.0,120891.0
084202,6051.0,51725.0
084203,0.0,3149.0
094403,0.0,7103.0
094407,0.0,1119114.0
094408,0.0,7571.0
094409,0.0,2468.0
094410,0.0,14157.0
094412,0.0,227057.0
094418,0.0,18960.0
094420,1078.51,0.0
094421,0.0,17810.0
104802,0.0,43046.0
104803,0.0,73058.0
104804,0.0,47185.0
104805,0.0,5090.0
104811,0.0,627408.0
104816,0.0,25112.0
104818,0.0,520709.0
104819,0.0,1432115.0
104820,0.0,10098.0
104821,0.0,7000.0
104823,0.0,6176.0
104901,0.0,845576.0
104905,0.0,2126.0
104907,0.0,9990.0
104911,1661.0,52542.0
115208,0.0,23005.0
115402,23261.5,0.0
115407,0.0,3529.0
115512,0.0,14921.0
115513,0.0,10802.0
115515,23415.0,0.0
115516,0.0,25169.0
115607,0.0,121885.0
115608,0.0,35913.0
115609,0.0,6345.0
115701,0.0,102483.0
115702,0.0,7113.0
115703,0.0,27498.0
115903,14906.16,0.0
116102,1674.0,0.0
116103,0.0,15694.0
116104,0.0,7464.0
116105,0.0,19221.0
116107,0.0,1061.0
116109,1486.0,61336.0
116115,0.0,1800.0
116116,8085.0,9179.0
116201,20533.0,13575.0
116202,10688.0,0.0
116203,1672.0,90600.0
116204,5754.0,17098.0
116205,2436.0,22722.0
116206,0.0,1000.0
116210,0.0,15086.0
116211,0.0,235225.0
116217,0.0,1544.0
116302,0.0,63648.0
116305,0.0,5475.0
116306,0.0,42644.0
116307,0.0,43408.0
116310,0.0,1640.0
126401,0.0,10715.0
126402,0.0,111884.0
126403,0.0,20510.0
126404,0.0,6900.0
126405,0.0,140231.0
126601,0.0,1885.0
126702,0.0,5194.0
136802,0.0,6300.0
136804,0.0,9108.0
136809,0.0,4189.0
136810,0.0,5966.0
136811,0.0,7680.0
136812,0.0,6703.0
136815,0.0,602321.0
136901,0.0,1050.0
136907,0.0,61928.0
136908,0.0,32484.0
136910,9111.72,2682.0
136911,0.0,12565.0
137003,0.0,160535.0
137005,0.0,46195.0
137006,0.0,10126.0
137009,0.0,15517.0
137013,0.0,3234.0
137015,0.0,8349.0
137016,0.0,17807.0
137019,49417.15,95585.0
137020,0.0,42368.0
147103,117573.0,0.0
147104,11660.0,0.0
147113,753753.0,30096.0
147115,0.0,3800.0
157202,483197.44,3369624.0
157204,63242.19,0.0
157208,0.0,7184.0
157209,0.0,4199.0
157210,126837.3,35789.0
157214,0.0,422146.0
157215,0.0,7169.0
157216,0.0,7059.0
157217,0.0,21473.0
157218,0.0,8875.0
157219,0.0,2622.0
157220,0.0,11274.0
157222,0.0,4599.0
157228,0.0,5985.0
157301,0.0,11462.0
157304,0.0,17784.0
157305,0.0,40903.0
157306,0.0,8833.0
157307,0.0,60034.0
157308,0.0,25844555.0
157309,0.0,535723.0
157310,0.0,19329.0
157311,0.0,330038.0
157312,0.0,818261.0
157314,0.0,6480.0
157315,13654.21,415742.0
157316,0.0,12700.0
157317,0.0,14059.0
157318,0.0,32023.0
157323,0.0,15222.0
157324,0.0,42720.0
157325,0.0,291924.0
157326,2277.51,950453.0
157404,54487.68,0.0
157407,0.0,13068.0
157409,0.0,32000.0
157411,0.0,6900.0
157412,0.0,20247.0
157413,0.0,15000.0
157419,0.0,11287.0
157602,1474.19,0.0
157604,0.0,7086.0
157606,0.0,277548.0
157607,0.0,11179.0
157608,0.0,3082.0
157609,0.0,15704.0
157610,0.0,410741.0
157614,0.0,3963.0
157615,0.0,29769.0
157616,0.0,408609.0
157806,0.0,171399.0
157907,0.0,1871.0
158103,41378.0,0.0
158202,0.0,38210.0
158203,0.0,20246.0
158204,0.0,22459.0
158205,90238.0,166306.0
158206,0.0,55070.0
158207,0.0,24338.0
158208,0.0,1424.0
158209,0.0,2950.0
158211,0.0,8622.0
158215,0.0,9202.0
158301,0.0,23900.0
158302,0.0,12929.0
158303,5874.12,3703.0
158306,0.0,11295.0
158307,0.0,11577.0
158311,0.0,19895.0
168402,0.0,12898.0
168404,0.0,8416.0
168407,63801.0,181435.0
168408,0.0,368797.0
168409,134561.0,1505665.0
168411,5637.0,1284318.0
168412,4872.0,258286.0
168413,0.0,194248.0
168414,0.0,98028.0
168415,0.0,452745.0
168416,0.0,2612.0
168417,7769.0,4251.0
168418,2000.0,29660.0
168419,32000.0,113232.0
168421,247231.0,101004.0
168422,0.0,7395.0
168423,0.0,7178.0
168424,0.0,14620.0
168425,2778.6,24806.0
168426,0.0,208000.0
168427,0.0,9293.0
168428,0.0,241988.0
168429,0.0,268374.0
168430,0.0,352524.0
168431,0.0,571978.0
168433,0.0,13250.0
168441,0.0,13912.0
168442,0.0,16181.0
168443,15177.0,100911.0
168450,0.0,87535.0
168451,0.0,5598.0
168452,80754.0,0.0
168454,0.0,14180.0
168456,0.0,148130.0
168458,414658.0,0.0
168463,0.0,10957.0
168465,0.0,11295.0
168466,0.0,84342.0
168467,0.0,84865.0
168468,0.0,6535.0
168470,0.0,15979.0
168471,10691.0,180981.0
168472,0.0,5550.0
168473,0.0,153423.0
168474,0.0,88585.0
168476,0.0,13043.0
168479,58784.0,3053086.0
168480,0.0,5010.0
168481,0.0,3277541.0
168482,0.0,87852.0
168483,0.0,180086.0
168484,0.0,38699.0
168485,0.0,686739.0
168501,0.0,30109.0
168502,0.0,68426.0
168503,0.0,47654.0
168504,0.0,340796.0
168505,0.0,5603.0
168506,0.0,156867.0
168507,0.0,35782.0
168508,0.0,4664.0
168509,12273.0,18469.0
168512,0.0,1001.0
168513,0.0,32651.0
168514,0.0,1224615.0
168515,604893.0,56198.0
168516,0.0,26009.0
168517,2113.0,152849.0
168518,0.0,12041.0
168521,63476.0,9571.0
168524,23474.0,35947.0
168525,0.0,27280.0
168526,0.0,821746.0
168527,0.0,10800.0
168528,0.0,46086.0
168529,118290.0,297774.0
168531,0.0,34260.0
168532,7950.0,7912.0
168533,0.0,18199.0
168534,0.0,92461.0
168535,0.0,35000.0
168536,5306.0,98130.0
168537,0.0,384943.0
168538,0.0,396692.0
168539,0.0,20404.0
168541,161046.0,9405.0
168542,70279.0,56349.0
168543,0.0,117363.0
168544,0.0,79652.0
168547,0.0,44300.0
178609,3781.83,93704496.0
178701,0.0,45247.0
178702,0.0,103775.0
178703,0.0,318450.0
178704,17673.73,243744.0
178705,0.0,671612.0
178708,4055.0,246661.0
178709,0.0,143000.0
178712,0.0,15044.0
178714,24440.03,2783.0
178716,0.0,54250.0
178803,0.0,131916.0
178901,295292827.47,4037894676.23
178903,24429089.0,93347908.0
178904,11751158.0,22496165.0
178905,0.0,2417936698.0
178906,0.0,1391.0
178907,33853.0,1249748.0
189004,0.0,6462.0
189005,0.0,9520.0
189006,0.0,58751.0
189013,0.0,39436.0
189014,0.0,117347.0
189015,0.0,1797924.0
189017,0.0,11302.0
189018,0.0,662153.0
189019,474724.0,19600.0
189020,0.0,28445.0
189021,0.0,9158.0
189023,0.0,3575.0
189024,0.0,34954.0
189025,0.0,47065.0
189026,0.0,208635.0
189027,8711.0,35007.0
189028,0.0,194137.0
189029,0.0,7033.0
189030,0.0,94002.0
189031,0.0,51076.0
189032,0.0,15270.0
189033,0.0,19112.0
189101,0.0,90171.0
189114,0.0,3655.0
189201,0.0,3090.0
199303,0.0,3479.0
199306,0.0,1044.0
209401,0.0,18897.0
209402,0.0,1642.0
209403,20812.35,104953.0
209404,0.0,89453.0
209405,0.0,192236.0
209406,0.0,4688.0
209503,29139.0,11853.0
209506,0.0,32865.0
209507,0.0,106876.0
209603,0.0,2755.0
209608,0.0,202143.0
209610,0.0,7125.0
209615,0.0,49645.0
209617,0.0,1407.0
219701,0.0,152782.0
219703,0.0,77562.0
