010101,48488.86,648806.66
010102,0.0,4627176.11
010103,94077.67,0.0
010104,32744.49,0.0
010105,0.0,3489448.34
010106,420503.07,392104.41
010201,206199.29,263070.0
010202,66977.66,4607305.77
010203,85779.31,18514.65
010204,137236.23,186370.46
010206,11847.55,0.0
010207,68834.07,964716.85
010210,7001.0,24705.92
010301,13864128.75,455702.68
010302,94698588.23,90786.0
010303,30823669.69,1820536.87
010304,6991959.24,299201.91
010305,3601524.36,659286.81
010306,61433503.65,24974480.44
010307,488956775.0,147646.6
010401,0.0,21223.24
010402,10223.0,6395020.22
010403,26060.0,39680.73
010404,0.0,62810.25
010405,28267.38,12965829.32
010406,20540018.51,2471245.55
010407,1031.0,592922.5
010409,16293.52,776997.63
010502,0.0,141196.88
010504,11730256.1,7073866.65
010505,0.0,2825.0
010507,70672.21,0.0
010508,483886.36,1847.0
010509,2295.5,22408.72
010510,0.0,2059.48
010511,92127.05,469182.34
020601,201457.0,28889.67
020602,1063479.45,6126096.1
020603,7715376.98,53037.36
020604,109209.35,28932.86
020701,20266292.2,11904381.92
020702,117688951.31,2008.0
020703,1591181.43,1425783.13
020704,13264.45,0.0
020705,87042.24,10514.9
020706,2522027.6,14032.0
020707,310046.91,0.0
020708,30779026.75,120338.76
020709,24343727.47,16831.29
020710,4815890.34,123662.34
020711,19379571.67,56420.31
020712,7252264.74,279203.65
020713,2012288.26,24035891.83
020714,43533.0,0.0
020801,90610.35,708227.16
020802,4317094.19,600568.87
020803,223316.36,0.0
020804,175700.75,1483730.27
020805,241091732.52,99723.22
020806,1531677.53,2298889.2
020807,9644932.57,9540.31
020808,90183.27,1082696.09
020809,5099488.79,80663.39
020810,33028628.6,155281.91
020811,18328839.4,42009.99
020812,1120028.33,24324.07
020813,1225636.66,325443.21
020814,274962.62,0.0
020901,128515.18,32385657.57
020902,1094895.23,68714460.84
020903,0.0,1120.47
020904,1846004.11,821543.3
020905,7765.0,0.0
020906,1369.67,1161267.41
020907,24635.11,0.0
020908,1445.53,279072.16
020909,3106384.2,2448846.01
020910,1739701.95,2322113.86
021001,2660.55,372181556.73
021003,2888.23,42488681.93
021004,0.0,151400.1
021005,0.0,22967635.61
021006,7480.2,280833.18
021008,5642.4,115695.36
021101,12929422.69,0.0
021102,14837.01,0.0
021103,73062.93,318136.75
021104,0.0,4708.0
021105,12217.81,4810.6
021106,24629.21,13054.91
021107,0.0,9014.92
021108,578780.12,337542.63
021109,0.0,1891.96
021201,0.0,14619805.35
021204,0.0,91950.48
021205,0.0,2300.95
021206,16311.72,776946.81
021207,290390.11,3179976.82
021208,32123.35,34220.0
021209,976541.35,17876339.17
021210,0.0,182959.46
021211,13515246.77,515951.9
021212,14759494.89,3002777.88
021214,44544.58,2275475.26
021301,74249.82,397516.27
021302,34123973.25,2231566.92
021401,37026.51,238526.06
021402,320525.45,33569.99
021404,214928.17,41002.77
031502,0.0,568856.13
031503,114645.02,0.0
031504,1941500.71,17745.33
031505,0.0,3808.44
031507,55737.54,72523534.71
031508,10481.63,0.0
031509,1292863.06,4949534.54
031510,267389.64,947988.27
031511,194990.29,1459503.24
031512,3431.0,139145.36
031513,0.0,667180.6
031514,10862.15,366217.67
031515,84318.7,157731.12
031516,61120.91,1882382.56
031517,945720.88,676270.43
031518,6701.84,214354.31
031519,5500.98,441235.69
031520,220743.06,318571.19
031521,40446.0,79439.07
031522,61078.0,0.0
041601,0.0,106672.09
041602,18073.0,1028008.24
041603,237657.0,33511.26
041604,211950197.6,1769058.09
041605,28957428.28,33127.86
041701,304845.21,92062453.78
041702,496317.66,326291.37
041703,8189080.36,9710414.0
041704,1126852.05,1594939.02
041801,0.0,799126.58
041803,0.0,28228.83
041804,0.0,100234.83
041805,26042.48,1230063.7
041806,47395.5,994822.01
041901,119834.34,3301832.0
041902,753087.32,1086357.07
041904,0.0,831846.85
041905,427989.83,2159557.93
042001,9840647.99,164436.6
042002,4743142.12,359608.47
042003,649876.33,663251.09
042004,145765.79,242090.73
042005,74389711.89,2057219.95
042006,10555.41,23043.74
042007,91368.58,339689.38
042008,14511437.6,1038345.53
042009,9930451.56,1850065.92
042101,18737825.86,797922.8
042102,1359249.21,460193.28
042103,121901.23,993321.44
042104,1460740.06,696521.16
042105,9006.94,952824.19
042106,5411150.43,7125320.54
042201,142147.95,109455.81
042202,4786005.62,750385.07
042203,235494.97,1490902.63
042204,7098324.41,2977729.48
042205,0.0,25088.29
042206,5430.0,0.0
042207,1426953.37,43739.51
042208,236288.0,7174113.22
042209,47961.27,64747.9
042301,6594059.84,1861455.93
042302,25998.71,6577618.13
042303,0.0,14167822.35
042304,0.0,1939319.27
042306,46889.13,2626020.17
042308,82204.83,10000.0
042309,89476.0,5128808.78
042401,54346.31,10574733.71
042402,202772.0,1684322.58
042403,294670.63,287010.0
052501,421084.0,393417.12
052502,0.0,8387.04
052503,260526.24,21602149.48
052504,0.0,25467.35
052505,4461385.39,285197.04
052506,2941.42,111344.8
052507,10888.16,2418620.41
052508,2608558.18,2147409.57
052509,0.0,285569.33
052510,449495563.0,5611.0
052511,14395762.82,62262.63
052512,1810.06,21414.31
052513,1643.0,184872.48
052514,8502.52,14084.0
052515,4096643.17,2171267.39
052516,127058.86,1114415.85
052517,1879964.36,33136.37
052518,0.0,1348.45
052519,4319.33,70013.05
052520,4707734.18,83274.24
052522,5400.7,9197.28
052523,13879015.81,4000376.94
052524,0.0,516904.98
052525,68246.77,11600.16
052526,270433.97,129076.55
052529,12855781.52,855519.33
052530,27137423.68,3302024.24
052601,12166.41,5319.01
052602,4249761.83,0.0
052603,8971623.67,0.0
052605,2469964.0,0.0
052606,194098.0,619173.44
052607,14738188.24,548145.78
052608,55200127.21,0.0
052614,0.0,22616.72
052615,0.0,205058.88
052616,626034.0,4092.0
052617,9830.0,1662.65
052620,725497.48,0.0
052621,0.0,7640.0
052701,0.0,2642933.8
052703,0.0,1514063.74
052704,0.0,2570136.69
052706,106941.0,1883.0
052707,0.0,680321.54
052708,0.0,414446.0
052709,19155040.22,719260731.53
052710,316504701.54,146414695.47
052711,0.0,178225525.0
052712,0.0,3418950.85
052713,18388.23,928461.86
052714,0.0,16709.0
052715,0.0,17885.75
052716,298015.0,73220190.92
062801,0.0,5640.0
062802,0.0,3201.8
062803,0.0,2409871.22
062804,0.0,136606.13
062805,33045.0,3544.68
062806,0.0,11298.65
062807,1668118.89,785338.63
062808,0.0,44800.28
062809,519059355.68,1297693.27
062810,0.0,1436.0
062811,1924291.65,803676.41
062812,33000.0,18701.33
062813,4086.04,0.0
062814,0.0,17306559.61
062815,38090.97,1100010.67
062816,0.0,18804.91
062817,210259.0,63685.57
062818,11395.38,444769.61
062819,0.0,12786.48
062820,0.0,1284092.23
062821,0.0,1324534.63
062823,0.0,383867.17
062824,0.0,361856.4
062825,2575.16,115812.43
062826,0.0,36042.91
062827,0.0,556421.13
062828,33544.4,59580.81
062829,0.0,703448.7
062830,0.0,371689.98
062831,5993.92,509689.03
062832,0.0,94199.17
062833,100753.47,3745186.61
062834,5410.78,3038308.64
062835,533674.35,13702845.03
062836,364551.86,4112363.33
062837,32999.0,1258196.91
062838,0.0,14154.0
062839,0.0,629316.04
062840,0.0,587247.48
062841,100967.0,187664.08
062842,0.0,40097.52
062843,1123.0,294620.86
062844,0.0,2000.0
062845,10511.0,0.0
062846,0.0,36206.0
062847,0.0,211087.24
062848,0.0,9565.11
062849,0.0,383300.37
062851,0.0,47401.49
062901,0.0,13838804.57
062902,18333.43,2556046.61
062903,14340.76,2568465.94
062904,0.0,405959.46
062905,1917.93,1888496.08
062906,0.0,196209.68
062907,62768.0,737645.37
062908,0.0,51123.09
062909,0.0,227117.75
062910,0.0,37946.48
062912,0.0,340356.21
062913,0.0,66466.68
062914,0.0,1836616.33
062915,1949.33,3959732.96
062916,3812.0,868004.93
062917,0.0,5026588.63
062918,10356.0,2266513.09
062919,27382.0,242953.36
062920,0.0,792394.43
062921,6059.74,923612.27
062922,11561.7,3261043.6
062923,702163.08,376970.7
062924,17523.0,1589275.4
062925,17423.0,337780.6
062926,4537.82,9686.0
062927,0.0,160714.31
062928,0.0,65601.19
062929,6379.0,4336944.32
062930,102239.0,854886.74
062931,0.0,352185.03
062932,274672.0,1232811.15
062933,25834.61,10999633.55
062934,54611.0,1741066.08
062935,22709.26,1025273.23
062936,0.0,2194980.57
062937,6946.0,458225.09
062938,2295277.73,1148553.55
062939,4242.0,1134752.59
062940,0.0,46109.86
062941,112516.0,5056091.24
062942,0.0,65245.84
063001,0.0,4990.0
063002,682269.99,2421488.77
063003,137065.63,3937019.87
063004,9191245.31,77103833.76
063005,332330.95,1270855.43
063006,597159.41,4046842.1
063101,5265.54,415126.52
063102,19404.64,9458375.83
063103,76912595.37,883680.68
063104,3325616.22,14050634.3
063105,246930479.08,7216314.35
063201,0.0,322206.37
063202,0.0,1513341.95
063203,2353134.0,122690.67
063204,439646.24,14533159.32
063205,7783.0,222055.49
063206,14300.43,6130717.48
063207,29941.75,12852748.29
063208,1381124.29,7597600.21
063209,125941.19,982413.42
063210,68919.04,568510.91
063211,0.0,71207.28
063212,97192.0,905909.02
063213,1883.0,129745.38
063214,242169.47,2129500.5
063215,265284.42,3458087.89
063301,14090114.89,1547350.81
063302,209995.25,12664487.13
063303,273866.86,6247203.48
063304,1514297.34,7951832.68
063305,3326392.55,3396420.95
063306,145687.39,1144235.33
063307,206076.34,3734257.07
063401,963292.54,1048223.96
063402,3056988.45,7837151.65
063403,27742.0,1943511.41
063404,116765.55,1302357.13
063405,3066.0,1139496.19
063406,501483.3,167577.7
063407,5564.74,548442.6
063501,0.0,3180161.77
063502,0.0,13069.0
063503,0.0,72454.77
063504,0.0,4174.25
063505,12963.31,700351.35
063506,136720.0,5338305.93
063507,32500.0,3399571.0
063602,1687441.0,0.0
063603,7744.0,259696.0
063604,0.0,351867.2
063605,0.0,98980.04
063606,0.0,89529.96
063701,158904.86,2178966.36
063702,783036.0,2687853.17
063703,0.0,1869116.59
063704,374754.0,26054.14
063705,0.0,8221.0
063706,11054.0,148908.23
063707,518098.85,3976568.95
063801,0.0,39069.76
063802,26653.66,1571488.09
063803,0.0,1224.69
063804,0.0,24446.26
063805,0.0,32027.01
063806,139899.21,605221.11
063807,6370.26,5463.41
063808,2031003.04,39956062.66
063809,24133.31,2861869.26
063810,36292.83,83745.21
063811,4403.0,2382807.76
063812,0.0,1443848.12
063813,35179.15,105625.55
063814,61209.87,365330.08
063815,36650.0,2680770.48
063816,1301.0,342404.83
063817,0.0,2731097.78
063818,50793.0,3756.0
063819,0.0,117010.28
063820,3784.7,42753.18
063821,9153.0,56160.27
063822,31473.0,978737.02
063823,179220.84,14077492.09
073901,110295.15,24084312.96
073902,5688.9,13443435.31
073903,559844.23,11563847.32
073904,6717641.83,7672649.33
073905,147014.54,1484986.96
073906,299631.0,5247366.57
073907,624437.05,23706864.01
073908,15789.46,1749705.07
073909,307881.0,4133286.05
073910,167759.57,356934.85
073911,0.0,1692237.17
073912,10491.18,1528852.85
073913,0.0,156386.91
073914,0.0,180772.41
073915,179939.41,362097.22
073916,231060.07,919799.46
073917,118483.49,12631328.7
073918,1069704.95,1326149.66
073919,270452.98,9601188.49
073920,1911785.07,18032250.2
073921,1545630.76,10486540.38
073922,70561.81,2215483.77
073923,5152342.82,24989063.3
073924,529508.21,3697558.82
073925,345411.04,2010754.44
073926,5007738.01,51760166.97
074001,59551.74,5225494.8
074002,0.0,2858767.61
074003,0.0,37907.97
074004,0.0,52674.59
074005,34931.83,1917910.1
074006,6467.0,179652.55
074007,6620.25,193376.01
074008,58148.63,3037016.53
074009,385657.0,1018909.07
074010,13991.11,3123245.72
074011,29692484.55,25141470.28
074012,396254.82,488661.92
074013,547288.82,941807.79
074014,35543.0,303723.7
074015,244525.47,316795.92
074016,85524.63,10684724.18
074017,7199.49,67722.01
084101,118427.64,181462.21
084102,579935.78,39997.94
084103,374363.03,42049.0
084104,11774891.6,41788772.79
084105,39314964.67,3352364.02
084106,585392.3,3006274.33
084107,103762.62,4156019.3
084108,173881.22,961399.42
084109,1058931.21,903003.48
084110,0.0,5179.0
084111,79524.44,141529.47
084201,717200.57,150352.06
084202,17214613.9,4737419.13
084203,19098824.1,1995250.31
084204,3931.0,61952.67
084205,680144.02,648645.18
084206,1052.0,4325.0
084302,7054.0,358060.0
084303,105133.93,56676.76
084304,0.0,26343.0
094401,0.0,2831.0
094402,25363.81,9753.0
094403,192807.79,30887619.88
094404,1183.56,68123.06
094405,0.0,37990.96
094406,23149.84,0.0
094407,183646.9,44723947.6
094408,0.0,2818898.47
094409,489495.63,235398.22
094410,35177.77,520436.09
094411,12276.34,3044593.7
094412,22130036.5,3712876.57
094413,0.0,191392.0
094414,2465063.22,87344.29
094415,132287.09,10727153.94
094417,28244.28,12868.81
094418,1348500.0,1977731.74
094419,97656.84,78761.26
094420,1316047.59,110183.29
094421,3007419.42,995101.69
094501,25778766.75,0.0
094502,145370.89,10164.68
094503,9408924.43,39605.0
094504,1335635.15,77878.54
094601,203751.51,25905.76
094602,4347726.23,88544.1
104701,0.0,30619.18
104703,61967427.23,1864791.82
104704,0.0,588766.12
104706,0.0,46471.0
104707,2890.0,6146861.26
104801,55752.09,5760516.92
104802,888514.52,8852258.67
104803,9284.89,731994.32
104804,2792086.74,16840545.57
104805,6337263.35,6524669.12
104806,0.0,156679.64
104807,76469.18,284387.64
104808,161982.69,125484.98
104809,0.0,3257761.24
104810,2413349.7,14038158.56
104811,323537.93,21116740.2
104812,0.0,57548.32
104813,166687.0,90379.19
104814,5463.62,83884.7
104816,905736.4,751185.25
104817,2289.61,492378.8
104818,1798392.45,3948339.3
104819,3853897.3,12800601.56
104820,1259555.54,2380253.36
104821,459989.03,13031762.14
104822,0.0,283171.05
104823,1933102.93,6357393.4
104901,1092865.06,23211570.03
104902,1174269.92,16255199.94
104903,4045.02,430782.22
104905,6812.0,197808.5
104906,0.0,84058.05
104907,1572706.0,856138.88
104908,1365.0,735328.09
104909,4256.0,98151.67
104910,4726.76,73158.4
104911,1773818.93,2676940.87
115003,0.0,7534.0
115004,0.0,1897.0
115006,0.0,5407.84
115007,22200.0,7363744.64
115101,48410.0,2258962.59
115103,0.0,10169.16
115104,7768.0,582878.35
115105,0.0,2208359.88
115106,728759.31,1908803.48
115107,202306.17,1876589.69
115108,108854.27,156300.4
115109,4758.65,406187.86
115110,27522.0,0.0
115111,4609967.56,14527159.86
115112,5186055.67,48470230.14
115113,0.0,105154.84
115201,827535.76,21752810.29
115202,484687.5,2312144.33
115203,0.0,28243.0
115204,260894.74,1856100.72
115205,7532675.39,8585994.04
115206,129297.18,1869482.87
115207,6564.0,2726264.26
115208,3233568.94,86251349.2
115209,12914483.2,210396553.67
115210,592537.86,36758739.52
115211,1403580.99,29304780.21
115212,281300.4,9798499.33
115301,0.0,106813.75
115302,23501.74,26585.55
115303,0.0,7834.04
115304,6795.0,910253.08
115305,13490.64,138489.25
115306,0.0,39212.0
115307,0.0,748791.58
115308,1100.79,23004.59
115309,425304.29,18831840.63
115310,2903.0,34806.92
115311,2828.0,643868.26
115401,316381.23,7726113.71
115402,3048438.89,20088922.73
115403,68037.0,2740951.48
115404,5646.0,403851.28
115405,1000.0,109760.26
115406,0.0,229095.21
115407,6475109.58,75586614.71
115408,3101945.22,30849356.13
115501,8206.16,9012906.51
115502,0.0,4186141.25
115503,161728.73,8772341.04
115504,1372.74,7602944.59
115505,1223688.43,1064148.65
115506,40882.0,5018241.27
115507,0.0,492886.75
115508,481601.14,11624050.31
115509,3967390.29,31365558.73
115510,140527.93,686290.75
115511,213316.0,343027.54
115512,1407040.88,63236857.28
115513,1904220.09,29644166.74
115514,1873043.99,35883413.01
115515,17303265.86,71713304.32
115516,2329143.8,104003830.35
115601,108646.25,730178.46
115602,223857.69,840283.45
115603,425828.2,15557515.91
115604,21506.28,1035090.32
115605,0.0,80536.75
115606,61508.97,6856544.14
115607,418971.53,5773839.74
115608,94089.0,10424897.69
115609,136077.18,597425.3
115701,15534128.27,196698.86
115702,4382841.81,433121.4
115703,604284.41,660333.9
115704,158325.94,22160.9
115705,239355.81,378458.62
115801,5077943.11,17961225.41
115802,7952.0,260065.14
115803,7167.0,36737.91
115804,263801.53,5861042.15
115805,34031.18,0.0
115806,1134120.15,23530260.36
115807,197489.42,15220229.86
115808,978963.31,3525723.51
115809,8561.0,145709.62
115810,2940195.08,4990350.95
115811,98166.78,1181131.81
115901,1115.0,784203.94
115902,1701.0,3204666.08
115903,1098446.53,20274842.11
115905,0.0,7464.0
115906,42158.0,883015.65
115907,194321.47,921395.0
115908,21861.12,510205.54
115909,27211.0,65219.07
115910,0.0,276523.75
115911,150540.4,3480172.58
116001,181740.66,14407824.37
116002,2641998.13,151828208.83
116101,5988351.27,6536782.4
116102,3654480.39,450702.28
116103,20771779.73,2445489.9
116104,63928109.95,9663869.15
116105,17486529.95,970616.65
116106,21311304.25,823819.66
116107,32271167.93,7621929.03
116108,61667173.58,18388324.83
116109,193290348.53,44578312.73
116110,188251223.82,7005790.28
116111,38383686.23,924421.33
116112,28404749.33,2932013.52
116113,624629.09,237460.49
116114,8904018.91,1028495.63
116115,13103032.29,3964226.66
116116,1640301.2,213744.87
116117,642091.54,4648951.46
116201,29153290.98,946600.72
116202,38171844.75,1878325.1
116203,512610359.16,4976163.39
116204,657072719.53,24726334.36
116205,107627455.5,1949354.44
116206,144627536.18,2160373.86
116207,6864779.19,985870.22
116208,17488732.1,7671997.69
116209,29619701.57,568017.25
116210,17883732.72,1513549.96
116211,63046176.61,4924550.04
116212,120348427.4,55242479.5
116213,535606.46,71888.59
116214,6332212.68,2414045.06
116215,2829253.65,202480.44
116216,365923.95,111792.31
116217,3302547.95,38392222.84
116301,1505066.54,405747.45
116302,15259643.96,3924946.5
116303,3192307.38,219452.13
116304,1229716.44,1517594.56
116305,374564.15,990394.34
116306,387803.48,1336842.33
116307,485431.13,3690966.02
116308,16038.97,152199.76
116309,41009.78,657149.0
116310,41032.18,2357253.9
126401,3655917.5,140884.61
126402,3680978.7,2178595.13
126403,117738221.52,2616312.09
126404,4336569.98,2940195.98
126405,6776431.72,589051.4
126406,42519285.72,35748760.88
126501,0.0,42452.68
126502,0.0,10761.0
126503,3251.0,13412.0
126504,66347.0,10648.59
126505,952921.46,311966.03
126506,114692.6,774088.41
126507,2097811.18,549065.57
126601,12881.98,572698.35
126602,26005.96,5542.0
126603,2962.58,1141559.61
126701,0.0,9418.86
126702,87043.0,2515507.08
126704,52717.37,24642.77
136801,40964.59,25996.1
136802,1619135.93,7154984.68
136803,2099.93,10681.76
136804,121811.05,1806332.66
136805,1613281.12,1110476.71
136806,0.0,934784.8
136807,3458.35,217458.01
136808,7654.39,205202.35
136809,38264.41,366676.92
136810,706687.58,425452.38
136811,26464.69,8238.12
136812,4431.0,477548.47
136813,3108311.9,469362.53
136814,10079.0,0.0
136815,301901.3,414890.73
136901,49774.98,24988.14
136902,96359.24,5493771.22
136903,394135.37,1008839.7
136904,1047145.51,26137.0
136905,10086.44,169884.34
136907,208886.38,678106.59
136908,1933173.31,12710603.62
136909,9964.31,316103.42
136910,19076191.06,2839464.04
136911,402198.03,8664553.4
136912,1446941.97,573741.34
136913,4488285.92,1785415.35
136914,3228028.52,267852.6
137002,4666.06,458511.55
137003,27369.39,1152176.96
137004,1414.0,316087.91
137005,18579.0,4041283.15
137006,116705.49,92241.49
137007,335706.92,1152985.73
137008,0.0,26297.66
137009,1255203.83,2725599.77
137010,1010776.62,7081878.57
137011,10038.61,165175.0
137012,0.0,4186.83
137013,1978907.57,4644959.3
137014,16207.0,90736.84
137015,56139.03,1636723.72
137016,7116.15,399069.67
137017,6790.0,1011558.8
137018,758235.64,334924.98
137019,4220.83,2097223.79
137020,654006.29,482564.81
147101,0.0,5507.39
147102,773476.0,216489.85
147103,217813.83,23203.97
147104,8659.0,128853.61
147106,43181214.75,319800.27
147108,8665178.64,6960988.0
147110,50281.0,0.0
147112,89322.0,0.0
147113,467089.92,479659.56
147114,26712.0,389356.39
147115,16231104.0,31534.78
147116,38799.64,26440.79
147117,1590452.17,665900.67
157201,0.0,89609.11
157202,0.0,193287.67
157204,14138596.35,10020.0
157205,0.0,99305.46
157206,60220.84,0.0
157207,0.0,27009882.95
157208,2312430.05,14506518.27
157209,2638207.74,8841393.33
157210,29583771.25,19211296.83
157211,501834.44,436459.65
157212,48585.56,2863134.77
157213,334885.86,1183812.22
157214,24850.55,4155678.76
157215,9125.69,780189.83
157216,192678.54,18864914.73
157217,563376.45,4919620.6
157219,0.0,6841683.46
157220,3389.54,1762350.88
157221,0.0,1014.0
157222,0.0,262224.88
157223,0.0,22766.34
157224,0.0,4414411.0
157225,0.0,605321.22
157226,18148.34,58779.29
157227,0.0,51797.0
157228,6955.0,1258501.05
157229,0.0,31963.52
157301,13900.33,38289.0
157302,347210.01,2111979.55
157303,28077.96,525569.67
157304,114359.66,6162920.33
157305,17512.6,27409.86
157306,2886068.18,1848048.31
157307,937742.6,5733877.51
157308,1384655.1,12183948.98
157309,1407195.0,2622664.13
157310,202719.27,19769609.61
157311,2097817.71,2146160.23
157312,49002.7,5657243.82
157313,45818.47,171848.0
157314,8609.55,1416426.9
157315,50045.65,1869413.88
157316,0.0,33325.11
157317,272839.34,840043.93
157318,238892.93,8748922.59
157319,32765.0,417897.1
157320,82609.83,972063.67
157321,420651.07,1896181.56
157322,2246.0,415492.02
157323,1817857.08,3941053.65
157324,53185.5,1657131.65
157325,245379.92,3111820.07
157326,5522591.52,22560953.8
157401,1674597.58,35947.0
157402,0.0,18626.0
157403,489115.0,1361681.96
157404,17070066.44,193436.67
157405,8996.17,0.0
157406,62275.03,30006.73
157407,4939.0,3672133.03
157408,15797.0,12242754.83
157409,607849.35,14391754.61
157410,3043.0,23689.0
157411,33034.84,1204114.22
157412,6511.71,1461278.64
157413,14709.48,29446.31
157414,0.0,9003.32
157415,198862.0,142772.84
157416,1652.0,5622.0
157417,13738.0,2308.64
157418,386034.54,515993.68
157419,2056061.71,5050617.71
157501,929013.0,5350.0
157502,231457.0,59228.0
157503,447781.53,0.0
157504,0.0,1688.0
157505,1456.0,18779.0
157507,0.0,11708.0
157508,21697.31,218156.68
157601,9785.08,6721675.91
157602,8211770.73,88108.58
157603,0.0,175872.77
157604,5380217.4,7019992.63
157605,29385.0,12204551.61
157606,29749.41,10321297.79
157607,48774.1,4080535.81
157608,23784.0,186459.72
157609,1928.0,37341.33
157610,10407.96,2012206.3
157611,6610.0,160906.0
157612,467139.34,4990339.85
157613,0.0,26302.0
157614,476627.66,125719.64
157615,523519.3,1003168.07
157616,755588.13,5783150.39
157801,32826660.63,702850.73
157804,0.0,46013.29
157805,0.0,1233.0
157806,42067.0,235066.47
157901,192869.64,3308199.73
157902,144633.46,49826.0
157903,80910.0,76151.18
157904,2019.0,69120.54
157905,107968.49,36677.67
157906,0.0,109883.0
157907,68098.35,272875.27
158001,1411.0,264832.44
158002,147332.18,3687.0
158003,0.0,29019.0
158004,0.0,1909.33
158006,0.0,50915.0
158007,9359.89,3048.0
158101,0.0,22123.0
158102,0.0,1863.07
158104,0.0,3627.0
158105,34152720.89,22493.6
158107,0.0,1340.63
158108,16465.0,51321.53
158110,0.0,41927.99
158111,11472.91,1848.02
158112,4184.0,13590.0
158201,68614.72,1164612.8
158202,39376.0,1090616.38
158203,31290.24,1133106.45
158204,7152.0,669332.98
158205,233487.88,4264915.45
158206,20190.0,1480762.61
158207,292878.11,7334566.25
158208,32541.0,1985281.69
158209,18956.0,274383.11
158210,41849.4,355122.96
158211,142078.0,1231583.23
158212,128927.42,2155862.24
158213,0.0,230713.93
158214,18134.0,407803.86
158215,128142.0,935464.55
158301,3931631.08,5141844.5
158302,197758.71,8182705.22
158303,67900.56,895504.19
158304,50145.15,80764.37
158305,0.0,172027.42
158306,2060104.37,393452.29
158307,15158.0,650520.66
158308,737021.04,7999571.51
158309,67072.03,2637546.91
158310,70195.0,104286.22
158311,461965.49,779194.03
168401,0.0,7645.0
168402,74858.56,13319081.78
168403,0.0,143518.13
168404,0.0,327912.05
168405,29056.0,390072.01
168406,138862.0,1192691.72
168407,118605.0,6018963.12
168408,57403.96,14318312.88
168409,5403837.47,25555620.73
168410,8003.0,5293106.66
168411,8514956.0,15571501.0
168412,189249.0,888980.51
168413,995521.38,31265636.44
168414,334249.56,23546439.11
168415,118887.0,17171053.09
168416,21380.0,801894.45
168417,123427.0,4436270.88
168418,4212573.33,52814938.67
168419,373828.04,21128603.21
168420,57180.0,627438.4
168421,1573823.1,22928665.48
168422,1609754.5,32318516.35
168423,168598.99,3148007.48
168424,481164.33,9428903.41
168425,188997.8,2942119.09
168426,103092.12,19450968.4
168427,45279.0,8447491.62
168428,254132.27,18931857.75
168429,431848.0,31141857.45
168430,648389.89,6757244.15
168431,2167581.99,11878142.34
168432,120313.0,2165095.61
168433,36690.0,4427125.78
168434,114849.0,312629.69
168435,0.0,115882.08
168436,26139.0,5916521.93
168437,3229.0,5488933.38
168438,690761.97,15484285.43
168439,135502.0,1999812.31
168440,3853.0,275808.54
168441,196100.0,5768218.7
168442,63499.0,775526.68
168443,354215.76,11425667.08
168444,26694.0,1123290.83
168445,274769.0,6769252.35
168446,722787.12,6218073.48
168447,262555.0,12540197.82
168448,160032.36,13588834.76
168449,0.0,552637.17
168450,743198.0,3696212.13
168451,393226.47,18262050.46
168452,1431178.37,26582173.58
168453,363079.76,3412875.09
168454,0.0,378892.25
168455,0.0,11037290.88
168456,8667.0,185147.03
168457,0.0,641417.0
168458,5110.0,144253.13
168459,67358.0,3696372.28
168460,52156.92,2261685.85
168461,7909.04,102547.52
168462,94596.29,8524189.62
168463,18301.81,4328106.42
168464,62886.0,6508829.92
168465,35475.0,1232578.64
168466,155731.13,5200590.27
168467,15534.0,1572577.34
168468,0.0,114620.1
168469,0.0,167501.82
168470,462684.0,2228028.3
168471,2056381.13,137694498.12
168472,26586.59,4553709.05
168473,12394636.51,35687189.65
168474,101471.56,21523779.17
168475,23638.0,1332808.65
168476,4252.0,118151.11
168477,829563.86,22198183.12
168478,0.0,1780504.83
168479,1137488.45,79256269.44
168480,837299.2,10185771.34
168481,1961975.14,25209593.7
168482,108653.98,10042116.24
168483,428411.27,12155007.56
168484,115512.92,4134960.91
168485,62517.04,4089954.96
168501,3111493.57,13980296.36
168502,42704.07,21460255.0
168503,446619.63,1979234.14
168504,23374853.7,20742985.42
168505,145906.0,1446360.77
168506,803372.0,2375367.93
168507,880369.84,10170096.86
168508,34493.0,2969119.25
168509,19943.0,2590972.31
168510,0.0,231438.33
168511,230375.47,3508171.15
168512,4665409.9,3890892.73
168513,232036.22,1227770.55
168514,14541.0,637276.41
168515,146616.6,5351796.25
168516,349205.0,3095705.43
168517,3488423.73,149829611.65
168518,86462.58,3927468.67
168519,7232.0,520988.34
168520,171761.0,1047578.87
168521,23983.0,4126572.03
168522,97851.0,639673.23
168523,325233.52,6593802.78
168524,1357962.73,21825172.44
168525,3055950.01,427237286.85
168526,839232.0,2070057.61
168527,565879.37,14581753.17
168528,199440.66,39400336.04
168529,20003822.96,45777318.05
168530,76579.0,1580440.4
168531,665725.81,3998682.24
168532,471839.55,4317069.07
168533,100490.0,3093859.53
168534,901318.35,3954985.07
168535,720043.07,4739109.72
168536,39666606.61,64614819.16
168537,1828450.81,11571681.6
168538,3674343.83,27625906.94
168539,347621.37,8315371.1
168540,54770.02,508367.97
168541,512236173.01,265164397.91
168542,205089532.77,87486316.49
168543,1470191.85,15500199.3
168544,199315972.91,85963893.22
168545,7157.0,869446.78
168546,4008.0,1316446.47
168547,579034.27,16075801.99
168548,79326.84,11191812.13
178601,0.0,79336.58
178602,0.0,6807.0
178604,57466.0,22181.0
178605,1134605.0,0.0
178606,0.0,4039371.24
178607,181705.97,2778850.97
178608,0.0,22554.0
178609,62838.91,351132.45
178701,95293.61,23051398.56
178702,123418.0,13261037.57
178703,609482.81,164021029.24
178704,2521246.44,113239394.63
178705,209701.0,12669265.2
178706,0.0,10010115.0
178707,25752.0,740123.11
178708,21113950.02,89083401.92
178709,0.0,387191.37
178711,12487.0,5091544.69
178712,26176.55,3163224.03
178713,0.0,359295.34
178714,334398.92,5002188.9
178715,0.0,164791.87
178716,115478.13,8694801.59
178802,35215672.0,71501458.0
178803,2073556.4,29978672.2
178804,0.0,2468855.0
178805,7960.0,70887.0
178901,11484968.0,34254224.32
178902,294776.0,87044.43
178903,70861.75,2629825.73
178904,105615.0,4626452.63
178905,0.0,8723.37
178906,856180.24,915710.73
178907,32270.0,87276.01
178908,0.0,12532.0
189001,1898358.78,2598472.96
189002,1362.0,222221.56
189003,1240648.62,1256725.93
189004,495249.93,898742.73
189005,3294.0,31134.34
189006,38068.0,997035.98
189007,287119.0,1745980.31
189008,35525.0,491880.49
189009,111855.84,9063750.35
189010,55837.0,2934801.02
189011,119175.0,1232000.79
189012,3370.0,82081.81
189013,6074.0,287939.53
189014,52840.39,4918730.51
189015,334422.0,3234065.02
189016,1154.0,233827.26
189017,340170.0,2066330.69
189018,6652971.86,27430756.41
189019,0.0,473169.63
189020,55665.0,257010.26
189021,105713.74,2604430.28
189022,343801.15,4259903.64
189023,469651.0,3927751.29
189024,207161.08,1574309.93
189025,31663.0,1004788.93
189026,201477.71,2222224.65
189027,298973.53,7456207.36
189028,2983.0,4771812.12
189029,34898.0,840326.53
189030,10221678.59,7185385.44
189031,756923.72,8870315.75
189032,7501700.63,9939144.79
189033,933481.0,765469.61
189101,175561.0,262211.07
189102,1067009.0,6087271.2
189103,0.0,323529.29
189104,0.0,26664.49
189105,43492.0,2098656.51
189106,0.0,121246.29
189107,3394830.0,1769801.38
189108,0.0,24114.31
189109,0.0,12794.36
189110,3453896.0,2885778.13
189111,5930.81,10450.0
189112,4880.0,0.0
189113,146727.94,44669.5
189114,18815.0,156969.31
189201,0.0,285372.74
189202,11357.34,30353.35
189203,0.0,48114.0
189204,0.0,16994.0
189205,0.0,4259.46
189206,128841.45,31129.54
189207,34591.0,23531.41
189208,0.0,17492.43
189209,1555.0,14297.62
199303,1189.0,705582.22
199304,0.0,72987.0
199306,0.0,279332.71
199307,1252.89,0.0
209401,5058427.21,13201590.68
209402,57633.77,4746460.58
209403,12430132.05,28382269.55
209404,1432685.02,609836.08
209405,11034365.0,13686039.53
209406,785520.35,3046478.84
209501,1483.0,1269145.33
209502,6273.0,1060220.94
209503,478216.77,10748994.28
209504,43017.88,2299923.49
209505,5962.0,160967.17
209506,6263080.8,8237456.42
209507,0.0,237978.06
209508,143002.0,854198.55
209601,187856.79,6370.0
209602,115109.0,711786.33
209603,22021.09,1832449.6
209604,0.0,13110.0
209605,0.0,122930.33
209606,184249.29,18100340.19
209607,1631869.83,16734752.35
209608,43357.0,2985762.74
209609,47295.01,499801.11
209610,0.0,88149.47
209611,0.0,186692.72
209612,3221307.2,4596326.59
209613,0.0,972168.17
209614,457524.82,31493.52
209615,20616.34,278136.74
209616,0.0,128620.49
209617,14043.0,1248121.82
209618,1271.0,25626.73
219701,404599.85,862714.24
219702,2352.0,3767.0
219703,76292.49,45822.69
219704,12497.0,0.0
219705,1167475.2,148460.0
219706,1526048.65,250280.72
