010102,0.0,12127.0
010103,0.0,1119.0
010201,0.0,953104.0
010203,0.0,218850.0
010204,0.0,118931.0
010206,0.0,1646.0
010207,0.0,118558.0
010208,0.0,340466.0
010210,0.0,44766.0
010302,384007.0,1058.0
010303,4615325.66,5128.0
010304,8255296.0,19287.0
010305,851377.0,0.0
010306,1200766.0,22406.0
010307,373327.0,43944.0
010401,0.0,2491.0
010402,84181.89,57163.0
010403,0.0,103838.0
010404,0.0,33235.0
010405,0.0,14409.0
010406,0.0,68286.0
010407,0.0,9021.0
010409,0.0,2316.0
010504,0.0,14609.0
010511,23643.96,6234.0
020602,0.0,32455.0
020604,0.0,7872.0
020701,0.0,12862.0
020702,0.0,1396.0
020706,0.0,1580.0
020709,0.0,361085.0
020710,0.0,9880.0
020711,0.0,1138.0
020714,0.0,40556.0
020801,0.0,2589.0
020802,0.0,12967.0
020804,0.0,1019.0
020805,0.0,1085.0
020806,0.0,2951.0
020810,0.0,249140.0
020812,0.0,3643.0
020813,0.0,5715.0
020901,0.0,8719.0
020902,0.0,10980.0
020910,0.0,8493.0
021006,0.0,5000.0
021008,0.0,9071.0
021101,0.0,61459.0
021209,0.0,1243.0
021211,0.0,5386.0
021212,0.0,141619.0
021214,0.0,1763.0
031501,0.0,8871.0
031515,0.0,9728.0
031516,0.0,3030.0
031517,0.0,42966.0
041601,0.0,64711.0
041602,0.0,365329.0
041604,207613.0,11372.0
041605,0.0,2479.0
041701,0.0,27187.0
041702,0.0,2361.0
041704,0.0,95156.0
041805,0.0,1492.0
041806,0.0,49851.0
041901,0.0,234408.0
041902,0.0,32597.0
041904,0.0,33004.0
041905,0.0,120606.0
042001,0.0,1763.0
042002,0.0,8150.0
042003,0.0,2459.0
042004,0.0,18176.0
042005,0.0,94196.0
042007,4501.57,3906.0
042008,0.0,35788.0
042009,0.0,86579.0
042101,0.0,5640.0
042102,0.0,3498.0
042103,0.0,69038.0
042104,0.0,48189.0
042105,0.0,78335.0
042106,1747.7,145963.0
042201,0.0,3290.0
042202,0.0,235143.0
042203,0.0,98843.0
042208,0.0,38232.0
042209,0.0,4931.0
042309,0.0,126625.0
042402,0.0,9003.0
052501,0.0,31722.0
052505,0.0,18157.0
052508,0.0,6895.0
052522,0.0,1428.0
052523,0.0,356186.0
052703,0.0,6813.0
052710,0.0,58088.0
052714,0.0,81949.0
062814,0.0,13601.0
062826,0.0,16105.0
062827,0.0,55618.0
062901,0.0,3279.0
062910,0.0,2332.0
062917,27887.79,0.0
062933,0.0,2670.0
063004,0.0,126941.0
063101,0.0,2917.0
063105,0.0,4778.0
063208,0.0,24278.0
063209,0.0,40405.0
063212,0.0,4282.0
063214,0.0,20159.0
063215,0.0,1973.0
063303,2205.0,16437.0
063304,0.0,3922.0
063305,0.0,20751.0
063306,0.0,5663.0
063307,0.0,17238.0
063401,0.0,6264.0
063402,0.0,85013.0
063405,0.0,2710.0
063406,0.0,2133.0
063506,0.0,39290.0
063703,0.0,2513.0
063809,0.0,1017.0
063814,0.0,1972.0
063819,0.0,1094.0
063820,0.0,2934.0
063821,0.0,1090.0
063822,25175.0,0.0
073901,0.0,173345.0
073904,0.0,24036.0
073906,0.0,5022.0
073916,0.0,23897.0
073917,0.0,14937.0
073918,0.0,16060.0
073919,0.0,1350.0
073920,0.0,10642.0
073921,0.0,31246.0
073922,0.0,16121.0
073923,0.0,71841.0
073924,0.0,228270.0
073925,0.0,188377.0
073926,1780.0,55434.0
074001,145351.47,3231.0
074010,0.0,6395.0
074011,0.0,82931.0
074012,0.0,1092.0
074015,0.0,8430.0
074016,0.0,6290.0
084201,0.0,4465.0
084202,0.0,6810.0
084203,0.0,1748.0
094402,0.0,3267.0
094403,0.0,12733.0
094407,47791.33,381052.0
094408,0.0,3004.0
094409,0.0,175753.0
094410,0.0,21308.0
094411,0.0,76353.0
094412,0.0,93464.0
094414,0.0,3754.0
094415,0.0,9942.0
094418,0.0,371616.0
094420,0.0,30029.0
094421,0.0,23684.0
104805,0.0,8614.0
104806,0.0,44826.0
104811,18502.36,71044.0
104818,0.0,163133.0
104819,0.0,79728.0
104820,0.0,27325.0
104821,0.0,2256.0
104823,0.0,3009.0
104901,8813.0,11959.0
104910,0.0,9281.0
104911,0.0,24867.0
115109,0.0,1301.0
115407,0.0,2171.0
115511,0.0,5555.0
115601,0.0,6895.0
115602,0.0,13534.0
115607,0.0,7905.0
115608,0.0,3169.0
115702,0.0,10160.0
115703,0.0,3403.0
115705,0.0,6256.0
115903,0.0,23240.0
115906,0.0,2712.0
115911,0.0,7993.0
116104,6067.0,7768.0
116109,0.0,11780.0
116110,0.0,33535.0
116202,0.0,9812.0
116204,223654.0,2425.0
116210,0.0,9856.0
116211,7613.0,0.0
116217,0.0,153799.0
116302,0.0,18858.0
116303,0.0,3065.0
116304,0.0,46906.0
116305,0.0,13171.0
116307,0.0,61230.0
116309,0.0,2394.0
126403,0.0,16248.0
126404,0.0,14478.0
126405,0.0,8169.0
126505,0.0,4014.0
126603,0.0,1742.0
136802,0.0,27154.0
136804,0.0,3000.0
136806,0.0,64756.0
136807,0.0,13144.0
136808,0.0,2480.0
136809,0.0,55210.0
136810,0.0,151635.0
136811,0.0,2234.0
136904,0.0,4104.0
136905,0.0,2832.0
136908,0.0,12100.0
136910,0.0,5257.0
136911,0.0,9352.0
136912,0.0,5372.0
137008,0.0,2183.0
137013,0.0,36790.0
137019,0.0,37063.0
147113,0.0,3000.0
147117,3534.0,0.0
157204,11929.26,3918.0
157208,0.0,4264.0
157210,0.0,54154.0
157214,0.0,12056.0
157215,0.0,27962.0
157216,0.0,41389.0
157217,0.0,3626.0
157228,0.0,34198.0
157306,0.0,1194.0
157307,0.0,11470.0
157308,0.0,102791.0
157310,0.0,1138.0
157313,0.0,19016.0
157314,0.0,15397.0
157315,0.0,2346.0
157317,0.0,10603.0
157318,0.0,26204.0
157319,0.0,2757.0
157321,0.0,15987.0
157323,0.0,1717.0
157325,0.0,1696.0
157326,0.0,54966.0
157412,0.0,4118.0
157415,0.0,7788.0
157508,0.0,1222.0
157604,0.0,10819.0
157606,0.0,21326.0
157607,0.0,12715.0
157609,0.0,3576.0
157610,0.0,11944.0
157615,0.0,2007.0
157616,0.0,1562.0
157905,319382.84,0.0
157907,0.0,3820.0
158201,0.0,1395.0
158202,0.0,3312.0
158204,0.0,3268.0
158205,0.0,16276.0
158207,14990.0,5558.0
158211,0.0,2621.0
158214,0.0,3234.0
158301,0.0,10810.0
158302,0.0,43694.0
158303,0.0,1731.0
158311,0.0,3519.0
168403,0.0,104134.0
168407,0.0,125545.0
168408,0.0,1399.0
168409,57054.0,103204.0
168411,32971.0,49860.0
168412,0.0,7000.0
168413,0.0,92713.0
168414,1975.0,11887.0
168415,0.0,5086.0
168418,0.0,57107.0
168421,0.0,24358.0
168425,0.0,5826.0
168427,0.0,27177.0
168428,0.0,113887.0
168429,0.0,93190.0
168430,0.0,207509.0
168431,5088.0,53082.0
168433,0.0,19788.0
168438,0.0,2332.0
168442,15877.0,0.0
168443,0.0,4380.0
168450,0.0,4437.0
168451,0.0,3376.0
168464,0.0,2200.0
168465,0.0,3232.0
168466,0.0,1520.0
168467,0.0,9432.0
168471,54369.0,10606.0
168473,19612.0,0.0
168478,0.0,107080.0
168479,0.0,25461.0
168480,0.0,35382.0
168481,0.0,18818.0
168482,0.0,1911.0
168483,49946.0,2986.0
168484,0.0,1799.0
168485,0.0,40023.0
168502,0.0,597430.0
168504,0.0,3373.0
168506,3203.0,18095.0
168507,0.0,10467.0
168508,0.0,1000.0
168509,0.0,4506.0
168511,0.0,10760.0
168512,0.0,2466.0
168515,0.0,2000.0
168516,0.0,9432.0
168517,16471.0,109426.0
168518,0.0,7647.0
168521,0.0,7907.0
168523,0.0,15707.0
168524,0.0,7126.0
168525,43921.0,175004.0
168527,0.0,73313.0
168528,4118.0,48543.0
168536,0.0,22058.0
168537,0.0,57085.0
168538,0.0,2000.0
168539,0.0,1133.0
168541,29905.0,234000.0
168542,5441.0,13255.0
168543,0.0,4231.0
168547,0.0,3000.0
168548,2360.0,1000.0
178703,20980.0,4806364.0
178704,0.0,748779.0
178708,0.0,195345.0
178709,0.0,22818.0
178711,23333.0,160169.0
178712,0.0,5058.0
178714,0.0,28979.0
178716,0.0,78358.0
178803,14722.0,46385.0
178907,0.0,8173.0
189003,0.0,2000.0
189004,0.0,1001.0
189005,0.0,1299.0
189015,1373.0,23328.0
189018,0.0,6000.0
189022,0.0,4000.0
189027,0.0,102158.0
189028,0.0,12933.0
189029,0.0,1477.0
189030,0.0,19949.0
189032,0.0,3000.0
189201,0.0,2332.0
199306,0.0,8440.0
209401,0.0,80016.0
209403,0.0,229654.0
209404,0.0,28475.0
209405,0.0,34145.0
209406,0.0,323919.0
209503,0.0,19270.0
209504,0.0,21651.0
209505,0.0,19547.0
209506,0.0,16814.0
209507,0.0,6864.0
209603,0.0,60233.0
209608,0.0,1861.0
209613,0.0,1071.0
