010206,38791.88,0.0
010402,100558.82,72881784.0
010406,0.0,767328.0
010407,0.0,6887009.0
010409,0.0,17868.0
020602,22402.0,12108.0
020603,0.0,9201.0
020701,0.0,867677.0
020702,0.0,606457.0
020703,0.0,218125.0
020704,0.0,1120.0
020706,0.0,1234.0
020707,0.0,38248.0
020708,0.0,2784.0
020709,0.0,146898.0
020713,2833897.25,17594118.0
020802,30922.55,2751.0
020804,326136.58,5752.0
020805,0.0,361141.0
020806,0.0,635677.0
020807,0.0,37703.0
020808,0.0,1703184.0
020809,0.0,4595.0
020810,0.0,16602.0
020813,0.0,580492.0
020902,17819.68,8848627.0
020904,0.0,1120.0
021001,0.0,54971122.0
021003,0.0,16780998.0
021005,4577.69,0.0
021006,11661255.16,38260260.0
021201,0.0,577707.0
021203,0.0,8086.0
021205,0.0,112567.0
021209,0.0,239609.0
021211,0.0,10455.0
021212,0.0,14786.0
021213,7120.8,0.0
021403,11758.08,0.0
021404,0.0,524329.0
031505,3000.0,0.0
031512,0.0,45079.0
031515,0.0,2400494.0
031516,0.0,23302197.0
031517,0.0,35728884.0
031519,0.0,87001.0
031521,0.0,46744.0
041604,0.0,3696.0
041701,59543.51,9244641.0
041704,3936.74,692957.0
041806,0.0,226949.0
041901,0.0,11101321.0
041902,0.0,6375.0
041904,0.0,736763.0
041905,0.0,3370601.0
042001,0.0,1836.0
042002,0.0,5891213.0
042004,0.0,114247.0
042005,0.0,96889.0
042007,33293.97,0.0
042008,2361.09,11012.0
042009,56111.73,14921.0
042102,0.0,67857.0
042103,21288.12,1078.0
042104,0.0,10747.0
042105,0.0,23330.0
042106,2335.77,106086.0
042201,0.0,1620.0
042202,0.0,1198697.0
042204,0.0,12920.0
042207,0.0,42582.0
042208,0.0,13981.0
042209,0.0,134528.0
042304,0.0,3662995.0
042309,18654.14,0.0
042403,0.0,25222.0
052501,0.0,2059371.0
052503,652027.46,0.0
052505,0.0,35853.0
052508,0.0,35022.0
052509,0.0,3500.0
052513,0.0,18961.0
052514,0.0,9900.0
052515,0.0,133010.0
052516,0.0,181372.0
052517,0.0,5924.0
052523,4080.26,1211833.0
052530,0.0,6250.0
052613,106987.0,0.0
052614,0.0,5577.0
052701,10798.9,0.0
052707,6526783.2,0.0
052708,0.0,140370.0
052709,13808417322.07,0.0
052710,132018902.0,329123.0
052711,27341840.95,0.0
052712,8998.48,4015.0
052713,276322.71,0.0
052714,129299.61,0.0
052715,0.0,7245.0
062801,0.0,579356.0
062802,0.0,13306.0
062803,0.0,204792.0
062804,0.0,5179.0
062805,0.0,750772.0
062807,0.0,1068.0
062812,0.0,1883.0
062815,0.0,5903.0
062818,0.0,9360.0
062828,0.0,1276210.0
062831,0.0,3557.0
062832,0.0,15065.0
062833,0.0,2626756.0
062834,0.0,1294.0
062835,0.0,91274.0
062836,0.0,7803.0
062841,0.0,15000.0
062849,0.0,1750.0
062850,0.0,6448.0
062901,333607.27,0.0
062905,0.0,6300.0
062906,0.0,69049.0
062915,0.0,1088.0
062916,0.0,2532.0
062917,0.0,45276.0
062918,0.0,22681.0
062921,0.0,30870.0
062922,4232.0,1772.0
062925,0.0,2885.0
062926,0.0,121882.0
062933,0.0,86035.0
062934,0.0,49170.0
062941,0.0,1267162.0
063002,0.0,1542977.0
063003,0.0,143465.0
063004,600815.0,16355632.0
063005,73644.0,1021526.0
063006,45908.0,9353515.0
063102,264874.98,0.0
063103,27502.77,0.0
063202,0.0,2450.0
063203,0.0,13184.0
063204,15734.0,17940.0
063205,56741.0,2748.0
063206,21504.0,151345.0
063207,0.0,5769.0
063208,0.0,211690.0
063209,0.0,182010.0
063210,0.0,24480.0
063212,2295.0,7800.0
063213,31895.0,1589.0
063214,0.0,62506.0
063215,65141.0,0.0
063301,0.0,24919.0
063302,0.0,5394.0
063304,0.0,243877.0
063305,0.0,107982.0
063306,0.0,6357.0
063401,0.0,11284415.0
063402,10768.87,15377393.0
063403,0.0,8362.0
063405,0.0,24386.0
063406,0.0,42186.0
063505,8828.85,23045.0
063506,0.0,659783.0
063507,44580.0,0.0
063605,0.0,152737.0
063701,36200.0,475996.0
063702,3200.0,0.0
063703,3051.0,0.0
063707,18695.0,0.0
063802,0.0,57967.0
063808,0.0,1157164.0
063811,0.0,676291.0
063813,0.0,94838.0
063814,0.0,23008.0
063816,0.0,300832.0
063820,0.0,9575.0
063822,0.0,274958.0
063823,44982.03,350728.0
073901,0.0,7908.0
073907,0.0,130892.0
073912,0.0,35475.0
073917,0.0,1343701.0
073918,0.0,6660.0
073919,2500.0,102109.0
073920,0.0,173756.0
073921,0.0,112149.0
073922,0.0,11079.0
073923,6651.64,1120984.0
073924,10164.29,3614664.0
073925,0.0,8306.0
073926,14120.0,975492.0
074002,19906.9,0.0
074008,0.0,37312.0
074009,0.0,399235.0
074010,3804.0,28750.0
074011,14319.0,7276973.0
074012,0.0,65373.0
074013,5200.0,333424.0
074014,13248.0,340272.0
074015,16644.0,1464.0
074016,52687.53,280144.0
074017,0.0,3296.0
084105,54992.0,0.0
084106,111210.0,0.0
084202,0.0,139308.0
084203,0.0,58285.0
084205,0.0,1883.0
094403,0.0,2240.0
094407,0.0,3767.0
094410,0.0,179719.0
094411,0.0,342787.0
094412,0.0,1253173.0
094413,0.0,2477.0
094414,5319.0,0.0
094418,0.0,25923.0
094421,0.0,94094.0
094501,0.0,2670.0
094504,0.0,3930.0
094601,0.0,641743.0
094602,0.0,24278.0
104707,0.0,697411.0
104801,6083.35,0.0
104802,79643.27,25808.0
104805,0.0,6258.0
104807,0.0,24468.0
104810,0.0,1074373.0
104816,9919.97,0.0
104818,0.0,46160.0
104819,0.0,411852.0
104820,0.0,25543.0
104823,3252.0,25422.0
104901,5868.0,558275.0
104902,5239.0,4093.0
104903,2025.18,0.0
104907,2055.0,0.0
104911,16553.0,6819.0
115101,1801445.7,0.0
115102,0.0,4306.0
115105,43821.0,0.0
115112,0.0,22500.0
115204,5000.0,0.0
115206,10640.26,0.0
115209,0.0,5110.0
115210,0.0,22069.0
115303,1125.49,0.0
115307,0.0,2250.0
115402,1844.37,10669.0
115406,0.0,2049.0
115407,0.0,6084.0
115408,0.0,57691.0
115506,36372.84,0.0
115509,15300.0,0.0
115512,0.0,4930.0
115513,0.0,79010.0
115601,0.0,3822.0
115604,0.0,5802.0
115607,0.0,37060.0
115608,0.0,43300.0
115701,0.0,37853.0
115702,1315.73,5739544.0
115704,0.0,50959.0
115705,0.0,222364.0
115801,0.0,26224.0
115802,0.0,9000.0
115804,0.0,41367.0
115806,0.0,3975.0
115808,1240.0,15113.0
115908,0.0,279031.0
115910,6000.0,0.0
115911,0.0,4091.0
116002,0.0,1412.0
116101,0.0,1050.0
116104,0.0,817574.0
116107,0.0,14935.0
116109,0.0,34090.0
116110,0.0,6201.0
116112,0.0,86774.0
116114,1205.0,18334.0
116115,0.0,92437.0
116116,0.0,6590.0
116117,0.0,14493.0
116201,0.0,66135.0
116203,0.0,273184.0
116204,1243.0,74160.0
116207,0.0,6289.0
116208,0.0,2136.0
116214,0.0,50207.0
116301,0.0,547962.0
116302,0.0,97082.0
116303,14394.0,0.0
116305,0.0,1082019.0
116306,0.0,5676.0
116307,0.0,118482.0
116308,0.0,1720.0
116309,11774.13,5650.0
126401,0.0,8758599.0
126402,0.0,290570.0
126403,0.0,95130.0
126404,0.0,50793.0
126405,0.0,44812.0
126406,0.0,43834.0
126504,0.0,17525.0
126505,0.0,12740.0
126506,0.0,16097.0
126702,0.0,4924.0
136802,0.0,312178.0
136804,0.0,402865.0
136805,0.0,3663.0
136807,0.0,8540.0
136809,0.0,5826.0
136810,0.0,5540.0
136811,0.0,17213.0
136812,0.0,21771.0
136813,4512.0,53231.0
136814,0.0,15567.0
136815,0.0,47559.0
136902,0.0,274558.0
136904,0.0,29975.0
136905,0.0,9794.0
136907,7653.76,3249.0
136908,24141.56,1210601.0
136909,0.0,46039.0
136910,38199.14,3225160.0
136911,1795.22,2463.0
136912,0.0,7125.0
136913,0.0,69840.0
136914,0.0,14133.0
137002,0.0,95417.0
137003,0.0,7380.0
137004,0.0,1309091.0
137005,0.0,5600.0
137007,0.0,17207.0
137009,0.0,64636.0
137010,0.0,1508807.0
137011,0.0,10259.0
137013,0.0,414401.0
137016,0.0,21348.0
137017,0.0,173568.0
137019,0.0,9074.0
137020,0.0,65032.0
147113,16225.0,62651.0
157203,17059.66,0.0
157204,255822.91,0.0
157208,0.0,29174.0
157210,3084.25,10230.0
157215,0.0,289637.0
157216,0.0,144020.0
157217,0.0,1103.0
157219,0.0,10279.0
157222,0.0,1670.0
157223,0.0,15194.0
157224,0.0,1960.0
157225,0.0,342359.0
157226,1047.4,0.0
157228,0.0,2450.0
157301,0.0,35720.0
157303,0.0,61201687.0
157304,0.0,31178394.0
157305,0.0,1291353.0
157306,168334.1,5084521.0
157307,102603.0,4087642.0
157308,0.0,1638235.0
157309,0.0,427370.0
157310,6700.0,25160.0
157311,0.0,3400192.0
157312,0.0,6789.0
157313,0.0,2860.0
157314,0.0,10871.0
157315,144235.0,1529.0
157317,0.0,63624.0
157318,0.0,852293.0
157320,0.0,36855.0
157321,0.0,981998.0
157322,0.0,12795.0
157323,0.0,155903.0
157324,0.0,16210.0
157325,0.0,30380.0
157326,0.0,2839140.0
157404,326194.14,0.0
157407,0.0,87000.0
157409,0.0,203184.0
157412,0.0,2354.0
157413,0.0,5290.0
157415,0.0,1400.0
157419,0.0,3296.0
157602,8747869.02,0.0
157607,13486.0,0.0
157608,0.0,1412.0
157609,0.0,1035.0
157614,0.0,1342169.0
157615,3971.0,18699.0
157616,0.0,227553.0
157806,0.0,18591.0
157907,0.0,16109.0
158201,0.0,2995.0
158202,0.0,4034.0
158203,0.0,68668.0
158205,0.0,140017.0
158206,1766.0,54777.0
158207,10499.0,1726708.0
158211,1440.0,0.0
158212,0.0,813689.0
158213,20837.0,0.0
158214,74549.0,2825.0
158215,0.0,49077.0
158301,20741.0,38259.0
158302,31696.0,68797.0
158303,0.0,9449.0
158304,0.0,21875.0
158305,12440.0,0.0
158306,0.0,7006.0
158307,3229.0,42221.0
158308,0.0,6399.0
158309,0.0,10147.0
158311,0.0,147710.0
168402,0.0,431467.0
168404,0.0,941859.0
168405,0.0,241679.0
168406,0.0,3828543.0
168408,78439.0,4316621.0
168409,783627.0,2396806.0
168410,0.0,91808.0
168411,0.0,56768725.0
168412,0.0,256293.0
168413,691749.0,37635622.0
168414,67942.0,7184748.0
168415,0.0,810639.0
168416,0.0,89606.0
168418,32809.0,1832594.0
168419,0.0,206137.0
168421,15894.0,12181562.0
168422,0.0,820308.0
168423,0.0,1142994.0
168424,0.0,12388953.0
168425,58987.0,48108.0
168426,0.0,3034496.0
168427,135983.0,5959055.0
168428,113259.0,317376.0
168429,313437.0,16740844.0
168430,1000.0,1237378.0
168431,98004.0,4875257.0
168432,0.0,38612.0
168433,9260.0,3568023.0
168436,3561.0,172658.0
168437,0.0,917358.0
168438,0.0,74030.0
168441,21596.0,9888.0
168442,2740.0,0.0
168443,0.0,856240.0
168448,0.0,2354.0
168451,0.0,11428.0
168452,235734.0,94702.0
168454,3934.0,0.0
168456,0.0,366371.0
168458,0.0,4796.0
168459,0.0,255545.0
168460,0.0,229429.0
168461,1311.0,506975.0
168462,2661.0,977801.0
168464,27444.0,0.0
168466,0.0,4238.0
168467,0.0,55220.0
168468,0.0,116043.0
168469,5242.0,0.0
168470,4864.0,0.0
168471,228122.0,108075.0
168472,174932.0,0.0
168473,3216.0,10815.0
168474,3000.0,3917890.0
168477,5000.0,12714.0
168479,2322.0,9607352.0
168481,103648.0,8609761.0
168482,55162.0,292656.0
168483,187433.0,2171084.0
168484,158580.0,208971.0
168485,33823.0,400669.0
168501,295514.0,5171685.0
168502,0.0,35187864.0
168503,0.0,1931790.0
168504,5176.0,2570578.0
168505,0.0,72135.0
168506,0.0,365808.0
168507,0.0,1112955.0
168508,0.0,86327.0
168509,0.0,2516.0
168510,12450.0,3053.0
168511,0.0,235435.0
168512,0.0,24516.0
168513,1882.0,4205.0
168514,24953.0,26158.0
168515,0.0,135215.0
168516,0.0,39939.0
168517,88964.0,32150.0
168518,0.0,1684.0
168524,21176.0,1412.0
168525,0.0,19503.0
168527,0.0,21545.0
168528,4478.0,2354.0
168529,0.0,52815.0
168531,0.0,6284.0
168532,0.0,1004200.0
168533,0.0,3767.0
168534,0.0,1270.0
168535,4679.0,2728572.0
168536,9386.0,7469266.0
168537,0.0,4409874.0
168538,0.0,1649455.0
168539,2191036.0,1396171.0
168540,0.0,44263.0
168541,0.0,70988.0
168542,23019.0,0.0
168543,0.0,243015.0
168544,0.0,2724757.0
168546,0.0,783300.0
168547,0.0,204000.0
168548,0.0,41908.0
178607,3880.0,6933336.0
178609,2945.39,0.0
178701,127871.0,21335554.0
178702,461676.95,33439440.0
178703,382267.95,1048381.0
178704,741356.0,51936900.0
178705,0.0,21650210.0
178706,0.0,51776.0
178707,2103.0,89468.0
178708,1015624.26,11170883.0
178709,34490.0,251865.0
178711,45897.0,0.0
178712,0.0,1839.0
178713,0.0,6592.0
178714,0.0,3400.0
178716,0.0,7077939.0
178905,0.0,1000000.0
189001,5584.0,1883.0
189002,1125.0,30135.0
189003,161084.0,1883.0
189007,0.0,3023.0
189008,0.0,8475.0
189009,783303.0,0.0
189010,8108.0,0.0
189011,0.0,1109931.0
189015,0.0,119604.0
189016,0.0,22971.0
189017,4870.0,2275.0
189018,241150.0,25561858.0
189019,0.0,299556.0
189020,17077.0,152192.0
189021,0.0,2766120.0
189022,0.0,21924342.0
189023,25991.0,1943000.0
189024,0.0,56623.0
189025,6710.0,4238.0
189026,43835.0,57574.0
189027,33546.0,1028959.0
189028,0.0,3724865.0
189029,0.0,2733.0
189030,0.0,221500.0
189031,0.0,643927.0
189032,110056.0,217799.0
189033,0.0,67405.0
189105,0.0,50981.0
189106,7026.0,0.0
189107,8028.0,0.0
189202,0.0,24306.0
209401,0.0,41766.0
209402,0.0,1241703.0
209403,10185.02,1269717.0
209404,0.0,6862.0
209405,0.0,429718.0
209406,0.0,145179.0
209501,0.0,57685.0
209503,0.0,374928.0
209505,0.0,6117.0
209506,39067.0,557689.0
209508,0.0,4082.0
209602,0.0,743436.0
209603,63555.0,9985.0
209605,0.0,52025.0
209606,6112.0,5020.0
209608,556691.0,1950.0
209609,217516.0,1412.0
209610,0.0,106271.0
209612,14200.0,1883.0
209613,0.0,37750.0
209615,0.0,17814.0
209617,22464.0,0.0
219703,5290.0,0.0
219706,1689.0,0.0
