010101,86939.0,473481.0
010102,6578396.76,278384.53
010103,1776.32,130554.38
010104,494107.4,403916.6
010105,1056432.83,390031.0
010106,2029543.0,910998.0
010201,50701946.55,59203.0
010202,168376755.48,469823.0
010203,230556.52,92798.0
010204,23366757.22,239981.78
010206,1021340.32,36916.89
010207,134246.7,71296.25
010208,13080.02,8404.0
010209,88093.0,0.0
010210,144946.0,67039.0
010301,671080.5,0.0
010302,11486732.46,14513010.0
010303,124465264.52,962957.04
010304,13841287.19,80150.0
010305,16928919.69,282063.56
010306,868285774.88,401961.0
010307,138986080.0,120805.35
010401,22147.14,17521.47
010402,5916877.9,4178776.45
010403,53890.53,18621.0
010404,7005041.41,282499.82
010405,2482520.71,6876451.54
010406,398137.54,633278.46
010407,15986154.86,308968.03
010408,6358197.24,0.0
010409,2504326.0,92639.86
010410,4826.59,2459.0
010501,7251714.63,117557.0
010502,510356.34,5871431.72
010503,144572.5,37929.0
010504,4432680.95,34046.0
010505,490011.11,225677.39
010506,31875837.55,463559.51
010507,5078743.62,3594.0
010508,481953.4,1572350.69
010509,0.0,5424.58
010510,1150071.4,139579.13
010511,7057416.78,2260908.36
020601,1148147.53,475739.55
020602,2430626.42,1435249.07
020603,16341623.98,448783.6
020604,17102478.67,59597.64
020701,2255169.71,3230149.77
020702,909950.5,0.0
020703,65524188.6,3673598.56
020704,446134.62,64360.87
020705,38755.2,40678.0
020706,406547.79,2691.0
020707,1664233.2,5256.59
020708,839895.25,798928.18
020709,19417231.16,3364450.35
020710,2873376.74,4081872.67
020711,24023586.2,91863.23
020712,23114014.79,890890.76
020713,86975776.82,202279254.47
020714,1002752.81,10709.65
020801,417910608.11,217815096.52
020802,26965814.63,90609875.3
020803,4145344.88,49412.0
020804,22487089.32,49485573.46
020805,6078547.31,530500.0
020806,15780992.75,11587089.24
020807,2152023.32,18315.0
020808,5446691.96,11500.75
020809,110918.99,18169.0
020810,7500677.12,200622.79
020811,2006994.11,47418.0
020812,25675103.71,0.0
020813,4671596.21,2503641.12
020814,23683.26,2000.0
020901,373310421.65,5184108.7
020902,576956070.88,18406676.45
020903,44324.73,0.0
020904,212132539.43,14483641.49
020905,27202.72,16989.0
020906,434718.3,7767419.96
020907,212750.01,16239195.02
020908,7902561.18,12701060.59
020909,38668537.81,3960400.89
020910,64598100.09,3112688.44
021001,3873144.85,215143024.48
021002,7773.07,0.0
021003,85498.64,2122.0
021004,14881.86,0.0
021005,1833861.58,287484.78
021006,1305555069.91,4139392.13
021007,26022.04,0.0
021008,2040179.94,825982.09
021101,1323386.97,3538893.34
021102,2315843.55,89194.0
021103,943378.96,9797802.19
021104,308863.55,395515.41
021105,292730.45,2875.0
021106,2890479.18,60008.81
021107,18620.89,276724.33
021108,3535822.84,390456.06
021109,90112.44,1387294.75
021201,6137338.05,21132.0
021202,99660866.9,187386.51
021203,50993.73,43500.0
021204,14949.01,188200.71
021205,896818.83,1260212.13
021206,1996921.73,16388.88
021207,97007302.5,5768674.23
021208,9884452.87,48766.7
021209,22009291.57,10895393.4
021210,9582.44,599920.27
021211,79264163.99,5068484.91
021212,2194737.3,938337.78
021213,1015156.2,549915.54
021214,41088.73,0.0
021301,49192637.77,17118655.39
021302,278900385.57,10368186.06
021401,245372.8,558412.84
021402,42878.01,452339.5
021403,3822204.94,503438.35
021404,32930072.77,5173121.72
031502,3717.93,526711.69
031503,1013345.05,242712.58
031504,411127.89,1011470.05
031505,45707.36,536692.51
031506,0.0,15654.0
031507,195796.59,321180048.33
031508,23678.86,654273.8
031509,100584.62,1101157.48
031510,0.0,16652.62
031511,1356965.52,1057480793.35
031512,176600.14,278413841.54
031513,4214647.74,8167485.06
031514,2550559.54,131023022.23
031515,179072277.68,3073799.44
031516,15083703.54,12437023.69
031517,2315087.74,371822.0
031518,2127106.94,45124484.97
031519,17366282.87,96627335.55
031520,1023046.04,8566695.62
031521,546376.56,1020820.45
031522,25651.87,263209.0
041601,6465.0,93163.0
041602,783208.09,97285.43
041603,625813.11,24865.0
041604,1042095.3,162298.0
041605,34651662.68,23067.0
041701,28589950.5,234678856.37
041702,5748347.67,3596662.23
041703,2553076.01,3125295.52
041704,3011165.25,2739161.71
041801,0.0,4950150.67
041803,54357.39,642752.93
041804,267912.54,2636209.4
041805,119292.23,338594.98
041806,5304220.88,1920552.97
041901,16048995.84,16656540.49
041902,1297156.4,1830633.77
041903,411249.42,318017.0
041904,2739366.79,2800845.36
041905,7242880.71,3989053.54
042001,21783065.87,107447.42
042002,405321.73,2080526.16
042003,14158263.15,15974.0
042004,603462.52,359448.48
042005,8110195.93,1234857.73
042006,454176.56,5517.0
042007,8701900.64,655295.96
042008,35623222.45,1113799.07
042009,7782228.93,4865697.21
042101,114878423.94,449494.63
042102,636767.54,1798958.27
042103,3643351.62,611971.31
042104,585711.58,44599684.05
042105,74279.48,28469.99
042106,25874879.3,3209494.07
042201,90873.37,243343.22
042202,1161509.1,837246.97
042203,4448526.29,1163963.59
042204,717820.93,2655411.38
042205,6657.74,26424.87
042206,130616.92,37341.49
042207,11727156.89,3025181.71
042208,9536244.21,11848502.88
042209,106768.39,1809028.42
042301,2194942.28,17606187.39
042302,5955859.72,1233483.78
042303,735099.94,206945.03
042304,562051503.22,377709.73
042305,26216773.17,0.0
042306,81783603.3,428788.17
042307,0.0,6056.54
042308,54299.49,34850.0
042309,19948493.6,12864095.12
042401,220027251.59,8147581.71
042402,19811921.94,8439124.27
042403,19301915.88,691050.96
052501,11614979.46,133546.59
052502,58454.0,15906.1
052503,1438106.34,55488146.67
052504,1835689.77,1334913.18
052505,7566357.88,1202733.3
052506,9643194.65,532837.67
052507,1122187.19,1242751.5
052508,16984938.68,6166144.54
052509,43517.82,892209.0
052510,232070.95,202513930.56
052511,14656348.09,168652.11
052512,79413.75,58271.39
052513,11162672.94,1260785.26
052514,6086310.88,30228.0
052515,14134006.98,4268842.34
052516,196570375.36,1360767.26
052517,6696686.1,536559.99
052518,545129.22,3249765.09
052519,459132.43,15044101.08
052520,1124027.1,2027785.3
052521,1234445.19,20211905.53
052522,1229247.74,1170105.06
052523,102385063.27,14475732.48
052524,308234.07,46091993.68
052525,12521474.0,535775.28
052526,3483537.41,314545.64
052527,300178.42,799223.51
052528,34846.63,3361557.12
052529,5980464.02,7291955.73
052530,5209952.07,7379957.56
052601,607890221.92,23145367.6
052602,11012355.73,1301707.94
052603,9732.35,158866200.62
052604,0.0,136745.34
052605,12148.83,6583879.16
052606,7218955.56,3095094.85
052607,0.0,3704560.26
052608,18967264.57,20566777.41
052609,0.0,229261.62
052610,45677574.58,115363.58
052611,2966.44,600404.46
052612,229355.26,0.0
052613,0.0,11152469.14
052614,29382698.57,158286.92
052615,347677.89,1679205.7
052616,48272.21,0.0
052617,2181391.71,1093342.19
052618,46753.55,25549.67
052619,5083809.63,20253.0
052620,461929.22,11440863.05
052621,430583.6,780660.53
052701,21143959.72,1162524693.69
052702,77992.01,0.0
052703,30435.64,19734.18
052704,1374439.09,131289236.76
052705,201358.0,13196.58
052706,50946.06,47802.79
052707,250142.92,323178282.29
052708,92329.13,5233417.57
052709,3263320.56,3206893814.59
052710,88005646.17,2420791786.94
052711,8464473.53,279690760.94
052712,1299918.3,18779675.0
052713,12771258.32,18644359.0
052714,227619.47,4876542.35
052715,2226879.35,233612.46
052716,1133401.0,32588876.0
062801,909894.43,14049446.42
062802,2265255.12,31538970.12
062803,13901319.44,21593436.62
062804,3630478.11,26948489.96
062805,798226.76,4535686.1
062806,5874018.8,78280.86
062807,433261.92,28506.67
062808,730179.62,46237.74
062809,5544952.28,771859818.61
062810,73031.54,1177953.29
062811,7967930.85,8778076.64
062812,2957232.93,2043619.3
062813,306748.66,205263.63
062814,527242.09,137978271.59
062815,8207551.06,13672955.09
062816,134977.93,2828150.89
062817,7983049.39,5953416.98
062818,134896064.33,10522887.04
062819,366567.18,181556.64
062820,2313972.09,5205473.37
062821,6366567.83,4163039.96
062822,186503.38,241526.05
062823,1892562.72,13307930.1
062824,845548.29,1440881.06
062825,2516458.9,20232155.56
062826,1952089.55,1827350.47
062827,10036220.71,5378424.42
062828,6294293.29,166739.63
062829,1259480.08,1361217.11
062830,2688975.91,313968.05
062831,4239384.03,2175740.13
062832,2093291.71,1604534.03
062833,8619193.05,3464812.24
062834,2234986.75,1174237.88
062835,4600413.2,12716731.78
062836,10123861.0,32475812.38
062837,1076570.98,2723211.23
062838,1631216.65,349208.28
062839,2327845.35,1558531.53
062840,596205.57,8048817.28
062841,3980896.45,1604052.19
062842,1361553.68,838918.89
062843,443423.39,1604170.44
062844,178757.79,4398333.0
062845,153938.0,40859.0
062846,1499727.86,1207284.94
062847,3310889.34,274186.4
062848,971310.05,53630.46
062849,598768.85,9115561.21
062850,5738080.49,5855430.12
062851,3409625.34,3491492.33
062901,3327984.43,58317468.29
062902,9538677.96,283384651.36
062903,46765982.66,110922399.38
062904,32103258.16,9426619.81
062905,33868608.96,80627112.54
062906,89086281.99,11548607.33
062907,10099730.41,35829997.17
062908,7472177.07,4188049.72
062909,16939109.49,12334689.45
062910,458104.93,5266361.99
062911,2082272.05,530610.16
062912,31031087.15,23582835.36
062913,1197113.69,3799589.41
062914,40472909.18,54361909.65
062915,29784531.03,63029395.32
062916,39435984.98,42605270.64
062917,42401582.58,83054820.0
062918,52886074.15,24256542.46
062919,4226103.77,1315886.14
062920,20833468.87,16139175.66
062921,114911616.11,64204586.56
062922,159227025.26,71609876.8
062923,6386556.56,1986937.03
062924,83330669.74,31302338.58
062925,12805500.96,4706740.8
062926,50915824.9,41569906.2
062927,13156470.93,1173278.87
062928,3617477.57,2004090.93
062929,4895303.55,23402331.19
062930,93120193.63,34000241.65
062931,20579413.18,24349084.19
062932,46736936.06,17365329.21
062933,227427187.59,80762711.15
062934,64538862.45,42689635.7
062935,67843034.59,6913883.43
062936,19188957.12,21613356.95
062937,13058457.22,34837678.96
062938,5584804.71,1445520.88
062939,39752566.41,13354867.41
062940,535886.9,614563.83
062941,219583369.62,183709055.95
062942,115455120.57,78816885.07
063001,2698235.86,1553249.93
063002,30234801.83,63662770.78
063003,124036071.33,27071592.82
063004,510781102.25,108128752.9
063005,11682416.16,3467050.9
063006,10060504.66,15091551.09
063101,1247732.16,133191.91
063102,3584823.59,212012645.92
063103,9380046.75,7143365.0
063104,144938.39,348791741.43
063105,1841443.99,400476972.0
063201,2075734.18,28020133.41
063202,5449722.2,5834600.12
063203,28888845.74,2066191.1
063204,445197690.09,50087021.13
063205,2900034.8,305501.45
063206,12096600.2,39936085.64
063207,3160006.9,16721995.69
063208,5438264.27,17667061.04
063209,1551830.66,5130790.48
063210,1246143.94,2680460.93
063211,245936.61,90021.65
063212,1720224.98,8115448.38
063213,566918.07,122778.03
063214,885162.15,3426724.2
063215,5343132.05,17940449.48
063301,105201160.18,18536178.5
063302,12971869.75,19361341.87
063303,10097630.26,1983631.93
063304,23540516.15,2059484.27
063305,10991437.81,1807826.88
063306,23596753.38,14130032.06
063307,30419211.93,2931812.31
063401,19051214.54,15919594.48
063402,10741205.04,22531289.77
063403,2878469.14,29313890.22
063404,883415.13,4146609.43
063405,1586426.64,2434859.79
063406,1936290.26,1477210.87
063407,47568.57,359061.02
063501,20116891.18,715988.46
063502,2364911.5,298571.82
063503,5794640.69,823864.29
063504,2365972.15,865914.15
063505,927059.98,1579189.85
063506,2190816.44,10852834.07
063507,4861156.84,12165414.86
063601,157225.0,2193563.0
063602,1251289.69,49849.37
063603,8062967.44,1088283.0
063604,434846.66,230361.89
063605,3512707.66,7347.0
063606,208875.64,358961.18
063701,1972539.79,18233445.21
063702,13317696.58,111437307.73
063703,2072621.22,55243488.18
063704,717912.87,313810.88
063705,1156302.0,834990.75
063706,8051970.9,878881.95
063707,2732725.24,6866125.48
063801,8512008.54,5437678.22
063802,1130971.69,6226743.35
063803,74459.88,75313.69
063804,72891.57,2626095.17
063805,162826.11,4158789.7
063806,2393349.63,10695200.3
063807,29047.11,39012.7
063808,97649677.8,38335780.9
063809,6454364.43,12486503.51
063810,12190623.09,3241889.68
063811,2596486.28,35228396.36
063812,9515427.45,19979046.98
063813,188585.25,559515.55
063814,348251.55,2416252.39
063815,31640874.45,129667930.55
063816,1465123.32,11748864.14
063817,24020543.26,201849.17
063818,227964.79,11256962.27
063819,199859.41,1510166.7
063820,35841.93,470640.09
063821,1296187.36,472923.85
063822,1794227.19,22355225.7
063823,21224919.09,51721498.43
073901,14535688.12,201240247.58
073902,8221306.74,117634257.39
073903,10828960.87,26682237.31
073904,21301669.43,35378783.96
073905,1652453.58,19459679.11
073906,1310835.63,15341315.96
073907,71207300.49,85075522.65
073908,691759.47,15656532.43
073909,9698489.42,13140721.78
073910,3113702.18,14388225.13
073911,2908566.69,14696342.56
073912,3815153.75,17738312.74
073913,3095785.66,1369854.84
073914,4847624.69,4356156.48
073915,1203812.66,14956606.99
073916,2531621.41,2058086.65
073917,20941676.7,16262509.57
073918,11088008.66,4008977.3
073919,7414175.68,10834500.59
073920,124485175.01,52438530.68
073921,30310542.25,21904767.42
073922,1748463.95,302011.29
073923,41920757.74,20236403.02
073924,22187537.71,1770051.52
073925,3347139.65,1377004.38
073926,40101256.94,35823608.93
074001,3610202.59,22711547.33
074002,5522333.76,120192051.63
074003,1694816.35,426701.66
074004,67177.69,133071.36
074005,3572977.57,8332089.78
074006,1700762.95,623726.98
074007,1668065.8,1423929.34
074008,8394800.78,4784854.73
074009,3732445.14,16309873.43
074010,21112679.02,15053548.4
074011,205734750.51,24053290.26
074012,12582484.99,1424046.13
074013,19586103.27,1092949.85
074014,16647149.62,2482838.95
074015,25115276.06,1732545.14
074016,35512905.04,51237167.47
074017,1509049.09,506118.95
084101,636486.25,33383697.08
084102,232765.23,13704014.1
084103,122371.15,4901410.22
084104,159259085.6,89655802.21
084105,44624303.06,15985571.7
084106,138139036.77,4006585.38
084107,2671167.04,9639829.15
084108,2175268.94,744134.7
084109,6501993.42,2939741.72
084110,131549.86,1503282.97
084111,1792357.1,1523676.93
084201,40922798.53,438699.81
084202,392802731.43,3167232.83
084203,561480896.77,1450975.05
084204,27758007.21,141991.19
084205,15427296.81,628860.55
084206,512156.71,57944.12
084301,15866.0,216899.29
084302,186373.0,1369351.55
084303,2325061.0,562751.34
084304,217855.0,1154982.63
094401,38447.0,272940.38
094402,2696499.45,21214.0
094403,594838.83,326602926.78
094404,243521.55,181584.53
094405,1807.01,8000.0
094406,2441.0,32191.54
094407,5762044.89,6980890.26
094408,6863445.24,12946138.79
094409,1622803.23,3312184.28
094410,2271164.53,10605037.39
094411,2385553.94,12708920.64
094412,6536932.32,10575340.43
094413,280368.64,794307.32
094414,5473030.49,64457.02
094415,1982093.98,379239.58
094416,1043433.32,127330.15
094417,1033272.59,77896.82
094418,2996333.81,1237729.8
094419,3807442.59,59067.54
094420,31360793.09,195861.62
094421,5818920.72,624072.13
094501,68628.76,1392240.1
094502,62037.29,45984.39
094503,227995.21,255226.28
094504,237128.53,323290.99
094601,9471076.97,3315.0
094602,2760830.5,194168.75
104701,0.0,12549953.11
104702,58148.24,10793250.39
104703,7640.19,52742587.67
104704,46424.77,2717016.86
104705,0.0,4738327.0
104706,1604750.97,1540204.03
104707,437838.37,87396330.77
104801,2102887.35,176535839.21
104802,41777927.48,92206388.46
104803,321511.38,834506.87
104804,4817733.45,15097445.48
104805,5974952.11,16661946.19
104806,1138440.25,2262947.97
104807,1510600.73,955373.45
104808,844268.8,1113470.57
104809,846290.35,854324.96
104810,5961967.71,63453434.28
104811,8483617.79,21818814.7
104812,1040987.63,308707.5
104813,1005742.37,5876520.61
104814,434352.62,203254.54
104815,38849.47,1130.48
104816,2096970.64,973673.86
104817,1936174.04,195923.58
104818,813519.12,2632832.7
104819,8168783.16,10851728.75
104820,14231314.54,808267.7
104821,1876230.94,8918003.01
104822,801483.62,417117.52
104823,10655314.86,16162040.58
104901,33381558.3,57348789.71
104902,11950615.0,6255015.66
104903,2707861.46,137604.72
104904,19671.09,136741.27
104905,209532.76,533972.34
104906,511319.96,40837335.33
104907,402860.88,40506621.37
104908,832606.96,2415065.2
104909,2357002.03,698966.25
104910,1129397.65,277394.13
104911,3250533.08,13331015.35
115001,475215.0,28453.0
115002,1354045.86,71960276.1
115003,16840938.42,2629305.59
115004,643951.18,9940030.24
115005,824836.32,3894036.2
115006,983229.52,1152092.0
115007,164534469.26,7638169.3
115101,1543934.75,128263889.15
115102,797055.2,1286554.77
115103,973075.19,2959715.02
115104,282622.0,21991.0
115105,4732507.63,7615234.66
115106,4541534.43,6879816.33
115107,62056857.75,1938889.51
115108,126837.0,316771.37
115109,1010444.39,451884.0
115110,125156.29,3433.0
115111,5041771.25,3193367.38
115112,31677999.79,3381564.22
115113,117707.0,62665.6
115201,82165875.65,102226622.71
115202,9405286.67,2054631.22
115203,5647404.89,1591560.55
115204,9545926.61,139214.99
115205,1448773142.68,15514786.89
115206,27536885.91,217153.4
115207,188261287.2,1256268.54
115208,544468941.0,45408294.03
115209,350250579.74,11614998.64
115210,52485539.98,3621631.1
115211,30168690.98,2482039.91
115212,19287778.56,3809680.94
115301,261968.95,3847790.81
115302,196413.58,0.0
115303,3834642.2,19693991.35
115304,234205.84,417395.27
115305,2614834.15,52522.29
115306,1140563.86,1933624.08
115307,58193429.41,170172.77
115308,15876110.13,264774.87
115309,3138028.12,12455501.09
115310,69621449.41,8004888.91
115311,2001968.97,240466.0
115401,17094891.64,9793578.0
115402,137533303.28,73733494.49
115403,50039982.0,10551274.59
115404,2054120.36,2631918.42
115405,277989.8,175758.06
115406,1743133.7,747652.2
115407,186804779.1,43290826.82
115408,21335626.34,2715090.09
115501,3552555.38,12681401.69
115502,155425.42,8322559.96
115503,18720635.39,51091276.35
115504,2991054.82,6177424.99
115505,2676809.39,5913770.34
115506,3836347.74,1108843.73
115507,147524.71,296524.55
115508,6957233.52,655989.18
115509,215008721.65,9080328.04
115510,45215140.36,258484.6
115511,5345355.52,430174.85
115512,32287884.42,3283624.49
115513,80730202.96,5993954.83
115514,37996368.33,4048096.61
115515,87494061.59,12610237.56
115516,15581115.59,5852992.55
115601,8816764.27,5946339.29
115602,1782736.41,2068340.19
115603,2263216.8,15464869.4
115604,1430602.4,4787731.33
115605,1951655.56,747492.44
115606,582237.36,766352.5
115607,26807461.27,7152009.51
115608,3912696.87,317276.81
115609,4693696.19,456700.46
115701,385140302.55,345022.5
115702,203099723.02,3467668.29
115703,80387417.8,3683169.45
115704,283246.19,611078.07
115705,27903087.78,533646.91
115801,63179842.82,5595785.02
115802,8594847.7,220826.0
115803,13239446.22,39771.36
115804,4746191.01,1734701.25
115805,853718.99,2786.0
115806,5696797.53,6266272.86
115807,2031642.02,8857559.56
115808,7980159.32,1346704.07
115809,3849355.42,100455.81
115810,39777076.47,1169878.89
115811,399955.39,422602.03
115901,714067.17,673214.21
115902,14738805.49,54450525.43
115903,14710315.98,36122564.2
115904,2840392.68,110377.74
115905,203745.55,36790.89
115906,704655.3,1761768.18
115907,2333571.81,12102693.68
115908,1051389.4,265730.14
115909,1551830.06,387479.84
115910,1690094.08,1119730.97
115911,5101709.56,16812134.57
116001,18673706.9,5891095.96
116002,56626410.38,15485107.53
116101,5144066.29,646186.0
116102,5415413.53,67515.0
116103,36106813.61,244841.26
116104,97778454.24,440001.94
116105,324106554.25,262827.04
116106,95639992.06,493014.88
116107,86964424.01,121565.0
116108,152353171.94,375188.04
116109,299292621.94,557544.08
116110,360057678.52,409467.99
116111,55700602.42,386241.0
116112,7837477.82,119325.27
116113,2836072.17,31284.0
116114,30381010.15,281856.0
116115,28452014.22,188028.08
116116,7167416.51,802633.85
116117,20904545.74,737041.69
116201,83039654.55,4289689.47
116202,96376399.82,114330.0
116203,218008679.14,2048718.29
116204,987941085.75,30360775.6
116205,676496258.96,2166035.89
116206,700478679.43,450523.53
116207,44914065.82,187479.42
116208,73805062.98,2926168.88
116209,46982451.21,405443.87
116210,17256920.22,954881.69
116211,184919230.93,3705674.91
116212,11421214.8,5849209.84
116213,12582353.09,56778.0
116214,133912222.97,139429.0
116215,1463236.94,828388.51
116216,5073709.06,68417.0
116217,9640640.15,1714121.04
116301,28383152.75,669665.31
116302,528921408.65,1113979.36
116303,87898950.21,508861.54
116304,231240896.01,613968.43
116305,72130686.3,2609210.27
116306,5725668.51,212909.11
116307,122770753.33,2680550.18
116308,281351.7,16289.0
116309,783907.7,6567521.39
116310,980735.64,18843426.67
126401,2565122.75,173456.38
126402,7581560.92,2489286.32
126403,345430295.33,2962757.41
126404,15919533.72,2241886.72
126405,5556714.64,473727.59
126406,288626039.94,26535502.51
126501,741092.84,47232.0
126502,1618404.86,3263.0
126503,407406.64,32344.0
126504,500967.27,9651.0
126505,4189297.05,73217.21
126506,2033291.54,510697.18
126507,280576.15,32232.0
126601,507545.05,2542550.67
126602,671501.46,2375.0
126603,772498.09,5732724.96
126701,175792.38,65520.0
126702,3047119.62,178534.94
126703,15939618.99,18812.0
126704,3398893.19,367074.0
136801,14261509.38,22750.73
136802,212950938.57,3262377.59
136803,7488235.83,674318.16
136804,6386955.7,13578327.45
136805,1989573.29,4222929.93
136806,1130721.68,2010713.09
136807,61710.17,766019.1
136808,116029.32,422907.1
136809,326410.68,378541.88
136810,1862293.7,467185.48
136811,2109576.58,413772.22
136812,3605603.22,2997878.06
136813,10295208.72,2612647.51
136814,7578123.5,3052152.36
136815,3640548.95,8392249.68
136901,1346867.36,1173227.04
136902,9788739.33,26750294.58
136903,3683381.76,12680046.79
136904,869904.17,205839.07
136905,686312.34,155407.07
136906,170371.14,27671.65
136907,1633279.55,85007.29
136908,9833612.65,648271.29
136909,1900954.37,3424018.85
136910,12502801.07,418087.27
136911,3102011.2,1234250.69
136912,2528242.79,332809.16
136913,2341016.27,316343.56
136914,1458033.17,3687039.21
137001,79966.16,607460.13
137002,357366.29,9318175.03
137003,1101409.26,311849.23
137004,4459806.34,429538.67
137005,17360177.1,5681228.96
137006,476273.23,1796360.54
137007,2471067.86,2815581.28
137008,120119.06,124114.68
137009,7196908.2,1111691.94
137010,14758129.06,2628198.57
137011,1532476.15,29273257.78
137012,6868060.57,69686.31
137013,21352658.63,6677054.04
137014,1345156.48,2521024.13
137015,635608.99,11460867.82
137016,1377695.9,1544408.92
137017,2730441.35,1811609.95
137018,9465647.03,3861668.39
137019,10979477.53,21677705.75
137020,1654412.5,3523952.79
147101,3250352.55,5950957.88
147102,4906906463.81,3494443840.14
147103,193830149.14,55532861.16
147104,3807787.85,3675919.9
147105,2388805.68,6418122.13
147106,1024833.0,324709819.53
147107,37304.45,1236237.0
147108,19191405.0,1152990985.42
147109,0.0,517024.54
147110,4468320.3,6492071.94
147111,0.0,59193.97
147112,2381769.0,169782.74
147113,926375044.67,31643119.48
147114,10628305.08,5671502.19
147115,935932.93,578494.77
147116,17124967.34,1252423.07
147117,50634815.31,2096047.09
147118,64768.11,15379598.15
157201,88509665.97,238688.66
157202,149543248.39,45981774.76
157203,14660433.56,1430880.42
157204,1508960.51,191939031.43
157205,1892539.74,6275206.84
157206,1700531.57,918649.97
157207,29978674.36,133122813.14
157208,294733248.19,220153081.77
157209,51166987.01,95910603.4
157210,202623604.73,84192877.2
157211,11519994.77,12843825.68
157212,12385818.49,17430902.47
157213,58833467.45,11430747.45
157214,5196492.77,7469910.15
157215,8843029.4,2272198.06
157216,9141699.95,35062584.01
157217,11794649.7,6843950.39
157218,4940325.85,11829195.4
157219,28378019.5,69387374.65
157220,3551589.51,18108926.32
157221,10589386.61,3024615.28
157222,51369289.57,8011964.53
157223,33440406.53,6065152.66
157224,6024786.67,21561612.24
157225,36765390.88,92157601.43
157226,31487876.01,18070809.1
157227,844795.38,13417281.2
157228,30922808.64,18948752.94
157229,3042509.27,9806488.39
157301,4908954.44,1505830.96
157302,5203754.96,11056272.19
157303,14078778.18,3622146.92
157304,57705914.15,155720583.93
157305,55135119.37,59167318.39
157306,49365123.77,52778517.46
157307,61638423.58,81055722.0
157308,89741041.88,22184805.49
157309,3196015.75,37406433.04
157310,4421560.08,5030956.26
157311,4032921.33,38512278.68
157312,40348656.42,7435912.55
157313,389397.72,211279.16
157314,3258551.05,2055600.26
157315,27116970.95,7872281.81
157316,565895.56,604148.2
157317,1859618.63,828161.94
157318,79067227.28,41198654.79
157319,3484878.2,2114253.77
157320,16369703.89,11357748.43
157321,3467409.33,1024898.34
157322,525320.58,2364389.17
157323,135434025.4,1632819.74
157324,5324599.66,846392.19
157325,103182749.74,7069621.46
157326,78346448.12,56571586.26
157401,15627.13,222463.41
157402,1777022.12,626699.88
157403,3611081.46,109226414.88
157404,953386.9,135441546.75
157405,159355.44,355556.42
157406,721923.55,2514912.49
157407,2585355.49,42001750.56
157408,4166804.94,46551315.56
157409,5417265.42,19387337.88
157410,3981747.61,13511760.53
157411,5505009.05,12433792.98
157412,4134712.91,1314952.33
157413,1013047.04,598476.92
157414,251096.83,386178.99
157415,4157447.31,812857.84
157416,48603.81,364420.2
157417,2109328.79,63660.0
157418,31203411.54,283509.29
157419,43154040.75,6164362.29
157501,7041.0,6537653.37
157502,141396.0,55380402.68
157503,129046.74,1092764.39
157504,17221.0,579277.31
157505,729455.28,5293895.06
157506,234013.0,2712782.21
157507,507711.0,3186447.02
157508,3195092.8,2547989.36
157601,93452235.37,99964783.27
157602,1781647.82,56260471.94
157603,2793559.33,381125.28
157604,12769963.62,12169505.58
157605,1123727.95,3896831.15
157606,27698145.81,16533024.12
157607,15961289.63,14681425.57
157608,1934746.15,4237881.93
157609,505569.34,688982.71
157610,4627234.9,4089599.17
157611,268857.5,3121465.69
157612,4619870.7,11055312.59
157613,178772.26,1069512.64
157614,13637763.5,4418632.82
157615,30338774.73,702231.05
157616,15406316.44,4888873.75
157801,1448387.42,38749594.0
157802,51323.91,5957975.8
157803,19691.37,261953.58
157804,71662.98,229250.35
157805,30679.73,5265.0
157806,261418.52,542315.68
157901,5416495.82,62679042.2
157902,104845.07,19438904.33
157903,35209.85,2938967.5
157904,55519.51,674553.79
157905,185192.84,635223.97
157906,747516.97,5000.0
157907,1834594.34,2153526.6
158001,7290907.28,18505812.95
158002,27041.53,237877.53
158003,140456.38,248950.62
158004,1482522.82,1343551.9
158005,65318.0,120340.2
158006,550696.74,94710.0
158007,3361158.14,1085707.03
158101,4416003.17,10083921.03
158102,121384.38,5814626.37
158103,64110.0,259896.11
158104,97251.0,7603292.29
158105,1265337.16,19570958.46
158106,0.0,433229.88
158107,3347.42,659850.13
158108,1312506.09,5492592.74
158109,726804.01,932527.68
158110,2125.0,2013730.77
158111,35488.92,2199023.16
158112,2909215.87,2757723.9
158113,155465.0,350676.5
158201,10331255.15,653730.97
158202,4989281.33,12070181.33
158203,35265151.09,1686058.87
158204,41039539.96,2093847.49
158205,38102819.54,7487288.47
158206,2503737.4,1215333.82
158207,31932689.53,84068174.41
158208,2921346.3,6690803.9
158209,4662550.27,9682304.31
158210,92992.97,83935.76
158211,1560143.76,650224.45
158212,39022763.45,3329193.79
158213,390322.7,224335.07
158214,5864489.78,896823.49
158215,11773232.51,528028.01
158301,5930515.42,5719718.43
158302,77084601.28,7261898.67
158303,1583708.84,643433.61
158304,1180857.18,314773.65
158305,3505710.65,1355354.57
158306,128270637.92,474189.78
158307,2587913.87,6329276.88
158308,1954369.96,6758563.82
158309,23772489.01,2382367.28
158310,2554874.72,260549.92
158311,6482784.58,9117589.03
168401,1807831.56,163679.45
168402,16651048.0,18633039.09
168403,2817400.36,1062642.5
168404,2887106.51,15972110.9
168405,2593231.11,2163443.24
168406,40099285.52,135614088.45
168407,18164522.04,20690625.8
168408,52625115.01,77211646.37
168409,80687839.07,148573229.79
168410,4512099.28,14286139.77
168411,129054127.24,259483223.26
168412,7452702.77,31429460.04
168413,113200564.77,175669877.22
168414,53579173.42,254324520.81
168415,7745009.2,41449204.69
168416,1178339.37,19038559.94
168417,9959381.65,53190174.85
168418,15366429.56,74745034.35
168419,32425796.78,323293616.97
168420,3073150.94,4686081.78
168421,36969569.54,96051750.79
168422,22749427.89,59655151.36
168423,3869595.72,7540879.95
168424,7116863.95,37119755.12
168425,2963042.31,9127964.91
168426,3825540.99,41560577.45
168427,767404.44,6091897.11
168428,12843916.11,60992843.8
168429,3972584.79,44049090.34
168430,7719175.99,33247463.6
168431,22464553.11,178677181.9
168432,14292708.31,4057288.11
168433,6181167.69,3617218.18
168434,5811418.01,2965102.5
168435,1283745.27,1018002.95
168436,7479199.53,3612250.42
168437,12406918.94,10869551.3
168438,28256687.62,14510261.37
168439,2661554.06,14988163.82
168440,738282.15,3094872.52
168441,9497570.1,20632354.91
168442,3545452.1,13495149.1
168443,28679703.92,108467135.62
168444,1831446.46,11375254.41
168445,24813866.57,170465737.28
168446,3162548.43,55854036.73
168447,4914243.99,78332521.4
168448,49713885.99,92393462.28
168449,1218431.49,1149572.21
168450,2617344.99,10005711.63
168451,10700327.9,44062219.66
168452,7307712.9,46637684.67
168453,621046.23,15461894.24
168454,4057748.75,32378757.62
168455,17645200.16,106854523.33
168456,2237651.91,6134504.74
168457,2857402.45,59350436.22
168458,11430548.37,22009558.4
168459,12402589.03,49637732.2
168460,4887344.88,61767748.14
168461,4727044.2,32199948.52
168462,11323477.55,92361707.04
168463,4882804.79,14785067.45
168464,2179583.35,8607733.87
168465,5173663.78,10531331.13
168466,25774353.86,73864637.52
168467,12386132.87,7691264.22
168468,3136877.87,5996944.41
168469,10311219.72,1042327.06
168470,4562669.22,5014063.31
168471,79774671.33,468340747.83
168472,2472003.78,11110658.89
168473,52540547.85,281527075.6
168474,13886854.67,72761764.51
168475,2921636.21,24472551.84
168476,660647.12,1070799.69
168477,35838779.85,136156703.59
168478,660040.67,7959172.58
168479,96079891.65,270282095.24
168480,26117495.64,92859811.62
168481,90476912.89,222937160.87
168482,54649701.04,103722848.15
168483,37336445.97,137864952.28
168484,8189077.01,12859901.38
168485,8280798.39,51078563.12
168501,50566205.84,82084053.26
168502,20762152.11,138400305.53
168503,18712176.48,56138054.13
168504,151194371.82,98814786.74
168505,14825112.52,16121769.81
168506,18929966.97,11131475.48
168507,23540652.48,21976327.12
168508,1990464.35,9913185.08
168509,4145581.73,2542780.86
168510,315642.0,333915.92
168511,21640398.56,21871280.44
168512,10264995.25,7953836.38
168513,920928.38,4449395.8
168514,4572352.07,21413644.31
168515,6708408.31,32313888.95
168516,9548755.14,11626017.06
168517,27338519.94,167618098.99
168518,28628101.08,27469024.35
168519,2893349.86,4708022.85
168520,3068097.79,3421463.19
168521,26389467.76,8422197.31
168522,4859339.78,36467207.18
168523,9426866.54,23639006.89
168524,93197843.36,167519933.51
168525,7458364.98,155438919.19
168526,3386304.08,34176614.86
168527,24174685.03,31024428.62
168528,25894670.88,27067763.75
168529,17821540.44,186244829.27
168530,1737882.36,1187819.16
168531,18007001.79,10697177.15
168532,10996144.57,47642269.13
168533,8851316.47,25846767.49
168534,21764470.53,19247088.11
168535,30150080.01,28048900.95
168536,74652317.51,117443303.06
168537,6898608.71,46734324.18
168538,14126336.4,52820582.49
168539,30571909.98,23873363.94
168540,37206724.83,100025391.5
168541,41003385.87,86323234.93
168542,29648928.77,186331569.6
168543,7803235.52,62304965.19
168544,49228774.52,91712799.12
168545,90520440.09,23548683.65
168546,23656431.51,13229583.06
168547,18553302.19,9854694.44
168548,4010857.17,30603538.97
178601,0.0,5698.0
178602,709616.96,3759104.96
178604,0.0,15391621.91
178605,41986.0,0.0
178606,8716.02,34433.0
178607,8532061.7,62276217.66
178608,829622.7,893650.71
178609,3954654.61,16411975.36
178701,27722304.21,6510853.76
178702,62150549.47,1906812.75
178703,197325786.63,52557116.04
178704,66508349.02,21274866.48
178705,1990085.62,15642529.78
178706,41523184.67,1118280.29
178707,2718852.78,2297708.35
178708,195329145.97,288762589.89
178709,8909166.67,2047669.07
178710,902448.0,8804846.0
178711,119914747.28,694068.23
178712,37889320.95,108341.23
178713,125347.0,18920.44
178714,146058484.64,18536072.31
178715,179502.48,72972.29
178716,7469792.66,3581275.13
178801,326559.97,136708.06
178802,1826404.0,536002161.53
178803,16194123.88,110698149.42
178804,6045.0,126165.96
178805,145980.0,751295.46
178901,77929014.33,224329420.63
178902,1587026.79,1882820.0
178903,290715.0,564889.68
178904,0.0,7312542.63
178905,9925585.32,221635454.8
178906,112295.22,3504012.0
178907,163779.0,7801103.97
178908,295246.0,17273141.46
189001,10869191.24,15626560.61
189002,2464534.93,10207476.91
189003,2111735.01,2900507.88
189004,3854719.13,1124037.48
189005,2287260.61,650398.53
189006,5610627.78,13428512.91
189007,1724490.72,4487773.17
189008,521333.56,2734683.71
189009,3239599.8,36734216.56
189010,507649.49,10972040.33
189011,2838762.61,10295917.01
189012,610781.42,4127481.6
189013,6123715.17,10000443.63
189014,7933147.02,30403059.88
189015,3381319.87,23085199.34
189016,752605.08,2857952.53
189017,9958624.91,8450586.91
189018,46152068.56,209072324.49
189019,1052629.95,13142488.92
189020,602236.71,4246806.02
189021,4600740.35,21659749.56
189022,20084052.72,63596565.55
189023,9486068.27,3508209.81
189024,3293148.89,21018056.93
189025,7260398.08,8054665.94
189026,8713108.91,70256997.26
189027,4896135.86,107480092.82
189028,8161835.16,15341505.45
189029,1965534.72,5433903.85
189030,13449563.61,55047671.86
189031,8531489.58,117162725.58
189032,8339409.03,69932985.22
189033,2267582.45,34138828.33
189101,5383214.12,1661859.27
189102,10045131.98,17609651.06
189103,775842.44,174934.0
189104,36533.44,180114.95
189105,15003493.8,833178.04
189106,138260.6,1033494.06
189107,71145.0,2863888.64
189108,458001.38,10471006.06
189109,328451.63,2518726.79
189110,406024.79,2825260.53
189111,702446.6,3211760.03
189112,526605.96,294632.36
189113,1207535.71,1098594.09
189114,2845685.37,9326456.85
189201,230821.15,497888.1
189202,599777.51,110728.11
189203,288557.81,60511.19
189204,86164.55,25040.68
189205,770544.64,47900.86
189206,1703623.28,32322.8
189207,1688265.41,4400767.75
189208,316166.84,218679.71
189209,5589292.37,1119754.91
199301,0.0,6142.0
199302,23668.0,4000.0
199303,196585.4,235515.7
199304,210540.0,1530708.0
199305,230752.87,294365.9
199306,259935.29,2649858.63
199307,2584629.03,108875.0
209401,17069734.99,5217475.07
209402,1519266.42,2292250.75
209403,95311228.68,12270133.1
209404,14911529.59,2398182.23
209405,141347156.06,9026500.27
209406,846867.84,2698571.61
209501,265123.36,399121.74
209502,2117953.94,384101.63
209503,11906942.53,6521600.22
209504,5776243.33,8237516.61
209505,7236779.64,403136.18
209506,62005737.95,7377121.6
209507,7000537.12,555889.71
209508,220375.54,926427.92
209601,5939835.55,131686.98
209602,8640886.18,404421.58
209603,17501045.56,1622487.0
209604,146231.09,46761.04
209605,132411.55,33905.0
209606,7945022.81,14348648.67
209607,2824732.82,9546650.31
209608,41915110.72,21607446.38
209609,1412488.71,925826.09
209610,138303.74,69642.65
209611,114615.0,517273.28
209612,741295.5,1905237.25
209613,248686.63,3406789.19
209614,3462964.77,9182.0
209615,3856047.32,188267.75
209616,674560.62,461632.93
209617,7465238.69,334198.04
209618,172561.29,142342.06
219701,3028763.57,872862.47
219702,17843.0,9820.0
219703,1677431.01,54326.37
219704,40190.61,119159.0
219705,988592.32,5259.0
219706,18453262.16,841521.0
