010105,0.0,32647.0
010106,7433.0,0.0
010201,0.0,11437.0
010202,0.0,880731.0
010203,10906.0,19090.0
010204,0.0,2683468.0
010205,0.0,3207.0
010207,0.0,244069.0
010210,0.0,26576.0
010301,92293.0,0.0
010302,5011060.17,0.0
010303,4153.07,146274.0
010304,2545.94,0.0
010305,154978.94,0.0
010306,0.0,4100.0
010307,32193.53,13202.0
010401,0.0,389393.0
010402,31487.69,333378.0
010403,0.0,7646.0
010405,0.0,415328.0
010406,0.0,143974.0
010504,0.0,1914.0
010508,301938.42,0.0
020601,61315.12,0.0
020602,1053.93,0.0
020701,0.0,50095.0
020703,5568.55,62491.0
020704,0.0,5733.0
020705,0.0,1173.0
020706,14747.99,2254.0
020709,12054171.14,0.0
020710,0.0,51887.0
020714,1031226.18,0.0
020801,226995.1,1343.0
020802,6869.91,0.0
020805,1585.8,53226.0
020806,0.0,22558.0
020807,49302.57,0.0
020808,0.0,42840.0
020813,1547.3,2346.0
020901,36074.45,4373.0
020902,0.0,31964.0
020904,2017.95,1273.0
020905,427961.0,0.0
020910,0.0,4404.0
021005,0.0,1449.0
021006,0.0,37747.0
021101,0.0,489732.0
021102,0.0,2549.0
021104,0.0,3110.0
021106,6428.18,18496.0
021107,0.0,9923.0
021202,0.0,2266.0
021208,0.0,1711.0
021209,0.0,170045.0
021210,0.0,2395.0
021211,27845.37,0.0
021212,341299.85,23561.0
021302,2000.0,0.0
021404,7181.01,0.0
031507,0.0,9612.0
031509,0.0,3169.0
031511,0.0,55460.0
031513,2670.04,0.0
031514,0.0,11933.0
031517,0.0,173550.0
041601,0.0,40197.0
041602,0.0,1073095.0
041603,0.0,1008.0
041604,0.0,459162.0
041605,1279.16,6564.0
041701,0.0,389627.0
041702,0.0,5057.0
041704,0.0,81706.0
041805,0.0,27801.0
041806,0.0,51247.0
041901,0.0,63265.0
041902,0.0,169139.0
041904,0.0,63035.0
041905,0.0,256449.0
042002,0.0,5695.0
042003,0.0,1535.0
042004,0.0,12867.0
042005,0.0,85854.0
042007,0.0,26551.0
042008,0.0,54835.0
042009,0.0,85975.0
042102,0.0,56532.0
042103,0.0,141565.0
042104,0.0,6832.0
042105,0.0,213247.0
042106,5950.66,197918.0
042201,0.0,54192.0
042202,3169.56,503893.0
042203,0.0,90328.0
042204,0.0,101471.0
042207,0.0,112447.0
042208,0.0,171671.0
042209,0.0,7160.0
042309,0.0,299523.0
042402,0.0,627481.0
042403,0.0,263952.0
052501,0.0,45356.0
052508,0.0,1105.0
052521,0.0,3368.0
052523,0.0,343693.0
052703,0.0,2698.0
052707,0.0,32495.0
052710,11547.01,5354979.0
052712,0.0,136196.0
052715,0.0,65201.0
062801,0.0,7838.0
062811,0.0,3570.0
062815,0.0,1093.0
062823,0.0,6529.0
062830,0.0,4015.0
062835,0.0,1259.0
062836,0.0,5252.0
062844,0.0,2521.0
062903,0.0,1488.0
062905,0.0,12654.0
062912,0.0,2606.0
062914,0.0,6629.0
062915,0.0,2352.0
062918,0.0,1816.0
062925,5270.07,0.0
063002,0.0,4782.0
063003,0.0,16683.0
063004,2781.0,199606.0
063005,0.0,102961.0
063006,0.0,12333.0
063102,0.0,194615.0
063103,0.0,8406.0
063105,0.0,156545.0
063204,0.0,11517.0
063206,1536.0,65968.0
063208,7420.0,28710.0
063209,61381.0,32427.0
063210,0.0,1448.0
063211,0.0,3707.0
063212,0.0,12830.0
063214,0.0,22932.0
063215,0.0,47417.0
063301,0.0,2319.0
063302,2957.03,16630.0
063304,0.0,75178.0
063305,0.0,56749.0
063306,0.0,18006.0
063307,0.0,25861.0
063401,0.0,36137.0
063402,0.0,258783.0
063403,0.0,9820.0
063406,0.0,1875.0
063505,0.0,1259.0
063506,0.0,25791.0
063604,0.0,2985.0
063605,0.0,29303.0
063701,0.0,16004.0
063702,0.0,10427.0
063703,0.0,18665.0
063705,0.0,14884.0
063707,5992.0,61439.0
063808,0.0,360149.0
063810,0.0,1454.0
063813,0.0,2937.0
063814,0.0,2949.0
063818,0.0,7803.0
063819,0.0,9796.0
063822,0.0,16306.0
063823,0.0,22599.0
073903,0.0,10019.0
073905,0.0,13444.0
073906,0.0,41070.0
073907,0.0,87793.0
073909,0.0,1463.0
073910,0.0,1507.0
073912,0.0,60974.0
073916,0.0,13512.0
073917,0.0,322344.0
073918,0.0,10762.0
073919,0.0,13960.0
073920,0.0,183840.0
073921,0.0,12420.0
073922,0.0,53314.0
073923,0.0,140753.0
073924,0.0,32949.0
073925,0.0,20458.0
073926,0.0,281400.0
074005,0.0,17017.0
074008,0.0,115275.0
074009,0.0,4627.0
074010,0.0,3712.0
074011,0.0,60274.0
074012,0.0,56449.0
074013,0.0,8029.0
074014,0.0,3343.0
074015,0.0,17544.0
074016,0.0,17260.0
084202,0.0,34251.0
084203,0.0,3858.0
084204,0.0,1021.0
084205,0.0,2686.0
094404,0.0,1641.0
094407,27212.56,1091812.0
094409,12547.6,69961.0
094410,0.0,2167.0
094411,0.0,55223.0
094412,0.0,235114.0
094415,0.0,555003.0
094418,0.0,14096.0
094421,12539.92,17777.0
094502,2072.7,0.0
094601,10804.13,10158.0
094602,21210.89,0.0
104801,0.0,18125.0
104802,0.0,172495.0
104803,0.0,62847.0
104805,0.0,1903.0
104810,1002.0,1166.0
104811,1903.0,2445.0
104813,0.0,110639.0
104814,6008.91,5350.0
104816,0.0,1064.0
104817,0.0,8685.0
104818,0.0,321883.0
104819,0.0,53229.0
104820,0.0,78848.0
104821,1757.7,7772.0
104823,0.0,87709.0
104901,2748.0,216397.0
104902,0.0,11688.0
104907,40578.0,8150.0
104909,0.0,3476.0
104911,0.0,17623.0
115006,0.0,1096.0
115111,0.0,1035.0
115201,123009.26,0.0
115208,0.0,83302.0
115210,0.0,2228.0
115404,0.0,2949.0
115407,0.0,15129.0
115408,0.0,10608.0
115505,0.0,14191.0
115508,0.0,2079.0
115512,0.0,16073.0
115513,0.0,10929.0
115514,0.0,30170.0
115515,0.0,39100.0
115516,0.0,15597.0
115601,0.0,8072.0
115603,0.0,1042.0
115607,0.0,5680.0
115608,13712.67,9310.0
115703,0.0,6258.0
115704,0.0,5279.0
115801,0.0,4878.0
115804,0.0,15114.0
115806,0.0,14840.0
115807,0.0,1263.0
115811,0.0,1099.0
115901,0.0,1018.0
115903,0.0,2123.0
115906,0.0,1460.0
116002,0.0,7549.0
116102,0.0,10656.0
116103,0.0,39943.0
116104,0.0,4356.0
116105,0.0,16469.0
116107,0.0,10196.0
116108,0.0,17078.0
116109,0.0,8503.0
116110,0.0,15954.0
116111,0.0,11231.0
116112,0.0,3589.0
116114,0.0,6351.0
116115,0.0,4848.0
116201,1791.0,3514.0
116203,8061.0,63980.0
116204,0.0,41943.0
116205,0.0,84837.0
116206,5373.0,8369.0
116209,0.0,3460.0
116211,5374.0,5981.0
116212,0.0,10174.0
116213,0.0,4635.0
116215,0.0,6115.0
116216,0.0,1029.0
116217,0.0,25544.0
116301,0.0,1004.0
116302,0.0,14042.0
116303,0.0,2453.0
116305,0.0,24899.0
116306,0.0,21331.0
116307,0.0,6848.0
116309,0.0,296940.0
126401,0.0,5345.0
126402,0.0,125605.0
126403,1791.0,25027.0
126404,0.0,5539.0
126405,0.0,15404.0
126406,0.0,20887.0
126505,0.0,43801.0
126506,0.0,1880.0
126601,0.0,8857.0
126704,9357.0,0.0
136802,13890.19,21216.0
136805,0.0,3851.0
136808,0.0,1669.0
136809,0.0,59374.0
136810,0.0,16931.0
136811,0.0,54083.0
136812,0.0,1319.0
136904,0.0,82035.0
136907,0.0,17007.0
136908,0.0,111118.0
136910,0.0,19154.0
136911,0.0,7432.0
136912,0.0,5494.0
136913,0.0,27187.0
137004,0.0,4805.0
137005,0.0,17598.0
137006,0.0,22048.0
137007,0.0,2596.0
137009,0.0,3006.0
137010,0.0,24803.0
137011,0.0,5279.0
137013,0.0,1135.0
137016,0.0,1695.0
137017,0.0,1021.0
137018,0.0,2860.0
137019,0.0,19543.0
147103,10792.04,0.0
147113,0.0,89960.0
157204,8790.27,0.0
157207,0.0,14727.0
157208,0.0,8027.0
157210,0.0,196710.0
157212,0.0,10831.0
157214,0.0,131277.0
157216,0.0,11075.0
157217,0.0,144483.0
157226,0.0,1624.0
157228,0.0,25539.0
157301,0.0,30205.0
157303,0.0,512085.0
157304,0.0,35892.0
157305,0.0,3546.0
157306,0.0,216811.0
157307,0.0,123542.0
157308,0.0,307769.0
157309,0.0,1929.0
157310,0.0,38862.0
157311,0.0,12693.0
157312,0.0,12016.0
157313,0.0,12524.0
157314,0.0,33438.0
157315,0.0,1827.0
157317,11685.7,36264.0
157318,0.0,13500.0
157319,0.0,2507.0
157321,0.0,29102.0
157323,0.0,7838.0
157324,0.0,10997.0
157325,0.0,1881.0
157326,0.0,126703.0
157411,0.0,3206.0
157412,0.0,1997.0
157604,0.0,74465.0
157607,0.0,25988.0
157610,0.0,142819.0
157612,0.0,2640.0
157613,0.0,1647.0
157615,0.0,13826.0
157616,0.0,7277.0
157906,0.0,2010.0
158113,0.0,2372.0
158201,0.0,19429.0
158202,0.0,4502.0
158203,0.0,3956.0
158205,0.0,38277.0
158207,0.0,17626.0
158208,0.0,1877.0
158211,0.0,10568.0
158212,0.0,7005.0
158215,0.0,3483.0
158301,0.0,54221.0
158302,0.0,37139.0
158303,0.0,2344.0
158304,0.0,7015.0
158306,0.0,8372.0
158308,0.0,1116.0
158309,0.0,6219.0
158310,0.0,13616.0
158311,0.0,4390.0
168402,0.0,17050.0
168406,0.0,3621.0
168407,0.0,104982.0
168408,0.0,44178.0
168409,15943.0,168322.0
168411,0.0,13905.0
168412,0.0,5729.0
168413,1689.0,209158.0
168414,0.0,30100.0
168415,0.0,132104.0
168417,0.0,34764.0
168418,1160.0,324148.0
168419,0.0,84204.0
168421,0.0,16270.0
168422,0.0,9928.0
168423,10748.0,10619.0
168424,0.0,75186.0
168425,1497.0,5682.0
168426,0.0,4985.0
168427,0.0,172636.0
168428,1648.0,7908.0
168429,0.0,245750.0
168430,0.0,137381.0
168431,0.0,14223.0
168432,0.0,39840.0
168433,0.0,43809.0
168436,0.0,3819.0
168438,0.0,10212.0
168439,0.0,5260.0
168441,0.0,6544.0
168442,0.0,9274.0
168443,0.0,4543.0
168450,0.0,34109.0
168451,0.0,1568.0
168452,0.0,11047.0
168456,0.0,1575.0
168457,0.0,2002.0
168460,0.0,1681.0
168461,0.0,5900.0
168464,0.0,12812.0
168465,0.0,3500.0
168466,0.0,7229.0
168467,0.0,31761.0
168468,0.0,2668.0
168470,0.0,86693.0
168471,2718.0,475470.0
168472,0.0,4638.0
168473,0.0,402749.0
168474,0.0,15472.0
168479,14102.0,184449.0
168481,58455.0,78949.0
168482,0.0,4206.0
168483,0.0,82651.0
168485,0.0,11184.0
168501,0.0,9694.0
168502,0.0,77892.0
168503,0.0,39521.0
168504,0.0,31549.0
168506,0.0,52414.0
168507,0.0,26125.0
168508,7324.0,4507.0
168509,0.0,3439.0
168511,13235.0,16755.0
168512,0.0,67881.0
168513,0.0,2371.0
168515,3907.0,11060.0
168516,0.0,73548.0
168517,12403.0,184762.0
168518,0.0,55622.0
168519,0.0,1000.0
168520,0.0,1133.0
168521,0.0,18719.0
168522,72535.0,0.0
168523,0.0,18403.0
168524,0.0,137084.0
168525,12740.0,96434.0
168526,0.0,26732.0
168527,0.0,18544.0
168528,0.0,88656.0
168529,2687.0,470785.0
168530,0.0,55176.0
168534,0.0,2474.0
168535,0.0,8107.0
168536,0.0,124462.0
168537,0.0,3227.0
168538,0.0,83896.0
168539,0.0,22418.0
168541,0.0,7287.0
168542,4269.0,4300.0
168543,3050.0,56282.0
168544,0.0,79120.0
168545,0.0,4863.0
168546,0.0,9016.0
178609,0.0,11519.0
178701,0.0,125245.0
178702,0.0,124144.0
178703,22263.62,745858.0
178704,0.0,291362.0
178705,0.0,123926.0
178708,19970.58,1115801.0
178709,0.0,1846.0
178711,0.0,14513.0
178712,0.0,16875.0
178716,0.0,13404.0
178803,0.0,13216.0
178901,0.0,591673.0
178902,0.0,319557.0
178903,54985.0,2739922.0
178906,0.0,9245.0
178907,1148.0,6352.0
189002,2215.0,0.0
189004,0.0,1210.0
189006,0.0,8267.0
189007,0.0,29359.0
189008,0.0,18901.0
189009,0.0,108713.0
189010,0.0,26057.0
189013,0.0,1470.0
189014,0.0,11080.0
189015,0.0,17328.0
189017,0.0,59277.0
189018,234899.0,142465.0
189021,0.0,13200.0
189022,25077.0,6648.0
189023,0.0,11561.0
189026,0.0,36261.0
189027,0.0,34072.0
189028,0.0,32049.0
189029,266909.0,0.0
189030,0.0,70532.0
189031,0.0,32069.0
189032,0.0,19422.0
189033,0.0,4429.0
189102,1791.0,2793.0
189105,2626.42,0.0
189201,0.0,1503.0
189205,0.0,6645.0
189206,0.0,2005.0
189207,0.0,12480.0
189209,0.0,1101.0
199305,0.0,4579.0
209401,5165.5,93510.0
209402,0.0,1700.0
209403,73098.41,87793.0
209404,0.0,21249.0
209405,0.0,131798.0
209406,0.0,70665.0
209503,0.0,15304.0
209504,0.0,4791.0
209505,0.0,4133.0
209506,0.0,42567.0
209507,0.0,172117.0
209603,0.0,27035.0
209606,0.0,1508.0
209607,0.0,2857.0
209608,0.0,20355.0
209609,0.0,9554.0
209610,0.0,10378.0
209612,0.0,4157.0
209618,0.0,5893.0
219703,1495.0,0.0
219704,4477.0,42267.0
219705,18711.0,0.0
219706,23494.0,0.0
