010103,0.0,5777.0
010105,0.0,33850.0
010201,0.0,2906.0
010202,0.0,785775.0
010203,0.0,77457.0
010204,0.0,5112031.7
010205,0.0,19369.25
010207,0.0,413881.8
010208,0.0,23363.0
010210,0.0,90463.91
010301,528274.0,0.0
010302,3029795.41,0.0
010303,28753.49,126530.0
010304,154568.04,8136.0
010305,312737.0,2623.0
010306,25342.0,17167.0
010307,69432.42,81851.08
010401,0.0,550217.43
010402,0.0,664032.76
010403,0.0,249468.0
010404,0.0,5557.0
010405,0.0,838012.77
010406,0.0,191514.0
010407,0.0,4095.47
010408,0.0,22853.0
010409,0.0,4389.52
010502,0.0,1129.0
010508,2090043.66,0.0
010511,1290.41,98923.0
020602,15422.0,0.0
020603,0.0,1077.0
020701,18539.91,98825.55
020702,2076.0,18170.34
020703,9123.0,177569.33
020704,12504.0,28961.53
020705,0.0,8856.0
020706,28603.03,35260.59
020708,0.0,7444.17
020709,6773353.04,19762.06
020710,0.0,53446.45
020711,0.0,3813.0
020712,0.0,65940.38
020713,0.0,3166.45
020714,673821.55,13412.87
020801,293017.42,11066.0
020803,0.0,7251.4
020804,8240.52,2487.0
020805,0.0,86787.22
020806,0.0,9406.94
020807,0.0,2107.0
020808,0.0,127094.0
020809,0.0,1062.0
020810,0.0,4732.0
020813,0.0,13984.0
020814,0.0,6972.83
020901,18130.65,39628.0
020902,25418.3,49080.0
020903,0.0,2059.0
020904,0.0,4471.0
020905,52317.16,3349.0
020910,0.0,40142.0
021004,0.0,6879.56
021005,0.0,7827.0
021006,0.0,23392.0
021101,0.0,1881199.81
021102,0.0,58364.08
021103,11580.7,23670.0
021104,0.0,2646.0
021106,0.0,24096.0
021109,0.0,5745.25
021202,0.0,13439.0
021209,3995.0,269661.0
021211,65333.04,11194.0
021212,1313093.94,1046.15
021213,0.0,2110.97
021302,26367.0,2586.0
021404,9515.45,0.0
031501,0.0,25314.13
031502,0.0,8274.27
031506,0.0,18820.25
031507,0.0,31060.0
031509,0.0,5528.0
031510,0.0,37666.19
031511,0.0,192052.0
031513,0.0,16434.0
031515,0.0,6835.0
031516,0.0,101293.0
031517,0.0,163510.89
031518,0.0,45025.98
031520,0.0,7575.09
041601,0.0,355121.21
041602,0.0,1733615.0
041604,0.0,852665.97
041605,0.0,25602.0
041701,0.0,879734.41
041702,0.0,85213.77
041704,0.0,390639.35
041804,0.0,4685.0
041805,0.0,60690.44
041806,0.0,125910.0
041901,0.0,43092.4
041902,0.0,526137.0
041903,0.0,71597.05
041904,0.0,564759.0
041905,0.0,862554.89
042001,0.0,1189.0
042002,0.0,9378.0
042004,4111.09,47118.0
042005,0.0,162957.5
042006,0.0,82090.97
042007,0.0,127013.22
042008,0.0,209698.0
042009,171655.69,738482.74
042101,0.0,17154.0
042102,0.0,116941.0
042103,0.0,209191.31
042104,0.0,8751.79
042105,0.0,596140.63
042106,9047.06,1878061.0
042201,0.0,287658.0
042202,0.0,1357325.73
042203,0.0,701454.96
042204,0.0,122996.0
042206,103463.19,13575.0
042207,0.0,53530.82
042208,0.0,210386.74
042209,0.0,15839.67
042301,0.0,12438.0
042309,1692.65,549249.04
042401,0.0,62779.0
042402,47355.0,914730.48
042403,0.0,485207.0
052501,0.0,84016.22
052505,0.0,3507.0
052507,0.0,1518.36
052508,0.0,1235.0
052509,0.0,12213.18
052513,0.0,19162.0
052514,0.0,3136.76
052516,0.0,9616.0
052520,0.0,7359.0
052521,0.0,7837.02
052523,0.0,763549.0
052524,0.0,35623.82
052526,0.0,1659.0
052530,3387.9,0.0
052705,0.0,281788.31
052707,0.0,13667.0
052710,0.0,29312498.29
052711,0.0,651008.0
052714,0.0,44792.0
052715,0.0,28311.0
062803,0.0,67779.32
062804,0.0,22008.0
062807,0.0,7483.0
062811,0.0,6699.0
062815,0.0,5153.0
062818,0.0,1071.0
062821,0.0,1012.0
062828,0.0,3188.0
062836,0.0,2413.0
062851,0.0,18736.36
062905,0.0,12875.0
062909,0.0,1270.0
062912,0.0,1399.0
062914,0.0,14411.0
062915,29070.63,8662.0
062942,0.0,11326.42
063002,0.0,35946.0
063003,0.0,50967.0
063004,0.0,334012.0
063005,0.0,163277.0
063006,0.0,5380.0
063101,0.0,32843.85
063102,0.0,130886.0
063103,0.0,24335.0
063104,0.0,490822.0
063105,0.0,123248.0
063202,1556.24,3720.0
063204,5959.0,44361.0
063206,0.0,71684.0
063207,0.0,4838.0
063208,277687.0,152362.04
063209,0.0,47038.0
063210,13896.0,5618.63
063211,0.0,12568.78
063212,0.0,9786.0
063214,0.0,118165.0
063215,0.0,16722.0
063301,0.0,4315.0
063302,0.0,12715.0
063303,0.0,76241.91
063304,0.0,41349.0
063305,0.0,108353.0
063306,0.0,98550.0
063307,0.0,38202.0
063401,0.0,125753.38
063402,0.0,318282.0
063403,0.0,13034.0
063405,0.0,1535.0
063406,0.0,20830.98
063503,0.0,1254.0
063504,0.0,6801.69
063505,0.0,15643.0
063506,0.0,57846.0
063602,0.0,1098.13
063604,0.0,3093.0
063605,0.0,23283.84
063701,0.0,25399.0
063702,0.0,3745.0
063703,0.0,5462.0
063704,0.0,6750.0
063706,4492.0,8630.0
063707,0.0,93466.0
063801,0.0,10467.0
063802,0.0,6790.0
063803,0.0,20618.66
063804,0.0,8217.43
063806,0.0,42595.08
063808,130842.62,696827.08
063814,0.0,1118.63
063816,0.0,2474.39
063818,0.0,2055.0
063819,0.0,4697.68
063822,0.0,38198.0
063823,0.0,56459.0
073901,0.0,6618.0
073903,0.0,1438.0
073904,0.0,3153.0
073905,0.0,12461.0
073906,0.0,71776.0
073907,0.0,120074.0
073909,0.0,18744.0
073910,0.0,3430.01
073912,0.0,12648.0
073914,0.0,1004.38
073916,0.0,16842.0
073917,19187.0,636676.0
073918,0.0,180008.0
073919,0.0,38901.0
073920,0.0,57502.0
073921,0.0,88682.0
073922,0.0,115219.31
073923,6758.34,211696.0
073924,1319.0,201506.0
073925,0.0,111461.38
073926,17922.67,148579.31
074008,0.0,17272.0
074009,0.0,4187.0
074010,0.0,17026.0
074011,0.0,197974.57
074012,0.0,58492.1
074013,0.0,37276.8
074015,0.0,13646.0
074016,0.0,37137.0
084104,7123.75,122934.0
084111,0.0,1139.0
084202,14603.0,45485.0
084203,0.0,13517.01
084205,0.0,2604.0
084302,0.0,8795.0
094401,0.0,4630.0
094402,0.0,5766.34
094403,0.0,13660.0
094404,0.0,4734.0
094407,0.0,2102732.0
094408,0.0,104172.0
094409,0.0,56659.0
094410,0.0,35487.0
094411,0.0,64231.0
094412,0.0,483709.0
094413,0.0,50953.63
094414,0.0,6434.13
094415,0.0,472256.28
094416,0.0,5265.96
094417,0.0,23362.67
094418,0.0,209866.18
094419,0.0,3507.81
094420,59446.0,8239.0
094421,0.0,12618.11
094601,22127.74,40702.52
094602,60850.68,3896.86
104706,0.0,72958.0
104801,0.0,81932.11
104802,0.0,232013.0
104803,0.0,6169.15
104805,0.0,1101.0
104807,0.0,3308.0
104809,0.0,1626.0
104810,0.0,8266.0
104811,0.0,30121.0
104812,0.0,3796.0
104813,0.0,107491.0
104814,10915.0,0.0
104815,1068.0,0.0
104816,0.0,19579.0
104817,0.0,50415.08
104818,0.0,1128736.32
104819,0.0,341563.34
104820,0.0,461328.37
104821,0.0,39420.0
104822,0.0,2813.0
104823,0.0,51211.0
104901,8467.0,269085.0
104902,0.0,13594.0
104904,0.0,3842.0
104907,0.0,38331.3
104909,0.0,6883.67
104910,0.0,6665.86
104911,0.0,61613.68
115201,204373.31,0.0
115207,0.0,2364.0
115208,0.0,763431.0
115209,0.0,4588.0
115212,0.0,17021.0
115310,0.0,1231.0
115311,0.0,13051.0
115401,0.0,2163.0
115404,0.0,15488.0
115405,0.0,4155.0
115407,0.0,46323.0
115408,0.0,9527.0
115511,0.0,1024.0
115512,0.0,6107.32
115513,0.0,42550.0
115515,0.0,1511.0
115516,0.0,361732.0
115601,0.0,7401.0
115603,0.0,5966.0
115607,24193.5,36234.0
115608,0.0,1739.0
115609,0.0,2278.26
115702,0.0,9539.0
115704,0.0,13266.0
115705,1469.0,11459.01
115804,0.0,5429.0
115806,0.0,2719.0
115807,0.0,1930.0
115808,0.0,1332.0
115809,0.0,1866.0
115810,0.0,2406.0
115811,0.0,1866.0
115902,0.0,8237.0
115903,0.0,1866.0
115908,0.0,1399.0
115909,0.0,15562.0
116102,0.0,2000.0
116104,22389.0,29204.0
116105,3753.0,26120.0
116106,0.0,11489.0
116107,0.0,30785.0
116108,0.0,4054.0
116109,3857.0,175237.0
116110,1093.0,13014.0
116111,0.0,46159.0
116112,1882.0,0.0
116114,0.0,7203.0
116115,0.0,4168.0
116117,0.0,8644.0
116201,17684.0,9096.0
116202,0.0,5988.0
116203,2608.0,128416.0
116204,15627.0,76020.0
116205,0.0,92965.0
116206,0.0,16516.0
116207,0.0,1613.0
116208,0.0,11250.0
116209,0.0,25347.0
116210,0.0,4263.0
116211,0.0,43202.0
116212,0.0,5800.0
116213,0.0,2429.0
116217,0.0,5680.0
116301,0.0,11418.82
116302,0.0,53965.89
116303,0.0,20394.0
116304,0.0,8780.25
116305,0.0,20364.5
116306,3246.0,12519.0
116307,5750.0,28521.0
116309,1178.58,144756.8
126401,0.0,16417.0
126402,0.0,114963.25
126403,12767.0,67912.0
126404,16366.0,29108.0
126405,92737.0,10580.0
126501,0.0,1208.0
126502,0.0,160009.0
126503,0.0,2209.0
126505,0.0,15226.0
126506,0.0,4385.6
126507,0.0,2008.0
126601,0.0,36854.0
126702,0.0,30461.0
126703,0.0,1552.0
136802,0.0,140341.25
136803,0.0,141198.72
136804,0.0,9688.0
136805,0.0,7879.0
136806,0.0,6086.0
136808,0.0,52494.32
136809,0.0,143171.0
136810,0.0,9649.0
136811,0.0,43749.46
136814,0.0,15109.0
136815,0.0,3445.0
136901,0.0,100319.48
136903,0.0,4562.0
136904,0.0,39955.0
136905,0.0,2879.0
136907,0.0,4272.0
136908,0.0,118225.0
136910,1572.0,63452.0
136911,0.0,12976.0
136912,0.0,26290.63
136913,0.0,3532.0
136914,0.0,5477.0
137002,0.0,11939.0
137003,0.0,3180.0
137005,0.0,12865.0
137006,0.0,11701.53
137007,0.0,6005.0
137008,0.0,2390.8
137009,0.0,6309.0
137010,1356.73,50691.0
137011,0.0,8445.0
137013,0.0,31490.0
137016,0.0,3880.0
137018,0.0,10458.0
137019,0.0,38604.0
137020,0.0,35858.61
147110,0.0,329375.0
147112,0.0,2196.0
147113,0.0,12517.0
157204,269884.07,5985.0
157207,0.0,3563.0
157208,0.0,8454.0
157209,0.0,3966.0
157210,0.0,965731.0
157211,0.0,19162.0
157212,0.0,12724.0
157213,0.0,18894.0
157214,0.0,246528.0
157215,0.0,44505.0
157216,0.0,14434.0
157217,0.0,34335.74
157219,0.0,1245.0
157220,0.0,2053.0
157221,0.0,3199.93
157222,38594.23,8711.0
157223,0.0,1993.69
157224,0.0,16332.0
157225,0.0,1350.0
157226,0.0,25706.0
157228,0.0,14546.0
157229,0.0,1067.82
157301,0.0,32672.0
157302,0.0,1144.0
157303,0.0,50517.48
157304,0.0,83117.22
157305,0.0,1155.0
157306,0.0,142092.0
157307,0.0,122641.0
157308,0.0,727995.07
157309,0.0,9076.95
157310,0.0,163430.84
157311,0.0,47437.86
157312,0.0,25968.0
157313,4093.68,33121.28
157314,0.0,196596.0
157315,1094.0,3249.0
157316,0.0,1690.0
157317,12126.0,75853.32
157318,13363.41,61904.0
157321,0.0,166877.0
157322,0.0,3401.0
157323,0.0,14250.0
157324,0.0,40455.62
157325,0.0,2154.0
157326,0.0,373626.0
157411,0.0,24850.0
157412,0.0,60340.0
157413,0.0,5667.0
157417,0.0,5459.0
157604,0.0,31546.0
157606,0.0,15678.0
157607,0.0,137593.0
157608,0.0,3615.0
157609,0.0,8064.0
157610,0.0,791097.47
157611,0.0,10610.0
157612,0.0,14299.0
157613,0.0,2374.0
157614,0.0,13719.8
157615,0.0,24293.0
157616,0.0,274810.63
157806,0.0,1457.97
157904,0.0,1710.0
157905,0.0,1494.56
157906,0.0,1678.0
157907,0.0,4905.0
158113,14601.0,0.0
158201,0.0,24946.0
158202,0.0,24540.95
158203,0.0,18040.0
158204,0.0,1000.0
158205,0.0,103672.0
158207,0.0,24703.0
158209,0.0,5683.0
158211,0.0,6660.0
158212,0.0,12301.0
158213,0.0,5026.89
158214,0.0,1128.0
158215,0.0,1603.0
158301,0.0,17467.0
158302,0.0,96215.0
158303,0.0,41092.87
158304,2891.0,87698.14
158305,0.0,7500.0
158308,0.0,2808.0
158309,0.0,7311.0
158310,0.0,12925.93
158311,0.0,26017.0
168404,0.0,14077.0
168407,2975.0,212889.95
168408,4655.0,77795.67
168409,327909.0,562555.17
168411,0.0,1215.0
168412,0.0,8210.44
168413,5226.0,560679.63
168414,0.0,366969.42
168415,0.0,176315.42
168417,0.0,128573.0
168418,0.0,490743.37
168419,0.0,39255.0
168421,0.0,93000.24
168422,0.0,23954.01
168423,6272.0,24082.0
168424,0.0,102021.59
168425,0.0,10238.0
168426,0.0,25910.0
168427,0.0,168586.45
168428,0.0,4300.0
168429,0.0,225681.0
168430,0.0,88104.0
168431,5143.0,185655.0
168432,0.0,86237.6
168433,0.0,256506.96
168436,0.0,6223.19
168437,0.0,4292.0
168438,0.0,394851.0
168441,0.0,7320.0
168442,0.0,8344.0
168443,0.0,14541.0
168450,0.0,125592.0
168451,0.0,31693.0
168452,0.0,15404.0
168459,0.0,1904.0
168462,0.0,127516.0
168465,280725.0,10911.0
168466,121839.0,3327.0
168467,0.0,50518.2
168469,0.0,6149.1
168470,0.0,46102.5
168471,21199.0,882363.95
168472,0.0,81596.0
168473,144176.0,298018.61
168474,0.0,181050.0
168475,0.0,2150.0
168476,0.0,1073.0
168477,0.0,5000.0
168479,4060.0,28748.0
168480,0.0,1792.0
168481,0.0,181739.0
168482,0.0,3179.0
168483,9431.0,52082.41
168484,0.0,2661.0
168485,0.0,732366.0
168501,0.0,22933.99
168502,0.0,125070.0
168503,0.0,259687.97
168504,0.0,123734.0
168506,0.0,159575.0
168507,0.0,82623.54
168508,0.0,77904.91
168509,0.0,145236.49
168511,0.0,15080.0
168512,0.0,2998.0
168513,0.0,110559.0
168515,0.0,5221.0
168516,0.0,113824.58
168517,7974.0,206510.0
168518,13669.0,44769.49
168519,0.0,38883.0
168520,0.0,51097.48
168521,0.0,24672.0
168522,0.0,6156.84
168523,0.0,21233.15
168524,0.0,38458.1
168525,1464.0,1001399.07
168526,2511.0,52733.33
168527,0.0,68918.72
168528,1196.0,168455.21
168529,0.0,153939.19
168530,0.0,10103.0
168531,0.0,3438.0
168533,0.0,12541.0
168534,0.0,5748.0
168535,0.0,111343.0
168536,0.0,303623.0
168537,0.0,80226.0
168538,7380.0,228117.0
168539,0.0,74281.0
168540,0.0,2939.0
168541,0.0,5913.0
168542,1350.0,10500.0
168543,40842.0,54804.0
168544,0.0,481813.0
168546,0.0,1725.0
168547,0.0,10435.0
168548,0.0,71608.0
178603,0.0,8636.0
178604,0.0,7217.0
178609,0.0,12970.92
178701,0.0,178664.72
178702,0.0,247230.0
178703,25440.0,3466191.68
178704,0.0,302104.43
178705,0.0,442261.0
178706,0.0,10400.74
178707,0.0,8257.0
178708,7362.0,167194.01
178709,0.0,19076.0
178711,0.0,1425.0
178712,0.0,60392.66
178715,0.0,12499.03
178716,0.0,97687.0
178802,0.0,2049206.0
178803,0.0,48686.0
178901,17455.23,161936.0
178902,0.0,33095.89
178903,0.0,642175.0
178904,0.0,26589.0
178905,0.0,12709.0
178906,2597.0,10941.0
178907,4298.0,35706.0
178908,0.0,5140.79
189001,0.0,13462.0
189002,0.0,1560.0
189004,0.0,26458.97
189006,0.0,14548.0
189007,0.0,5973.0
189008,0.0,11602.0
189009,1086.0,144496.43
189010,0.0,10285.0
189013,0.0,3757.0
189014,0.0,19141.0
189015,16846.0,124736.0
189017,1548.0,1220.0
189018,0.0,189091.0
189021,0.0,9762.0
189022,0.0,15077.0
189023,0.0,3455.35
189025,0.0,1784.0
189026,2881.0,5122.0
189027,4525.0,0.0
189028,0.0,97549.0
189030,24653.0,72138.0
189031,0.0,22506.0
189032,0.0,2056.0
189033,0.0,163357.46
189101,0.0,4110190.0
189105,0.0,1162.0
189106,0.0,1244.0
189107,0.0,19233.0
189108,0.0,17847.0
189201,0.0,1998.0
189202,1487.0,0.0
189203,0.0,11089.0
189204,0.0,2592.0
189205,0.0,39849.0
189207,0.0,47207.0
189209,0.0,8652.0
199302,0.0,6656.0
199305,0.0,1108.0
199306,0.0,8001.0
199307,0.0,15838.0
209401,49027.95,406507.06
209402,0.0,18534.0
209403,0.0,879333.86
209404,0.0,178537.05
209405,73545.0,210329.34
209406,0.0,215602.19
209501,0.0,12316.68
209503,1416.0,29701.0
209504,0.0,17625.38
209505,0.0,42980.0
209506,0.0,130803.49
209507,0.0,158753.73
209602,1334.0,0.0
209603,0.0,63994.53
209604,0.0,4261.0
209605,0.0,3884.0
209606,0.0,2710.0
209608,0.0,46225.0
209609,0.0,1652.0
209610,0.0,8360.25
209611,0.0,1276.77
209612,0.0,17935.0
209613,0.0,10606.0
209615,0.0,2683.0
209616,0.0,1878.0
209617,0.0,4569.0
219704,0.0,5858.56
219705,0.0,17000.0
219706,379716.0,0.0
