010101,26006.47,134865.7
010102,125026.07,460049.04
010103,153013.83,54311.96
010104,0.0,1509.72
010105,274086.2,1523440.11
010106,421562.45,110715.26
010201,28326.0,1765189.18
010202,3909965.72,6659796.75
010203,37407.46,115771.83
010205,0.0,10139.0
010206,30167.49,1406806.11
010207,44655.52,621283.75
010209,11380.94,11460.7
010210,47938.0,38091.66
010301,1374.0,11517.1
010302,2751259.51,273997.62
010303,16533821.42,482289.45
010304,109750.67,233987.51
010305,741693.55,283559.77
010306,17551946.82,3531007.45
010307,5592.45,63510.21
010401,575691.66,5630074.28
010402,270366.78,10005488.0
010403,58950.38,858652.85
010404,113573.4,1302408.57
010405,111049.43,280420.08
010406,1485417.29,9981879.94
010407,411561.7,729482.15
010409,1845898.2,74263.03
010410,7000.0,2340.0
010502,0.0,363386.0
010504,5762.0,0.0
010505,2702.0,22751.0
010509,2428.0,0.0
010511,12797.85,103755.89
020601,120916.87,9356.4
020602,19198080.78,1835865.01
020603,5690758.76,35611.36
020604,22165039.86,129443.81
020701,3221792.71,623098.19
020702,5035688.81,33628.45
020703,3291935.52,349502.63
020704,11334718.47,84328.0
020705,3180141.35,0.0
020706,2055018.68,27366.6
020707,238418.82,1267.43
020708,15702035.24,262585.79
020709,8884738.63,285442.53
020710,22433810.24,3696227.15
020711,1501706.6,512308.1
020712,119546.59,2103155.52
020713,1147350.12,4502765.41
020714,63958.1,3988.37
020801,553430.28,124606.09
020802,3303191.58,496634.99
020803,278945354.8,775502.65
020804,6496072.59,176170.71
020805,1976508.01,230639.53
020806,38625.83,1599352.16
020807,40286082.94,415561.69
020808,1407008.14,3295356.95
020809,383753.59,1093765.86
020810,2988438.32,176903.65
020811,2877250.79,105604.35
020812,85443.22,52638.45
020813,175014.73,495145.53
020814,785886.23,0.0
020901,308997968.91,608890.73
020902,242091.19,851621.5
020903,82251.37,0.0
020904,1475977.45,936210.76
020905,3444.0,0.0
020906,55946.44,49729.17
020907,10847.55,55990.07
020908,117935473.62,44071.73
020909,316836.33,101138.02
020910,745363.72,404033.14
021001,608127.36,23666075.2
021002,0.0,1602.09
021003,6675.94,0.0
021004,22962.76,158569.04
021005,5422142.0,59756705.27
021006,608755.03,10002789.85
021007,440660.24,49747.79
021008,79529.38,725759.11
021101,3803076.62,1588748.81
021102,7105332.0,5168408.23
021103,475364.88,1048446.43
021104,3838093.07,3928473.84
021105,14749.72,275748.76
021106,61379.74,28643.0
021107,0.0,2655905.95
021108,202697.38,2986759.77
021109,1615.68,33060.2
021201,822732.29,112584.73
021202,18128.47,39682.22
021204,2699.0,92235.29
021205,7180.71,10079.0
021206,32641.41,182195.06
021207,23321115.29,2166569.18
021208,26411.87,0.0
021209,9706645.06,9606713.9
021210,0.0,1820.0
021211,706114.16,174224.03
021212,31344.79,8092.59
021214,7574.54,0.0
021301,253098.54,733262.54
021302,1863262.0,2831946.16
021401,50556.3,2447.85
021403,6550.0,0.0
021404,612754.16,74287.36
031501,5257.64,4091.0
031502,179418.69,15463911.94
031503,43642.98,0.0
031504,96616.0,68214.76
031505,7008.0,65255.78
031507,2301775.79,12431963.33
031509,40087.48,1714415.85
031510,0.0,20549.0
031511,21275873.87,4891506.64
031512,4546598.6,14194172.34
031513,1010944.62,237121.39
031515,358801.46,3875098.45
031516,8032254.94,3994429.51
031517,3934831.63,5760712.74
031518,78092.34,240755.57
031519,10639.1,89288.29
031520,888809.69,604319.99
031521,4570.0,36265.21
031522,25372.82,622731.26
041601,2673134.93,4554487.06
041602,4165258.27,5915997.28
041604,416923.76,4068515.32
041605,119591.37,568837.43
041701,265086385.45,2176913.82
041702,2438598.68,1266259.27
041703,18255643.97,39972.56
041704,7950982.97,24630160.49
041801,20557.26,17363.0
041802,5274.42,0.0
041803,4061.0,280046.21
041804,8629.3,41981.0
041805,22427.0,904160.35
041806,3920885.88,8909296.2
041901,5969981.72,12935464.89
041902,4261533.19,3129365.53
041903,41270.25,0.0
041904,30110185.09,19224956.85
041905,25380352.68,24569484.83
042001,2445140.63,423300.91
042002,154117.78,2295901.37
042003,438887.92,158514.7
042004,1468910.78,3211082.2
042005,5726488.27,2953269.84
042006,828452.49,585263.82
042007,547623.72,2983252.6
042008,4216426.21,3206323.56
042009,12604113.22,16941545.26
042101,99854.35,4602445.02
042102,2582400.32,4239948.45
042103,8654508.44,18134628.76
042104,30596025.29,9159499.59
042105,1848808.8,937305.74
042106,8221863.94,62741013.32
042201,470804.87,116766.25
042202,27065169.06,18054306.3
042203,956354.37,2010961.2
042204,244985.46,2645691.72
042205,26977.13,10418.28
042206,375295.23,55092.63
042207,16720258.39,98966.27
042208,7909907.12,9559106.51
042209,40106.14,23207.05
042301,78719.7,0.0
042302,567542.3,221114.0
042303,58809.0,998836.19
042304,6944.87,0.0
042306,4141.62,53158.0
042307,0.0,6216.57
042309,10389687.27,9450813.82
042401,30049514.62,2089998.18
042402,9271213.63,3889068.87
042403,72750.08,394039.49
052501,154742.5,784484.36
052503,109014.33,4000.81
052505,137441.53,93048.23
052507,22190.08,35359.34
052508,465752.69,737440.25
052509,118405.34,158032.52
052510,3988.48,0.0
052511,31741.92,0.0
052512,56891.26,36828.33
052513,55391.91,11286.22
052514,9555.51,25481.37
052515,1269184.55,197191.65
052516,54001.97,67575.13
052517,132451.18,5330.0
052518,493967.98,364259.05
052519,176701.42,26402.44
052520,1901936.31,45401.43
052521,2130.65,0.0
052522,1281891.46,35611.57
052523,3532562.0,16492991.55
052524,6687.0,0.0
052526,171921.26,118741.98
052528,2228.41,16031.97
052529,286522.93,26330.55
052530,713310.98,478935.02
052601,132480.42,0.0
052602,47343.0,100170.8
052610,0.0,1613.06
052614,0.0,29432.23
052616,14389.0,0.0
052617,116060.52,0.0
052618,0.0,30135.01
052620,159234.51,0.0
052701,961352.05,9553320.5
052703,16388.38,710390.24
052704,27494.63,0.0
052707,0.0,54089.12
052708,2747.45,0.0
052709,151355668.57,91112034.83
052710,11955487.78,587076087.07
052711,4024156.1,23597108.47
052712,214511.36,6161641.29
052713,4717954.89,3036786.27
052714,1233324.06,730629.2
052715,18922.15,189533.12
052716,25957546.0,3048936.0
062801,6238336.19,403600.51
062802,3896.84,5722.79
062803,6000.0,48555.93
062804,1364120.82,266239.59
062806,124576.31,513243.26
062807,14690.05,3721.07
062808,25219.0,54744.08
062809,139043.39,330793.32
062810,48217.06,14284.54
062811,1622143.24,1270473.08
062812,0.0,17290.0
062814,119147.52,106789.98
062815,436341.85,3330748.87
062816,1366.0,5659.33
062817,41894.07,258800.79
062818,6076.0,42889.1
062819,0.0,61799.1
062820,0.0,676848.06
062821,32754.1,101138.11
062822,0.0,6713.02
062823,3939.0,171443.14
062824,0.0,38898.93
062825,1368173.11,110791.28
062826,0.0,142819.59
062827,56736.11,722281.65
062828,520147.98,528328.58
062829,14667.0,343434.19
062830,98018.25,142500.71
062831,39326.0,173396.86
062832,29085.4,272310.73
062833,429913.06,5242486.0
062834,53929.81,841575.11
062835,188120.92,1787506.61
062836,1225400.23,1465558.63
062837,0.0,3325.81
062839,11877.0,222980.68
062840,15262.0,35163.9
062841,0.0,64304.17
062842,21144.55,76506.12
062843,0.0,11346.63
062846,0.0,2592.0
062847,518027.26,778310.49
062848,0.0,31395.95
062849,33347.0,151443.67
062850,0.0,5462.0
062851,8715.48,38887.14
062901,83609.49,647351.93
062902,509979.48,5566301.18
062903,79217.8,490611.52
062904,38496.5,3308949.63
062905,1709277.74,8026151.25
062906,3308.71,81118.76
062907,9011.0,242641.63
062908,0.0,118831.92
062909,298468.04,1393154.8
062910,0.0,189653.22
062911,0.0,39801.03
062912,100521.63,81955.56
062913,0.0,1075.95
062914,622406.71,1503442.27
062915,2239806.56,5502507.31
062916,396114.52,1709791.48
062917,1131975.0,1094647.14
062918,204050.84,2810094.51
062919,7737.35,58740.0
062920,455644.0,1898434.74
062921,274865.44,5378236.01
062922,191406.27,4410532.93
062923,72722.11,821828.03
062924,2155819.13,1102182.36
062925,11286.97,438541.63
062926,105140.97,315894.4
062927,0.0,6443.42
062928,0.0,1372.12
062929,26778.0,229622.72
062930,199204.0,1666201.62
062931,37417.0,138103.42
062932,52000.0,277499.78
062933,3531167.92,27385848.8
062934,487331.55,1998787.73
062935,41383.0,430131.56
062936,1008981.47,16350402.82
062937,12858.92,419526.94
062938,0.0,11507.27
062939,207183.0,594420.67
062940,0.0,95358.21
062941,539256.17,4016324.28
062942,166073.55,351761.82
063001,476920.0,110861.0
063002,920071.21,6695498.96
063003,407797.57,2312708.21
063004,88059782.79,182890308.6
063005,997116.54,1776881.21
063006,292232.05,3086144.23
063101,20397.87,52167.57
063102,2064228.61,4246186.94
063103,1638062.26,94721.54
063104,585731.78,9311582.8
063105,3660656.06,4452251.14
063201,41516.63,537956.34
063202,156333.68,339047.19
063203,366957.65,1284515.15
063204,531175.24,9335169.86
063205,126302.63,90016.69
063206,496661.74,3525531.37
063207,69653.55,3607148.07
063208,8833318.81,5957758.73
063209,1725571.53,4985418.88
063210,20659.5,35699.24
063211,12574.4,36697.31
063212,413937.42,233095.13
063213,29174.61,306468.96
063214,1818729.24,1370177.08
063215,2041303.54,20136493.36
063301,3887867.06,7227530.51
063302,983175.01,52900244.36
063303,13192129.25,5792268.17
063304,10471268.68,14448428.87
063305,7016769.98,22809281.35
063306,15788746.11,2145722.49
063307,4094857.14,11297724.94
063401,38752710.69,20503773.96
063402,24901208.29,29536736.58
063403,276919.53,416824.9
063404,86520.87,990376.44
063405,1954200.06,1242711.15
063406,22259708.78,320077.34
063407,2144.0,77478.39
063501,113883.0,30285.73
063502,0.0,149234.59
063503,3638.0,1083210.43
063504,2175.0,172907.79
063505,34238.09,90451.78
063506,1314401.13,6194254.77
063507,1634437.44,2334981.75
063601,4756.0,0.0
063602,34628.0,0.0
063603,14402.0,0.0
063604,1633.0,310608.79
063605,1193853.39,520100.41
063606,2685.73,4211.24
063701,802138.0,307619.14
063702,304550.0,291500.62
063703,761644.84,478888.45
063704,6685.0,1837.0
063705,12996.0,417322.64
063706,12091.0,101728.03
063707,70948.31,452494.25
063801,15681.36,9307.03
063802,187137.94,205036.75
063805,0.0,33633.05
063806,3426.0,53314.04
063807,1296.06,0.0
063808,55933102.72,61685340.78
063809,2058683.01,3129674.86
063810,3533.0,85956.45
063811,906393.58,822707.31
063812,15702.0,963542.18
063813,0.0,5405.13
063814,401387.45,1054056.15
063815,4652.0,1023027.81
063816,345018.17,416456.09
063817,0.0,99804.56
063818,1287.0,0.0
063819,14409.0,88183.61
063820,36460.91,23443.67
063821,36888.0,182335.38
063822,287655.7,4248859.74
063823,1522113.09,3868504.9
073901,763766.24,1277866.4
073902,422975.6,9988090.02
073903,74721.97,788571.37
073904,92493.74,12576982.6
073905,2856229.09,2167212.52
073906,323623.57,616945.22
073907,425187.18,11552973.7
073908,60866.0,76173.69
073909,114048.6,1527263.46
073910,33209.89,107859.41
073911,71642.64,510301.47
073912,18077.37,1055567.36
073913,0.0,241953.54
073914,0.0,58243.0
073915,796735.72,609386.01
073916,19761.15,2739468.79
073917,9828437.63,11527492.72
073918,5783.56,85884.17
073919,370515.71,6081369.88
073920,10152828.36,27990780.85
073921,1339865.12,12934090.47
073922,298168.0,702574.28
073923,18640268.71,42712249.69
073924,6744162.83,14175234.67
073925,3162038.0,1858276.03
073926,6145871.93,25301366.71
074001,33863214.2,216558.22
074002,506673.92,1481842.38
074003,1200.91,15541.45
074004,10677.77,18351.15
074005,1148289.37,1060184.35
074006,5772.0,433651.41
074007,3128.0,128240.57
074008,584868.0,710437.07
074009,8012.0,325137.59
074010,17398.0,712720.85
074011,12505811.86,34121295.43
074012,1374437.3,8418779.28
074013,8616.3,787419.86
074014,458747.48,21434.53
074015,4123016.33,1727732.04
074016,567597.59,5292244.07
074017,277916.0,38279.02
084101,3111708.64,434830.6
084102,32658.49,8126.93
084103,9006.0,3362.04
084104,1416313.31,13888368.25
084106,3140.0,3070.0
084107,1931.0,256959.78
084108,19334.0,53176.05
084109,35352.0,504076.74
084110,4962.24,3943.0
084111,44356.0,176968.9
084201,5076.0,50903.31
084202,2090668.99,12557290.84
084203,14139480.53,1109158.15
084204,0.0,12261.0
084205,221954.0,756497.07
084302,4590.0,0.0
084303,8274.0,30840.99
084304,0.0,20201.0
094401,33405.96,58176.15
094402,52861.36,6182.62
094403,960381.9,199246.92
094404,57585.1,30263.72
094407,7274640.76,1085726.89
094408,369910.69,244495.96
094409,1268584.83,234369.85
094410,845745.41,4910880.0
094411,510888.61,2044788.78
094412,1562497.56,1134727.96
094413,486969.46,37766.59
094414,134398.0,99589.2
094415,281829.2,3529024.83
094416,4000.0,0.0
094417,657043.86,96576.55
094418,14501859.59,787446.57
094419,14411.0,28371.27
094420,281699.74,490782.76
094421,2316553.09,1266395.39
094503,0.0,1874.16
094504,22440.0,29049.19
094601,2846.64,27519.91
094602,110476.31,174486.65
104701,2432.2,15562.8
104702,0.0,6892.13
104703,0.0,37320.0
104704,0.0,82548.05
104707,5751012.91,1156932.32
104801,105984.22,13236020.85
104802,468208.98,7720189.61
104803,362437.84,7491411.77
104804,1014897.62,6732158.86
104805,1847447.13,5012070.75
104806,121822.65,431856.13
104807,1154986.38,109458.36
104808,208187.35,2398299.56
104809,84943.72,417169.9
104810,2272492.64,7450067.24
104811,1072776.46,6334570.73
104812,1330.0,24171.81
104813,0.0,670508.8
104814,33250.0,12913.94
104816,8884.0,1940568.79
104817,221732.0,139166.79
104818,4091017.0,30901231.75
104819,19764518.56,27469451.02
104820,1225561.64,8063644.93
104821,1187280.38,7227605.2
104822,80898.65,79552.21
104823,2416691.75,11818734.61
104901,940039.95,27109710.01
104902,323063.53,3115846.67
104903,103616.0,216821.88
104904,0.0,4545.22
104905,420027.0,238892.26
104906,1102.0,4239.0
104907,0.0,4174807.72
104908,318285.14,441693.23
104909,131721.0,477501.48
104910,150445.17,439233.01
104911,2888970.53,9117146.53
115002,15059.0,0.0
115007,0.0,94432.87
115101,1230.0,0.0
115105,1250.0,10298.84
115106,10062.0,0.0
115107,0.0,24199.0
115109,52203.0,42442.0
115111,2695.0,540595.66
115112,0.0,254146.12
115201,358187.54,0.0
115202,189914.86,291689.69
115204,71151.32,678204.04
115205,2906700.79,22716929.46
115206,0.0,513787.83
115207,2399.0,184858.5
115208,6854717.09,127527776.78
115209,2294902.5,81412594.67
115210,663882.0,2980374.47
115211,203273.0,3322029.05
115212,1086960.01,1771065.55
115301,0.0,12566.0
115303,9455.98,0.0
115309,0.0,399382.54
115310,0.0,475811.69
115311,0.0,2098.0
115401,574053.8,4147469.16
115402,363114.42,4148742.08
115403,8972.0,571400.0
115404,1897821.0,854026.44
115406,99177.0,328294.0
115407,6375431.57,32647661.07
115408,387866.0,379368.95
115501,3291.0,9235.25
115502,88320.0,1296537.65
115503,123998.48,69114.01
115504,3762.0,9100.0
115505,3925.94,1658.15
115506,6949.0,736974.76
115508,167400.98,3857709.11
115509,585738.0,850178.28
115510,1052.0,2892.44
115511,0.0,6327.86
115512,478079.0,4574211.73
115513,4686649.96,12847404.9
115514,6202.0,1887933.98
115515,195546.0,11033777.58
115516,486866.0,3297290.46
115601,379018.0,325830.77
115602,220745.73,125729.38
115603,149247.23,1434023.73
115604,58864.67,22728.14
115605,0.0,21889.0
115606,0.0,71349.0
115607,2411677.92,1942226.98
115608,56311.41,224570.25
115609,686986.0,57365.43
115701,15509.0,106305.35
115702,1219401.67,263381.32
115703,39720.63,1098405.11
115704,0.0,13716.98
115705,2462.0,14779.68
115801,235502.0,8736762.43
115802,0.0,631674.0
115803,0.0,8200.0
115804,382491.0,527427.31
115805,1447.0,32341.0
115806,1306100.08,3415818.83
115807,310714.82,6166332.22
115808,30610.0,196688.85
115809,0.0,28131.87
115810,24079.95,601392.82
115811,32106.0,13289.0
115901,2790.0,5651.12
115902,10739.0,174827.23
115903,740280.32,7308774.94
115904,1793.0,2870.0
115906,5759.0,105255.41
115907,5390.0,13015.59
115908,5201.0,13401.76
115909,0.0,40223.12
115910,4229.0,93284.63
115911,5459.0,182205.78
116001,8387.0,3719414.44
116002,1362769.17,48868308.26
116101,2845904.0,86281.27
116102,11571167.0,155071.52
116103,22699083.01,6535246.27
116104,82836876.65,5484085.9
116105,76188751.0,1345807.41
116106,42453194.05,2597573.07
116107,7586966.0,1118157.22
116108,45659303.67,3511195.01
116109,96564448.8,3279525.44
116110,195620352.88,2999642.09
116111,21008121.0,486193.59
116112,5702408.56,722181.28
116113,37906.0,98831.69
116114,13108243.0,221789.12
116115,3299264.65,3806643.99
116116,2126494.67,63095.61
116117,534475.9,1050729.38
116201,13328800.94,684427.89
116202,31772546.83,268490.58
116203,124577417.83,17461742.84
116204,157360042.28,15392778.92
116205,18854930.33,3850711.79
116206,17142661.12,4510993.45
116207,8535920.25,910019.88
116208,3504199.45,1999248.2
116209,4137455.44,1102883.72
116210,918571.68,398306.27
116211,12162609.56,1152656.65
116212,2613806.4,7094359.32
116213,25653.71,52922.42
116214,192694.22,178069.89
116215,155299.13,320618.38
116216,333418.34,23547.05
116217,985438.06,2097083.24
116301,2644841.17,314020.02
116302,5867866.35,4831792.31
116303,53184.47,567035.87
116304,249985.01,174307.49
116305,4636855.63,1416118.17
116306,719927.17,1419556.38
116307,805213.8,2550761.24
116308,0.0,1456.0
116309,358270.15,20324228.21
116310,221265.19,1363155.57
126401,388162.47,1113514.48
126402,4490375.81,13556804.04
126403,9098798.43,13745468.43
126404,1810217.52,8555599.94
126405,5312458.05,9469751.14
126406,4585846.22,1787334.85
126501,7635.0,0.0
126502,0.0,19910.0
126503,8299.2,97571.45
126504,269423.3,143567.19
126505,668572.5,1069161.37
126506,208132.69,1087994.57
126507,3660.0,1464.66
126601,110666.59,2136822.58
126602,1593.78,8566.99
126603,69719.83,1265.31
126701,0.0,4924.0
126702,487202.0,1213824.83
126704,2904.0,37847.45
136801,7839.61,0.0
136802,3449450.08,368114.76
136803,1322.78,60106.79
136804,16160.0,746781.91
136805,358240.14,696716.06
136806,57650.1,59596.95
136807,645190.51,464690.22
136809,48782.33,530900.18
136810,1251743.83,2122406.91
136811,534603.4,886357.16
136812,1624.0,119979.7
136813,136379.84,2629573.98
136815,197042.17,204330.05
136901,12966.27,34923.72
136902,111574.25,1637776.89
136903,23029.29,1236716.49
136904,229108.51,109316.89
136905,75202.61,10974.45
136907,589207.45,109860.61
136908,12797089.83,9381736.02
136909,4562.0,58007.57
136910,10102842.61,2498293.17
136911,22274.32,2404369.91
136912,115638.44,2712679.06
136913,237702.52,1198583.71
136914,26330.61,321367.34
137001,216372.6,166882.19
137002,1107.69,58130.0
137003,91022.8,841459.69
137004,44785.86,243206.14
137005,121940.17,5024429.27
137006,43537.29,5720.78
137007,136668.53,2359491.61
137008,11953.36,1117.0
137009,84624.14,868983.81
137010,23211049.21,14910803.06
137011,0.0,4175.57
137012,0.0,11535.21
137013,2324351.31,3044707.93
137014,0.0,12111.85
137015,0.0,40858.59
137016,58313.07,955596.58
137017,89684.24,886922.97
137018,50243.43,495485.2
137019,130311.17,1904284.24
137020,121265.06,933712.52
147101,1792.0,0.0
147102,16184.0,0.0
147103,21139.58,0.0
147106,4562.0,23507.0
147108,65578.53,2484974.67
147109,5948.0,0.0
147111,72962.0,0.0
147112,92397.19,8268897.0
147113,14356560.92,3388103.39
147114,10062.61,150844.0
147115,3000.0,742606.27
147116,2094443.73,40068.2
147117,999851.73,2512589.29
147118,0.0,3224084.0
157201,32273.79,33076.02
157202,3616.99,456946.55
157203,19411.36,0.0
157204,1037896.86,10433177.4
157205,0.0,4627.15
157206,0.0,1004.79
157207,1992.35,4271859.78
157208,685129.06,10349141.02
157209,241104.57,16368154.22
157210,28966634.19,8215221.33
157211,764242.42,1885475.22
157212,19222.46,2597452.02
157213,26949.94,595208.43
157214,13987904.48,12570069.56
157215,138547.17,186379.97
157216,9983671.71,5554673.39
157217,844628.37,3013609.44
157218,0.0,19674.29
157219,52586.12,677197.53
157220,1397.0,5460.0
157221,3007.0,0.0
157222,20875.0,58629.94
157223,6720.0,7615.13
157224,6748.93,0.0
157225,5875.0,2232.12
157226,41958.42,318231.83
157227,0.0,1628103.98
157228,13059.54,686518.74
157229,27061.78,94764.37
157301,35385.03,905535.07
157302,805343.59,42208.77
157303,8037.4,25386.23
157304,4304953.92,1060847.87
157305,205111.88,252454.15
157306,23449416.13,4008080.31
157307,110917.41,3045420.63
157308,6423001.15,8396900.19
157309,99345.98,295602.24
157310,7626876.48,7244223.13
157311,1458431.17,2735420.29
157312,103235.34,518663.62
157313,228881.17,772869.73
157314,511365.99,2647056.34
157315,56529.1,3108693.48
157316,32014.86,108989.56
157317,502596.92,1387927.27
157318,585575.85,8301154.55
157319,15259.0,162503.1
157320,651663.51,511654.47
157321,2473091.08,7973428.27
157322,5870.51,72712.15
157323,665114.13,6143770.78
157324,127174.12,2622517.29
157325,191572.71,168548.11
157326,642869.78,5613291.88
157403,13989.0,9208.35
157404,1106028.09,4000.0
157406,0.0,47933.58
157407,24532.48,140545.48
157408,4895.0,242253.98
157409,10087.0,20413.72
157411,59789.82,1121116.22
157412,17713.51,487963.74
157413,3377.0,8151.56
157414,0.0,2798.82
157415,19431.89,35838.64
157417,0.0,174606.0
157418,1427.0,55648.0
157419,17032.07,228828.73
157505,0.0,29046.77
157507,0.0,29035.0
157508,9895.0,24491.72
157601,1842654.93,152262.81
157602,3091728.89,187559.17
157603,12120.0,161682.02
157604,3861962.92,5334712.57
157605,0.0,12175.77
157606,176284.31,2739796.17
157607,986304.53,12796702.11
157608,61980.97,189257.95
157609,39954.0,146987.87
157610,69543.71,662303.07
157612,448706.72,22310140.87
157613,0.0,18804.0
157614,16115.0,274164.52
157615,458642.27,1986193.42
157616,143365.26,2308841.22
157801,42565.77,6370.0
157802,37919.76,0.0
157803,154900.1,6914.0
157804,0.0,1935.6
157806,0.0,6606.44
157901,371927.61,2835263.87
157902,142307.2,0.0
157903,113285.22,0.0
157904,50434.12,0.0
157905,181020.33,0.0
157906,0.0,14116.85
157907,4407.0,342141.15
158001,0.0,24837.71
158003,0.0,43089.83
158007,85711.0,4558.14
158101,1420.46,13259.0
158104,1724.48,0.0
158108,0.0,12740.0
158110,0.0,11190.0
158201,46139.8,3766318.21
158202,39234.0,1107583.31
158203,71278.26,775523.91
158204,3120.0,580267.56
158205,248228.77,3737377.2
158206,12228.7,677742.08
158207,28199.46,1277511.64
158208,80037.09,1622687.36
158209,10751.0,4678.0
158210,0.0,748467.79
158211,61299.1,1505982.72
158212,250052.55,4801720.7
158213,7991.77,523205.99
158214,79178.17,659938.17
158215,28677.42,1542404.41
158301,401208.53,3192661.72
158302,594544.52,5950469.36
158303,81996.03,242439.57
158304,4746.36,28415.21
158305,78451.11,616411.61
158306,108689.83,858185.51
158307,6064.0,182427.8
158308,77226.45,2972089.21
158309,1746567.28,10400841.7
158310,33645.29,43913.65
158311,625356.8,2082220.66
168402,212512.3,782362.92
168403,55830.3,7954.74
168404,0.0,305917.0
168405,3316.0,593401.0
168406,63862.24,2125638.84
168407,100114.17,2123741.3
168408,123249.93,39334372.81
168409,644427.89,20082578.44
168410,205509.87,5383969.51
168411,5604276.0,6405801.44
168412,69919.0,853843.96
168413,1704407.3,20853695.58
168414,517689.24,12857440.71
168415,121190.28,4063684.05
168416,0.0,37544.0
168417,50532.08,383317.13
168418,20722791.88,32187659.54
168419,340602.58,4065070.27
168420,0.0,93300.0
168421,620917.85,15867949.17
168422,383210.53,18507199.24
168423,85211.94,3086278.23
168424,723680.26,8573912.98
168425,66274.55,1434082.47
168426,190873.42,1795033.77
168427,158197.1,2642529.57
168428,188280.65,5443202.74
168429,3241967.14,15495419.67
168430,454779.28,2721122.72
168431,188287.34,9745327.69
168432,12122.07,681254.34
168433,344692.04,3297489.55
168434,8068.48,111903.25
168435,12916.0,10716.0
168436,64351.18,1737756.06
168437,82956.33,2743021.65
168438,612778.82,16052199.58
168439,54389.13,4173064.08
168440,5791.0,312349.2
168441,377459.34,3859314.54
168442,58028.86,851263.81
168443,796025.96,13689744.7
168444,50271.0,84077.0
168445,387116.31,1067824.35
168446,87250.0,715532.31
168447,39045.0,1931550.21
168448,324468.25,3227339.91
168449,0.0,3500.0
168450,99213.6,6628378.49
168451,229949.39,6421170.3
168452,1435204.4,8737612.26
168453,30821.68,618647.71
168454,0.0,4805.0
168455,102083.22,278326.0
168456,14128.0,18244.0
168457,0.0,20925.0
168458,56328.0,221274.21
168459,103341.0,301949.44
168460,67457.23,555879.32
168461,27500.0,495252.01
168462,311323.31,3127504.11
168463,49703.4,1166342.18
168464,251550.0,241790.22
168465,52502.74,1854826.64
168466,102057.87,492464.28
168467,71044.0,2876013.65
168468,36099.49,151108.67
168469,48730.0,341502.24
168470,55865.93,2353417.26
168471,770451.12,70551075.11
168472,37049.39,767101.98
168473,935720.86,40759517.78
168474,450079.72,15012401.3
168475,103589.61,8646.42
168476,61493.57,43508.07
168477,992591.42,11187977.97
168478,7627.28,148244.19
168479,599530.24,12548277.91
168480,2401608.39,9486369.43
168481,519151.14,17025213.85
168482,73059.68,5047196.98
168483,123166.92,7515354.94
168484,84829.02,1474499.58
168485,66349.2,3414967.58
168501,643025.22,13895736.23
168502,34478.0,38141671.49
168503,154904.58,31660273.15
168504,650172.96,17721849.69
168505,59595.0,303238.75
168506,18847800.11,7916642.32
168507,462199.15,4191173.48
168508,86639.0,1207717.15
168509,165697.33,545642.28
168510,0.0,8698.73
168511,68788.97,4808074.11
168512,146423.21,4480586.8
168513,307192.85,2375493.4
168514,101915.95,157225.65
168515,222169.41,1790978.4
168516,162299.49,13055533.14
168517,1231136.29,78604856.86
168518,146147.32,10925012.76
168519,8870.0,2136596.41
168520,12441.0,74961.0
168521,70886.66,3748102.27
168522,5743.0,28499.99
168523,236322.58,5724907.95
168524,3404485.82,33657617.69
168525,2722440.52,107216392.29
168526,0.0,23597.06
168527,826933.54,24981685.63
168528,457904.91,36187951.28
168529,115689.66,7929333.32
168530,93984.0,364951.8
168531,36326.08,3889844.02
168532,7205.0,184252.04
168533,4539.59,46996.99
168534,1237.0,14591.49
168535,277438.8,5786108.91
168536,556954.36,15477523.16
168537,615816.94,5201075.55
168538,117468.34,3825448.75
168539,126060.31,7208018.23
168540,8468.36,31747.61
168541,175808.45,798550.55
168542,703624.32,4277274.84
168543,23005.07,572789.2
168544,558095.58,25973148.36
168545,91594.7,868957.65
168546,27239.68,403928.58
168547,24627.0,955644.67
168548,33805.0,224249.54
178603,5958.0,0.0
178606,4000.0,0.0
178607,1438.48,9697.04
178608,141453.08,19506.27
178609,1889848.05,1164740.28
178701,337429.58,3922642.0
178702,444196.52,17497358.26
178703,3168806.99,208974585.42
178704,3815481.73,120632591.35
178705,224126.57,767025.45
178706,20850.0,0.0
178707,874700.18,43237.62
178708,1296346.49,32471180.11
178709,0.0,148241.73
178711,266223.85,8862367.8
178712,104649.27,4598345.53
178713,0.0,148127.22
178714,69295.13,7102281.26
178715,0.0,741298.56
178716,523064.3,8382678.6
178801,17653.0,218228.38
178802,1064.0,3530.0
178803,55700.44,1906299.16
178804,0.0,1024.0
178901,29243.06,5421.41
178902,41642.0,0.0
178903,33695.12,49150.06
178905,3170.0,0.0
178906,47469.0,0.0
178907,13524.0,327322.58
189001,32651.19,144748.29
189002,58760.26,64501.0
189003,29160.0,218076.18
189004,20906.52,251098.94
189005,5620.04,2463.0
189006,138482.27,248905.63
189007,0.0,5041.0
189008,5520.0,3289.0
189009,158936.69,79126.84
189010,18897.0,171130.48
189011,0.0,115121.86
189013,6377.0,37442.91
189014,2510.0,25713.37
189015,105557.74,1032622.64
189016,29648.68,76176.44
189017,76129.59,1240772.41
189018,1385701.89,20932733.98
189019,90048.98,1380779.47
189020,0.0,17375.56
189021,3313301.76,2589167.4
189022,132718.34,3029573.86
189023,12357.0,853893.45
189024,19418.0,113544.1
189025,28885.0,776676.03
189026,100463.86,2945309.44
189027,559991.06,3779070.93
189028,128004.0,1346408.4
189029,0.0,36838.59
189030,354180.0,2172915.29
189031,87194.07,2383193.14
189032,502525.57,4961031.88
189033,12939.76,262700.71
189101,3432.0,251846.0
189102,245757.65,2714159.03
189103,6828.0,65972.53
189105,14623.71,742763.71
189106,0.0,40263.51
189107,1422.0,6543.74
189109,18785.0,4221.0
189111,1590.0,8270.0
189113,3250.0,23932.0
189114,12326.0,85754.0
189201,12605.0,150362.65
189202,18331.0,216274.3
189203,0.0,1412.0
189204,0.0,38875.4
189205,0.0,179367.6
189206,20791.05,691436.61
189207,9990.0,114942.98
189208,1043.0,8081.86
189209,97853.0,167893.0
199302,0.0,1441401.5
199303,1840.0,84612.34
199304,0.0,142388.36
199305,0.0,157915.48
199306,249781.0,1113017.69
199307,0.0,1788.0
209401,1973641.01,4619272.8
209402,131449.58,200776.32
209403,12742458.69,22758661.68
209404,1570654.1,2693135.97
209405,576533.77,11216851.94
209406,221474.84,1794448.66
209501,15387.09,332480.8
209502,252325.84,2243444.8
209503,1833316.91,16736947.76
209504,36190.05,1885263.55
209505,3200943.02,2756364.61
209506,876367.08,5128615.75
209507,520715.28,161298.53
209508,120984.36,177737.29
209601,6889.0,1341.0
209602,13967.72,237409.23
209603,5909841.02,5639879.52
209604,0.0,43652.26
209605,4110.0,81859.0
209606,338745.92,3851323.33
209607,247078.9,4212730.92
209608,854701.77,6623417.92
209609,451237.08,2780474.45
209610,3638.91,27269.17
209611,1570.62,136020.26
209612,430407.78,2139860.32
209613,19791.73,479170.88
209615,55657.62,1463426.53
209616,9634.43,305656.42
209617,29402.59,429122.83
209618,0.0,9957.81
219701,107990.37,368239.19
219702,6003.73,15528.76
219703,11566.0,34822.92
219704,5516.0,0.0
219705,9656.0,8777.58
219706,188210.0,29428.0
