010101,643870.09,2085158.58
010102,3999482.18,1055084.86
010103,15929.0,112037.38
010104,0.0,33979.69
010105,185017.85,4440591.48
010106,204648.7,409007.3
010201,908365.96,25141.0
010202,200726692.23,532197.8
010203,1495606.13,1465367.91
010204,433148.63,37632.0
010205,293146.88,14173.0
010206,2308032.07,2069344.98
010207,3515347.37,16220666.01
010208,6169.0,77641.43
010209,1713.11,828097.94
010210,0.0,192913.42
010301,15760.0,57498.43
010302,1534846.3,169271.63
010303,9342887.66,16221766.11
010304,2140356.95,3134089.45
010305,281730.54,3802688.49
010306,209281.34,2217311.92
010307,590114.63,1615283.09
010401,202763.2,471700.59
010402,62141310.65,1951714.58
010403,31431.26,13898790.43
010404,355378.17,138447.94
010405,19068179.71,1220869.41
010406,63542112.66,9175668.39
010407,59614.39,7935348.12
010408,0.0,684407.55
010409,4291927.32,109381.25
010501,89672.0,0.0
010502,0.0,46875.0
010504,554766.78,576491.49
010505,6303814.78,29280.0
010506,606857.11,27401.0
010507,70880.04,0.0
010508,13317.69,43657.0
010510,38577.35,522835.4
010511,1460478.83,831836.34
020601,4357.0,660442.35
020602,183792.19,4861825.18
020603,0.0,5877667.8
020604,28719.95,58291.67
020701,442455.86,1966223.85
020702,383761.27,341677.04
020703,21537.56,161455.64
020704,78306.94,23308.52
020705,59096.22,159961.84
020706,6770.79,37038.92
020707,226668.59,114707.44
020708,1146339.5,57539.47
020709,1152362.2,227592.59
020710,1518390.34,3172591.82
020711,912047.68,574862.69
020712,60550.42,636188.83
020713,27010283.08,1772464.9
020714,18810.24,0.0
020801,6688.0,881512.43
020802,18999487.45,32368271.06
020803,180910.24,7161272.9
020804,15665.06,641049.87
020805,329893.62,47105819.9
020806,60517.91,5163342.47
020807,473122.62,145103.49
020808,32965.71,145067.21
020809,162821.31,22877.47
020810,3427667.87,1867853.85
020811,13504816.48,2658119.06
020812,998317.86,35730.63
020813,190187.03,1168918.13
020814,0.0,3374.49
020901,308323.9,17576510.77
020902,250093.45,32198217.59
020903,0.0,4550.0
020904,304422.58,8368652.1
020905,0.0,28664.0
020906,5454.69,324001.74
020907,0.0,28101.57
020908,0.0,124810.82
020909,586117.53,321347.49
020910,66823.62,2813313.7
021001,697476254.15,17345723.04
021002,33273106.16,0.0
021003,233877433.67,12190941.39
021004,2813520.91,0.0
021005,45668109.18,3352840.49
021006,368492.25,7251138.77
021008,4210858.83,626764.26
021101,546919.74,925151.65
021102,256185.73,155007.61
021103,5947084.68,187752.22
021104,6989452.02,539076.1
021105,0.0,742483.09
021106,601905.15,23307.85
021107,235999.55,8905985.5
021108,1296127.49,1344643.19
021109,0.0,162625.17
021201,736342.69,672476.98
021202,8049.0,8652534.01
021204,27015.46,0.0
021205,4030373.5,657641.46
021206,19311203.32,4399741.69
021207,4596308.56,1547099.33
021208,1432903.46,643147.98
021209,15748243.21,10784222.91
021210,6699.0,858240.05
021211,1117632.53,1948146.16
021212,1559960.82,405083.25
021214,277201.73,2698.0
021301,362129.83,136107.07
021302,392691.22,9367552.74
021401,222667.66,25448.46
021403,1448.23,0.0
021404,145160.51,244485.24
031501,0.0,467222.97
031502,907256.18,267326.77
031504,5299.11,44647.91
031505,0.0,83713.95
031507,346114.42,801828.71
031508,5924.12,0.0
031509,2259.73,85101.69
031510,0.0,6827.0
031511,42089.0,42260104.34
031512,351749480.39,2802285.9
031513,27229.0,6715199.47
031514,2662502.73,3054203.66
031515,946046.74,542856.55
031516,1439989.64,24418417.54
031517,969860.57,19751638.25
031518,469208.93,62448.07
031519,303024.08,2084477.95
031520,508756.9,599921.35
031521,518576.98,16091.0
031522,189697.15,8788.98
041601,3346957.39,3008865.8
041602,3081727.35,9232161.61
041604,6226727.79,26498822.82
041605,1216991.65,1417552.73
041701,37609684.95,87170328.79
041702,36519829.78,7295697.64
041703,13410744.05,293769.96
041704,24905422.54,8131840.06
041801,41532.96,29296999.02
041803,0.0,11325129.83
041804,0.0,11327051.13
041805,52844.85,18026893.39
041806,119879567.8,30665460.97
041901,571021.85,6620865.18
041902,3481693.21,2264008.32
041904,388868.05,1215990.09
041905,24150996.62,8775639.79
042001,3760289.16,1739915.87
042002,492289.77,5394277.02
042003,47990.72,962999.42
042004,105865.35,1449595.36
042005,3224056.79,5600201.83
042006,64116.81,95140.59
042007,1220668.27,1139029.23
042008,9781163.52,5584221.36
042009,23290259.58,19385389.18
042101,190699.89,42476959.53
042102,289921.24,3536179.51
042103,8757192.5,11878949.37
042104,4982930.31,4197786.3
042105,1113530.94,1709677.76
042106,1192700.86,37412299.54
042201,445151.12,2664678.64
042202,2594346.13,5110238.1
042203,31546150.76,6468955.82
042204,16116508.43,18542861.83
042205,42376.06,238683.03
042206,145425.42,23019.48
042207,23349045.21,95753.0
042208,11847327.59,11943088.41
042209,49035.44,50846.15
042301,1394247.88,2805734.86
042302,13897580.2,99363.0
042303,1512770.16,1143.16
042304,2729506.51,7946026.42
042306,61594302.35,56077.93
042307,45076.02,0.0
042308,615920.21,5000.0
042309,6036044.47,26420764.32
042401,2978241.21,79445006.16
042402,25612604.75,28521747.64
042403,17563210.47,34879958.23
052501,27046430.15,318447.82
052502,0.0,2216.0
052503,4419360.93,3826748.2
052504,1666860.28,373294.27
052505,3227794.03,501998.91
052506,1596064.74,95366.2
052507,10649026.74,207067.71
052508,106841338.24,373400.24
052509,50810.33,1046673.1
052510,0.0,4455402.69
052511,1186.63,1176475.86
052512,139203.95,259391.63
052513,16117.01,47581.84
052514,0.0,158029.72
052515,69652.44,1078156.44
052516,6385177.6,226928.03
052517,19317355.45,1164895.26
052518,418560.99,1361044.06
052519,360250.43,50253021.85
052520,472238.9,11328172.05
052521,2372216.63,195314.04
052522,286728.76,664167.06
052523,28536879.36,4125460.39
052524,994277.08,14804996.11
052525,0.0,126509.86
052526,27767.58,216391.93
052528,51199.0,0.0
052529,146476.78,7234810.49
052530,3385417.49,2033540.48
052601,390486024.71,55753656.79
052602,14734876.79,50083671.82
052603,323802.31,1357401.0
052604,0.0,676976.97
052605,0.0,73774.42
052606,830328.81,87161235.45
052607,0.0,4248.61
052610,20779.23,5527946.44
052613,0.0,189063.23
052614,48706277.33,436997.89
052615,12404143.54,13710.23
052617,24663.06,16523.58
052618,817244.87,187991.5
052619,12161611.69,126718.82
052620,10050985.97,7429319.07
052621,515924.44,321088.21
052701,126785716.02,157254059.22
052702,93844.58,0.0
052703,385915.95,98156.02
052704,67430769.9,75491169.95
052706,16993894.69,0.0
052707,23499219.03,8366179.0
052708,21412458.76,5087732.58
052709,193491892.67,2117394741.58
052710,1174233431.07,451482280.0
052711,163674934.48,3968440971.38
052712,5758662.03,1120580.68
052713,10410859.0,13292902.33
052714,73527.54,639709.17
052715,181887.16,535375.35
052716,71811474.66,2854275.25
062801,2059361.6,2028783.59
062802,18966.33,111561.08
062803,11202555.63,4799242.36
062804,12223225.78,15904725.6
062805,167470.02,395756.38
062806,285506.65,308877.74
062807,215385.96,24816.0
062808,117777.05,1261019.19
062809,31208.93,486895.03
062810,103763.78,1045772.23
062811,4075182.64,1731806.84
062812,23851.67,31815.73
062813,1084114.42,282742.68
062814,174897716.29,1845791.17
062815,1966663.82,7685548.23
062816,0.0,30555.08
062817,2267342.94,553744.12
062818,195518470.42,3266912.2
062819,5349.0,678749.02
062820,55587.67,88661.24
062821,840245.86,949934.45
062822,4450.51,187659.6
062823,4166979.04,1202382.09
062824,0.0,99044.72
062825,4860980.99,6666152.41
062826,560353.97,3323195.93
062827,1630717.77,3226358.36
062828,196826.28,243766.48
062829,50899.66,115729.94
062830,10882.59,580495.54
062831,9184.14,106983.89
062832,47776.23,184317.02
062833,2753139.92,3680273.83
062834,1306599.79,535385.57
062835,573274.72,6767904.59
062836,34228624.77,1547291.73
062837,452479.0,74089.94
062838,409594.6,7014.94
062839,1094304.22,487447.87
062840,0.0,977230.17
062841,143590.5,208627.14
062842,30647.08,49206.05
062843,0.0,779340.0
062844,23347553.0,352662.0
062845,286753.49,46345.78
062846,97698.46,53109.89
062847,149383.97,558654.98
062849,8501146.93,4854434.55
062850,424528.27,119443.74
062851,158681.02,35014.27
062901,73781510.17,1670657.46
062902,25364499.85,22378339.66
062903,44152950.53,5089861.93
062904,5989357.05,381066.56
062905,6504563.12,10517710.77
062906,20408.97,896920.59
062907,4005943.52,661670.81
062908,25671.74,379537.37
062909,523408.33,10533834.33
062910,0.0,1087650.8
062911,0.0,1820.0
062912,259617.16,3332342.04
062914,2255607.59,1691210.56
062915,36491944.97,4814596.41
062916,1496141.65,1710173.69
062917,37107432.38,6331378.94
062918,1415123.86,5084313.93
062919,25859.51,250028.28
062920,24350.0,733223.81
062921,1976349.74,7826006.9
062922,384350.89,6308945.12
062923,6830.0,521327.88
062924,62197.0,1722475.57
062925,24575.0,360106.16
062926,62046.79,108338.33
062927,25164.0,321193.46
062928,49840.41,314936.14
062929,25438.0,5633436.22
062930,86920.15,3580660.93
062931,2659552.44,2576727.24
062932,96705.0,1327801.84
062933,34460981.59,21008662.39
062934,637640.33,3131975.65
062935,331534.0,1487360.73
062936,666249.07,7576880.82
062937,5250.0,3324547.7
062938,5786.0,297047.46
062939,20373.0,1937408.87
062940,0.0,54170.0
062941,1247095.89,13539480.37
062942,77261.64,870852.52
063001,165811.85,373272.55
063002,1668054.89,23339605.63
063003,1009668.24,1574321.53
063004,37801521.76,295985741.14
063005,2075602.9,6480722.57
063006,1266996.9,12437195.86
063101,0.0,29917.63
063102,425672648.73,17482685.25
063103,352810.46,376965.21
063104,17625736.67,4018601.53
063105,7128416.77,23477237.6
063201,28410.34,202507.08
063202,36105.11,3194360.44
063203,3405794.65,829144.42
063204,2189533.1,10157900.25
063205,77342.61,243411.37
063206,69356910.86,6573643.45
063207,2755388.86,3302617.11
063208,6042195.37,34402265.76
063209,236300.54,10836668.6
063210,84745.8,1849630.5
063211,961549.87,539084.52
063212,101086.44,8141965.84
063213,18130.61,704227.12
063214,2215000.67,13407054.87
063215,293897.26,20450759.18
063301,2544253.82,870016.62
063302,993121.32,25248621.85
063303,9777369.65,16948368.59
063304,4392673.94,48744031.33
063305,2604929.35,41279071.26
063306,1634160.83,20048540.08
063307,873126.27,37060638.54
063401,4248083.88,13780797.33
063402,6936233.81,45162282.8
063403,2411353.5,9375072.96
063404,31109.62,1439952.63
063405,737314.66,6926873.25
063406,134625.23,615638.81
063407,541271.64,1000576.19
063501,63490215.32,521790.53
063502,77118.12,540594.74
063503,409626.41,682443.12
063504,4092142.94,3196539.51
063505,1911868.49,6474554.2
063506,595629.03,9491713.39
063507,61291.19,4573057.51
063601,7183880.95,356544.67
063602,1506146.61,890636.17
063603,915702.94,471730.23
063604,84056.34,1242944.95
063605,93878.6,5890797.0
063606,181998.76,423555.16
063701,576820.88,4874291.36
063702,683882.34,12875147.69
063703,73393.15,8300861.3
063704,0.0,11140.0
063705,1818.03,493711.42
063706,72903.86,317804.86
063707,167413.26,3679765.18
063801,18003349.16,454647.57
063802,181800.79,9720608.85
063803,14164.23,24278.49
063804,52475.73,1117312.03
063805,82723.73,9751.43
063806,427558.8,368584.99
063807,31511.65,39749.58
063808,2712463.87,47490215.12
063809,565417.01,4094964.28
063810,4639447.66,377430.68
063811,770602.25,4540738.98
063812,1561102.59,4142731.58
063813,8620.74,477397.12
063814,148902.12,2408710.33
063815,1622702.0,5650503.0
063816,634408.66,9506283.54
063817,10029.46,1036125.6
063818,28805928.07,142674.0
063819,169173.34,2012876.26
063820,2021115.71,3288859.75
063821,1838.0,571614.46
063822,180663.66,2636630.35
063823,10618263.85,102689450.67
073901,48369047.51,67352004.22
073902,23137100.2,14196358.19
073903,5449361.2,12165905.62
073904,2175442.8,25038650.43
073905,2496246.82,3416057.87
073906,1565382.42,5800798.79
073907,2147791.29,86362244.09
073908,818886.36,2294186.05
073909,414729.46,10461600.71
073910,2142952.88,1244150.53
073911,42152.54,3286098.68
073912,166343.28,5171766.36
073913,9208.49,1945252.49
073914,9302309.81,1121712.03
073915,164204.37,71035.16
073916,226703.89,26412989.88
073917,12333526.59,34607215.99
073918,740712.78,14299356.79
073919,22166281.54,19777970.42
073920,14153442.36,80087074.76
073921,4017901.75,40811646.77
073922,206752.09,7963983.84
073923,10023581.16,42496052.96
073924,352379.72,8966962.62
073925,1897065.11,17471975.3
073926,3624646.8,35334092.03
074001,0.0,4423854.15
074002,374559.34,31067334.67
074003,541948.94,292491.32
074004,181389.0,120700.81
074005,51697.61,2699727.61
074006,48352.92,693295.36
074007,5476.37,113004.14
074008,7728956.7,5259032.1
074009,1947153.77,12102083.65
074010,2082022.13,28934271.46
074011,68685863.82,65400060.91
074012,9649731.99,1749929.47
074013,832030.03,1061375.38
074014,2891797.68,2769110.61
074015,1305965.82,3139287.08
074016,11756106.22,18158805.17
074017,148106.92,342938.75
084101,59350834.9,6330201.24
084102,113612.31,62856.0
084103,255439.85,101141.8
084104,96213606.61,31124256.41
084105,79703.0,271148.96
084106,98646.0,2948692.28
084107,724900.25,1762110.62
084108,6534.66,379461.39
084109,103905.07,493249.77
084110,0.0,45033.11
084111,188647.25,330215.47
084201,2986690.0,173296.75
084202,2753349.9,10074454.26
084203,5677172.22,5554428.54
084204,63338.48,39410.67
084205,603746.09,1938567.24
084206,0.0,8088.0
084301,617177.0,8407494.18
084302,7583514.52,3957096.19
084303,3854762.14,4462106.84
084304,335761.66,676410.49
094401,7231408.92,112517.11
094402,3201807.42,11514.43
094403,66127256.93,6243111.85
094404,260405.98,1301.21
094405,0.0,2116623.08
094406,1842941.9,8891896.67
094407,162426247.86,1784550.06
094408,8486451.09,398126.43
094409,7135358.96,2161130.92
094410,10721903.4,31015998.55
094411,3214582.55,13556489.23
094412,20473067.36,2633392.19
094413,869227.41,436104.32
094414,276032.65,181878.16
094415,2260528.94,1937949.38
094416,1046714.56,425921.95
094417,266503.95,139300.11
094418,3390305.33,17863880.67
094419,1058705.72,249918.74
094420,96942.31,508073.27
094421,2860009.2,3920377.01
094501,0.0,23402.11
094502,0.0,1959.0
094503,0.0,527498.69
094504,60313.45,2184841.2
094601,0.0,50471.17
094602,47129.61,101932.22
104701,0.0,10502.0
104702,0.0,6619025.82
104703,7891.38,9767777.97
104704,0.0,8625450.02
104705,0.0,17579.66
104706,0.0,519167.99
104707,614804.04,7734428.75
104801,664255.5,32039025.23
104802,6868278.43,77691657.27
104803,6033373.8,833852.34
104804,4210479.16,24680940.51
104805,13061509.76,13369987.27
104806,840817.59,1823429.33
104807,399221.7,366512.04
104808,1625951.36,2430350.83
104809,20915.77,1960547.08
104810,25126334.87,138680700.19
104811,97781023.8,27031715.36
104812,87740.0,1185603.82
104813,359223.75,17763196.96
104814,45753817.67,21607297.94
104815,0.0,21965.18
104816,11068.6,274350.5
104817,113818.1,702422.98
104818,9658982.21,53025716.71
104819,19092884.43,34111547.1
104820,466848.06,4183255.79
104821,4758459.27,5096438.8
104822,56731.24,936908.63
104823,23650406.87,81704521.22
104901,5965701.67,18920785.04
104902,972427.9,10349904.68
104903,6293.93,61298.79
104904,0.0,3139.0
104905,32624.07,154692.31
104906,2823399.89,987416.56
104907,2194544.49,10061534.67
104908,281605.73,477295.5
104909,103218.13,647307.47
104910,63014.54,451905.23
104911,11992671.09,8381961.05
115001,4639.0,0.0
115004,0.0,4729.38
115006,0.0,14346.0
115007,27423.0,478441.96
115101,649245.2,1584341.74
115102,0.0,586656.24
115103,27684.16,350810.35
115104,0.0,3628.26
115105,269479.77,693575.83
115106,258132.5,16597.0
115107,144598.0,621259.74
115108,7384.36,0.0
115109,2394.0,199513.65
115111,5350698.29,47606160.12
115112,2879440.92,26331597.65
115113,0.0,87355.25
115201,921723.55,4904387.14
115202,3438.99,226997.96
115203,0.0,225540.72
115204,0.0,855307.9
115205,1037485.83,930378.14
115206,55139.32,1454375.14
115207,6942.94,256612.05
115208,442836.53,41164769.0
115209,29951.0,18482615.67
115210,11051.0,7856704.54
115211,2636156.86,12045169.04
115212,23216.84,2148854.07
115301,8678173.89,77142.69
115302,4514.0,8944.0
115305,0.0,8345.0
115306,34972.23,3809.31
115307,0.0,22102.45
115308,107878.72,31019.0
115309,1213647.82,8287235.31
115310,6830.75,7451.5
115311,0.0,2248113.0
115401,35808.0,4120443.01
115402,3384313.62,12770850.32
115403,49238179.11,2965421.15
115404,690129.9,740477.67
115405,419104.0,0.0
115406,0.0,11489.0
115407,7858381.17,76672649.56
115408,257622.91,13883847.64
115501,370956.79,1487867.77
115502,84000.0,16793741.3
115503,224866.27,6686763.57
115504,29654.73,4700803.31
115505,48113.36,2924.0
115506,0.0,161257.52
115507,0.0,12053.0
115508,16535.0,2528595.26
115509,7906210.34,9031070.53
115510,57052.99,145660.02
115511,6637.77,200587.06
115512,495566.52,8642596.25
115513,118282.0,4638388.55
115514,2595735.02,7799347.91
115515,1295159.22,28302706.48
115516,135313.0,23359506.03
115601,18949270.54,11420896.2
115602,183826.52,1405062.29
115603,684000.86,14789563.79
115604,8331.0,314557.58
115605,0.0,36095.48
115606,11729.0,131336.33
115607,266016.45,2599394.88
115608,752578.29,931505.44
115609,27615.53,235896.93
115701,0.0,288004.9
115702,374301.4,7700583.0
115703,6021476.97,14155277.09
115704,0.0,36183.05
115705,6893.0,488321.48
115801,15391.06,11516576.23
115802,0.0,967707.51
115803,2892.0,250360.26
115804,7971.7,2163866.03
115805,1251714.0,75000.0
115806,28469.1,7058004.73
115807,59145.0,3710570.69
115808,6820.0,1220603.49
115809,2840.0,33911.0
115810,33057.32,1074055.74
115811,0.0,2205943.36
115901,17582.51,208940.67
115902,8894464.62,12131878.02
115903,11959489.97,24314566.09
115904,597714.34,474950.4
115905,22300.0,184303.84
115906,19106.0,1685137.38
115907,65967.0,2777324.51
115908,4623.0,9565.76
115909,623934.96,1107566.96
115910,19238.6,705438.62
115911,719099.31,7804553.24
116001,525219.33,17094250.79
116002,904724.4,33048131.77
116101,578465.92,621415.94
116102,2044297.51,671085.85
116103,964770.94,3270884.33
116104,6476612.56,10244704.45
116105,224869.26,995266.17
116106,2802171.95,4298385.16
116107,597645.73,1986016.5
116108,21826819.64,11318544.57
116109,18351180.33,9576699.27
116110,26914026.01,17127571.03
116111,989195.0,1248894.72
116112,2629413.16,3965805.21
116113,692766.86,247837.0
116114,647032.28,2240366.6
116115,2691543.58,21004753.08
116116,586061.65,999553.59
116117,576474.83,2731916.66
116201,20525932.65,7927168.68
116202,74648393.45,4947078.43
116203,105504357.02,16708812.14
116204,148061195.22,24723217.46
116205,15828197.89,8879742.65
116206,33550010.37,5126586.15
116207,148928.96,440901.49
116208,1102646.7,2799308.92
116209,1467068.79,765659.96
116210,9855264.33,4067854.19
116211,17976868.12,15878536.72
116212,18624891.9,14550921.62
116213,0.0,76715.53
116214,59760.61,556563.95
116215,11820.0,413144.0
116216,1201561.14,368351.13
116217,561259.99,14991440.31
116301,56968.94,2692230.88
116302,7537338.26,6320721.25
116303,560059.91,1508580.22
116304,285403.5,2006565.73
116305,5408511.38,5694459.45
116306,3080743.67,754760.43
116307,12989010.92,7314144.19
116308,0.0,1000.0
116309,110386.07,16885849.04
116310,47246.63,767292.6
126401,1352139.73,1406801.53
126402,2128461.59,30700375.6
126403,45903326.07,86454903.35
126404,4537716.81,11468785.91
126405,2807667.37,10083715.49
126406,17723773.38,17711268.19
126501,406753.42,73371.1
126503,23001.96,78168.0
126504,0.0,73885.59
126505,1197292.28,1310118.84
126506,621528.18,566533.7
126507,82013.68,137341.58
126601,584642.55,954649.39
126602,0.0,17885.97
126603,4170.0,203857.98
126701,7939.0,22165.18
126702,16094.0,1113509.03
126703,424754.26,9559.0
126704,120728.57,74859.14
136801,1463776.52,194894.79
136802,5975207.69,5668882.66
136803,8558.09,320539.56
136804,4774273.83,5730890.44
136805,870282.74,3096489.28
136806,1255250.94,9031378.85
136807,562801.84,8711704.69
136808,25039.0,221662.08
136809,3650980.75,4705381.73
136810,2120243.99,1002390.2
136811,12834843.09,2027922.17
136812,334897.94,7849852.77
136813,1185076.3,2013607.72
136814,75266.12,1128100.06
136815,2040784.1,4172139.47
136901,64523.38,318869.14
136902,21700829.05,31430395.83
136903,1529340.78,4384832.88
136904,242437.88,267982.28
136905,0.0,706093.54
136906,0.0,36195.41
136907,36332.17,7484158.67
136908,1800768.41,43702737.37
136909,227650.88,169665.42
136910,8668205.13,9593965.89
136911,9782150.76,2380807.98
136912,1978022.63,1942837.44
136913,289528.61,1081432.52
136914,281868.16,315002.29
137001,494445.3,25233.69
137002,863904.72,443459.86
137003,63251.33,674395.9
137004,1648966.39,790792.09
137005,25044129.62,9885745.74
137006,494258.29,757523.87
137007,713625.07,5057847.33
137008,35429.98,293763.04
137009,497705.88,2926159.57
137010,19186433.2,13877326.34
137011,371330.96,48873.53
137012,0.0,14004.26
137013,4382309.61,12841347.91
137014,19460238.48,283283.55
137015,353467.05,33835.71
137016,12534.98,1118939.96
137017,807056.53,599854.71
137018,146749.09,533864.34
137019,2345686.41,12991553.25
137020,112827.08,3575008.99
147101,0.0,1538117.0
147102,58273464.0,65835558.0
147103,174199.01,1454443.0
147104,235228.0,189610.0
147105,3973345.02,331435.0
147106,70875.0,532925.0
147108,5693307.0,20983355.0
147110,13833342.0,8094090.0
147111,12274.0,2035.0
147112,22722579.0,145793.0
147113,1488214.0,21634345.0
147114,63676.0,389249.0
147115,297926.0,13052133.0
147116,3686.0,40612.0
147117,87930.0,2772673.0
147118,34444.0,2718.0
157201,129618722.18,18701837.55
157202,465379899.31,36879623.54
157203,19730472.71,18246663.05
157204,429930801.02,485021.15
157205,3106209.73,934769.57
157206,98632018.04,0.0
157207,1830027351.1,24513011.76
157208,1214135300.6,11345682.5
157209,275535498.38,5574076.15
157210,67022879.87,71452897.29
157211,48121665.0,2891649.23
157212,3129804.27,2902269.14
157213,403165837.72,4437896.78
157214,548763791.73,6478672.04
157215,10591180.48,1505222.19
157216,180047982.44,7164392.95
157217,41198312.48,6716793.99
157218,98119963.56,469283.93
157219,1153885.77,12173234.68
157220,162124.11,701742.81
157221,1166267.39,31390.08
157222,41579382.79,6525533.79
157223,1277561.11,1642597.42
157224,4667557.63,14371360.36
157225,66434418.3,9353218.53
157226,2418697.0,5369908.56
157227,7768157.03,680449.91
157228,68890111.07,9578709.57
157229,3510073.77,712523.19
157301,8321150.6,2318124.73
157302,32230507.09,4814813.44
157303,984464.77,2464629.24
157304,260868046.7,31710746.87
157305,117064419.38,7341520.67
157306,58472715.81,6749128.5
157307,5989591.73,5719053.11
157308,38530573.5,22798103.03
157309,4062798.23,4076463.75
157310,5773853.2,4982578.84
157311,3025423.53,982079.14
157312,17815081.69,9287206.68
157313,657396.24,99442.4
157314,3420762.92,1295223.04
157315,3287258.36,4345858.72
157316,79089.5,71844.75
157317,4787230.79,1021572.99
157318,8900301.27,11770428.58
157319,17181.0,68842.0
157320,1789570.14,4034818.5
157321,6457699.26,15047832.71
157322,2449139.33,6324403.7
157323,5434521.3,4872393.03
157324,2395254.1,6709295.0
157325,2543804.14,4692315.6
157326,16234244.92,27416578.02
157401,157229.77,0.0
157402,15665159.16,16003.4
157403,98986297.46,7589387.32
157404,7798102.92,0.0
157405,2300.0,87286.25
157406,0.0,246310.26
157407,3904025.98,2167706.61
157408,844679.18,22931135.2
157409,2952616.76,5345260.66
157410,47532.6,921513.77
157411,2033277.22,5287889.3
157412,181237.56,3642189.51
157413,31941.33,194292.65
157414,67744.49,580271.86
157415,120302.98,411666.19
157416,3699.0,27550.0
157417,17781.85,7730.0
157418,781194.19,337584.16
157419,81170978.86,1070756.91
157501,67983.0,0.0
157502,425550.0,6853346.84
157503,1300678.58,0.0
157504,67709.53,360162.14
157505,98367.78,7353750.36
157506,153634.47,2407669.59
157507,2352789.44,83879.49
157508,47123.21,10497514.69
157601,294908370.03,4135954.11
157602,3721866.81,170197.37
157603,192840.11,951998.93
157604,4217660.8,10441466.45
157605,7310866.69,570091.81
157606,908686.01,20963551.79
157607,371928.14,31162209.99
157608,3029253.6,3175830.85
157609,87468.37,136863.83
157610,10716702.78,8710167.0
157611,476696.21,322148.39
157612,2845884.19,10095657.7
157613,122061.48,27471.0
157614,490135.37,304508.17
157615,244666.89,1938483.51
157616,9763187.57,8510143.34
157801,4450266.18,2006276.03
157802,9317.48,0.0
157803,3489.0,52214.68
157804,196122.86,54943.15
157805,0.0,1122.37
157806,890013.11,163572.75
157901,1241600.66,10364843.88
157903,0.0,29140.98
157904,34680.32,115451.6
157905,0.0,93267.52
157906,0.0,48511.23
157907,172575.04,354314.13
158001,2055557.23,1420713.8
158002,14051.28,0.0
158003,28796.0,271868.77
158004,0.0,27137.07
158005,4636.0,65431.09
158006,0.0,1631.0
158007,4444.0,171732.88
158101,157263.14,1139686.1
158102,175604.97,1126219.51
158104,9676.0,2835227.69
158105,11854.0,348315.45
158106,4620.0,20627.89
158107,27124.6,8774.4
158108,32331319.41,5604821.99
158109,100917.89,0.0
158110,69114.11,79976.04
158111,32078817.47,211531.45
158112,1468020.17,371894.68
158113,212070.98,139559.06
158201,541139.91,1950247.75
158202,303748.71,3892221.14
158203,99591.54,1413633.43
158204,175291.94,1252762.85
158205,672051.11,3314003.36
158206,49081.38,540757.4
158207,206075751.09,20496650.54
158208,1846363.33,2729640.6
158209,345864914.23,4619953.07
158210,258918.24,379212.7
158211,12558.0,1027538.51
158212,1421467.92,15217485.54
158213,1330.0,359662.68
158214,90642.26,1618597.17
158215,46708.53,721198.54
158301,244855.75,5823112.76
158302,2504752.3,23711036.66
158303,91351.82,712465.46
158304,26655.05,200456.78
158305,49544.52,1255273.91
158306,43571.49,974650.14
158307,226112.8,1778054.04
158308,211155.26,3004542.01
158309,6401602.23,6485387.41
158310,31736.96,534417.33
158311,5244139.48,3273616.56
168401,12681216.68,249272896.9
168402,8015080.98,22115481.92
168403,2130359.57,13599513.92
168404,1236983.76,3088254.53
168405,492438.0,461597.81
168406,13370207.11,4923035.85
168407,2763188.61,23474181.75
168408,4630045.45,24429845.07
168409,37587458.37,28940448.88
168410,144484998.86,687283.34
168411,226821572.3,19926136.06
168412,27586833.62,21745184.02
168413,64889047.63,50641876.27
168414,98055258.68,45517452.53
168415,4734970.4,33810966.73
168416,271772.92,4164179.21
168417,9251971.52,10577696.27
168418,81640246.92,116895477.95
168419,34937617.47,55480505.66
168420,900324.01,879670.94
168421,50936211.42,41559841.14
168422,7032048.33,99145801.58
168423,865367.78,4985460.91
168424,1737286.76,17789585.8
168425,2720883.04,6610173.96
168426,19211705.11,11089305.92
168427,3034323.91,10519830.59
168428,12460958.91,29582005.63
168429,5762434.73,14996539.9
168430,9029766.18,19442193.41
168431,42549738.89,35829183.78
168432,13664043.64,10988658.41
168433,11852420.47,77073330.89
168434,964489.23,8177889.49
168435,380228.52,749623.85
168436,1069596.13,17277614.32
168437,6966775.19,4949000.44
168438,12045449.16,70374865.83
168439,2139045.53,10011757.72
168440,264775.57,5159728.57
168441,453463.67,19826487.39
168442,412335.61,7101835.83
168443,12079524.15,65575905.91
168444,555039.0,379308.75
168445,274166.59,1809552.38
168446,352049.69,1382702.0
168447,499776.04,3535150.08
168448,664099.02,4912146.79
168449,164055.0,33011.0
168450,1739525.25,32053224.7
168451,797643.51,8099547.84
168452,337716.48,8804234.32
168453,114929.97,3104000.78
168454,38689546.51,8667439.31
168455,53695932.98,4342270.04
168456,278600.86,944361.8
168457,244490.44,2436849.74
168458,15800841.65,4948728.2
168459,3892530.22,4557227.43
168460,5409970.06,4423330.51
168461,951927.79,1175093.75
168462,29640774.89,12366748.4
168463,3472464.18,1564869.58
168464,2283295.91,2915664.12
168465,1808019.39,23262649.82
168466,8322539.48,9055738.26
168467,728736.8,10851593.88
168468,585848.72,956317.95
168469,0.0,515530.4
168470,1094389.22,2060517.33
168471,5876524.0,143160009.82
168472,242954.0,8205182.3
168473,4607678.02,44467289.06
168474,22122313.0,31504858.11
168475,1506786.98,3750132.68
168476,671892.15,812817.93
168477,13971618.11,35154201.22
168478,194290.91,7015031.62
168479,33837643.32,71022513.91
168480,9648247.36,7694037.6
168481,33804340.12,51911297.53
168482,44568879.47,28515006.27
168483,30494051.69,25237532.99
168484,432702.01,3056418.66
168485,6104424.46,7862358.89
168501,32867405.21,19560569.83
168502,5009757.72,14394013.3
168503,3724876.62,5927621.85
168504,61453626.19,24895869.56
168505,4511547.22,3113504.61
168506,93394.16,3378498.14
168507,15849771.37,28657802.52
168508,6020721.19,17180841.18
168509,178525.73,14207972.68
168510,184282.62,1653180.52
168511,3946415.38,12373159.71
168512,2006328.84,5889088.83
168513,116006.44,1102207.26
168514,4830598.84,7141182.33
168515,16609606.12,6401166.76
168516,3172790.79,27791421.93
168517,16245243.48,107037850.48
168518,23126556.13,22474429.43
168519,72652.0,1264064.71
168520,323686.73,742607.3
168521,390828.0,7659699.67
168522,4753592.82,2958457.78
168523,265747.35,7009588.35
168524,1518338.68,15642800.28
168525,3110852.52,144410510.64
168526,21001364.56,5565129.53
168527,631505.64,6867296.1
168528,684830.95,54454180.91
168529,11606385.36,41318650.33
168530,4195627.73,2179734.4
168531,1022545.54,3366391.08
168532,719903.8,5860074.05
168533,3640374.82,3201442.12
168534,2773298.88,2811182.71
168535,15061531.56,8926747.58
168536,38364293.04,36887014.14
168537,33652110.9,16201409.07
168538,6722069.89,21731367.77
168539,7760586.72,10953753.26
168540,3983730.53,22050100.61
168541,4532389.76,4980379.91
168542,12836545.89,26067654.39
168543,27789061.45,13113467.12
168544,79535548.38,48203597.35
168545,10190779.62,10306054.31
168546,4648565.26,4469024.2
168547,1080457.35,9612978.67
168548,178682.28,2625147.95
178601,545962.86,146752.24
178602,1312930.08,945990.08
178603,282544.0,4185302.48
178604,1609679.37,16933546.11
178605,1202834.0,1519367.46
178606,199744525.78,1734683.98
178607,93901843.39,32332650.36
178608,5463613.82,1137507.11
178609,4749951.49,577188.26
178701,28760633.85,77551394.65
178702,5192485.21,34609396.08
178703,3011170.22,460532443.62
178704,27993882.0,150985623.69
178705,40535309.36,11331217.11
178706,139500.0,7019322.17
178707,9322736.93,77449232.23
178708,65196491.27,102271373.84
178709,316386.41,765681.41
178710,1459241.0,4710.0
178711,206384.3,2177545.61
178712,524622.81,4751528.28
178713,12858.0,272943.97
178714,469775.74,3418210.4
178715,4302.62,588127.34
178716,4101255.22,35931503.18
178801,689457.53,6029.0
178802,65377210.5,69925677.38
178803,43221939.98,14769599.7
178804,1168447.91,398009.0
178805,254557.0,79999.0
178901,102730276.31,24881966.99
178902,10746417.18,932771.39
178903,3170449.83,3263686.44
178904,5816212.98,1580021.0
178905,15261105.81,13297457.5
178906,15296750.0,122173.0
178907,160637.57,409973.8
178908,3653642.01,0.0
189001,1950268.74,5172264.13
189002,301621.9,1414455.18
189003,57429.0,626497.6
189004,34724.97,2306529.29
189005,1327940.96,350647.83
189006,17878696.82,9689180.91
189007,321485.0,900901.54
189008,14249.68,456493.99
189009,7650311.47,7030513.4
189010,345021.37,2717509.91
189011,3186889.2,1381705.5
189012,7625469.7,73535.04
189013,3839279.54,1309605.8
189014,3896328.37,2756190.27
189015,4728797.37,1809591.23
189016,14387.0,423776.65
189017,383500.13,1509221.62
189018,48367476.69,67959942.83
189019,198615.39,4638359.1
189020,1921471.1,2180619.06
189021,2144768.7,6750275.66
189022,1439547.89,11999585.17
189023,1027905.14,504457.61
189024,460210.81,3697254.01
189025,1113176.49,2548322.66
189026,6956815.31,12654886.77
189027,4371442.12,14442765.48
189028,823820.27,9081700.4
189029,756548.24,1239556.76
189030,3786725.41,10017094.37
189031,30245403.54,18925607.41
189032,52634799.3,29417220.73
189033,642279.24,1369072.66
189101,27386.72,5464849.54
189102,142502.04,4661186.55
189103,0.0,55845.97
189104,2451.0,40146.76
189105,21409.1,1732132.61
189106,0.0,101366.15
189107,24977.0,511921.61
189108,0.0,91921.93
189109,0.0,12965.23
189110,67677.0,3196.0
189111,0.0,98622.0
189112,0.0,3872.39
189113,2451.0,167241.93
189114,0.0,98542.84
189201,210868.77,507586.88
189202,143392.26,166830.82
189203,0.0,1030.0
189204,2218.36,43759.39
189205,0.0,50313.38
189206,0.0,24154.52
189207,6112.0,763377.69
189208,7901.0,35559.12
189209,20151.69,393428.14
199301,1889741.0,0.0
199302,181811.0,85544.0
199303,165793.0,2091616.0
199304,31623.0,543337.0
199305,2047412.0,292680.0
199306,520494.0,1032843.0
199307,17951.0,62715.0
209401,29127068.28,25912437.29
209402,33397.0,1542960.2
209403,28394196.92,95851154.28
209404,4122540.92,3753654.04
209405,5974776.03,22541692.48
209406,3344483.04,13380838.7
209501,81017.91,337516.28
209502,80226.54,1018272.65
209503,1393614.56,8472076.28
209504,607110.67,19622477.34
209505,3492671.12,1730822.27
209506,32185172.3,6502787.83
209507,58961.32,1826555.1
209508,706402.7,503250.83
209601,66651.67,93919.15
209602,17229.0,152884.06
209603,356356.95,4521309.63
209604,12617.54,57009.25
209605,0.0,215629.13
209606,58971.0,6174964.48
209607,111917.48,5785502.81
209608,121080.12,4017713.53
209609,22382.0,606040.22
209610,0.0,147940.75
209611,3010.0,151025.24
209612,944874.29,1298314.01
209613,195211.71,2313663.01
209614,0.0,51084.85
209615,191346.78,719060.34
209616,44199.0,502070.51
209617,17552.79,421185.74
209618,0.0,131125.73
219701,188407.46,1078320.91
219702,11129.0,3541.0
219703,145597.0,243119.23
219704,17374.4,46412.0
219705,73701.0,12286.0
219706,1533622.0,285633.0
