010101,3293949.69,326710.16
010102,161699.0,289699.0
010103,196100.0,0.0
010106,348860.28,423891.98
010201,5459999.0,35699.0
010202,92362799.0,207219.69
010203,30687898.0,664863.96
010205,95399.0,0.0
010206,464234.64,343887.5
010207,20471828.56,862767.78
010208,0.0,1361.92
010209,129500.0,41118.62
010210,55100.0,2809699.0
010301,13647.0,120798.18
010303,1026343.88,42733743.16
010304,10400.0,1072750.94
010305,1456294.0,2673938.12
010306,72641.0,3084910.94
010307,328506.73,1006919.0
010401,24612799.0,477351.13
010402,143492687.94,2960041.85
010403,843087.52,11767140.7
010404,3501400.0,296778.76
010405,79639792.69,1459100.0
010406,114514063.04,4376498.0
010407,26552785.35,267266.43
010408,966199.0,1347625.54
010409,1600.0,759399.0
010501,18200.0,0.0
010502,7100.0,0.0
010504,373808.33,1701115.0
010505,741250.42,1193145.07
010506,262754.89,35570.35
010507,100408.29,2911.0
010508,204118.11,0.0
010510,192797.71,14100.0
010511,374323.4,1633535.38
020601,22399.0,6000.0
020602,655808.17,1275999.35
020604,34000.0,17324.0
020701,4794633.96,26467.95
020702,4307199.0,34623.65
020703,58999.0,468241.98
020704,202699.0,19183.59
020706,257497.62,56082.22
020707,3082800.0,8320.93
020709,18146758.47,2691213.84
020710,525456.6,1330522.8
020711,4705573.15,2070976.53
020712,461587.17,830133.94
020713,53029.0,1972564.46
020714,6800.0,0.0
020802,69202.68,842595.39
020803,1338899.0,240675.22
020804,50199.0,83349.29
020805,1570360.06,1207859.25
020806,301699.0,678895.14
020807,1800.0,91844.49
020808,2681298.0,296630.56
020809,239700.0,47426.48
020810,1738171.83,1762052.86
020811,6406090.83,1357864.85
020813,99198.0,855184.5
020901,87798.0,1306755.39
020902,490197.0,5247999.74
020904,14699.0,1342569.0
020905,1000.0,31500.0
020906,1800.0,99496.01
020907,2600.0,82000.0
020908,1100.0,106499.0
020909,2600.0,393230.05
020910,16899.0,1011551.09
021001,45398.0,8359157.89
021002,1050371.64,242029.34
021003,28100.0,17243339.77
021005,12432.55,28402892.11
021006,16800.0,1348884.31
021008,1014878.74,493427.6
021101,414265.0,20489701.97
021102,7903420.24,916231.76
021103,112497.74,5521661.94
021104,128200.0,4677971.23
021105,497256.27,479247.34
021107,7343498.27,2169555.31
021108,5552015.79,2172331.9
021201,11186.04,14965.46
021202,17699.0,68082.78
021204,603812.46,0.0
021205,1127367.34,23333.4
021206,96199.0,4207647.35
021207,10799.18,209328.32
021209,655440.39,9527623.82
021210,52699.0,168729.0
021211,678657.34,928163.09
021212,18684.87,60784.63
021214,27000.54,1370.95
021301,123500.0,32699.0
021302,171664.0,2803692.77
021401,12619.22,4131.51
021404,18299.0,27240.22
031501,435100.0,10894.08
031502,3369100.0,24138.83
031504,22245.46,352240.92
031505,3899.0,45899.0
031506,24000.0,28122.59
031507,3600.0,33588.69
031509,0.0,32711.66
031511,1199.0,1163362.48
031512,1138952.02,53045904.84
031513,12600.0,589949.69
031514,8078428.25,114532.82
031515,764412.57,486797.08
031516,2965144.77,8787600.08
031517,1887261.81,3035267.58
031518,72102.83,2859713.2
031519,95022.26,511467.76
031520,35098.9,136103.23
031522,9300.0,0.0
041601,35534398.14,2309459.99
041602,25883747.6,13043015.36
041604,45444996.7,19344530.6
041605,3437160.17,231099.0
041701,190046257.5,2028997.36
041702,17648999.49,2262731.75
041703,1620563.62,0.0
041704,27065667.91,14746777.29
041802,126800.0,0.0
041803,19199.0,187399.0
041804,6300.0,891399.0
041805,683299.0,3673239.72
041806,35061021.78,41231748.99
041901,8556035.39,3468663.92
041902,1173727.97,17184063.66
041904,1151121.77,1882986.13
041905,7870883.01,29067853.85
042001,3310387.7,1273596.26
042002,129199.0,1782606.2
042003,142298.0,428978.73
042004,212800.0,44228.3
042005,7408438.04,5177862.57
042007,3417543.81,22364828.05
042008,163455.75,4627301.46
042009,2015398.92,34013458.21
042101,801696.0,4903668.58
042102,778937.1,946916.29
042103,545698.0,7975063.47
042104,828291.66,3739386.31
042105,2602496.3,2185600.0
042106,3532563.99,25484232.51
042201,2393132.84,1957716.12
042202,5614025.03,16353112.32
042203,9171599.0,7257073.54
042204,2126800.61,3126100.24
042205,2058499.0,2925.23
042206,15269177.15,3029939.89
042207,2126403.65,42201.19
042208,29175978.22,8130237.97
042209,11199.0,133614.83
042301,406900.0,50458.73
042302,251933.42,311423.77
042303,45500.0,32112.0
042304,0.0,432753.28
042306,723093.25,10906935.84
042308,39827.52,87532.45
042309,2487956.94,25169267.84
042401,58699.0,964646.17
042402,22003950.92,7328275.9
042403,20800.38,3020.0
052501,29337172.22,1082868.79
052503,152886.46,118797.86
052505,1073002.78,1221824.2
052508,55884.42,4308253.17
052509,158651.29,923964.79
052512,28799.0,201703.03
052513,0.0,1671.14
052514,0.0,71043.13
052515,11500.0,78825.08
052516,76855.33,544487.37
052517,14822219.65,1377580.45
052518,32750.05,23741.57
052519,1986.0,0.0
052520,104789.75,2582705.85
052521,941499.0,1130060.48
052522,5438183.77,139723.17
052523,22639622.22,1615606.12
052525,3399.0,173229.83
052526,3500.0,251477.21
052529,65000.0,4566785.7
052530,57497.84,233160.05
052619,477102.82,0.0
052620,332003.74,454016.35
052701,12423.21,0.0
052703,7779519.8,62102.85
052704,11399.0,19993115.07
052706,8428.36,10277.2
052707,31285062.91,1054375.39
052709,243119798.0,1360.0
052710,3362742810.46,175125042.79
052711,76718734.09,876772795.81
052712,3421503.05,1424390.28
052713,32090351.58,20183706.68
052714,2600.0,937206.96
052715,1022631.77,1139755.03
052716,17364195.31,9300.0
062801,2800.0,414522.09
062803,22972.29,15987021.11
062804,2835784.02,2664104.98
062806,1399.55,0.0
062807,347766.47,108894.11
062809,1699.0,296599.27
062810,502151.32,1274078.16
062811,79099.0,2612674.84
062814,22547303.91,1981014.62
062815,65400.0,9707610.68
062817,23600.0,2289188.56
062818,496198.96,2182200.57
062819,41300.0,953013.67
062821,177910.9,1233211.2
062822,18699.0,72100.0
062823,40076.55,215575.23
062825,3330432.54,987120.93
062826,1988778.16,173242.08
062827,3500.0,1200297.2
062828,42000.0,662124.95
062829,4199.0,0.0
062830,130339.17,221008.33
062832,1786483.93,158426.73
062833,1007120.92,2916671.74
062834,15630.74,1328593.53
062835,43797.0,6697497.81
062836,109397.0,7921192.34
062837,7399.0,16648.68
062839,667693.57,568028.5
062840,0.0,8942.17
062841,2499.99,18080.0
062844,100471.0,324734.0
062846,2000.0,57957.07
062847,13300.0,901492.62
062849,85928.19,1444800.04
062850,144000.0,0.0
062851,2500.0,313699.0
062901,3956315.5,3779699.42
062902,10994730.38,57546629.46
062903,10300.0,1350830.37
062904,4100.0,89889.53
062905,9838063.53,49728996.58
062906,1100.0,17510.98
062908,1899.0,699400.0
062909,163465.85,2614096.81
062910,0.0,37882.0
062912,10798.98,3960441.16
062914,2100.0,1545771.77
062915,501889.34,3872920.6
062916,118004.53,322419.42
062917,10826002.42,2181570.1
062918,1997363.24,1114454.96
062919,42000.0,417399.0
062921,18598.0,2753860.59
062922,23499.0,1300738.41
062923,23818.48,111445.96
062924,27299.0,1257600.0
062925,51700.0,820399.0
062926,10743039.0,52471.83
062927,0.0,29661.39
062928,21739.0,8300.0
062929,6399.0,959298.1
062930,103599.0,3759430.35
062931,33399.0,342100.0
062932,1003652.69,660948.64
062933,103670661.02,10811843.04
062934,36897.0,121233.59
062935,29799.0,20399.0
062936,614419.0,2724325.49
062937,117263.0,849060.24
062938,10600.0,0.0
062939,2100.0,164324.58
062941,181795.0,1400244.9
062942,17999.02,486376.39
063001,41149.0,95397.0
063002,3301736.95,13759433.79
063003,449599.0,361217.0
063004,50511029.09,140614625.43
063005,335022.82,7594208.75
063006,246823.07,3155961.31
063101,84800.0,32553.1
063102,192087380.58,7299675.34
063103,23161.67,0.0
063104,751938828.1,136329.35
063105,15070861.18,6555504.7
063201,811434.51,111851.9
063202,12699.0,809615.12
063203,52600.0,251018.21
063204,508800.0,14782433.58
063205,214100.0,24300.0
063206,486969.0,2151319.34
063207,22799.0,1198751.86
063208,18341460.18,34652811.71
063209,3171645.52,23260390.63
063210,528059.03,8991191.0
063211,44551.04,69100.0
063212,198400.0,2210398.0
063213,325199.07,882032.0
063214,3552889.18,29130544.56
063215,125100.0,9708960.19
063301,43022.0,355507.0
063302,1321898.0,2048668.8
063303,5162869.32,4077953.17
063304,16548094.55,10663466.14
063305,25627681.1,15846680.14
063306,7251250.72,7858387.81
063307,4527166.74,5570380.71
063401,262055.94,3154473.0
063402,1558583.0,18818676.95
063403,1176685.06,16001358.34
063404,906670.05,255338.63
063405,435543.31,905518.66
063406,17399.0,246300.0
063407,57321.35,326024.0
063501,56610077.04,1475843.95
063502,49773.22,320698.0
063503,3246568.23,949110.42
063504,84699.0,18056.1
063505,23505.0,848935.31
063506,1009765.38,4944740.4
063507,90098.52,2497087.92
063604,145598.0,150898.0
063605,6675418.34,61218.12
063701,40874.37,3009247.95
063702,0.0,14399.0
063703,76299.06,1619998.0
063704,23620.0,0.0
063705,20100.0,35100.0
063707,144422.53,1467025.0
063801,41499.0,1511661.6
063802,14399.02,557743.51
063805,634433.39,381951.54
063806,2779570.73,739230.76
063808,2083031.05,16654103.68
063809,304390.72,1879137.22
063810,64659.89,468818.91
063811,6288604.65,3527043.39
063812,237077.72,5469444.95
063813,37199.0,1703568.99
063814,285045.98,2808812.94
063815,499411.79,3352949.02
063816,46699.0,6101078.03
063818,1602029.04,2109117.25
063819,244520.51,1029588.97
063820,820069.27,3336280.08
063822,129515.0,9525660.85
063823,2181378.64,18643884.54
073901,98318651.82,37723212.24
073902,856900.02,30634121.56
073903,1409989.51,24060235.24
073904,1099731.35,29982301.57
073905,466851.46,2735973.57
073906,176221.0,7307582.01
073907,45383483.51,29772603.86
073908,18992861.66,1532677.22
073909,293577.16,19915342.79
073910,50093.0,1255325.54
073911,678429.03,8259648.76
073912,674198.0,438885.93
073913,101600.0,93664.06
073914,37600.0,1159199.0
073915,225805.63,3111977.05
073916,3357505.68,29159614.72
073917,6320390.15,47478658.31
073918,175499.0,9958555.13
073919,2587367.34,9823199.46
073920,36544907.32,67334302.85
073921,13431872.4,40474462.03
073922,938259.88,8680507.89
073923,57176951.97,81535568.21
073924,5182010.62,7305935.07
073925,27794214.62,10331488.31
073926,11769527.12,30359477.77
074001,81800.0,1041364.64
074002,547911.6,64675199.15
074003,338946.96,360938.35
074004,57971.47,252856.61
074005,592007.98,3939468.75
074006,17447.0,621689.19
074007,3399.0,257600.0
074008,2706573.92,4042630.34
074009,12761671.74,13624897.2
074010,2050133.73,22694374.27
074011,135208293.98,39053014.37
074012,1085959.25,1362281.48
074013,672156.69,766605.0
074014,67896.47,1337803.15
074015,69297.0,1731065.0
074016,4971652.38,19024167.34
074017,94951.16,297398.17
084101,7069467.2,16201515.07
084102,195004.54,504846.75
084104,57041733.87,59127098.58
084105,214100.0,398799.0
084106,14399.0,598798.0
084107,5350927.3,1849575.85
084110,14696.21,0.0
084111,54399.0,161399.0
084201,60500.0,25800.0
084202,4417813.33,2389357.22
084203,1573974.6,1770957.54
084204,52199.0,97100.0
084205,55699.02,90399.0
084206,1100.0,10199.0
084301,11871127.09,2456109.1
084302,7827388.18,13643808.26
084303,3061225.7,5849247.0
084304,995702.28,2109394.23
094401,3720753.87,23652.45
094402,380597.75,46874.37
094403,49347162.97,4085520.87
094404,4629995.53,11089.54
094406,4702128.45,467815.77
094407,164124990.43,8047100.85
094408,473950.18,1465576.3
094409,11573138.81,1960337.11
094410,23794863.44,38998034.35
094411,27633596.38,18942844.73
094412,38121407.33,3434788.44
094413,267137.0,40807.7
094414,64880.0,159800.0
094415,20874715.41,1185523.41
094416,2100.0,29300.0
094417,84397.32,102865.33
094418,40370997.44,12111110.65
094419,4000.0,72500.0
094420,304436.28,186018.9
094421,10479934.44,6127882.56
094503,0.0,3628.0
094504,2199.0,2820600.0
094601,24808.96,19424.44
094602,295870.87,42484.0
104702,152600.0,7941715.36
104703,111906.27,0.0
104706,68708.24,357165.35
104707,133198.7,7536943.55
104801,105567.31,17109313.27
104802,6028693.83,66341409.23
104803,2494300.0,569483.29
104804,1325962.42,4136915.02
104805,13935731.56,8004556.76
104806,22198.0,6573348.98
104807,132403.0,1570528.55
104808,10239940.25,5967281.42
104809,104203.0,4022158.35
104810,2606792.7,8282130.24
104811,2476284.66,12174956.83
104812,1574190.89,228447.53
104813,41203.0,2453663.76
104814,65419971.4,7065668.99
104815,12711.0,15093.5
104816,61398.0,435649.64
104817,914365.71,831997.0
104818,2338385.81,15187340.63
104819,14399207.91,35966695.24
104820,6723468.38,15943705.24
104821,8902682.01,8436858.59
104822,285435.04,1831777.05
104823,3185759.35,9057746.67
104901,29986504.99,15678400.09
104902,1311401.96,5012854.35
104903,91767.44,92000.0
104904,2540.0,0.0
104905,367513.44,92955.16
104906,336015.79,616706.46
104907,828725.47,20793.32
104908,180798.99,483251.21
104909,744255.93,3783300.0
104910,40602.0,389233.7
104911,1088631.02,3580473.6
115007,11270.0,255704.83
115101,332999.0,19477933.93
115102,26300.0,61399.0
115103,596828.26,39219.72
115104,42399.0,0.0
115105,2227100.1,294600.0
115106,83799.0,202800.0
115107,4026600.17,330172.0
115108,3699.0,160300.0
115109,69899.0,240900.0
115111,3765866.15,30915074.76
115112,4823130.44,11426170.8
115201,256407.78,317785.69
115202,206813.9,0.0
115203,1100.0,12000.0
115204,62058.0,600759.74
115205,1168938.52,21242837.81
115206,343872.38,896022.9
115207,140035.0,468298.0
115208,13290581.42,27324264.05
115209,1677214.94,11504026.35
115210,459820.02,3733510.96
115211,21116942.15,5681545.14
115212,1963042.8,8916020.79
115301,13681546.84,281844.84
115302,19500.0,10000.0
115304,4300.0,0.0
115306,2188469.5,29600.0
115307,6399.0,1963172.42
115309,33501740.65,4080351.67
115311,77914.0,0.0
115401,166052.01,3952409.68
115402,98350768.9,16866353.43
115403,13872233.26,330716.93
115404,12310.64,647685.23
115405,7953600.0,0.0
115406,97183.23,21098.0
115407,20553811.42,30263236.69
115408,11525687.25,2592944.1
115501,48633458.96,5598615.81
115502,0.0,10000.0
115503,104941958.08,33690291.69
115504,10300.0,464615.3
115505,1581960.15,327589.29
115506,599777.95,928736.13
115507,5000.0,0.0
115508,63960.97,1671132.68
115509,23539265.81,3374038.7
115510,330698.0,116999.0
115511,28300.0,68400.0
115512,1875651.75,3335138.08
115513,1316692.85,876499.4
115514,288670.54,4877425.74
115515,6036264.66,9974694.09
115516,453726.08,5687188.28
115601,699285.03,1359880.56
115602,929299.06,424002.41
115603,26087561.99,13023536.74
115604,204948.88,326496.76
115606,60013.0,54835.88
115607,1549686.86,3873375.09
115608,11999.0,159369.69
115609,201445.64,243577.0
115701,3000.0,3399.0
115702,20766168.8,287097.0
115703,9907714.8,2442949.74
115705,54266.32,0.0
115801,316524.79,5522329.03
115802,450199.0,250799.0
115803,21399.0,58700.0
115804,15828.0,244300.0
115805,106300.0,10100.0
115806,6048937.63,6365501.8
115807,103160.22,1534604.58
115808,1106285.58,1026712.19
115810,47484.98,2204371.98
115811,2035660.03,2218427.94
115901,9699.0,49699.0
115902,54407122.93,3826459.07
115903,9696934.13,6116038.08
115904,367798.85,6368499.0
115906,60898.0,2219638.09
115907,1633399.0,2194078.61
115909,1190139.62,1112300.0
115910,450704.3,3782675.91
115911,668664.14,2978957.46
116001,14761649.65,10235491.23
116002,9456310.81,31450756.65
116101,1576716.1,253612.0
116102,1608144.33,485957.67
116103,3966739.39,1261010.99
116104,6601296.23,1337404.19
116105,174633.24,160514.88
116106,787257.65,246440.21
116107,1409281.35,497313.75
116108,9718445.39,1547123.73
116109,9185921.18,2549934.51
116110,17213824.5,3195038.83
116111,2870930.12,576253.08
116112,12540893.12,2212629.87
116114,287034.66,231665.89
116115,25654889.08,2700162.96
116116,502610.1,932307.67
116117,377028.69,1469871.49
116201,18194816.41,1928516.03
116202,66112840.66,1871423.66
116203,22410023.73,3474846.01
116204,55674573.3,5519979.8
116205,10655947.23,1357313.79
116206,9314955.76,998232.99
116207,550683.34,87674.0
116208,234892.0,120197.0
116209,1715234.96,128153.11
116210,2422082.23,903150.77
116211,10789689.81,1742427.18
116212,52639492.89,11639388.12
116213,1500.0,62000.0
116214,56569.4,31396.0
116215,47110.08,97675.1
116216,156397.32,559000.0
116217,994053.09,2615982.7
116301,3138578.39,739755.58
116302,5516518.87,1586894.24
116303,1915961.91,166676.24
116304,4775461.6,417127.12
116305,738569.0,5408066.14
116306,890203.77,1636537.0
116307,1768028.34,3910545.78
116308,9600.0,36000.0
116309,109655.62,43274.62
116310,5401692.6,115906.85
126401,10061638.11,1082069.52
126402,5228197.52,530422.17
126403,29310741.52,12329138.58
126404,722221.72,621520.09
126405,8272536.62,4317598.0
126406,6273298.7,12542097.37
126503,46799.21,23333.67
126504,2699.0,1500.0
126505,965718.32,186274.43
126506,1773117.72,612289.56
126507,504492.47,156708.1
126601,643655.48,282598.0
126602,4699.0,3500.0
126603,93347.29,0.0
126702,33199.0,746499.0
136801,2737.74,0.0
136802,867168.41,3379137.73
136803,1199.0,0.0
136804,1418756.47,20571260.01
136805,217457.73,9471937.36
136806,3649368.04,11496251.24
136807,5846706.83,31542337.79
136808,4800.0,75751.17
136809,3699799.57,2854823.27
136810,64919564.64,2354473.28
136811,834118.64,843584.1
136812,87344.8,2692319.9
136813,262159.72,3474093.83
136814,18100.0,253699.0
136815,3504316.53,1444526.92
136901,172699.0,109822.0
136902,166148.41,11980359.96
136903,14776.04,3074198.0
136904,21428068.23,626270.76
136905,42726.33,6003.64
136907,16987392.35,1932028.92
136908,61076807.98,11822499.17
136909,61560.0,180989.5
136910,9101022.03,4691219.84
136911,3135030.8,2100216.08
136912,1576232.16,664669.7
136913,334540.13,312272.0
136914,311540.0,146347.53
137001,422238.98,121451.87
137002,457957.05,3415454.77
137003,347366.75,1392278.1
137004,30841.46,414201.39
137005,28504876.16,10281782.35
137006,1466917.0,3052384.99
137007,2650222.25,7739637.7
137008,3567199.65,559307.13
137009,3800022.3,3820658.95
137010,17103716.56,15357284.44
137011,5600.0,41883.44
137013,20597057.79,2357457.35
137014,36444.24,1863200.8
137015,377928.85,289500.0
137016,1395747.46,123063.34
137017,24849.0,1572498.0
137018,49477.0,252005.48
137019,75027792.5,11296912.53
137020,132831.57,594574.27
147101,3398.0,0.0
147102,7896183.0,0.0
147103,24640.0,0.0
147104,42736.0,0.0
147105,5000.0,0.0
147106,12112.0,0.0
147108,127000.0,1138000.0
147110,1086179.0,0.0
147112,4518000.0,0.0
147113,170488.0,528188.0
147117,2275.0,54000.0
147118,2000.0,38000.0
157201,70856.69,49646761.48
157202,780497.0,17415400.02
157204,16240181.21,180566364.94
157205,4815484.46,2130669.85
157206,31064.17,0.0
157207,148315381.44,4880776.83
157208,1321289.55,117458515.53
157209,704624.66,123772832.32
157210,8932800.92,71601471.66
157211,261910.91,26949834.51
157212,5313515.82,4393256.82
157213,29889223.8,7707302.4
157214,291210983.55,61582900.59
157215,5010325.66,23468926.92
157216,4630591.09,63554125.89
157217,71786767.75,14830346.95
157218,142299.0,2302099.0
157219,4070193.0,34409217.96
157220,40196.99,1127899.0
157222,1381920.48,5065688.23
157223,35199.0,822199.0
157224,8245021.76,2910108.57
157225,197197.0,64160144.0
157226,109598.0,17967890.29
157227,3068398.19,838372.36
157228,55976509.39,64537892.91
157229,230933.93,11680009.11
157301,49548.0,909808.92
157302,3453502.31,24120678.52
157303,87300.0,3408807.44
157304,2130178.45,92727809.14
157305,934305.96,27062904.86
157306,55668774.05,97056534.97
157307,10124903.86,19895803.09
157308,21716243.56,50980941.07
157309,815496.75,7100420.41
157310,8172106.53,3394136.22
157311,10516118.05,2366373.45
157312,123592692.84,8653719.3
157313,98600.0,334703.65
157314,2031393.05,27447742.39
157315,1101708.94,8356960.14
157316,16100.0,7899.0
157317,21933042.81,4066607.78
157318,11072977.3,25853088.79
157319,24900.0,510099.0
157320,3448901.35,5126794.55
157321,87907896.68,4639396.14
157322,19614076.85,3476902.82
157323,3337159.91,5121160.48
157324,5478420.48,5673188.38
157325,21550807.24,11870343.85
157326,10964300.71,48520092.3
157402,3199.0,3699.0
157403,57799.0,6257398.0
157404,5847648.35,1481859.08
157406,55199.0,1503298.0
157407,552698.0,9920297.0
157408,10788733.47,67902779.95
157409,211397.0,16219695.0
157410,23199.0,1517299.0
157411,121060.0,9800479.2
157412,220698.7,431388.68
157413,1490798.04,427399.0
157414,54545.0,494799.0
157415,205009.88,428295.44
157416,3100.0,23199.0
157418,76598.0,217397.0
157419,242321.29,3513229.4
157502,35298.0,4698799.0
157503,306478.0,0.0
157505,435590.0,8812256.43
157506,19999.0,1262899.0
157508,3699.11,804456.0
157601,692989.44,25275621.74
157602,1992173.28,1770537.98
157603,710169.28,3552899.0
157604,9324305.87,41680240.09
157605,130398.0,15376340.84
157606,565062.75,31572646.09
157607,5694330.81,18808706.89
157608,69492.0,3509424.34
157609,15245.2,132963.45
157610,23573104.11,10101320.72
157611,87199.0,145399.0
157612,88300.0,2877598.0
157614,6387361.84,2460400.0
157615,1021097.92,1621203.0
157616,12946128.41,16490655.69
157801,265096.84,1036507.91
157802,77249.59,0.0
157803,4000.0,180399.0
157804,13199.0,326494.16
157805,2000.0,17399.0
157806,3706.43,4061.19
157901,105259.87,2987641.79
157902,5600.0,74506.61
157903,1399.0,29904.03
157905,1100.0,180069.59
157907,47771.22,899000.0
158001,18300.0,2500400.0
158003,311200.0,926000.0
158007,1399.0,351300.0
158101,97598.0,1038283.66
158102,7600.0,955396.0
158104,122024.89,109299.0
158105,5600.0,271500.0
158108,137476.0,482799.0
158109,3100.0,11400.0
158112,1094.0,17300.0
158113,348107.9,861857.21
158201,321339.67,1737719.0
158202,12631310.95,5879584.79
158203,192909.49,1067529.7
158204,1702494.67,1339291.56
158205,2911574.22,10570593.47
158206,435385.73,915895.84
158207,4900806.06,80620143.13
158208,1844136.34,3779640.54
158209,323774.78,9466371.86
158210,953067.27,37600.0
158211,31798.0,353397.0
158212,108345.0,838799.0
158213,1522396.99,125100.0
158214,14400.0,149637.0
158215,84429.0,619798.0
158301,6692572.42,5944765.38
158302,10208538.77,18947646.6
158303,88600.0,1794899.0
158304,853699.0,66100.0
158305,243098.62,507157.81
158306,56900.04,38499.0
158307,464978.3,2116168.76
158308,351681.78,3329728.1
158309,25591753.88,7834834.0
158310,46385.8,583400.0
158311,222080.68,13484998.55
168401,1100.0,0.0
168402,2396300.95,2537995.77
168403,3224114.91,9614137.81
168404,831665.78,2682718.04
168405,3800.0,294299.0
168406,4399.0,0.0
168407,928017.62,10950919.83
168408,43601527.31,149547141.27
168409,14108425.09,57815179.61
168410,1295.0,0.0
168411,1841904.0,13108020.98
168412,29261619.91,27953248.19
168413,46106726.31,63554161.87
168414,41859185.09,80839978.83
168415,1390132.72,8159585.15
168416,1500153.92,2183225.83
168417,1418129.76,12601106.97
168418,317410056.41,44734615.2
168419,9833367.39,61610525.29
168420,64022.84,1835889.69
168421,8949682.82,36315120.44
168422,4937187.71,20365380.2
168423,610653.84,3262757.67
168424,7460491.13,19321476.15
168425,3831989.42,7443707.38
168426,3208510.73,3238333.38
168427,3504677.82,2939107.63
168428,45371303.41,23954140.86
168429,67609476.47,14979029.43
168430,5135713.76,15011117.17
168431,24001273.49,23603522.41
168432,15620233.7,12529737.36
168433,36510962.65,90586735.18
168434,608217.0,3012942.03
168435,0.0,4416.0
168436,2338941.14,8238547.16
168437,348731.89,8171911.26
168438,9214744.0,29703184.89
168439,475682.56,986439.49
168440,253800.0,227929.88
168441,198304.2,681000.0
168442,147191.02,239651.34
168443,1379017.79,5022363.55
168444,11199.0,42699.0
168445,30498.35,1860219.07
168446,15500.0,108500.0
168447,761062.0,1867584.9
168448,506285.8,4652006.89
168449,24703.0,12699.0
168450,835088.38,11963723.8
168451,604592.53,7184169.49
168452,1591889.59,4358343.0
168453,144493.91,1743640.45
168454,431898.0,754038.0
168455,1284899.0,264511.0
168456,840095.71,1220804.0
168457,3508239.01,3214989.0
168458,3405558.71,6908856.11
168459,12421745.45,5949287.57
168460,7602595.33,3648486.73
168461,2591452.79,3402104.73
168462,4601783.68,10682985.84
168463,1009995.85,2657201.91
168464,819114.73,1622971.4
168465,13474334.45,33392679.3
168466,18510300.72,8954376.09
168467,162673.68,14859076.64
168468,133692.83,553236.17
168469,2899.0,0.0
168470,512396.99,3766871.95
168471,11202398.96,29719019.87
168472,214865.0,710687.0
168473,916993.73,4847673.07
168474,12672896.34,23843782.17
168475,1194081.17,4815349.91
168476,4299.0,347397.0
168477,2895244.25,41725234.57
168478,6011.82,353870.72
168479,10779810.42,35362466.71
168480,2888103.87,5464700.17
168481,20514618.88,77820220.3
168482,43939674.71,46825423.07
168483,13615351.18,23744705.29
168484,291666.64,1979477.57
168485,239070.77,3355387.56
168501,23006519.92,80456303.78
168502,794029.48,5155472.69
168503,613132.48,2401417.76
168504,68638598.46,43494636.83
168505,940792.09,2781809.78
168506,327961.0,360099.0
168507,3937163.62,89508319.2
168508,204344.47,1019288.84
168509,16999140.19,2696175.49
168510,121346.0,568336.09
168511,54583246.08,19171101.48
168512,6927212.31,9497893.45
168513,245471.54,321390.53
168514,1059043.72,9626927.64
168515,1682622.61,7126403.0
168516,23288646.09,10834319.99
168517,5375145.19,51642873.96
168518,210804.26,2756373.57
168519,4300.0,205197.0
168521,439902.53,1273226.93
168523,19098.0,525560.2
168524,10583834.86,17579077.76
168525,1734340.43,24526368.99
168526,2202634.7,786798.99
168527,259798.0,1026243.19
168528,87952742.8,3945436.04
168529,3640660.88,17766189.42
168530,3834331.44,4565736.47
168531,3504706.54,4200748.6
168532,3816721.51,12068028.72
168533,566176.01,1340393.05
168534,1551223.33,1846636.53
168535,345629.64,18706625.11
168536,8194178.57,58431006.15
168537,20643399.05,69385986.23
168538,3330302.02,13259997.33
168539,15990736.56,9979595.81
168540,225023.6,8525945.17
168541,5738358.94,23389570.89
168542,38346254.06,26648487.32
168543,1086390.22,4594671.76
168544,72442971.31,112927559.77
168545,64495.27,14942738.39
168546,301001.34,5463672.23
168547,95697.0,2866726.91
168548,204398.0,18100.0
178602,154379.0,0.0
178603,79985.83,0.0
178604,66699.0,1813199.0
178605,119087.0,5065156.84
178606,2099498.0,14505974.2
178607,4112523.37,39383925.41
178608,2030415.95,2236341.22
178609,56162.11,118601.49
178701,534929259.79,61778030.56
178702,38186554.58,24554244.18
178703,1414469.0,139313984.46
178704,555222554.66,46267874.12
178705,23324999.13,24418623.56
178706,2004198.0,9304100.0
178707,6530161.53,3793165.15
178708,215897211.17,120225090.01
178709,138022.46,187476.5
178710,9039.0,0.0
178711,5371956.98,156080.0
178712,23596551.71,1201833.39
178713,0.0,5799.9
178714,1295829.45,729092.36
178715,4600.0,145699.0
178716,83354561.96,40856660.43
178802,3986597.0,1794086.0
178803,9826.0,197026.0
178901,91462.03,0.0
178903,187485.09,597430.8
178904,378199.0,0.0
178906,10843.0,0.0
178907,5199.0,11100.0
189001,3669321.66,2574950.12
189002,6296102.43,1354911.56
189003,40057.0,449036.39
189004,733532.15,537724.66
189005,8022346.97,295536.37
189006,869763.4,523843.59
189007,6018.0,77900.0
189008,39711.0,47260.0
189009,204100.0,999048.95
189010,79125.0,1225180.62
189011,9697060.46,1906579.05
189012,143525.33,35178.11
189013,18347721.06,1531087.13
189014,827412.87,242099.0
189015,2227865.32,2252702.93
189016,13500.0,208000.0
189017,163914.84,2190448.16
189018,42012492.28,58134447.28
189019,274020.0,2215263.57
189020,699798.82,2793983.0
189021,639768.12,2359485.29
189022,2697823.36,18650373.19
189023,447658.55,370355.77
189024,62429.49,2523634.73
189025,1605028.75,4187167.89
189026,5745284.76,18761949.88
189027,5811139.02,16430896.14
189028,12743893.25,5842142.03
189029,287431.6,4967626.36
189030,9930246.51,13552746.58
189031,6257974.02,17919346.35
189032,4261766.0,24191675.56
189033,437833.63,928631.31
189101,1088300.82,676399.0
189102,10010876.53,8051404.29
189103,6959.0,0.0
189104,349699.0,3800.0
189105,308849.0,892096.71
189106,16999.0,111382.0
189107,11300.0,1500.0
189108,139361.0,1118997.0
189110,4000.0,128098.0
189111,412098.0,689600.0
189112,16699.0,12900.0
189113,538497.83,421000.0
189114,236100.0,793399.0
189201,195555.34,29682.62
189202,100485.0,73950.88
189204,26098.47,8665.97
189205,92792.0,41798.94
189207,1399.0,0.0
189209,139211.08,74071.21
199303,0.0,5156.0
199304,0.0,12547.0
199305,1438134.0,4242.0
209401,56158349.51,11909367.97
209402,3887770.14,327336.0
209403,218579567.7,25929186.29
209404,6436436.96,1828210.87
209405,30545731.03,22456738.62
209406,15731082.4,7567090.46
209501,38020.28,30237.73
209502,714992.54,172399.0
209503,13759844.22,6835660.34
209504,16468830.16,2443293.14
209505,74393.5,388976.0
209506,1797770.16,4928623.72
209507,143807.51,12907855.15
209508,1122097.46,1363611.95
209601,0.0,4566.0
209602,399705.96,27500.0
209603,1668869.54,15290559.51
209606,282769.43,4066586.0
209607,1005139.99,5588528.97
209608,47897.0,1844402.33
209609,21598.0,878899.0
209610,1062735.55,429124.89
209611,9300.0,364940.88
209612,93735.09,2687598.0
209613,708103.4,705505.0
209615,1100.0,147503.0
209616,5600.0,164054.9
209617,8300.0,304699.0
209618,7691.79,5870.77
219701,55413.0,204507.28
219702,5000.0,0.0
219703,119439.0,0.0
219704,51243.0,0.0
219705,62950.0,0.0
