010101,83816.81,0.0
010102,19073.33,7701.0
010104,10322.24,0.0
010105,0.0,648725.87
010106,1108473.21,25440.52
010201,0.0,102730.0
010202,0.0,6514678.79
010203,0.0,452802.66
010204,0.0,3509655.18
010206,0.0,2970527.87
010207,0.0,47925781.73
010210,0.0,1481485.53
010301,169204.13,0.0
010302,16241177.65,21138.41
010303,48097559.11,22470136.05
010304,6095532.67,89707.73
010305,626903.76,159801.8
010306,2883601.44,86185.0
010307,9317299.23,19561.0
010401,0.0,409542.59
010402,9245835.26,11363257.71
010403,42355.0,160474.02
010404,8137.0,535965.15
010405,460063.0,2793450.96
010406,12193.0,1116271.59
010407,20506.18,26511.74
010408,0.0,19102.0
010409,0.0,18298.25
010410,0.0,2945.0
010501,0.0,9959.0
010502,0.0,1779.0
010504,0.0,8079585.83
010505,0.0,10000.0
010506,3750.0,0.0
010507,43000.0,0.0
010508,18969.85,0.0
010510,26656.67,0.0
010511,225327.11,56179.0
020601,1540.0,0.0
020602,235860.27,161412.18
020603,175113.43,69684.73
020604,796830.86,0.0
020701,109923.63,110521.21
020702,3004.99,1662057.19
020703,428376.74,1386260.76
020704,0.0,2292.08
020705,0.0,1145.0
020706,82145.56,1374.94
020708,112629.72,14177.63
020709,13164266.9,803876.02
020710,202010.07,80512.51
020711,9090.38,31561.75
020712,199363.2,80827.82
020713,155278.15,368159.18
020714,42762446.81,15119.1
020801,64309390.16,69167.9
020802,1148121.55,17169.0
020803,48176899.08,1430.83
020804,61996989.22,1329601.46
020805,2163950.48,15542.53
020806,0.0,38336.67
020807,3344902.77,39025.54
020808,0.0,45741.27
020810,4235534.91,648298.68
020811,31706.86,2285.0
020812,2834.16,15585.79
020813,58701.83,3787.55
020814,1119797.89,0.0
020901,6080636.9,362632.55
020902,389308.0,10478752.42
020903,0.0,1717.48
020904,1862082.8,352922.9
020905,0.0,9615.0
020906,0.0,2000.0
020907,18142.52,32662.88
020908,7653.0,125199.93
020909,660496.0,1021.26
020910,347465.52,918925.61
021001,0.0,114479085.16
021003,0.0,37429.85
021004,0.0,255454.48
021005,48058.99,11793623.79
021006,227032.57,4960871.04
021008,120607.05,546567.32
021101,5221.35,349298.56
021102,285347.99,20846.7
021103,398504.2,2049846.12
021104,282595.31,2546475.31
021105,0.0,1593.01
021106,990197.22,69790.62
021107,300602.0,5008442.35
021108,143112.94,711293.53
021201,102441.5,2112795.33
021202,2479003.98,25869.46
021203,0.0,35324.71
021206,6936.71,1468.88
021207,43913437.15,25802.27
021208,46969.16,2970396.7
021209,7374261.0,1892918.92
021210,0.0,509443.0
021211,7240303.6,201041.54
021212,35298.75,0.0
021213,14622.07,2000.0
021214,0.0,298335.0
021301,266236.22,80683.16
021302,4816.0,4417119.49
021401,3207.23,88255.6
021402,0.0,3051.86
021404,2672506.27,31324.0
031504,561445.15,44019.0
031505,0.0,11039.16
031507,0.0,1085168.59
031508,176562.82,5245.54
031509,167168.98,1231239.91
031510,1013.0,70971.85
031511,2154156.41,4083183.48
031512,146469.12,2192446.61
031513,1198458.83,491326.41
031515,24037946.55,2116918.07
031516,501733.17,14595.9
031517,3261887.16,15357134.94
031518,0.0,115155.12
031519,0.0,532630.77
031520,69674.75,479354.57
031521,0.0,10572.0
031522,119125.72,0.0
041601,0.0,2203939.98
041602,108699.35,4994733.89
041603,16559.0,9550.0
041604,140104506.93,17267689.93
041605,140557.0,21478.63
041701,329635.53,143077128.75
041702,266019.0,665275.36
041703,0.0,17239.49
041704,391148.33,8966168.0
041801,1685438254.28,0.0
041802,8051764.98,0.0
041803,113946937.0,0.0
041804,90636331.56,63705.0
041805,3313128.4,1078081.41
041806,3512471.46,2230306.17
041901,13284347.24,4161514.82
041902,7711365.94,1641672.5
041903,64557.93,2558.87
041904,84819.22,2432543.93
041905,257749.28,13598168.06
042001,127586.67,9294.53
042002,1537737.71,31121157.59
042003,0.0,18404.54
042004,32504.73,15966.42
042005,164754.52,1298223.07
042006,0.0,2847.04
042007,0.0,72169.83
042008,2242379.07,191862.11
042009,2383795.85,6159060.58
042101,716358.89,3125385.32
042102,31856.61,238167.95
042103,999290.69,7825367.18
042104,1848137.5,9846402.64
042105,0.0,306981.6
042106,173579.82,9381222.27
042201,5652.77,286222.49
042202,333748.52,28449940.68
042203,617607.11,813759.06
042204,107891.0,9066911.46
042205,0.0,1249452.67
042206,159250.84,252758.51
042207,503493.67,19280862.91
042208,217889.66,4586572.13
042209,2837.0,54880.89
042301,0.0,2747128.03
042302,142347.9,0.0
042303,0.0,206346.0
042304,836374.43,3037229.0
042306,1523241.8,384342.02
042307,0.0,1486.97
042309,29041.0,4831739.94
042401,5274321.09,0.0
042402,2265.0,159739.3
052501,2234528.19,252898.51
052503,0.0,17195.76
052505,7410.54,63808.39
052506,0.0,30241.49
052507,7144.85,57202.1
052508,337533.0,524710.17
052509,0.0,11812.17
052511,8230.0,124750.59
052512,0.0,590682.35
052513,0.0,34600.57
052514,0.0,13663.0
052515,23625.57,23950.04
052516,13686.18,62742.05
052517,77134.48,91857.77
052518,0.0,16849.0
052519,0.0,79765.75
052520,1067.0,5961534.13
052521,147384.0,1574826.03
052522,5054114.15,5815063.23
052523,1619860.66,3554208.83
052524,0.0,152200.0
052526,0.0,46733.93
052528,4122.0,0.0
052529,0.0,9586.79
052530,15380.27,7113314.62
052602,543617476.48,0.0
052605,0.0,23241.0
052606,26266656.67,0.0
052607,4031462.85,0.0
052608,0.0,34365.73
052615,0.0,26446.27
052616,695468.49,0.0
052617,2028.17,0.0
052619,847428.0,0.0
052620,2765324.0,1365.0
052621,0.0,41313.13
052701,0.0,1792.03
052704,0.0,29021.18
052705,0.0,23198.47
052707,6090.0,180615.27
052709,0.0,381404336.34
052710,158157263.55,233446374.98
052711,1257217.97,42038.85
052712,110592.34,4693337.85
052713,0.0,18842078.54
052714,0.0,68389.0
052715,0.0,273420.09
062801,0.0,104231.38
062802,0.0,86272.57
062803,0.0,40687.02
062804,40523.0,625890.56
062805,156141.0,33016.71
062806,83591.99,175758.13
062807,17329.25,86437.36
062808,13390.98,17384.54
062809,2760.57,58671.82
062810,0.0,18318.69
062811,158910.03,384311.33
062813,0.0,1736.11
062814,0.0,119586.31
062815,42696.42,3026254.46
062816,0.0,10581.0
062817,0.0,23214.43
062818,0.0,43436.58
062820,0.0,25026.89
062821,1246.04,533319.91
062823,24782.0,1108989.36
062824,113536.77,89109.13
062825,0.0,104186.0
062826,0.0,1578179.4
062827,1648.0,1304132.3
062828,75578.97,425239.84
062830,0.0,30974.09
062831,0.0,193194.01
062832,0.0,85230.99
062833,1357.96,2313829.95
062834,717722.71,254887.05
062835,39674.48,1855283.24
062836,177187.8,1851371.76
062837,781083.28,33397982.86
062839,0.0,51644.54
062840,103053.38,43923.29
062841,0.0,41111.02
062842,0.0,3576.36
062843,10944670.0,37362.66
062844,0.0,63548.41
062846,0.0,15185.0
062847,66778.0,223819.45
062848,0.0,110349.84
062849,30550.0,1278682.84
062851,3476.0,10179.99
062901,17151.78,20563.04
062902,0.0,210959.65
062903,15105.25,1490135.15
062904,0.0,145334.75
062905,0.0,1256598.41
062906,11908.0,390089.31
062907,0.0,742482.09
062908,9922.83,44127.61
062909,0.0,81826.79
062911,0.0,1162.0
062912,0.0,15244.0
062914,8469.58,226836.34
062915,15975.0,450766.02
062916,77042.39,401996.88
062917,28291.58,74069.12
062918,12125.56,1525413.99
062919,0.0,10855.26
062920,0.0,322479.32
062921,22359.08,304659.83
062922,60895.1,1809262.9
062923,0.0,65270.84
062924,0.0,3496369.5
062925,0.0,163340.26
062926,0.0,1442.0
062927,0.0,44018.44
062928,0.0,21686.0
062929,43031.11,2656779.97
062930,68411.0,2096476.39
062931,0.0,48179.52
062932,0.0,153665.38
062933,68954.0,2329977.5
062934,0.0,241581.9
062935,0.0,723588.28
062936,51624.0,1722557.3
062937,6451.0,853953.39
062938,0.0,3860.0
062939,80031.0,514442.48
062940,0.0,4931.13
062941,114880.0,7288948.53
062942,14204.0,573482.06
063001,0.0,13000.0
063002,28083.0,4477765.26
063003,416416.87,849711.12
063004,11891117.57,30819300.38
063005,1230.0,1166606.69
063006,323440.0,2389967.19
063101,166328.0,76640.73
063102,5979468.62,1170841.4
063103,0.0,2180985.99
063104,150209.0,4245486.72
063105,5889574.0,20565635.15
063203,241623.0,58714.24
063204,82803.0,8534871.22
063205,0.0,7285.45
063206,60099.0,2821354.74
063207,0.0,389987.62
063208,459857.63,8504261.5
063209,57349.0,9222015.73
063210,1226.0,678897.27
063211,0.0,206250.33
063212,0.0,912045.05
063213,0.0,80704.97
063214,5985.0,2898267.05
063215,4518.0,3185500.77
063301,0.0,1498754.92
063302,91209.52,9925804.65
063303,17938.0,4961917.94
063304,1924967.81,23900738.61
063305,36662.1,8098336.14
063306,3842.0,2247003.97
063307,2391157.0,10331611.21
063401,1086162.97,10722237.29
063402,249738.24,13117244.48
063403,5099.0,667695.7
063404,12434.0,1089313.93
063405,26089.0,1245483.86
063406,4406.81,2561895.94
063407,0.0,112071.45
063501,0.0,1020.0
063502,0.0,13613.72
063503,0.0,13303.0
063504,0.0,30956.0
063505,0.0,529662.15
063506,104357.0,4410969.7
063507,0.0,1021557.93
063602,1626309.76,494210.13
063603,925762.13,3020617.0
063604,0.0,448826.0
063605,0.0,232692.72
063606,0.0,63650.0
063701,0.0,576171.49
063702,0.0,146304.99
063703,9480.0,277220.31
063704,0.0,4856.0
063705,0.0,12246.0
063706,3727.0,0.0
063707,4056.0,2270243.49
063801,0.0,6136.65
063802,530675.32,493665.14
063805,154596.0,9219.28
063806,0.0,193760.82
063807,0.0,277905.15
063808,123053.0,91616244.15
063809,8402.0,1111617.24
063810,0.0,107462.72
063811,58593.0,784927.35
063812,33355.4,700313.26
063813,0.0,32337.69
063814,35022.3,2491290.0
063815,8000.0,3153682.27
063816,0.0,440487.39
063818,0.0,2636.0
063819,5165.0,1283447.55
063820,0.0,167390.5
063821,0.0,75976.64
063822,218351.0,1622024.37
063823,152164.74,6778005.78
073901,455129.06,20904845.96
073902,138239.43,23440124.46
073903,48622.0,455792.1
073904,187039.3,1748148.82
073905,89356.28,3533644.92
073906,1078.0,1227576.71
073907,8580677.62,2604862.07
073908,0.0,24387.48
073909,33675.0,4764368.51
073910,20733.0,204523.64
073911,0.0,256303.1
073912,3503.0,1642326.69
073913,0.0,457815.95
073914,0.0,60676.82
073915,138976.82,184972.49
073916,31475.0,345073.1
073917,5204093.97,3267257.06
073918,39246.03,2225278.58
073919,26999.0,2680565.86
073920,72854.99,4372882.56
073921,205720.06,3035125.99
073922,102852.0,2402816.3
073923,9992675.12,15578384.38
073924,8565699.37,6388189.83
073925,3097198.47,5511377.94
073926,152291.14,6896154.17
074001,43566610.63,82217.87
074002,0.0,342532.03
074003,0.0,104468.24
074005,7590765.0,579346.34
074006,0.0,163087.95
074007,0.0,131260.32
074008,78823.0,2170582.38
074009,82180.04,2251116.82
074010,28607.76,2161755.48
074011,696136.96,42431517.2
074012,895152.49,2465842.31
074013,89250.0,1894680.14
074014,0.0,258414.81
074015,1827.0,575148.83
074016,211599.0,7157018.22
074017,35747.0,43193.83
084101,52614.93,3993.0
084103,18311.0,37226.15
084104,7676.0,167307.0
084106,2590.0,0.0
084107,2016.9,0.0
084109,0.0,68253.0
084111,0.0,64575.34
084201,3620.0,45488.04
084202,309073.99,22080616.38
084203,11395.0,696393.87
084205,0.0,188164.94
084301,0.0,1137.0
084303,0.0,33911.0
094401,1071909.85,16858.47
094402,656107.05,4911.0
094403,86213424.19,10099776.42
094404,180401.66,135434.14
094405,5099.47,0.0
094406,1110.13,0.0
094407,150508909.75,981617.83
094408,78181261.59,134542.74
094409,10197518.31,177767.04
094410,369639.88,160179.54
094411,4263901.76,477944.72
094412,45609466.12,412782.07
094413,76890.83,34677.0
094414,349432.0,57821.62
094415,227175.0,327321.95
094416,0.0,3528.76
094417,267907.89,14391.3
094418,2615759.92,2435258.48
094419,44740.74,128317.71
094420,1452056.6,65001.26
094421,5981195.7,417237.95
094502,13354.05,0.0
094503,0.0,3135.0
094504,0.0,64796.0
094601,15000.0,3290258.68
094602,6284676.11,110365.72
104704,0.0,67209.93
104706,6578.73,5130.0
104707,190559.52,211811.17
104801,69155.24,4347244.78
104802,36647.65,4121139.96
104803,0.0,239161.39
104804,21215.69,1546898.02
104805,0.0,1554897.21
104806,0.0,5274.75
104807,23514.37,12000.0
104808,30154.0,1039727.62
104809,55300.0,571313.2
104810,2831.0,3276572.59
104811,10207.4,1249501.02
104812,0.0,31033.21
104813,0.0,89500.0
104814,0.0,55419.54
104816,0.0,732288.57
104817,1500.0,500342.56
104818,769301.52,11091934.58
104819,1586343.62,12626842.19
104820,54493.0,4114649.4
104821,11144.66,2618710.13
104822,0.0,385877.03
104823,151400.0,3085160.35
104901,176211.27,22210984.06
104902,0.0,928447.47
104903,0.0,25203.92
104904,0.0,127688.66
104905,4369.0,53353.92
104906,3000.0,1011.0
104907,0.0,999568.0
104908,0.0,39252.08
104909,0.0,158409.88
104910,9517.0,183796.48
104911,55756.66,3816356.16
115004,0.0,1243.0
115006,0.0,5735.0
115007,0.0,60675.33
115101,0.0,1982.72
115102,1943.0,0.0
115105,0.0,23089.53
115108,0.0,1839680.0
115109,0.0,20894.0
115112,0.0,49787.0
115201,3792957.82,102302.91
115202,10098.0,13931.58
115203,582177.5,403860.28
115204,4620.93,332412.52
115205,0.0,460683.0
115207,0.0,126298.33
115208,6480884.04,78791407.47
115209,39123.0,3558212.34
115210,170364.0,6383744.67
115211,368239.0,477305.58
115212,201198.01,211801.17
115301,41163.0,0.0
115302,11066.0,0.0
115304,0.0,21971.88
115305,516075.77,59691.62
115308,0.0,2656.67
115309,0.0,119068.36
115310,0.0,1887.05
115311,0.0,4367.0
115401,20779.0,2635200.25
115402,21900.0,2045654.96
115403,0.0,320915.4
115404,0.0,24288.12
115406,0.0,501145.79
115407,18788.0,4618810.13
115408,1146.0,564003.0
115501,27045.0,0.0
115502,0.0,19877.0
115503,0.0,53199.13
115506,20402.0,226867.2
115508,0.0,3138328.69
115509,0.0,2382791.27
115510,0.0,2404907.0
115511,0.0,142976.81
115512,9789.0,4847385.16
115513,0.0,5022744.83
115514,0.0,1989218.11
115515,0.0,8707625.43
115516,1291.0,450558.0
115601,136818.0,1443189.0
115602,0.0,297133.05
115603,0.0,842909.05
115604,0.0,217760.64
115605,0.0,60836.37
115606,0.0,1508500.0
115607,145450.0,4254956.39
115608,178378.66,21958018.32
115609,0.0,36218.58
115701,1678.0,177329.09
115702,30167.0,841359.65
115703,0.0,664726.43
115704,0.0,4869.0
115705,0.0,554473.19
115801,2630.0,2104612.73
115802,0.0,63500.24
115803,0.0,16650.91
115804,0.0,446347.67
115805,20688.0,0.0
115806,4640.0,662051.77
115807,0.0,101162.8
115808,2589.0,273038.61
115809,0.0,3311.0
115810,13323.0,2461741.53
115811,25942.0,6317.64
115901,0.0,51547.84
115902,0.0,5086.0
115903,1929.0,2254251.34
115904,0.0,3683.0
115906,8804.0,83667.89
115907,0.0,34707.26
115909,0.0,72721.72
115910,0.0,31439.93
115911,2391.0,319277.45
116001,0.0,1212154.0
116002,46978.0,2379583.79
116101,9871.0,26194.61
116102,4365.0,9071.0
116103,18309.14,2985324.92
116104,64822.0,3209454.93
116105,557905.32,279038.19
116106,16402.0,129566.0
116107,0.0,455540.26
116108,3562.0,339542.91
116109,74009.0,4996531.21
116110,38033.0,192011.59
116111,0.0,2831785.3
116112,0.0,503886.74
116113,1439.0,27096.59
116114,45045.1,131227.6
116115,210128.0,1186001.8
116116,0.0,224025.65
116117,46245.0,185346.87
116201,28054.0,173333.23
116202,21524.0,32797.82
116203,86741.0,3206562.0
116204,690309.15,1662753.63
116205,132808.99,1765070.98
116206,322920.0,410846.0
116207,0.0,1815690.6
116208,60918.0,729637.62
116209,88508.0,2270529.83
116210,111274.34,215365.6
116211,158495.19,1201838.15
116212,0.0,354677.72
116213,1850.0,1788224.2
116214,105636.91,1688624.91
116215,0.0,140906.46
116216,2169.0,90589.88
116217,334443.75,268854.85
116301,36293.0,980789.76
116302,43713.0,7211198.33
116303,0.0,1174897.93
116304,150003.0,610550.79
116305,1229876.52,4058969.52
116306,92736.0,1242206.79
116307,9715.0,1649204.9
116308,0.0,1142.0
116309,5168302.22,92251529.75
116310,5473.0,127260.15
126401,0.0,562022.07
126402,274295.94,26124595.74
126403,20296.0,2758665.05
126404,39527.0,1388342.66
126405,90589.0,7168922.4
126406,17800.0,1464839.46
126502,0.0,17495.0
126504,10684.24,51986.62
126505,30074.0,742697.0
126506,15210.24,661142.8
126507,0.0,24821.59
126601,0.0,1524642.91
126602,0.0,16559.97
126603,0.0,9503.0
126702,0.0,384489.0
126703,45024.15,834764.21
126704,142924.67,5012754.86
136802,8421.14,1080129.67
136803,9132.2,12735.2
136804,8295.0,506102.23
136805,6283.0,908032.88
136806,0.0,521575.38
136807,63130.12,1180747.07
136808,56273.58,983670.62
136809,82210.88,670938.53
136810,506037.37,695304.86
136811,353476.55,1469054.0
136812,8069.0,170634.87
136813,2148.0,363460.02
136815,6341.93,112199.12
136901,0.0,1583958.43
136902,0.0,656084.41
136903,43998.0,328634.61
136904,0.0,189425.01
136905,2367.24,179227.16
136906,0.0,1096.04
136907,22190.21,5811291.38
136908,15336.85,26582582.85
136909,140616.0,80009.45
136910,76760.55,4204060.45
136911,29042.0,636224.47
136912,47874.18,1195632.58
136913,52253.0,42181.71
136914,3563.0,131978.24
137001,0.0,407212.23
137002,0.0,2291.52
137003,3375.0,334090.21
137004,7258.34,471782.71
137005,12191.72,4924354.47
137006,1063.9,3038818.16
137007,4125.0,1784120.22
137008,0.0,35326.2
137009,26072.18,1172487.71
137010,184986.56,3322075.56
137011,1665.0,45821.0
137012,0.0,12906.19
137013,3869.12,3163067.18
137014,0.0,1333.0
137015,0.0,2964.25
137016,6158.98,588091.0
137017,8550.0,661713.02
137018,160656.2,1292164.79
137019,10922.38,3597015.08
137020,2304.0,238820.15
147102,21687160.85,142115.0
147103,88523.0,53305.0
147104,2643.0,0.0
147105,125571.0,0.0
147106,0.0,4362.63
147107,0.0,4933.31
147108,1761017706.19,9460.13
147110,0.0,4000.0
147112,31219261.0,0.0
147113,231487.0,40313.79
147114,68628.0,25754.51
147115,33203.0,9719.0
147117,290684.72,1313053.31
147118,2410.0,0.0
157202,15298.0,1520080.77
157204,38992015.5,207630.56
157205,0.0,25342.73
157206,42385.0,67816.0
157207,0.0,24716.89
157208,258547.32,8766316.41
157209,170875.74,10529857.46
157210,39056.53,26290019.37
157211,158334.89,4912582.61
157212,30374.95,701423.81
157213,26975.15,34463575.38
157214,1305322.88,45640787.71
157215,100018.08,3251977.21
157216,12904059.05,23161263.73
157217,163578.77,17543470.38
157218,0.0,22034.66
157219,77829.0,639064.19
157221,0.0,380510.63
157222,0.0,800016.22
157223,0.0,56800.17
157224,13662.0,5436.49
157225,90842.0,610771.71
157226,49267.78,2840.0
157227,0.0,46907810.92
157228,65052.12,17244106.76
157229,0.0,165434.29
157301,115120.0,127698.94
157302,0.0,657393.96
157303,108046.0,56386.54
157304,1885211.52,19946392.23
157305,7870.01,546284.23
157306,1140781.55,21015734.24
157307,591655.0,7574890.38
157308,1686818.11,70097144.61
157309,443867.9,3444950.03
157310,104030.0,5075474.38
157311,71984.16,2506545.75
157312,175851.0,5151548.39
157313,1233739.97,256708.47
157314,381041.41,2798036.07
157315,101612.0,1760039.02
157316,1993.0,125057.68
157317,0.0,12193840.7
157318,378298.56,4787169.59
157319,6043.0,162779.77
157320,1996033.57,315993.7
157321,40019.0,2560432.17
157322,55167.0,66378.07
157323,380619.0,9448767.68
157324,50553.0,657493.36
157325,147850.0,3394310.36
157326,825800.44,38848071.08
157403,615318.0,154409.06
157404,14051984.4,0.0
157405,0.0,11557.0
157406,3243.0,20408.29
157407,689662.0,898922.01
157408,228314.0,5750319.45
157409,56074.0,212281.79
157411,0.0,877598.81
157412,0.0,245828.39
157413,7396.0,530933.26
157414,0.0,1230.0
157415,40701.0,242086.95
157417,0.0,38524.0
157418,32782.0,334034.49
157419,1156.0,193016.16
157502,0.0,57872.0
157504,0.0,1051.0
157505,0.0,1244.0
157506,0.0,11837.75
157508,1445.97,270206.0
157601,529755.9,8242915.81
157602,13687440.88,0.0
157604,335832.0,12581427.16
157605,8160.0,1556513.24
157606,18521613.1,13222141.43
157607,0.0,771671.42
157608,1100.0,2079575.97
157609,0.0,606706.2
157610,61817.0,4962281.75
157611,0.0,561478.05
157612,171415.0,133907.75
157613,0.0,47986.55
157614,117758.0,5393115.51
157615,1648214.73,1170016.41
157616,5084105.2,696497.66
157801,5697561.93,0.0
157802,2525965.03,4113.86
157803,0.0,8374.82
157804,237301.0,8559.54
157805,7341.0,3190.71
157806,22124.0,13375.0
157901,0.0,323387.59
157902,674324.57,0.0
157903,0.0,21402.53
157904,0.0,5372.21
157905,29490.0,44580.43
157907,63579.0,71586.29
158004,0.0,739740.3
158007,0.0,9800.79
158104,8597.15,49214.07
158105,0.0,45888.0
158108,1680.0,0.0
158112,40520.0,90353.0
158201,156860.0,4435514.04
158202,1137.85,609951.11
158203,0.0,549778.14
158204,0.0,950607.5
158205,159751.69,4006962.33
158206,36941.0,518840.39
158207,1055159.56,33340874.64
158208,25666.0,803506.29
158209,0.0,1030.0
158210,0.0,61154.98
158211,19364.0,311988.12
158212,729031.69,1029178.82
158213,0.0,290597.13
158214,0.0,213691.94
158215,28618.0,2049455.8
158301,1734.0,5361729.95
158302,147701.0,3540212.02
158303,0.0,1282025.7
158304,1987.0,286463.48
158305,0.0,272956.63
158306,15539.0,208190.02
158307,7281.0,121577.76
158308,2055.0,151779.19
158309,79011.0,6217302.34
158310,0.0,282669.55
158311,91617.0,2775017.98
168401,0.0,18499.0
168402,0.0,18730935.29
168403,27445.0,1819860.22
168404,5644.0,771497.44
168405,0.0,19327338.94
168406,0.0,1828223.24
168407,61179.78,2963571.5
168408,588455.67,5461709.07
168409,390604.3,11187671.89
168410,2619856.0,193482.57
168411,2982431.72,53642937.41
168412,1979911.79,4487386.52
168413,1715577.23,42147523.43
168414,868361.41,15815570.55
168415,24774.1,16171032.03
168416,5095.0,335558.15
168417,210886.55,1197063.48
168418,48177.45,15213475.59
168419,222504.0,8965364.19
168420,0.0,73927.07
168421,423519.77,21266910.79
168422,693459.03,20471595.43
168423,8444.0,4199043.13
168424,504834.42,10333857.49
168425,46920.0,1257639.97
168426,2633484.0,12098649.11
168427,103640.0,5571472.88
168428,608886.0,8705318.87
168429,2021713.0,51070972.52
168430,4073097.99,36153701.74
168431,8612686.88,111094446.65
168432,61026.0,1185657.39
168433,4258.0,388613.2
168434,26918.0,69825.21
168435,3767.0,112031.09
168436,12132.0,436119.62
168437,7211.0,917197.19
168438,523043.8,26105328.91
168439,76062.0,221316.88
168440,5165.0,305998.39
168441,124324.0,1182097.1
168442,9699.0,876967.23
168443,74861.03,17659156.3
168445,2862.0,453847.54
168446,24074.0,111443.0
168447,0.0,381814.75
168448,39226.0,620517.95
168449,0.0,1170.0
168450,9195.0,1334126.4
168451,10718.0,1942388.03
168452,9681.0,2957762.48
168453,0.0,683587.0
168454,1246.0,1398902.09
168455,33175.0,937752.49
168456,53754.0,297368.57
168457,0.0,691119.0
168458,0.0,326409.9
168459,1758499.0,3326762.62
168460,148158.0,245006.29
168461,7438.0,676736.92
168462,333226.0,2649192.25
168463,73795.77,1071940.5
168464,42875.0,276076.95
168465,241251.19,3415114.39
168466,145355.64,2400464.09
168467,5362.0,9231418.96
168468,47377.0,1621587.49
168469,6601.0,64829.0
168470,8614.0,4962342.37
168471,536397.31,105712949.41
168472,1110777.59,5435578.98
168473,217075.14,16208247.45
168474,731659.79,65662488.75
168475,0.0,20940.0
168476,0.0,29364.81
168477,106834.29,8166705.26
168478,114829.0,5200.0
168479,4617227.05,30364491.36
168480,111048.0,2240289.89
168481,875282.0,14263517.68
168482,322852.0,5736351.23
168483,1065254.16,16692505.97
168484,22786.0,1061664.31
168485,1860224.92,4859910.23
168501,495538.0,8900490.39
168502,430844.87,35215253.93
168503,9793.0,2055474.81
168504,212051.58,40924356.16
168505,209764.0,422800.02
168506,168397.0,14943058.59
168507,2689418.0,13188756.02
168508,15790.0,715877.68
168509,0.0,9907240.67
168510,2785.0,122754.04
168511,117827.0,2453413.88
168512,129713.81,1996729.2
168513,3967.0,4274011.11
168514,27727.0,416194.91
168515,948491.91,3155859.0
168516,4854.0,10367558.58
168517,1506874.77,184105219.58
168518,38081.79,5512478.66
168519,5138.0,565504.23
168520,0.0,389112.28
168521,183760.0,3542558.38
168522,1669.0,373107.92
168523,336875.0,3824074.57
168524,511744.7,590293.95
168525,682075.5,63268079.44
168526,161698.0,5751818.3
168527,30029.0,3829300.73
168528,23904.17,17228533.08
168529,608312.03,22902155.73
168530,0.0,874271.72
168531,26863.0,836996.95
168532,2875.0,536979.16
168533,0.0,171614.73
168534,14198.0,175033.14
168535,5435.0,8804587.87
168536,585134.0,22498044.69
168537,167966.0,4505985.44
168538,3904.74,6342251.44
168539,51605.27,7411767.71
168540,122527.0,518070.95
168541,4607.0,823392.45
168542,304392.0,14823574.07
168543,1677625.0,4208505.65
168544,277549.16,46842906.39
168545,11028136.28,1913295.96
168546,2582.0,3066576.23
168547,0.0,2792903.94
168548,209039.0,2035065.66
178601,2795.0,0.0
178602,0.0,1146.0
178603,152221.0,0.0
178604,0.0,83996.0
178606,0.0,1661.0
178607,2390.0,1838237.73
178608,0.0,14504.99
178609,1043800.52,1462390.68
178701,149640.0,21558717.04
178702,328495.0,20133476.12
178703,2759398.15,309899126.72
178704,1190163.0,90071685.06
178705,119273.0,17410483.67
178706,0.0,1280326.7
178707,0.0,235525.94
178708,2626659.99,41027350.77
178709,32549.0,2595835.7
178711,431138.0,15309297.74
178712,1572282.83,6858434.77
178713,2396.0,101530.18
178714,213822.0,5012179.07
178715,0.0,101863.06
178716,1993537.0,9586749.35
178801,0.0,7810.24
178802,1651124.0,4160000.0
178803,111704.37,2593906.25
178805,34099.0,199505.0
178901,3519415.0,89108.89
178902,0.0,12947.78
178903,2961.0,147390.13
178904,80355.0,3059299.0
178905,3819.0,40336166.0
178906,20343.0,1202303.34
178907,8544.0,2420912.65
178908,842293.0,14593.54
189001,0.0,512589.27
189002,1473.0,121367.29
189003,22046.0,281677.26
189004,15999.0,642053.12
189005,0.0,29716.56
189006,10638.0,2214224.36
189007,3382.57,402567.68
189008,0.0,775090.45
189009,0.0,1546433.0
189010,13778.0,969659.92
189011,0.0,402483.44
189012,0.0,131262.0
189013,0.0,166324.83
189014,160662.0,721622.67
189015,1473506.41,7276351.24
189016,0.0,117942.59
189017,0.0,1199561.64
189018,987825.15,9469331.01
189019,585841.0,479084.64
189020,17963.0,97777.72
189021,7379.0,160894.24
189022,155204.0,3188055.01
189023,13855.0,2271723.65
189024,17682.0,816949.33
189025,11000.0,276261.67
189026,3514038.53,2665597.38
189027,254160.47,10184892.89
189028,0.0,29055931.02
189029,0.0,166368.98
189030,135243.0,2780485.07
189031,554487.0,4960801.84
189032,79697.0,8545795.6
189033,10056.0,498728.68
189101,0.0,10533.0
189102,0.0,214505.54
189103,0.0,13001.0
189104,0.0,9131.84
189105,4170.0,487382.33
189106,0.0,46878.03
189107,0.0,13846.93
189108,0.0,3690.0
189109,0.0,41585.13
189110,0.0,23470.0
189111,0.0,16941.0
189112,0.0,1501.0
189113,0.0,22102.72
189201,0.0,24718.9
189202,0.0,111826.69
189203,0.0,14947.0
189205,0.0,303624.21
189206,1225178.78,954276.22
189207,1182.0,879999.2
189208,3675.0,113424.36
189209,68161.1,199913.43
199301,0.0,101009.0
199302,0.0,1632243.0
199303,0.0,11970.0
199304,0.0,29177.39
199306,0.0,5536627.47
199307,1261.0,0.0
209401,305456.19,12350698.65
209402,2578431.0,876128.45
209403,5388744.51,24578443.89
209404,1166280.27,889179.52
209405,15814.0,13930820.81
209406,1140182.96,6270110.98
209501,0.0,294587.1
209502,0.0,73076.0
209503,27401.07,1925257.94
209504,94236.54,1481316.57
209505,11106.0,222335.16
209506,20449.0,3104969.0
209507,0.0,1078942.9
209508,0.0,38273.0
209601,11164.42,0.0
209602,202025.0,1618505.18
209603,286001.0,2813027.61
209604,0.0,32354.14
209605,0.0,93687.95
209606,9354.0,205056.26
209607,0.0,1062373.63
209608,199941.81,1232344.88
209609,2084.0,674899.32
209610,0.0,77491.21
209611,0.0,55867.01
209612,0.0,790172.36
209613,0.0,1121745.22
209614,0.0,58977.0
209615,1693.0,713440.53
209616,226018.0,127284.06
209617,4541663.0,1127146.8
209618,4522.0,54061.02
219701,120620.81,96815.39
219702,0.0,1404.0
219703,721483.36,9020.04
219704,3974.0,4047.0
219705,22303.0,1324806.0
219706,148169.13,10717.0
