010101,1004825.92,103604.28
010102,16667384.35,14477956.19
010103,10493618.08,1911610.56
010104,80897.56,0.0
010105,1679243.12,5975635.96
010106,559487.22,502022.19
010201,10848470.04,19473530.39
010202,95791.95,2794381.12
010203,4967464.69,91370069.03
010204,171527.52,496431.35
010205,10217.7,14186.16
010206,247819.41,1447911.35
010207,37310329.78,27936951.3
010208,9928897.82,7592292.96
010209,109087.18,197575.72
010210,6506772.15,10307908.96
010301,112936.18,378901.25
010302,1682226.62,10717199.91
010303,842240.89,6156270.02
010304,684768.9,8068926.37
010305,103132.32,1171173.93
010306,315062.47,6152732.41
010307,1614671.24,10901830.77
010401,102614673.78,21316315.16
010402,2205231.19,7324477.46
010403,10054095.05,21146612.56
010404,5766986.66,2037257.68
010405,2449983.94,3218989.91
010406,12549028.94,58592466.62
010407,5051258.57,2342890.95
010408,148677.0,1474265.54
010409,616348.09,1066129.36
010410,3879.0,0.0
010501,5157.0,0.0
010502,2815.0,271211.21
010504,414562.63,5126501.93
010505,396458.97,17903.48
010506,113353.88,22330.01
010507,0.0,25425.0
010508,0.0,19729.29
010511,765678.32,245982.4
020601,458177.63,3471390.68
020602,5799674.75,28681596.49
020603,355940.46,15764368.0
020604,272771.27,2408427.95
020701,1179286.25,16927452.7
020702,1608598.07,19722719.49
020703,452443.3,11998356.88
020704,373779.66,4963504.57
020705,523800.92,16385060.63
020706,320213.43,3413616.93
020707,230898.89,4130449.54
020708,34794.17,1128285.15
020709,11332637.72,35652182.52
020710,564392.7,10692773.78
020711,236514.0,1193142.78
020712,736347.33,4308861.72
020713,555652.21,3979088.02
020714,44373.0,28037.67
020801,11364.91,1276352.59
020802,313481.59,8139077.73
020803,14921180.49,18929603.35
020804,756828.48,7423793.43
020805,7691764.7,41211864.95
020806,1777333.62,16255156.91
020807,378864.59,7161953.45
020808,13697271.1,10855153.95
020809,943245.69,16800289.64
020810,2980181.83,10842105.87
020811,910546.86,4589893.08
020812,32817.07,1218972.94
020813,448579.21,3976506.07
020814,0.0,73113.82
020901,2301159.79,45694734.83
020902,2551954.08,1685734.54
020903,0.0,12117.47
020904,391093.72,1790560.42
020905,0.0,25012.72
020906,99237.7,128850.41
020907,17710.79,40445.18
020908,27870.13,178197.96
020909,87084.08,800583.84
020910,336330.63,556519.82
021001,15059062.31,35220261.94
021002,35713.88,1155631.15
021003,2862554.37,8143940.28
021004,30697.0,1282439.34
021005,13850055.39,53201176.45
021006,1956490.07,7697220.24
021007,0.0,163534.0
021008,84549.57,2247972.11
021101,295211.63,6145793.81
021102,220982.23,2384268.38
021103,728998.96,8647520.03
021104,483413.7,832312.69
021105,317379.28,1502530.29
021106,9580.21,365469.0
021107,4943.46,7838217.0
021108,438709.16,5054219.36
021109,74554.02,532544.25
021201,218240.75,539717.82
021202,648425.11,674419.06
021204,0.0,192981.24
021205,792993.29,190639.93
021206,228069.88,1239177.13
021207,721115.52,3411279.13
021208,64618.61,166089.97
021209,7908447.93,11610112.06
021210,21921432.68,943230.56
021211,928333.34,4086389.63
021212,13205.63,886799.46
021213,16971.44,26433.8
021214,56844.63,877631.34
021301,21723.55,182069.34
021302,7245968.14,11795960.15
021401,36833.57,151380.72
021404,392867.47,392753.41
031501,33196.54,126520.19
031502,223468.96,65720.6
031503,0.0,7286.8
031504,53544.37,100412.55
031505,86028.89,276278.41
031506,0.0,22307.36
031507,3527928.83,12123317.39
031508,45245.09,64810.0
031509,286720.06,6740397.02
031510,14388.0,93472.0
031511,81886.08,1185932.44
031512,2785210.68,13919809.25
031513,13277.79,78716.26
031514,1121366.17,6903689.85
031515,1952386.84,2087918.69
031516,500376.76,2182287.0
031517,573300.03,8335833.1
031518,5502712.56,2552528.8
031519,849695.31,4685138.16
031520,143515.32,1459674.89
031521,88163.68,114879.18
031522,0.0,89050.04
041601,31023203.27,11214415.27
041602,30970875.64,22713568.6
041603,11253.0,222315.3
041604,11079319.74,22867627.27
041605,590889.77,509274.93
041701,26758662.44,35396006.41
041702,810097.43,17997213.29
041703,532967.4,97849.59
041704,18621583.54,16094843.85
041801,2674.0,245573.0
041802,0.0,48049.0
041803,3676.42,895107.54
041804,4536.78,1454760.24
041805,36005.91,1363757.58
041806,11110725.01,85269956.72
041901,21699851.71,22635655.53
041902,6314415.58,11380171.31
041903,16097.48,0.0
041904,1262235.44,8852939.79
041905,8472740.89,72203933.7
042001,1498974.06,6192639.34
042002,242980.73,6497223.42
042003,216673.25,2930219.29
042004,290621.4,8268871.45
042005,3053596.24,20711286.15
042006,32335.0,125434.81
042007,2053273.85,6047306.27
042008,2769871.93,20625443.28
042009,9449405.75,22837327.96
042101,710575.09,13054699.76
042102,702315.21,4768247.04
042103,5747022.2,17407208.55
042104,6090404.04,5257237.62
042105,2977763.33,12263230.54
042106,39555472.35,66022555.06
042201,12685054.67,5001824.44
042202,29945250.72,45946486.4
042203,21581929.21,17102077.23
042204,9647087.67,9975052.58
042205,76064.24,355665.13
042206,179267.33,237952.65
042207,117195.92,5738424.03
042208,11008788.26,29480519.92
042209,350633.53,1125529.62
042301,4791644.97,2731561.99
042302,600640.32,1438480.79
042303,654758.49,4313215.76
042304,149504444.15,128954542.89
042305,71039.47,0.0
042306,327742.84,6224021.56
042307,5838.23,0.0
042308,481654.42,63127.04
042309,21696607.49,46139973.91
042401,1164396.0,1225822.0
042402,73127.64,71541885.29
042403,0.0,715102.11
052501,3177613.29,6213936.7
052502,9164.0,298259.93
052503,819797.17,5462488.9
052504,8237.24,182775.05
052505,2119486.37,4174732.29
052506,1067839.04,1011786.64
052507,163836.93,3654588.15
052508,241833.47,1977953.72
052509,366242.75,344613.61
052510,13574.82,90855.96
052511,17920.01,208567.34
052512,102296.45,387344.04
052513,101949.99,179729.15
052514,28080.75,46136.04
052515,2041001.61,1141208.2
052516,1256595.05,1444671.43
052517,17006601.53,37757860.48
052518,10654.41,220880.34
052519,641296.92,5007694.82
052520,720329.95,2270489.38
052521,117891.24,103965.14
052522,5149142.76,1676394.77
052523,16862261.83,42134942.1
052525,1735.0,51335.27
052526,41560.45,1599820.47
052529,17098.63,1215144.97
052530,478880.3,3066124.9
052601,79842.0,1578.81
052602,118734.0,92017.43
052604,0.0,6868.0
052606,157215.32,7098924.11
052608,0.0,106172.99
052610,0.0,540558.81
052613,2093261.57,13512231.0
052614,30417.41,2459916.37
052615,2400.54,23848.25
052617,5462.14,0.0
052618,247164.61,2049232.72
052619,37515.39,16410181.74
052620,14940888.49,9158219.09
052621,1634324.96,940279.92
052701,14242127.47,45268443.98
052702,158311.1,24807221.3
052703,501628.6,4672436.77
052704,81971.93,11488879.86
052705,0.0,3192.0
052706,0.0,41448.18
052707,573130.43,9164437.34
052708,49382.22,5136431.83
052709,191692.56,57428.52
052710,86751155.77,1670687237.56
052711,23288535.36,386775386.29
052712,1699096.99,14673606.86
052713,5858729.41,57076174.99
052714,577346.41,3034519.47
052715,371851.23,11677187.52
052716,263026041.07,411100906.37
062801,452286.18,21183.16
062802,16791.88,55103.11
062803,1248282.2,20003810.26
062804,4418930.11,22237290.49
062805,1307221.79,3474025.43
062806,2098107.99,943897.78
062807,394710.37,825392.71
062808,26133.51,262837.16
062809,144129.0,5915619.36
062810,1120917.99,290768.44
062811,751493.31,15332764.75
062812,4683.86,31420.66
062813,0.0,53605.13
062814,5828.87,354462.67
062815,1957050.6,9595836.32
062816,12592.98,44174.74
062817,143207.59,8323766.04
062818,117569386.02,180692286.53
062819,185792.08,1526588.42
062820,25605.58,510805.25
062821,467006.77,2017832.32
062822,38049.0,273305.62
062823,2696762.59,1208372.65
062824,0.0,2488181.88
062825,85828.4,2256454.47
062826,462292.7,3036261.06
062827,620069.03,2310950.44
062828,587083.83,287806.99
062829,18055.4,33925.98
062830,135690.66,255578.34
062831,10161.24,346129.42
062832,133100.36,158435.37
062833,8090254.9,4115699.21
062834,164464.95,654729.63
062835,9008905.45,3632775.06
062836,2506427.23,5825502.17
062837,30545.22,316767.33
062839,1505648.01,5744536.7
062840,19370398.69,11553838.89
062841,51977.22,485136.29
062842,9310100.11,786167.14
062843,601716.21,2501564.17
062844,12855.12,823933.51
062845,0.0,20478.73
062846,6952.11,45345.98
062847,2893118.46,1340854.64
062848,0.0,1132.0
062849,12682305.72,3993233.43
062850,1370.0,1006283.91
062851,274758.38,1184572.88
062901,738746.77,1861365.27
062902,1104555.58,33329479.95
062903,608059.17,4150095.51
062904,100761.41,483753.45
062905,43180979.02,17529654.99
062906,117950.75,3016511.66
062907,33374.11,9090453.99
062908,9030.0,836863.43
062909,837346.2,11775260.19
062910,85194.0,1219938.51
062911,0.0,4370.8
062912,234887.85,9679235.3
062913,0.0,120473.97
062914,2501151.17,7569701.7
062915,1620550.72,27529698.59
062916,805486.49,29459952.35
062917,29127368.24,45878098.91
062918,4921432.36,17385569.05
062919,0.0,876223.53
062920,3161.0,551878.21
062921,221227.4,10634475.89
062922,1360617.41,15128707.91
062923,22331.6,1102349.77
062924,288466.06,1214364.2
062925,13900.29,625765.87
062926,600366.97,2366557.08
062927,0.0,127530.14
062928,310836.51,2557388.45
062929,620763.49,13350731.16
062930,140382.69,1579034.16
062931,174164.88,4314654.87
062932,10131550.86,7605932.08
062933,23733757.72,159595666.83
062934,10526671.29,27019661.33
062935,1064453.35,2685178.33
062936,1706636.16,7599021.68
062937,210351.98,946811.94
062938,104744.82,435609.41
062939,7888291.38,1604389.05
062940,261090.94,204010.12
062941,47226954.42,38823663.82
062942,1806321.58,27036602.96
063001,95728.91,131525.21
063002,80233092.87,65843947.11
063003,34914479.62,24852967.11
063004,1709509822.66,615929023.54
063005,4684894.11,11581206.32
063006,18131187.8,34888876.41
063101,587039.83,890913.07
063102,2613337.42,43984350.24
063103,134658.41,362836.33
063104,44642.9,623725.82
063105,3873027.37,30856425.38
063201,12898886.81,292420.08
063202,533022.59,604282.16
063203,831724.6,1078325.49
063204,7111369.21,31425793.27
063205,26372.35,883090.67
063206,115384051.61,20188930.11
063207,6909186.36,13005834.19
063208,125928548.61,57303587.22
063209,22400560.61,17911350.35
063210,1100363.36,435465.03
063211,161614.87,1016377.74
063212,10504017.02,9224352.09
063213,6185973.83,1658646.95
063214,66943786.6,37801040.94
063215,6272536.03,28404799.99
063301,2252804.13,2675206.06
063302,36072973.26,14368656.92
063303,14482507.37,15798071.26
063304,28980144.42,62946747.56
063305,129500739.59,36693709.58
063306,15280248.38,13029958.13
063307,28928510.75,39488387.77
063401,4821248.62,8316473.35
063402,68133522.17,120453509.99
063403,8320968.19,30064728.26
063404,823690.75,3913593.69
063405,2703335.5,5212161.95
063406,4208343.18,4531116.62
063407,583525.88,1638837.94
063501,133734.82,1753371.83
063502,81592.54,172223.41
063503,637760.1,379085.26
063504,4644.0,991537.86
063505,3496878.98,6991695.36
063506,16264652.29,24287616.64
063507,519698.71,4311284.23
063601,1285790.48,120822.0
063602,2439229.16,1118567.01
063603,289641.76,1005385.05
063604,170532.11,2035859.7
063605,17977.0,227571.94
063606,21495.65,312249.33
063701,7120019.33,15519493.75
063702,1518590.98,2314793.24
063703,2605498.97,5056870.64
063704,3937.0,116149.0
063705,214284.43,297599.42
063706,54581.32,376566.27
063707,2083898.17,7035468.92
063801,1212061.16,2244462.76
063802,322924.47,3437769.91
063803,40200.26,200866.43
063804,28129.0,188408.49
063805,24822.57,91041.85
063806,131514.17,815638.09
063807,17661.35,2774.54
063808,40336238.88,55982086.23
063809,2114753.39,10348708.78
063810,1994838.8,2108802.37
063811,977041.88,666624.67
063812,596893.81,6852081.44
063813,571458.3,264338.04
063814,9720691.87,5841639.13
063815,960078.89,4007868.97
063816,3874509.22,10423043.93
063817,0.0,156964.06
063818,1274483.0,746747.06
063819,675132.02,1934689.5
063820,2135346.75,3821543.95
063821,209215.2,1172712.76
063822,4073904.48,22954211.42
063823,58638232.52,89018474.78
073901,49117701.47,148002624.48
073902,7502251.39,66542763.34
073903,7730703.36,96049391.35
073904,3050410.05,40076271.6
073905,8660603.13,14534631.28
073906,27567858.99,27729745.06
073907,74813603.16,145632630.06
073908,40541248.05,66785451.71
073909,125694553.96,63074329.01
073910,3874861.74,16509880.24
073911,393807.19,12260329.04
073912,929297.75,20653648.15
073913,26878.28,480083.22
073914,207058.77,1172570.52
073915,6342135.9,8160395.8
073916,8636033.69,59747260.7
073917,32108131.2,71323963.71
073918,66595572.13,8446632.18
073919,12056678.0,29808699.36
073920,63757301.25,110863001.44
073921,76270449.1,81198131.34
073922,59979635.88,21452638.61
073923,86789419.59,101255816.02
073924,9388918.82,24292817.62
073925,46449352.99,44952405.19
073926,107642783.55,126256854.23
074001,2518207.76,43740233.52
074002,4379142.31,72466720.41
074003,1535849.4,529350.25
074004,97664.53,53945.54
074005,16780900.53,30654353.69
074006,568719.64,2646963.75
074007,137828.39,241845.58
074008,62187659.22,15019811.93
074009,27418606.24,32991429.71
074010,47319599.23,12604654.78
074011,396546218.49,193019541.9
074012,3431186.09,7049806.18
074013,1678940.25,1747933.69
074014,147974.72,1402023.44
074015,939052.03,5978740.38
074016,70971154.47,48966209.61
074017,381041.15,458898.97
084101,28593471.22,19521993.13
084102,97223.32,420152.68
084103,5680.33,2109769.45
084104,42716075.58,152836355.71
084105,3414613.43,4462690.04
084106,537611.62,327749.41
084107,20203265.43,1625970.96
084108,1137917.14,1053528.76
084109,2481104.11,16308948.01
084110,1893027.74,9868.19
084111,3789722.76,401352.79
084201,101932.77,931957.89
084202,6337594.41,40479218.39
084203,4303527.1,10372159.89
084204,3361.0,0.0
084205,58851892.48,86877934.23
084206,4100.0,0.0
084301,252949.81,150153.0
084302,452335.78,1259085.52
084303,379379.38,872268.16
084304,4870.8,28396.02
094401,28538644.79,14048895.4
094402,263482.95,820460.68
094403,55709432.25,32838951.22
094404,484503.0,191379.81
094405,1539.76,301470.95
094406,633910.58,3308590.21
094407,247359439.44,233423849.96
094408,56638739.08,31277420.01
094409,13349285.28,19041110.24
094410,33964039.57,57951359.52
094411,48661846.22,41986887.87
094412,60399009.97,35791839.85
094413,1696546.76,1032811.95
094414,215215.4,811529.47
094415,12420184.26,12974831.87
094416,90283.41,212569.46
094417,4446635.82,248006.82
094418,121782948.57,47784549.64
094419,5800214.43,903955.1
094420,1404587.7,666686.08
094421,37798609.44,21261966.88
094501,22145.0,82628.0
094502,1164.0,0.0
094503,121888.85,540621.57
094504,204831.49,781238.77
094601,202312.24,303803.87
094602,279686.05,1442036.17
104701,0.0,5596410.08
104703,1606702.98,102645546.45
104704,7152.58,23830898.27
104705,0.0,693428.21
104706,14535.24,665284.19
104707,12201239.9,62865240.91
104801,72045467.11,15852493.64
104802,82447921.32,52924172.7
104803,1182646.63,4708878.3
104804,2524928.17,15590300.13
104805,5769717.16,50275512.3
104806,584647.13,3038870.55
104807,511068.42,3044615.18
104808,2714771.96,8784157.4
104809,10695517.91,6489338.49
104810,329602546.69,79167774.54
104811,28228051.75,50230404.94
104812,480714.4,785300.53
104813,228284.78,402266.42
104814,306627.99,443609.37
104816,2694131.66,1035585.72
104817,7284401.59,5162775.28
104818,107345940.34,69981740.54
104819,46979613.34,49297893.09
104820,16560909.98,9590976.29
104821,9246253.48,7051895.78
104822,789659.11,4993230.91
104823,5656276.84,13442624.31
104901,74912846.94,20305413.4
104902,26223017.0,32094690.99
104903,1543413.42,2474361.17
104904,1779.0,128998.45
104905,658675.82,1010882.77
104906,1087005.8,192602.66
104907,491817.92,2000661.62
104908,3650732.38,825889.62
104909,150403.95,469021.4
104910,839011.31,514392.73
104911,48341730.34,24520873.01
115002,0.0,2216.0
115003,0.0,234777.94
115004,2745.0,4674.34
115005,10961.4,0.0
115006,0.0,11216.59
115007,506061.26,9454835.48
115101,93241.7,248271.87
115102,71262.84,767797.83
115103,3479.0,263061.58
115105,1088310.8,2856262.29
115106,1140725.6,134893.11
115107,1770499.71,652900.68
115108,0.0,8460.0
115109,164264.41,36645.74
115110,3449.0,3913.0
115111,2693298.82,11057168.4
115112,2109235.26,37124400.29
115113,4383.0,10041.28
115201,201064.45,4613944.41
115202,444222.14,2007068.31
115203,22920.0,167448.87
115204,37333.07,182819.98
115205,5478446.12,20161391.89
115206,2876222.36,1190954.18
115207,82114.28,315302.57
115208,10917311.49,14315563.77
115209,35830757.62,10952546.85
115210,7116617.18,6878017.59
115211,12966960.12,4098228.46
115212,527118.29,3484071.14
115301,136943.9,279990.76
115302,9566.91,17585.95
115303,5680.91,35825.07
115305,153769.18,1794998.53
115306,124513.95,391207.12
115307,42564.53,13146.14
115308,106332.16,3604.0
115309,2196853.73,4215690.31
115310,53415.58,92710.09
115311,16959.94,148995.35
115401,7824126.99,4536346.01
115402,171809318.99,76851919.44
115403,265308.66,860721.68
115404,923488.73,3080531.64
115405,53045.0,2844.46
115406,35805.33,6999.82
115407,19144517.43,48912224.79
115408,1112246.96,9477160.99
115501,804746.0,242210.53
115502,20044.0,17871.91
115503,901416.37,19364504.14
115504,108149.83,11631889.04
115505,2162542.68,36706.1
115506,117997.34,130444.99
115507,1060.0,0.0
115508,328165.29,502458.39
115509,9159030.19,3929818.25
115510,18614953.81,2515857.47
115511,304844.01,74252.23
115512,1133179.45,2752123.83
115513,389553.31,2011112.3
115514,2226401.79,5611243.54
115515,5194858.91,6398828.43
115516,2715912.44,2698104.9
115601,21703038.25,9168987.86
115602,5063439.03,4156267.64
115603,46531582.71,34360659.67
115604,424249.14,1148493.27
115605,0.0,55588.89
115606,8713141.96,9475887.98
115607,9179192.32,2367892.6
115608,1116204.21,1324984.39
115609,59926.72,357151.45
115701,268307.03,1403669.79
115702,374385.04,4076020.17
115703,1639590.62,7190889.6
115704,176429.75,3587235.51
115705,603873.6,1033910.78
115801,1496058.05,4664861.31
115802,440853.66,73688.58
115803,2103686.0,36634.01
115804,595512.07,917920.59
115805,0.0,45468.0
115806,3344471.05,7829020.9
115807,688710.75,1470112.97
115808,849135.29,572767.9
115809,8395.0,106765.85
115810,1527878.71,1669744.54
115811,437607.18,445245.7
115901,56663.03,502678.35
115902,1851475.01,19008028.58
115903,30411576.87,54218485.59
115904,356312.61,344332.45
115905,3990.0,1733.49
115906,809936.94,7889708.65
115907,94984.95,750425.34
115908,188590.23,70447.07
115909,47995.5,743501.82
115910,1531485.92,1382713.3
115911,4753972.5,10283540.15
116001,915436.15,7064436.87
116002,12136087.9,23765063.12
116101,407090.94,1591940.0
116102,998372.96,3603248.82
116103,1082362.42,5166832.41
116104,6310607.95,15871428.61
116105,1564048.46,7133578.21
116106,1094468.27,7560669.49
116107,1400459.27,7399039.45
116108,8595403.73,15338204.51
116109,17360884.89,69665827.01
116110,11433438.37,49546276.95
116111,514780.39,6428452.79
116112,12389846.54,11226915.93
116113,183468.31,432911.29
116114,3882354.82,4022363.25
116115,38761709.71,31402247.25
116116,1763402.45,4204434.86
116117,2702386.78,6083938.39
116201,7151543.23,17808686.01
116202,29500495.3,31665723.58
116203,93637437.7,59238530.62
116204,111474393.54,76409134.75
116205,3708785.28,16876620.04
116206,11967370.5,13031809.88
116207,1654095.7,2139774.46
116208,2395331.75,3873801.85
116209,372106.34,1913381.0
116210,2269307.27,12020948.24
116211,5346264.62,13555076.19
116212,28337194.28,21003342.66
116213,0.0,253254.05
116214,359065.35,1457219.79
116215,498079.98,878264.49
116216,299024.39,1454644.85
116217,1271792.6,3695366.75
116301,1931390.66,4070983.07
116302,18190659.14,25312088.5
116303,3396736.38,2383161.11
116304,48372586.55,19953953.38
116305,1959698.85,3813789.26
116306,11287794.94,5849270.89
116307,8438079.8,15474253.69
116308,6477.39,116902.23
116309,310195.93,646186.16
116310,270769.0,332787.82
126401,265406.71,1893700.88
126402,13020085.1,29987327.72
126403,86852093.28,104963438.48
126404,8429768.8,27490577.03
126405,1851691.16,4675421.25
126406,22094399.44,36348478.58
126501,312448.47,11176.95
126502,4295.0,6401.0
126503,2565.0,0.0
126504,3724.14,107347.84
126505,2397754.25,4359398.45
126506,1085543.29,4590049.17
126507,38728.43,145006.79
126601,1003844.49,3998955.59
126602,45298.49,391422.8
126603,64058.09,109490.34
126701,3426.26,48642.77
126702,568948.94,1614194.57
126703,1718.45,250420.32
126704,74827.32,562963.35
136801,365863.93,1088347.82
136802,6372736.83,14716486.88
136803,28402.11,363642.99
136804,74208146.03,10506352.82
136805,17753251.87,19519032.13
136806,77302025.54,38280547.42
136807,4146112.79,9795562.52
136808,2369165.86,3143048.81
136809,352369.69,17952137.6
136810,32043452.85,20860769.06
136811,2870026.48,3494028.86
136812,582354.04,151071.43
136813,213539.86,1670239.38
136814,260145.03,648853.64
136815,3279093.43,12356918.96
136901,25254.82,359873.37
136902,1907164.14,11080757.26
136903,2259732.86,7237410.05
136904,7468374.62,4426191.73
136905,7903733.33,21039049.34
136906,16870.93,52814.68
136907,1920051.31,12107723.61
136908,20658520.17,39238124.67
136909,1022833.86,2154204.08
136910,3840737.81,16530316.55
136911,2091374.66,7618100.54
136912,3195669.33,3404051.75
136913,675358.44,3543079.1
136914,379119.08,2618955.13
137001,732293.74,779922.75
137002,49388.09,323569.06
137003,285601.16,1968585.55
137004,90093.3,95503.97
137005,1312485.27,26733979.29
137006,304977.5,3200706.77
137007,7656639.3,66770095.23
137008,6840428.56,7414230.41
137009,1800475.42,10114858.43
137010,25416574.98,40559841.96
137011,273119.52,121414.05
137012,1372.0,0.0
137013,70406011.57,18411563.86
137014,308270.57,6946133.95
137015,11004.3,84808.28
137016,1196213.24,1176762.97
137017,152167.07,1553293.97
137018,283250.29,1715062.2
137019,48862653.11,45661553.92
137020,835142.83,1156136.09
147101,1020.02,176050.21
147102,4149.0,1120228.91
147103,0.0,205810.79
147104,24669.0,107112.99
147105,0.0,181929.35
147106,430154.03,7252623.25
147107,9539.24,1607176.0
147108,683407.75,19368396.34
147109,0.0,68399.38
147110,421502.91,1203992.1
147111,0.0,3101.0
147112,2239572.4,831514.21
147113,6423240.77,8896843.02
147114,41789.79,120277.37
147115,298441.95,738671.66
147116,45859.41,327686.0
147117,947608.87,6634620.18
147118,855271.0,100989.22
157201,3140758.43,20568983.13
157202,62474820.21,184413504.54
157203,1015.0,176222.91
157204,91075622.8,284342770.23
157205,18961182.17,5544098.8
157206,785061.56,377728.07
157207,20390131.44,6707096.91
157208,52480978.65,211230341.99
157209,12583386.44,95615823.48
157210,30453458.66,201874961.65
157211,22778423.48,96284171.73
157212,4095826.11,30384437.95
157213,4201467.24,20272708.83
157214,16189318.56,141997823.77
157215,7858525.29,22837425.39
157216,26604172.17,93660500.09
157217,3086882.43,44337897.73
157218,8551073.29,1401905.52
157219,383829246.21,121671938.59
157220,15560155.2,30909078.1
157221,42174.84,115357.18
157222,31132454.19,27211082.36
157223,664319.34,6385775.39
157224,19965480.26,8763204.35
157225,63977190.03,108663830.19
157226,50667187.83,14182407.41
157227,155078.87,9220749.62
157228,228827165.87,51393658.48
157229,6243229.23,11269001.92
157301,1080307.83,5466282.87
157302,441469.28,9893273.84
157303,2000704.72,8962846.74
157304,11807764.36,45868277.47
157305,392971.39,6210155.23
157306,48558415.61,105343084.42
157307,31577733.75,31791625.86
157308,185792071.29,146272494.65
157309,19953678.73,6202331.39
157310,19368705.21,31407655.46
157311,1851870.15,5396737.24
157312,1067347.0,32438999.54
157313,84610.5,168648.47
157314,22452464.47,41426670.55
157315,6183220.33,10835018.24
157316,50541.38,74463.43
157317,1263103.8,4584641.78
157318,62502995.79,87412359.9
157319,74267.31,206369.27
157320,40875296.56,28435904.24
157321,66742760.73,28776002.95
157322,12756425.06,20544497.05
157323,10236893.1,17788974.74
157324,25387784.61,10030101.55
157325,50645532.13,24762173.32
157326,106982995.59,117898816.07
157402,2807.0,297024.0
157403,3240179.23,20750694.12
157404,86951102.2,48438857.37
157405,0.0,1340475.7
157406,52790.66,123018.44
157407,20551883.01,80578164.6
157408,2864601.75,31647691.16
157409,8665101.7,35869217.04
157410,630932.93,3570807.23
157411,11694561.77,25175591.25
157412,7524459.38,15742452.71
157413,534247.97,1602131.8
157415,1395315.54,3790055.87
157418,2085121.44,1745106.69
157419,15760728.97,11228145.38
157502,6896169.67,36292916.98
157503,1471193.12,245255.04
157504,17854.0,841208.22
157505,24219841.28,27709725.74
157506,1218971.64,1210697.93
157507,96952.54,169140.57
157508,129830.18,345886.31
157601,336003466.31,336153356.74
157602,52803121.36,119747022.58
157603,21159148.98,702123.38
157604,213779127.13,90373524.37
157605,8448353.35,9188040.36
157606,181594266.81,166715204.77
157607,83306277.93,30947192.62
157608,11454070.54,13915530.62
157609,5054476.16,4776380.63
157610,43955336.67,33516608.91
157611,153105.05,307149.75
157612,11033361.19,27563434.12
157613,384405.95,761783.43
157614,593975.48,1473661.13
157615,11106291.75,11121443.02
157616,170081204.44,34978051.41
157801,21674720.67,27603460.18
157802,2096161.04,8349308.72
157804,469830.75,190578.67
157806,2372995.9,2238549.02
157901,7349998.9,130960773.69
157902,1929640.72,1171306.53
157903,195907.17,1873431.9
157904,2265347.68,296833.19
157905,51580947.34,2005017.28
157906,7833.0,0.0
157907,5538619.88,3467543.72
158001,301751.87,1302998.32
158002,233874.05,27158.22
158003,210880.21,1270297.44
158004,358267.18,0.0
158007,105206.32,328212.65
158101,45809.11,524765.69
158102,109635.86,220993.63
158103,0.0,8973.89
158104,6984258.54,14584455.01
158105,1015625.64,5416577.53
158106,21529.0,550826.3
158107,21431.0,1000.0
158108,1236930.3,8004309.05
158109,236657.0,171631.53
158110,108432.18,394339.0
158111,1002618.92,1617362.22
158112,502999.69,796641.56
158113,47133.0,276195.69
158201,10515567.61,2791613.01
158202,4060928.61,10917581.1
158203,13291675.74,3326786.74
158204,15978841.17,3746936.91
158205,23986072.51,13919064.01
158206,2713357.52,1749154.9
158207,142389895.08,157496851.1
158208,24319877.16,13179736.76
158209,3858421.92,10896317.7
158210,9305549.57,1030368.44
158211,2146087.59,5865606.14
158212,3077115.91,7820052.08
158213,149805.83,908959.09
158214,199289.89,1092341.81
158215,1616829.37,4153600.63
158301,25589856.78,29294072.25
158302,160708883.33,120774552.67
158303,9081517.26,3679369.95
158304,240261.18,478168.03
158305,30147742.75,1750520.99
158306,455219.47,1358316.1
158307,536879.98,2234806.47
158308,8203692.91,6315448.32
158309,19493095.18,9324452.38
158310,386646.86,1795167.95
158311,15576003.1,7083728.51
168402,1817379.86,20122336.99
168403,8868167.73,24976637.96
168404,1268090.43,8172208.84
168405,90690.35,499250.88
168406,35487430.79,2887813.98
168407,1569849.18,135484641.88
168408,4722651.47,168036966.54
168409,109339878.02,86973967.71
168410,46136406.27,4865571.37
168411,11555883.85,25134452.7
168412,12276342.73,27608247.8
168413,68423622.9,63235971.08
168414,509548622.38,277857279.16
168415,34744483.7,76743076.59
168416,6748425.1,7458418.27
168417,33399309.91,12693008.36
168418,403807705.67,96470802.45
168419,59598905.72,67894657.58
168420,5459379.95,1388884.74
168421,73504937.79,87726388.79
168422,73214579.32,97960638.94
168423,3405837.33,9310223.41
168424,49210564.4,42020436.78
168425,32589657.57,15747457.93
168426,48659998.76,30663258.18
168427,6551905.98,49749950.04
168428,38605915.86,59048155.26
168429,40363600.55,128471092.08
168430,2889946.28,13883325.85
168431,330195765.53,112245824.58
168432,9564642.09,13173203.62
168433,26447238.03,46385146.07
168434,1541935.01,2097906.74
168435,3461511.09,2183315.08
168436,2955284.0,7135725.58
168437,622642.08,1054561.25
168438,22326573.92,18381097.08
168439,15030950.72,9949508.47
168440,3005563.69,8161518.24
168441,7030713.55,19541795.11
168442,2875161.08,3645102.06
168443,34820467.47,154538250.64
168444,2259382.75,0.0
168445,396936.75,3526073.39
168446,714945.0,1434192.52
168447,423553.49,1486532.05
168448,7778269.4,5515485.15
168449,346802.32,1560778.83
168450,156395492.53,27498763.26
168451,40362689.67,21002734.05
168452,2628385.66,5719972.41
168453,837277.14,264696.31
168454,17135084.96,17423698.02
168455,54650111.97,18767468.27
168456,3056947.47,14110693.51
168457,6147079.25,23253538.9
168458,4091389.03,34141343.06
168459,13490928.76,20154970.13
168460,3411459.69,8090533.36
168461,3572680.79,7335247.68
168462,36741416.12,38382872.87
168463,1074536.84,7026785.16
168464,3164142.61,6991469.13
168465,46548732.65,48970444.47
168466,57192087.08,45668334.68
168467,27874432.51,29450505.6
168468,2120872.89,4126259.62
168469,62929.58,26406.57
168470,1878597.61,4912841.68
168471,36591580.69,293393199.54
168472,1384883.69,6762382.58
168473,41382260.89,93780766.06
168474,58550442.27,49359393.26
168475,216822.07,836873.03
168476,4349153.66,10697609.88
168477,46013416.21,55063720.47
168478,31651.0,5809.0
168479,87803753.81,139707462.28
168480,41628849.68,27542465.65
168481,231589370.6,150391744.16
168482,22667950.54,59709798.5
168483,125035580.77,83880894.39
168484,4972527.21,5113212.94
168485,5967441.66,9846172.48
168501,194648777.21,93598825.01
168502,7473924.5,15568781.47
168503,264722006.13,50862042.13
168504,159155050.28,97378688.7
168505,20124021.78,14311302.23
168506,7100117.74,6615952.7
168507,124481502.77,68530230.28
168508,28899255.87,32862621.54
168509,321820951.84,53730634.08
168510,15345992.41,26840386.54
168511,178186003.28,44434409.01
168512,170761527.09,59062338.91
168513,1278624.24,2400592.5
168514,10732183.6,12824698.98
168515,40846615.7,43283827.73
168516,459519577.02,142019877.73
168517,139848237.8,131680774.6
168518,2458344.29,19559744.26
168519,1714543.82,7119599.35
168520,17601.0,50795.0
168521,2004269.05,15734080.34
168522,398693.38,1020195.72
168523,2633490.03,12976076.43
168524,16212005.97,52504593.76
168525,33380545.1,189091748.87
168526,3651200.64,15864480.06
168527,2383678.65,33069650.07
168528,19745057.12,108125439.73
168529,21978591.35,16520048.15
168530,3862353.04,2137597.07
168531,11894555.6,20479550.59
168532,36673615.79,13256944.71
168533,53721246.54,16840779.38
168534,16935067.58,19404761.12
168535,10452000.72,10971678.96
168536,168275907.19,169265600.24
168537,28931362.06,56193729.02
168538,34706297.74,49681201.01
168539,4093306.08,34991038.77
168540,1038971.55,1046291.2
168541,22086430.77,57670816.28
168542,20740953.9,96842150.38
168543,21091784.61,27463127.58
168544,101223085.21,377604496.32
168545,4633263.28,25889777.36
168546,2003844.77,3519757.76
168547,12813332.04,9375414.6
168548,409837.68,5861994.02
178601,263087.0,55882310.2
178602,2283918.0,1637115.0
178603,254199.0,0.0
178605,9551696.0,1415958.0
178606,337867.69,2205655.35
178607,51088257.77,39318642.75
178608,74825.38,501354.93
178609,11397116.8,1706654.72
178701,23088255.06,240854047.79
178702,17274937.18,21457338.21
178703,3111499178.93,2029401738.62
178704,376692465.4,438279900.2
178705,34560140.01,25858075.82
178706,1238125.0,9554600.03
178707,17210702.92,3888522.27
178708,739398707.35,951741203.2
178709,28827690.28,1706588.94
178710,0.0,3260.0
178711,17999367.08,36470731.95
178712,686387.73,7875423.0
178713,66244.15,1260078.46
178714,54088175.27,10878128.22
178715,768821.58,3626605.59
178716,192723164.24,159106902.63
178801,638532.21,318859.61
178802,99186497.38,206814578.34
178803,6278358.94,11786458.87
178804,289285.8,254032.72
178805,0.0,416220.0
178901,208700.0,1067419.07
178903,104263483.24,74395327.54
178904,8905651.0,2108.0
178905,0.0,311000.0
178906,64639.57,398136.98
178907,172998.11,242128.38
189001,2838962.78,18233387.89
189002,4465887.21,4234337.59
189003,23871924.25,26641680.19
189004,61942686.63,12990799.12
189005,248533.68,2246893.82
189006,1285072.58,1972049.49
189007,569962.35,572911.04
189008,6147116.14,673065.04
189009,782470.0,6085.0
189010,1361528.56,3050172.78
189011,679065.04,1976535.01
189012,147769.99,368871.03
189013,4400591.51,7174073.65
189014,533132.92,3508378.71
189015,3056026.99,6100484.26
189016,87845.93,840848.92
189017,3511865.74,5923373.32
189018,89929941.25,103497204.3
189019,12688332.96,14459571.92
189020,307919.62,1104931.17
189021,26401381.09,48902755.48
189022,1641418.27,12019347.13
189023,431203.03,1197210.06
189024,5218975.65,3983894.44
189025,3095975.15,9123387.31
189026,18385673.81,16317872.56
189027,7733992.07,41631512.6
189028,105854659.52,11165231.95
189029,1889195.35,10169349.59
189030,29415484.95,14683083.03
189031,21040480.87,31733309.76
189032,100273698.63,82408008.29
189033,2183952.19,12199477.61
189101,622353.45,1300687.89
189102,3593559.16,12314460.63
189103,204352.25,225716.86
189104,18414.74,48456.23
189105,522465.55,1814733.05
189106,2837822.75,623895.83
189107,1434963.33,6101812.45
189108,2850.0,21725.11
189109,148374.29,111985.87
189110,340987.15,9087.93
189111,0.0,13230.0
189112,28608.27,0.0
189113,445856.67,110687.66
189114,296192.66,314754.61
189201,11784.0,1406959.42
189202,161687.17,791010.44
189204,0.0,6115.0
189205,1453606.72,2204832.74
189206,90165.27,516757.77
189207,542049.58,2351103.07
189208,10256.97,33809.85
189209,1158635.12,1733070.63
199302,18320.0,404903.0
199303,42444.0,1139535.0
199304,277163.0,619827.0
199305,32494.0,189426.0
199306,394099.4,5140037.0
199307,0.0,6082.0
209401,696764653.22,257044865.53
209402,2116436.57,4040425.95
209403,386752555.21,161834875.97
209404,43861700.06,35247651.78
209405,60077823.18,78794350.04
209406,138509671.42,24290583.23
209501,6935.0,29198.0
209502,5620.0,0.0
209503,18070689.77,37584439.53
209504,99851821.08,61080583.86
209505,1222005.07,5965150.46
209506,66615982.32,49896799.51
209507,156809.1,1320553.88
209508,181661.52,214357.66
209601,11888.0,101158.15
209602,306812.11,7031473.84
209603,5136211.07,15355413.34
209604,81880.8,108799.75
209605,11829.17,107033.23
209606,1433328.15,5100527.0
209607,1339727.73,2538008.51
209608,8018926.02,11169043.56
209609,480339.06,1862151.02
209610,429832.41,400280.14
209611,64862.05,440043.54
209612,5115784.27,3301191.08
209613,2634279.98,4381047.23
209614,0.0,45605.96
209615,126291.84,1755605.03
209616,105036.42,422704.11
209617,317137.46,703495.69
209618,278467.58,1093260.83
219701,1578546.84,616915.16
219702,162965.24,31976.65
219703,107205.37,20635.67
219704,119921.57,62787.86
219705,92191.0,19983.85
219706,2337.0,20000.0
