010101,15093079.83,9197769.89
010102,54716512.4,275648882.34
010103,211606386.32,115768276.13
010104,38693756.53,25219932.76
010105,16363069.24,25115589.38
010106,6881028.64,28043542.48
010201,370097672.27,598909906.63
010202,87023611.73,111211499.33
010203,1502315898.38,199923184.48
010204,106007234.17,54751490.31
010205,599118.0,163293.39
010206,93112685.94,23437263.59
010207,89684399.14,248299013.61
010208,34295364.02,8929061.93
010209,61469155.61,3437622.66
010210,226867264.82,34013248.81
010301,48668713.19,47441556.58
010302,470668393.1,1114906040.61
010303,770783436.5,724797261.24
010304,268052827.24,598149185.47
010305,127939975.81,186723422.58
010306,198310085.66,1456802346.57
010307,450127345.76,928562374.4
010401,155744261.94,270471169.0
010402,66567254.32,244110121.47
010403,213308385.76,281658398.7
010404,24984534.51,74018448.71
010405,109375214.61,54224053.21
010406,219017492.27,805536588.88
010407,127279800.83,23780671.94
010408,17721925.4,18733150.07
010409,27494584.73,25347054.58
010410,2418368.21,4116351.57
010501,245241.0,2753306.88
010502,215272.18,2437579.17
010503,87629.7,144303.61
010504,68710388.06,69423776.97
010505,10942122.17,12253688.89
010506,9612910.09,1153972.6
010507,1488533.46,659897.8
010508,369880.13,154880.6
010509,267254.98,238222.23
010510,3745374.31,7709459.32
010511,77292746.02,26930011.45
020601,2143142.38,22883292.68
020602,163149040.57,148353257.97
020603,62000867.45,81924464.78
020604,4682706.76,14402160.73
020701,111483741.11,242579529.1
020702,1155966306.55,26236458.57
020703,241465841.07,44244066.55
020704,366322672.4,11010493.58
020705,640174134.22,37756401.8
020706,78583689.03,7245139.63
020707,465606314.67,2350174.28
020708,65078043.5,21738153.3
020709,1289253563.1,104033815.16
020710,235225767.02,96600283.2
020711,42930656.34,24084867.9
020712,45659535.98,19042571.95
020713,15855504.29,234253121.15
020714,2426296.32,5940951.65
020801,1986863.05,11951812.53
020802,406229677.38,537352842.02
020803,24092142.03,95328397.59
020804,144800563.44,121023173.56
020805,2722971304.42,94872660.19
020806,214294181.03,49085137.99
020807,525938997.05,49266412.23
020808,178579022.91,183879246.14
020809,886682927.21,38677037.27
020810,732459296.13,122078233.8
020811,48168114.26,29499054.6
020812,30003519.6,3909329.77
020813,22585167.7,34196816.88
020814,9478711.26,581534.2
020901,77519563.96,294402007.84
020902,4476972.75,17633140.96
020903,54739.56,1262339.05
020904,65340224.55,24815478.76
020905,132611.14,416645.22
020906,305289.27,348897.12
020907,196699.09,172877.45
020908,987832.92,422500.18
020909,2325030.14,2415183.73
020910,44556127.34,35800324.24
021001,151826286.54,667007042.95
021002,1626237.31,81583284.71
021003,9840253.68,168627074.84
021004,3790633.76,6527925.64
021005,40758137.56,601361018.93
021006,173239762.9,23894838.19
021007,316049.46,12673333.44
021008,4214072.8,9675528.31
021101,32218304.46,38264762.24
021102,6222863.92,12177439.73
021103,27532035.86,18669134.08
021104,15472820.05,8927748.25
021105,3033212.07,18715409.33
021106,41829032.03,1719500.56
021107,6597583.51,7737604.85
021108,17283840.42,35761096.34
021109,1611730.75,8205042.54
021201,3638189.63,440647154.54
021202,2105539.93,27421153.81
021203,61618.59,0.0
021204,244703.22,817258.22
021205,734817.36,10248316.79
021206,22029640.04,215572359.89
021207,16290196.71,23666499.83
021208,9124278.87,9744300.35
021209,40517794.82,214883422.64
021210,1143285.0,1398280.88
021211,17361176.6,45559596.55
021212,32293588.59,51099370.56
021213,3718933.42,730994.88
021214,40169956.73,7823188.68
021301,6466254.26,11291208.12
021302,204321157.11,92652587.23
021401,6278340.57,4819960.41
021402,36488.91,7105.05
021403,172859.3,46873.62
021404,8541466.2,3339371.91
031501,4107357.08,39755016.48
031502,871502.63,30908273.28
031503,2034269.16,260371.21
031504,11954832.21,12919501.87
031505,333119.42,1325628.61
031506,923075.09,12368842.88
031507,60162137.85,27351400.01
031508,1225549.76,1673880.71
031509,2210419079.92,339596125.81
031510,72820640.25,58081614.4
031511,34328056.73,101025603.36
031512,51987552.89,51392587.11
031513,7059554.1,11148455.21
031514,24959852.69,16515334.17
031515,63432858.03,34406515.73
031516,43072426.07,18411258.48
031517,45280553.63,63650280.03
031518,9079469.8,15953081.85
031519,31573591.12,179775911.85
031520,4925979.79,12337224.42
031521,2210127.33,3815111.3
031522,857185.99,3940817.02
041601,154851965.81,68327472.89
041602,183240743.21,192375281.03
041603,3513621.92,1650880.07
041604,507381119.81,449590730.79
041605,84641374.15,157157174.95
041701,114422789.33,383003038.47
041702,40174267.11,102822838.75
041703,1414377.75,8873210.86
041704,377376078.28,111647952.59
041801,345094.93,63851743.08
041802,235739.22,10014149.24
041803,7287062.66,21943493.55
041804,40017363.98,11801187.9
041805,40802819.56,12467468.2
041806,257148305.33,390336758.3
041901,164657555.02,218588524.2
041902,35337615.97,115715024.38
041903,297942.03,428316.26
041904,143292377.57,161532465.15
041905,478512938.27,593058657.67
042001,70708670.61,32098685.18
042002,194642866.35,15075421.2
042003,55092090.16,8142424.59
042004,37945243.19,121924116.01
042005,837088975.83,282503809.58
042006,5935891.31,2856634.69
042007,42729739.04,32963174.19
042008,336283888.08,164477747.18
042009,485966035.94,209473515.45
042101,198725433.58,78789717.27
042102,10353383.44,34079885.94
042103,183032602.98,102239265.88
042104,84406891.48,44274156.19
042105,122131864.73,162975065.83
042106,298232157.04,953929096.23
042201,17246766.35,16131717.55
042202,206203076.55,258279573.8
042203,80398171.94,210920360.18
042204,1977194185.7,182263032.39
042205,92628890.48,10558742.69
042206,9923942.6,13758638.54
042207,151585178.74,48498803.99
042208,331450353.12,1162277997.78
042209,22925713.38,9754385.92
042301,71273476.45,38200535.45
042302,11401788.66,44783560.37
042303,24952322.64,30052804.04
042304,37936450.63,704071127.78
042306,23390605.34,25376815.66
042307,577048.66,3825298.49
042308,5034771.67,5466217.43
042309,308939698.93,373878402.13
042401,111501485.32,127503669.51
042402,165942696.81,1218364420.23
042403,8273898.6,53536061.98
052501,37881858.33,11984225.45
052502,744356.01,368597.18
052503,6951146.22,16815227.52
052504,4048299.25,3408342.29
052505,19376683.57,20791530.84
052506,21416086.91,6197105.06
052507,26530801.21,71551862.15
052508,30657876.02,59675134.63
052509,11598399.03,1489091.25
052510,215708.93,67258334.96
052511,7652295.52,5320273.51
052512,3707297.65,4227884.73
052513,5718768.63,1587315.32
052514,12251554.26,6946758.66
052515,225138524.48,65052293.73
052516,63188946.64,123813167.72
052517,13936177.53,10502673.46
052518,6095918.09,1104898.72
052519,33297348.42,30750641.83
052520,99340486.73,13191466.06
052521,4826975.64,38899.47
052522,16162048.24,871827.55
052523,131273694.62,538433458.79
052524,2393.15,0.0
052525,1066697.1,1178484.11
052526,10789759.09,21694092.22
052527,0.0,30590.0
052528,1437706.07,992913.7
052529,16721355.35,61773226.9
052530,124319213.14,26073930.6
052601,1616330.19,225412982.78
052602,309064.66,7033085.12
052603,40030353.81,885488375.09
052604,95756088.51,0.0
052605,84361.75,0.0
052606,2639008.31,15910681.3
052607,107358.91,218363.19
052608,48117335.9,259902257.95
052609,328865.87,0.0
052610,888928.51,214204.76
052611,1256.0,24207.0
052612,0.0,6097.0
052613,81339.0,73809091.52
052614,1070770.76,12769132.47
052615,21597868.04,48080768.27
052616,3276873.73,73610214.84
052617,2063562.99,1468426.09
052618,3459735.83,7069672.28
052619,1578959.96,1153490.37
052620,372836200.69,125667231.83
052621,4673883.28,1730533.1
052701,27795606.14,687295749.34
052702,18510.74,28663.36
052703,4082148.94,25441606.49
052704,230795726.41,6912742.63
052705,8576.79,107259.0
052706,301935.11,42790435.02
052707,594998733.79,64165257.31
052708,40585185.88,903803.02
052709,12719112.52,3478730216.23
052710,8113991974.68,11181413533.89
052711,827413881.61,7863990361.55
052712,89870169.49,42882070.79
052713,244952704.45,409542902.46
052714,20146064.9,331515.08
052715,33302031.24,5074434.39
052716,668343103.88,394840614.64
062801,7153520.62,5114270.44
062802,316965.89,344199.18
062803,16545437.06,118828157.36
062804,41312824.84,31048570.33
062805,5649783.06,6856775.82
062806,3074370.14,5153067.61
062807,20038920.88,4734817.21
062808,3288982.88,4314924.8
062809,19765634.29,39977928.76
062810,3384312.18,1902899.8
062811,55080446.3,94380544.3
062812,391111.01,3735500.7
062813,1321961.51,1165593.19
062814,24336047.16,105276689.87
062815,58126253.18,58630454.55
062816,485299.11,2306776.12
062817,37411663.02,142124369.01
062818,197221276.6,76059993.57
062819,3205306.94,23036605.03
062820,7313894.47,1463877.43
062821,10596004.82,28414350.35
062822,775249.93,25262925.1
062823,3453046.52,22194896.52
062824,4633573.91,7310946.06
062825,13886505.89,64317857.93
062826,14944752.59,15316667.24
062827,22059001.3,35122602.44
062828,17773961.42,6516563.13
062829,10210079.35,10840905.67
062830,10481914.08,4684663.02
062831,505044.07,519599.81
062832,1751191.47,6926579.95
062833,124880592.83,32743524.76
062834,7085727.59,58086799.0
062835,124258176.42,55513277.68
062836,80510272.96,136280810.73
062837,661915.9,4288335.48
062838,297723.67,1358736.45
062839,13132699.46,15445588.28
062840,17554870.35,16223819.15
062841,11789748.88,30796553.67
062842,4538429.27,12070326.17
062843,5481877.17,30475045.17
062844,69101910.81,372389402.49
062845,20021.66,377686.01
062846,697863.39,6975652.44
062847,27469497.61,4673949.0
062848,17751.0,25241.36
062849,15785924.75,11750583.59
062850,833918.18,3107633.95
062851,1842392.52,2282547.53
062901,396792539.03,267754635.85
062902,551789772.78,799768952.47
062903,92474828.18,169349443.1
062904,16817108.34,24095158.44
062905,147071821.64,464566161.56
062906,61862903.44,33292589.47
062907,265667510.14,162285333.17
062908,13736503.42,2769656.3
062909,79504388.11,230140580.49
062910,10912726.07,102002597.13
062911,4887990.69,5975770.97
062912,100120856.21,58033000.82
062913,683003.1,1403653.82
062914,215469592.4,172994121.54
062915,276987506.07,322333238.27
062916,111819426.13,225781573.67
062917,384885341.47,371031774.5
062918,208962119.86,245516434.93
062919,2665859.23,28326286.48
062920,7605694.32,32570542.78
062921,58188462.04,286068245.27
062922,172790339.95,397038266.78
062923,43488972.25,37766878.4
062924,63065266.12,536218074.78
062925,29841088.3,23434527.59
062926,52398995.66,32016786.63
062927,6070378.07,8993414.24
062928,21198260.18,27461588.68
062929,51802129.24,138949523.79
062930,129917809.44,183515029.98
062931,15684261.09,280460166.79
062932,111057372.86,163479575.74
062933,701152775.02,1676420626.96
062934,100264960.77,885322063.95
062935,38113338.8,74705265.96
062936,41507237.14,119480667.85
062937,75472999.63,60253630.57
062938,26702768.83,29406737.37
062939,43170555.95,67078794.83
062940,1473823.38,25544658.89
062941,462608626.29,193371146.9
062942,13412689.15,8234056.11
063001,40238105.75,35994998.08
063002,580044654.76,1068420417.59
063003,161585104.37,106060224.59
063004,6656179601.99,7497442728.78
063005,94687393.6,168531377.83
063006,128091342.36,298502521.98
063101,16977656.12,18763177.34
063102,89183056.86,203476644.84
063103,2665121.71,12943118.45
063104,101550230.88,23477864.3
063105,139430732.94,199967518.28
063201,2286688.03,6612878.37
063202,39353609.14,13936227.09
063203,52938221.57,28162792.71
063204,255969769.87,263306449.57
063205,1455579.27,4353528.44
063206,195338960.23,292342760.38
063207,696476630.35,110071534.76
063208,236075528.16,333926875.07
063209,97658651.87,135146175.82
063210,24576691.68,31716169.0
063211,6936708.65,1256245.15
063212,23589568.72,71249028.78
063213,5216900.92,14388462.74
063214,76411622.17,140401945.58
063215,190941567.26,444853444.52
063301,72038413.23,61512536.64
063302,281021869.45,661224724.86
063303,550290792.94,394950768.77
063304,450888693.78,725581820.72
063305,380466969.72,282290430.6
063306,76125969.78,78042150.27
063307,460833048.19,234314021.3
063401,192169420.65,75895565.98
063402,702034009.23,572145188.48
063403,101607851.29,114296164.72
063404,42576736.59,49533384.1
063405,41130141.39,33575073.89
063406,6265795.12,32168842.11
063407,4708264.39,9390629.67
063501,7012964.62,102235082.86
063502,6184941.67,7730411.51
063503,24865790.2,46024028.65
063504,11467437.81,45117753.37
063505,20919657.38,53077805.65
063506,85752416.99,174708635.47
063507,10501331.05,127710262.13
063601,6937053.48,4198671.66
063602,12563164.13,4543648.0
063603,18756657.92,21817079.0
063604,13270215.65,13856514.01
063605,741317.44,3721828.84
063606,2043221.19,5636312.82
063701,69515721.35,231024049.86
063702,13157022.19,68879209.32
063703,11270283.68,45072227.83
063704,730083.35,1274842.1
063705,2157684.74,1206540.38
063706,6870092.8,20244924.61
063707,95218915.8,234945476.66
063801,14573698.07,14640711.68
063802,19434935.29,30925647.32
063803,1404888.01,423465.86
063804,2701623.83,12027696.36
063805,1629467.66,4135140.26
063806,41547393.84,71047939.53
063807,1018287.16,111911.16
063808,431741424.69,451395679.61
063809,127500510.41,56579369.73
063810,4402559.42,20841379.27
063811,28323868.9,229533333.1
063812,62127340.93,105730398.74
063813,4452928.86,3163290.46
063814,13240407.73,21137203.85
063815,57067266.81,200124865.24
063816,62117654.21,27264689.89
063817,159265524.42,7475740.0
063818,4097696.83,94001485.02
063819,10923877.81,9066591.98
063820,8140447.73,10836357.26
063821,16826625.82,29154484.38
063822,147017264.67,494834177.11
063823,447019944.37,729070639.26
073901,721572789.12,1596315935.16
073902,679056861.95,764322727.56
073903,348699272.72,364597023.71
073904,208329745.72,337148478.39
073905,51074464.16,88870898.6
073906,163279491.64,313471107.9
073907,1710723253.1,1006809735.65
073908,136936845.43,258670317.25
073909,292934239.1,301247616.79
073910,31799146.27,123778672.0
073911,39680154.24,89119297.06
073912,21714715.9,148670578.4
073913,59439782.6,29381274.91
073914,877021.47,7912600.37
073915,59012621.15,28998677.07
073916,35612722.71,144478331.78
073917,408597562.0,474641092.16
073918,15502242.99,64726745.84
073919,155128031.79,362718319.02
073920,663799661.33,1084758183.0
073921,370462399.54,567156138.68
073922,81776471.95,104772434.98
073923,698465913.28,806575895.7
073924,167139995.48,210172515.2
073925,114414387.31,140575972.56
073926,712634470.92,1154865809.04
074001,14876314.77,254445921.09
074002,223240053.09,497003021.4
074003,1237423.6,4340453.17
074004,2196090.01,9444875.69
074005,139291156.12,274957257.5
074006,8815199.97,16733681.07
074007,1975387.01,430405.91
074008,139690589.06,111126659.64
074009,210777519.99,265957708.97
074010,94215723.97,122621391.94
074011,2241418221.76,1414188706.92
074012,44159735.74,41727856.89
074013,4391526.24,10580814.76
074014,42792559.86,42843945.92
074015,7813124.03,75342542.64
074016,486379755.22,426867281.55
074017,10044490.37,8139582.81
084101,109151318.85,56224112.61
084102,119631082.37,31345073.06
084103,14005178.37,7364158.43
084104,275286839.44,386605802.41
084105,98172823.4,26506228.14
084106,18400843.81,48621616.78
084107,31371545.13,74731599.36
084108,12626561.12,6396868.78
084109,7920386.68,21122177.77
084110,3201867.3,1012259.11
084111,8114248.44,3459697.76
084201,5087263.84,18045609.82
084202,460130985.4,947757834.21
084203,110037207.33,310710249.56
084204,934093.28,571056.65
084205,20144704.44,32537607.94
084206,12960468.81,909559.3
084301,14824162.2,12788498.58
084302,138559458.93,29405988.13
084303,11542738.15,64009078.29
084304,1655899.38,2112838.84
094401,36699423.97,15265282.25
094402,16671606.97,4806386.24
094403,30124552.21,223413175.21
094404,1684349.13,5837858.96
094405,702491.61,864973.37
094406,2061647.61,5897808.88
094407,57043494.82,801495846.28
094408,128759688.6,272371829.28
094409,51629461.93,130045624.47
094410,98568577.44,171051540.17
094411,429273662.08,290804130.22
094412,125979916.77,133080323.72
094413,5480120.7,13885356.21
094414,9404985.2,25488087.14
094415,62467158.01,63813187.62
094416,25107076.2,48564716.66
094417,3452824.78,2996389.64
094418,142203329.45,396332684.23
094419,6118542.38,14472969.07
094420,12845412.59,54096302.23
094421,62374682.8,124981493.68
094501,74481434.0,32186968.62
094502,36420661.19,7579053.07
094503,82443594.15,88242264.69
094504,98055707.73,56328287.2
094601,3699908.17,20067452.67
094602,4284726.25,43171615.97
104701,14470394.22,3692201.64
104702,15882542.22,2109467.01
104703,497280759.5,400710968.51
104704,17495096.21,37131278.41
104705,235282.59,22150951.34
104706,47872493.81,7118569.03
104707,53750330.39,123236100.67
104801,203776304.85,254181044.77
104802,267317669.02,667578812.03
104803,71976036.16,113524777.83
104804,196398089.51,479042379.74
104805,356694126.52,346269551.94
104806,5279317.62,53504539.38
104807,21160189.02,30628296.63
104808,34962520.23,17118038.03
104809,83887327.79,23333791.63
104810,576244055.27,1193748949.22
104811,504491782.97,436611682.94
104812,2718782.11,2719458.35
104813,108595139.9,17028444.7
104814,15806917.05,15722001.52
104815,473764.81,31329.7
104816,56331732.13,9373265.37
104817,62378216.03,16050425.09
104818,367869392.99,429439499.35
104819,322392345.97,330149744.92
104820,43051023.79,78007337.74
104821,70826085.5,70867015.2
104822,17935967.97,5724673.71
104823,82092890.17,125366607.81
104901,661993245.92,282498339.1
104902,283492253.83,167112883.84
104903,9172037.69,7103408.87
104904,530464.06,4177122.23
104905,5767700.9,7361964.97
104906,6535379.75,2991586.76
104907,4294165.59,11522975.0
104908,10201078.8,20653984.58
104909,9149208.12,10510924.5
104910,1660519.85,6242422.37
104911,154059075.23,151766476.83
115001,60803.0,0.0
115002,96539.42,52742.89
115003,39017.0,576982.34
115004,193565.13,514845.24
115005,869545.37,395118.76
115006,572011.07,126336.48
115007,24965080.61,100793376.73
115101,25582074.2,10510181.49
115102,1902217.56,1766470.99
115103,1375577.43,1297143.96
115104,271800.6,0.0
115105,25806996.04,15282022.9
115106,8271687.97,9107019.72
115107,13528593.49,19751995.8
115108,221024.95,997365.52
115109,3004644.14,2483799.33
115110,939797.0,59164.0
115111,29176185.45,46840442.58
115112,87826877.24,66882365.54
115113,691008.8,1216923.92
115201,93819462.35,7350361.53
115202,5582892.87,20204922.98
115203,2126362.36,2604433.35
115204,7030164.92,4942620.76
115205,81285147.7,134890822.41
115206,59764940.14,7328535.27
115207,4207357.37,7404133.59
115208,163254854.43,243688084.4
115209,292152634.61,150269613.86
115210,92760114.52,43988215.09
115211,74402772.08,30996230.07
115212,27172358.9,34255386.65
115301,1364723.78,10397941.94
115302,500382.18,2642515.04
115303,271435.61,108329.14
115304,735030.09,1081065.24
115305,329400.9,716870.92
115306,1778351.86,10697741.32
115307,159962.05,4679275.61
115308,2794949.63,596538.86
115309,43998884.75,48434474.18
115310,562542.01,1127145.84
115311,2790847.44,3772676.54
115401,15185810.72,18057431.66
115402,304586310.68,377633123.34
115403,47017143.0,50717438.67
115404,12056563.12,35004049.24
115405,193959.0,227572.23
115406,1156424.19,2023350.39
115407,269545987.55,258776810.88
115408,33601576.32,61551030.88
115501,73340665.82,17241194.36
115502,1836564.08,22870184.17
115503,162608569.53,135088917.63
115504,37971309.31,50715365.07
115505,5134491.44,4944245.01
115506,15637237.59,11319458.42
115507,285402.14,1528617.04
115508,13120170.72,10298279.05
115509,107482368.22,105597495.7
115510,17887896.81,28266916.0
115511,5093037.24,4863622.91
115512,78965740.72,26772613.18
115513,63176503.74,44345479.84
115514,31729140.49,19734273.62
115515,56492033.79,74148382.5
115516,95300864.15,56523657.47
115601,24322357.2,60837399.5
115602,30890390.66,30407424.81
115603,218790916.36,312646986.26
115604,2698345.7,9869900.17
115605,1023912.21,5963639.54
115606,942275.13,38758629.28
115607,21473959.77,24840999.74
115608,46818222.51,19581358.69
115609,3800765.55,7902465.32
115701,2910958.67,17172412.91
115702,36364353.31,30864219.23
115703,25387781.93,94142224.56
115704,4082701.72,15077361.62
115705,11440911.47,20534758.88
115801,47125188.32,94057567.21
115802,653798.37,1618466.38
115803,2036851.93,429443.53
115804,9306799.04,25085921.39
115805,971364.06,1099914.55
115806,71868437.38,49924992.56
115807,21326638.99,9551792.22
115808,7771446.95,10363160.79
115809,536654.48,730740.87
115810,17740082.33,80000254.51
115811,11511246.93,1219182.64
115901,6488587.07,11389524.48
115902,37261053.04,59568665.12
115903,111369031.15,138828190.88
115904,232144.59,1735963.33
115905,496659.69,2166437.54
115906,14472840.18,40984831.62
115907,28542094.65,11138718.16
115908,346570.49,133919.71
115909,10338703.94,5116851.14
115910,26089586.89,10259756.55
115911,78631070.63,108478181.89
116001,36970274.0,41359985.25
116002,240626557.4,155709225.71
116101,26789320.38,36695356.13
116102,23628568.16,50056792.17
116103,61184767.6,102831402.32
116104,187270736.01,328313237.11
116105,52052485.46,193221502.04
116106,72824381.37,158657886.65
116107,40261572.19,123118957.18
116108,65823462.86,249845495.63
116109,414232505.43,1370255630.24
116110,440462073.7,1186197960.13
116111,45395588.61,243584806.16
116112,59417760.04,197870961.44
116113,13268507.69,8311122.18
116114,98036174.26,156899559.68
116115,71971031.8,230045383.2
116116,6992876.47,41888841.83
116117,25770667.74,52117484.93
116201,80423895.77,302780738.73
116202,153467721.32,433284238.54
116203,402734393.73,1245810935.76
116204,930030118.97,1931296701.8
116205,146715075.32,424841702.05
116206,158539623.88,414251634.88
116207,12293280.06,48086979.2
116208,24686644.01,99977684.39
116209,44231226.65,112407489.06
116210,18486509.91,138809473.06
116211,100245535.47,273917425.46
116212,76836204.52,198440490.05
116213,1756610.95,3261578.41
116214,16492362.33,88091573.32
116215,12404426.25,43153888.27
116216,1668635.53,19254016.91
116217,64816718.61,47169573.94
116301,47221306.71,78545444.97
116302,110435493.62,388123502.81
116303,29260440.2,56197851.27
116304,36114860.16,106621690.84
116305,24719293.77,64492770.34
116306,17590404.42,51191382.76
116307,64564639.82,143965516.38
116308,5114106.02,4383607.87
116309,7950780.17,11406654.83
116310,3852983.75,17459774.67
126401,17143905.53,19569078.73
126402,133950187.75,467168310.99
126403,1415763327.7,1235793495.85
126404,243775084.35,326628678.34
126405,80496283.97,42589542.95
126406,134554120.54,126737444.42
126501,62651.0,92308.92
126502,21635.0,280392.49
126503,1065416.35,2814064.37
126504,832976.56,3164735.99
126505,13714743.47,83594788.34
126506,20530607.21,84619986.58
126507,787770.88,2003810.2
126601,8348389.17,54043236.0
126602,662826.75,2751990.73
126603,2378211.34,8958954.41
126701,334748.47,1568969.57
126702,4838569.99,40017157.26
126703,1538094.86,2974726.29
126704,4686962.96,14528229.64
136801,16230344.42,9695364.9
136802,451691125.33,166062014.44
136803,392966088.92,17037522.41
136804,61861289.53,123124967.33
136805,60073754.11,91722356.08
136806,38087221.32,89588293.79
136807,42289112.93,21836943.43
136808,5789412.01,16695671.24
136809,62108286.0,56070465.71
136810,252815282.14,92582590.5
136811,9152940.5,14015297.48
136812,1246025.67,2716163.87
136813,41759967.0,17838846.38
136814,1088764.36,6573434.35
136815,43966999.22,144598413.01
136901,16211025.73,3587909.92
136902,84817668.31,70797064.59
136903,46018379.56,45511853.52
136904,7610032.3,9397828.36
136905,38021732.41,15393154.77
136906,2996481.21,2560636.06
136907,141847979.98,54687036.28
136908,2437842127.42,103440026.4
136909,8796473.27,18725353.76
136910,158229932.64,303570282.43
136911,25643512.69,125827358.32
136912,17154502.27,64418201.38
136913,78223143.52,28327712.95
136914,22888053.63,11013027.43
137001,8432306.89,13151368.65
137002,16045065.45,13252543.89
137003,18651413.12,11394573.81
137004,842804.84,2266682.08
137005,76672257.49,139098396.2
137006,29629337.55,21914723.68
137007,281888736.12,268252059.69
137008,17884398.44,5285351.86
137009,159096773.35,118607853.42
137010,181626429.07,336903586.48
137011,3741896.26,1705005.8
137012,18749.13,30527.28
137013,114480888.92,213070211.23
137014,864245.16,3826169.14
137015,322213.16,956649.67
137016,43782648.88,34550851.58
137017,7439581.1,19975721.47
137018,13733158.29,28951068.9
137019,169185693.45,261552306.75
137020,11440480.32,43060245.73
147101,2891664.69,19601572.6
147102,15666674.79,104689677.89
147103,1121216.16,13359888.08
147104,1352825.57,5951800.29
147105,1785261.19,13215981.26
147106,70150493.15,123109335.61
147107,1287284.95,1750417.58
147108,93125292.84,400542372.58
147109,79256.45,94926.05
147110,84293071.04,64131477.64
147111,69400.0,12487.0
147112,89403485.88,39691747.51
147113,256978681.21,408288093.13
147114,12859139.32,12893759.65
147115,2925721.81,20480704.05
147116,4471867.17,14448809.37
147117,57408694.31,222109825.43
147118,4226198.71,820493.22
157201,7408011.36,130266375.09
157202,156535219.98,670085167.41
157203,2655570.24,86644642.58
157204,133530201.31,1882628918.51
157205,22419214.47,87981766.43
157206,8876274.3,42674823.77
157207,45427517.24,610268685.53
157208,470446189.25,1847682487.35
157209,160420170.47,463940648.78
157210,495324368.09,1545475032.49
157211,125458088.56,80968523.9
157212,75781429.87,71831588.87
157213,313139090.03,751857699.76
157214,258280291.78,778581947.62
157215,106750884.21,58145395.92
157216,1113868603.28,267556264.52
157217,152239171.58,203979206.13
157218,198481370.08,113562070.9
157219,1785785247.95,593979352.41
157220,80026989.77,95689976.06
157221,238096942.48,23368330.26
157222,601969776.2,137490340.49
157223,82585565.42,39232737.68
157224,14607158.13,78127464.12
157225,124973855.67,711283239.57
157226,6662443.66,97286861.06
157227,57527500.86,53933538.61
157228,375302076.09,185380504.86
157229,25320284.75,25384550.47
157301,9069375.27,17882032.9
157302,105253829.55,31772818.27
157303,38641074.91,66772689.24
157304,762089881.73,297053569.73
157305,41933401.1,80999272.28
157306,404300839.68,598670199.07
157307,223061280.4,276589106.35
157308,511632264.89,639266306.67
157309,88318893.34,36139910.04
157310,361197780.07,117760021.53
157311,24964671.45,41205938.59
157312,178960262.55,228395136.0
157313,5735621.01,11770331.29
157314,125718315.81,116919009.7
157315,69837095.19,69043865.65
157316,6872015.47,7920746.24
157317,36742493.35,39139757.98
157318,351428887.93,671680410.44
157319,2059730.74,3858214.52
157320,168121448.07,127334747.97
157321,169170756.58,125581603.84
157322,25715293.76,99519158.54
157323,105715667.25,212212011.41
157324,124513775.48,71168729.57
157325,186582618.9,184200457.36
157326,651538200.8,770139328.82
157401,188720.56,2211003.3
157402,281207200.1,21484381.42
157403,247327649.33,433517086.25
157404,456463067.73,363459479.63
157405,1055254.33,1590374.68
157406,6087042.98,14214093.76
157407,88496610.35,216705940.49
157408,601059341.79,676795697.01
157409,73622117.42,180210806.91
157410,24957499.35,57777194.73
157411,135504330.75,346859756.34
157412,81047255.8,149604600.91
157413,38657749.89,47190869.54
157414,1324310.71,1982146.81
157415,9922059.52,14756622.42
157416,252044.08,103373.57
157417,1030305.79,472316.13
157418,19421455.42,17492004.56
157419,25173724.32,54528767.61
157501,341509.0,5570771.22
157502,5508376.07,284434397.93
157503,6035023.19,2289410.16
157504,66041.47,2511747.28
157505,4521361.19,42425343.36
157506,950561.83,10660301.68
157507,5379119.2,9861112.24
157508,14177368.6,12752691.6
157601,414492366.0,790978250.69
157602,106856800.99,189282756.28
157603,2965915.31,7013285.94
157604,512587819.52,310739210.09
157605,102329840.34,177248829.27
157606,465704920.65,581428586.28
157607,302824847.32,242298684.96
157608,28760476.03,72639597.52
157609,9181999.95,13823633.53
157610,112376358.96,128353283.72
157611,1784562.17,2284883.15
157612,111877178.25,170901093.64
157613,1479426.65,6001545.76
157614,13688998.66,19246148.62
157615,28195960.01,61010929.15
157616,268347025.74,377623267.19
157801,14452281.7,108914022.69
157802,4923172.76,7463605.4
157803,730640.83,253829.17
157804,3704861.15,6013727.78
157805,396052.57,23113.95
157806,5247011.24,1947014.75
157901,1281149018.22,92994855.26
157902,11942571.48,11977998.42
157903,5593248.55,3061586.9
157904,7556457.62,6588562.1
157905,9522644.6,17026966.14
157906,2334915.24,1296996.56
157907,22759678.52,15728157.01
158001,2378523.28,27271334.51
158002,1042576.69,482968.87
158003,771201.17,2621712.76
158004,213038.85,19014.71
158005,1281888.72,144560.11
158006,163276.0,111071.0
158007,1246143.03,963110.17
158101,6024588.36,6999896.68
158102,1440281.53,4781531.55
158103,57384.52,254103.54
158104,5339744.71,18647548.2
158105,341344.57,4029800.2
158106,717739.42,724415.58
158107,8126.0,3434.82
158108,25731345.57,82519325.24
158109,557732.76,1223871.51
158110,127589.44,8049618.58
158111,9023685.57,11962386.41
158112,4238100.27,8264262.4
158113,1936176.42,1434179.55
158201,12354345.31,22917042.71
158202,28020853.43,90026317.04
158203,29460311.25,41778386.17
158204,29963065.48,39205132.45
158205,94712216.26,176362990.7
158206,14823264.37,45522911.48
158207,263112112.31,404266909.4
158208,22801776.68,38566736.59
158209,14984590.64,73665575.1
158210,2084905.93,8672351.12
158211,37085241.45,39897517.91
158212,36393434.19,65138430.55
158213,1532486.69,11357727.08
158214,7129798.56,18676293.77
158215,13547126.6,79562113.0
158301,262745913.87,281739011.78
158302,412370435.02,754946348.42
158303,26409992.11,17225545.5
158304,4133401.9,6412731.77
158305,9741608.87,14630335.26
158306,28604322.09,51877411.34
158307,33757810.12,21974853.89
158308,48452978.44,58603294.12
158309,213870350.65,219283293.69
158310,10027816.47,12321529.72
158311,25096902.32,67770262.24
168401,155339275.77,62191314.17
168402,95679072.3,74537537.43
168403,72815086.26,295690488.35
168404,55456868.58,19893672.71
168405,17554086.4,27295329.85
168406,37973101.37,276420939.96
168407,642648767.14,1596778851.46
168408,1604462579.68,2329445635.22
168409,981724263.93,1201973572.23
168410,29273170.33,6752977.4
168411,555002673.98,1626997286.19
168412,95210066.49,148499402.17
168413,613565156.41,918127512.27
168414,487373028.59,1345919553.52
168415,484726449.18,1299210100.19
168416,27383032.14,62482210.63
168417,112124594.11,105915079.0
168418,668462600.61,1403355024.75
168419,439081396.05,565263559.74
168420,11023944.25,15004833.74
168421,504125733.82,1155877441.96
168422,516266637.92,723667041.65
168423,45429844.44,82446269.94
168424,200000684.62,441882587.06
168425,71458586.45,99471876.03
168426,290842470.62,530830389.76
168427,142838496.69,580039247.34
168428,526776676.12,770497675.35
168429,126229113.11,1117544436.17
168430,41419820.97,169250505.34
168431,638371618.46,1040513356.64
168432,83324271.62,89791292.71
168433,70431441.74,308680778.65
168434,33297537.15,39253289.79
168435,16401843.03,25877877.66
168436,111280762.69,81304640.23
168437,39395196.69,21115920.43
168438,194677954.55,396858444.77
168439,92087357.07,173261277.84
168440,8287593.35,70159382.56
168441,135719441.39,176294747.24
168442,25801178.12,71424428.46
168443,181008495.25,548619310.25
168444,2215133.47,7647587.16
168445,54751075.34,20013114.81
168446,9939615.22,11449082.74
168447,23661145.64,28853602.44
168448,53566473.83,54004686.32
168449,4174793.12,7683236.11
168450,517402052.3,321477801.74
168451,89433289.49,166890248.22
168452,15891914.58,46595652.45
168453,17690227.28,16178641.93
168454,32029892.65,58174899.33
168455,112585575.63,186082333.81
168456,24073861.79,75572313.17
168457,79605505.93,80311082.38
168458,105741375.83,61547613.19
168459,193708961.31,47063148.24
168460,55172347.5,47797022.16
168461,20048856.4,60331411.01
168462,226414581.1,251090195.54
168463,40081610.48,34137907.01
168464,51614468.02,86189958.15
168465,79620051.52,236894764.69
168466,191542047.69,360932709.98
168467,33441152.26,227942520.17
168468,12674808.69,21425475.08
168469,536877.32,545334.02
168470,27498117.13,85624336.29
168471,711098185.65,5865914511.91
168472,15397687.86,173445679.58
168473,595044350.06,2029661795.03
168474,244854307.39,381474987.65
168475,28008261.09,35342991.89
168476,53161894.15,99794918.02
168477,116954271.98,419913598.93
168478,3158855.22,14198441.31
168479,557361586.62,905076117.66
168480,181278925.32,238452574.36
168481,1062761270.98,1337616820.24
168482,311665839.02,473094430.24
168483,574639340.69,864807654.07
168484,86677467.17,43483812.66
168485,93959418.77,153452768.37
168501,520222741.3,968554038.7
168502,807974843.91,204951742.98
168503,518324214.78,423465839.44
168504,401945546.87,868779910.79
168505,27958023.41,60011275.52
168506,135685903.2,140996678.37
168507,384254262.36,344145421.51
168508,52299741.78,284745307.94
168509,184546203.29,300913810.65
168510,6038508.77,65825335.2
168511,379459979.34,478944142.36
168512,545471545.47,400590959.61
168513,14493512.14,34882077.56
168514,41544233.27,69221320.0
168515,89787253.63,233126607.1
168516,648159588.17,1037605194.11
168517,454383113.62,2029865621.99
168518,105587236.41,362703611.12
168519,41249359.77,90620863.05
168520,33081004.6,142495943.36
168521,224392722.18,1389862425.3
168522,23508884.5,96382253.72
168523,74085013.16,214316351.8
168524,205047737.26,833319498.58
168525,2021556035.53,4573729783.18
168526,98272617.7,306887287.67
168527,99853023.74,678725488.34
168528,3021457507.73,2624499123.67
168529,281913596.56,1717142947.37
168530,36211748.58,52094953.75
168531,222271075.56,387321110.65
168532,70644241.53,139003740.04
168533,48114102.45,79867544.82
168534,139661916.85,218250769.74
168535,73262733.78,167755482.48
168536,958658992.01,1561767248.67
168537,285553315.48,474448960.56
168538,307885929.58,604840931.22
168539,101575505.38,352183100.5
168540,3896095.51,32805409.01
168541,205230385.82,1371627839.16
168542,636556684.63,1140846888.18
168543,335846227.81,497875927.74
168544,1516589936.7,1980164729.06
168545,242818422.8,88813734.2
168546,35249154.79,45939949.58
168547,72477720.9,118689993.87
168548,52301526.21,69897459.86
178601,9425557.91,11683597.89
178602,20950467.69,10159053.34
178603,24842386.0,567951.0
178604,8121395.62,4715447.29
178605,257595929.34,885297.17
178606,647998.25,3509349.16
178607,243805816.66,279935360.89
178608,52538957.4,13347894.21
178609,11398558.98,31352694.34
178701,298914056.61,1808779474.84
178702,238758006.4,182038614.88
178703,25849051660.19,24557887762.57
178704,5787411350.5,3014683911.4
178705,195010834.63,484020761.02
178706,230787098.06,267396530.25
178707,88378827.83,92628674.48
178708,9751208232.67,14511044888.29
178709,10707365.15,23592962.04
178710,6698427.0,2161745.0
178711,601732836.25,1138026385.08
178712,81549209.11,132076969.33
178713,10863557.41,18158644.76
178714,230056286.48,591004934.04
178715,19652347.42,94784425.6
178716,241498520.13,456239319.86
178801,2822975.94,652091.29
178802,790507791.01,2743724662.9
178803,1274351800.62,744251994.24
178804,2607009.43,4348730.79
178805,5995799.67,14423468.09
178901,3173890874.65,2520650816.77
178902,104084199.03,333196.26
178903,1471586873.63,1894577418.44
178904,55382953.0,0.0
178905,91842117.73,1307613.48
178906,79618750.13,25546713.5
178907,21805761.16,13578880.37
178908,30032366.42,843045.01
189001,50808295.46,190427965.95
189002,4665299.44,50894744.19
189003,15494980.77,127014671.42
189004,28384101.61,251539280.11
189005,4171292.66,25781258.17
189006,18562697.55,70356242.53
189007,9509986.15,22919305.2
189008,2457410.28,15436916.89
189009,23689484.65,362586751.1
189010,10132591.19,47068715.86
189011,7419887.11,35217863.57
189012,666403.01,11242805.04
189013,37310113.95,864049719.13
189014,36781247.91,106700822.04
189015,24585809.7,122247367.53
189016,1806108.57,2930045.52
189017,9876412.13,39754284.58
189018,548662697.34,1596755209.21
189019,57978890.36,157774253.8
189020,4831206.19,20758958.79
189021,128492449.8,820147066.98
189022,154135654.78,326705851.81
189023,24013618.28,27892217.82
189024,19329247.07,28188486.08
189025,14879182.93,50475144.6
189026,71517576.36,265612693.57
189027,129536846.03,501068624.31
189028,20109714.59,103067599.97
189029,151182813.63,121349554.39
189030,77300934.38,146302301.24
189031,290942830.52,376122777.3
189032,380441011.66,586657566.51
189033,23218314.56,55024596.75
189101,42652556.22,112262356.85
189102,161959800.09,572746479.28
189103,1438886.99,6174757.85
189104,264232.53,3275811.85
189105,4438942.78,27949353.23
189106,5905508.07,19126006.45
189107,12623330.94,26563546.83
189108,585571.95,4489782.09
189109,841926.04,781859.97
189110,28838.9,624416.22
189111,11639345.36,2050566.37
189112,20868.0,21778.5
189113,6053512.15,15742837.1
189114,5424261.93,31711673.3
189201,869360.63,4322987.31
189202,23090668.82,9304353.01
189203,71142.39,194410.21
189204,203408.07,1051571.93
189205,1366473.9,19689589.88
189206,847202.64,9772378.36
189207,4336060.97,28807584.49
189208,433771.95,1860076.44
189209,3559786.56,19278379.66
199301,7122557.88,735527.0
199302,647910.78,6677264.75
199303,32295689.38,29758441.06
199304,27070979.33,3921721.78
199305,16624767.48,51740331.6
199306,85600488.52,112097867.21
199307,3139127.89,1815940.4
209401,639378488.59,1267038946.86
209402,25829986.67,64032647.4
209403,1011382775.37,1455412122.73
209404,77228672.61,335283093.55
209405,444497515.39,726748981.89
209406,202368141.88,105002062.65
209501,56282839.28,25249559.22
209502,36601593.31,80215486.07
209503,213966213.38,661369065.85
209504,199688030.47,705711620.91
209505,21969135.02,83159603.07
209506,226813185.24,465078446.18
209507,14775031.46,47199099.77
209508,8108637.09,30189903.66
209601,857243.08,2440657.67
209602,23381659.37,17469985.8
209603,58406617.95,99042873.46
209604,551295.35,462164.3
209605,882830.33,5604766.26
209606,28517204.29,30584011.89
209607,29369555.76,19419075.44
209608,73704211.73,148103785.07
209609,6650096.94,21135834.17
209610,2140482.0,7019497.5
209611,1221304.7,6689556.51
209612,29755148.05,82836929.61
209613,64182319.43,42742636.35
209614,1080497.18,915467.42
209615,7272960.28,21227400.0
209616,28636935.16,56634883.72
209617,4004610.84,10154848.96
209618,12861023.76,15976838.81
219701,195755968.73,93513384.37
219702,6494428.05,3620462.19
219703,15123695.31,22260235.85
219704,6569976.46,74400616.9
219705,1460669.68,4234072.22
219706,3665163.66,6773953.16
