010101,104340.91,937960.58
010102,2692116.94,98722.58
010103,0.0,293893.21
010104,0.0,58548.92
010105,28217.04,388931.65
010106,32865.0,112711.34
010201,10469781.47,58457.0
010202,8612922.06,94030.0
010203,161934.88,1582723.95
010204,0.0,4972.0
010205,0.0,31575.0
010206,6973202.52,2082986.87
010207,1070534.01,2621831.92
010209,30976.25,103956.31
010210,37504.0,1611741.89
010301,69572.0,12172.0
010302,89659577.66,54791.0
010303,113390991.5,1980051.43
010304,75798232.07,208738.72
010305,14907186.39,1041110.74
010306,62888075.47,702962.23
010307,1875061.68,8207031.35
010401,114293.15,229656.29
010402,9703324.81,12856442.88
010403,0.0,135993.08
010404,1329.38,291078.01
010405,42547.65,1692491.77
010406,4421599.78,7616600.22
010407,3821147.1,385104.49
010408,0.0,112608.69
010409,0.0,58027.68
010504,298125.15,7791.0
010505,0.0,2808.37
010508,4338.53,0.0
010509,1267.0,8892.0
010510,185255.22,364922.03
010511,1370477.31,493784.88
020601,0.0,15885.14
020602,265388.43,433454.58
020603,168260.03,1591696.77
020604,1841359.02,605018.42
020701,154195.79,336944.31
020702,0.0,13272.0
020703,448928.8,1920323.96
020704,125000.0,119511.68
020705,0.0,11881.25
020706,11556.81,62913.59
020707,0.0,4795.0
020708,6294.3,77753.3
020709,2992293.41,448715.67
020710,35423.28,205022.68
020711,428909.16,134305.3
020712,83545.85,714745.24
020713,2002673.24,4506237.08
020714,2014289.19,56655.75
020801,54043.99,62481.77
020802,12833.35,53653.45
020803,304530722.33,15176.83
020804,1442574.71,66736.09
020805,21431.6,99866.78
020806,496003.71,1795380.75
020807,23637208.72,19787.9
020808,21335.16,2059032.34
020809,0.0,345683.49
020810,26748.44,254681.19
020811,0.0,6307.4
020812,0.0,3854.21
020813,40320.96,236473.7
020901,11873193.71,2216674.23
020902,17921.0,517359.15
020903,0.0,2826.71
020904,352037.48,691924.53
020905,14753.0,3444.0
020906,0.0,213001.64
020907,52613.25,0.0
020908,0.0,7694.29
020909,3843.52,18189.45
020910,276647.25,253291.47
021001,710690.0,0.0
021003,0.0,7333.16
021004,0.0,255178.63
021005,0.0,1055825.86
021006,169772.19,209744.2
021007,0.0,193750.0
021008,0.0,12610.62
021101,30563.21,455511.67
021102,1575.1,300044.86
021103,2538.53,1356751.44
021104,9496.43,982082.46
021105,0.0,113816.0
021106,0.0,2912.0
021107,0.0,1789636.49
021108,37156.26,1836459.2
021201,0.0,17202.26
021202,4108.7,403032.98
021206,0.0,57890.38
021207,16714.24,39797.06
021208,110277.07,1376.17
021209,23088.6,2787312.79
021210,0.0,180315.24
021211,20338.36,374668.92
021212,47383.0,45703.31
021214,0.0,47896.75
021301,27265.97,157137.59
021302,127575.57,350922.25
021401,1463.4,15754.21
021403,0.0,78132.21
021404,3059.85,8189.89
031502,35308.29,0.0
031504,6255232.22,72353.92
031505,0.0,33879.79
031506,0.0,2772.0
031507,38774.85,4150660.1
031508,3448.28,10231.53
031509,1800.0,1066146.18
031510,0.0,20602.0
031511,2130608.66,831735.57
031512,1664.74,1299066.18
031513,81682.81,12222.0
031514,22683.27,1092.0
031515,8828.64,431546.69
031516,9595.76,1536494.67
031517,10152.19,1201232.66
031518,39472.72,218756.87
031519,4087.89,76087.2
031520,0.0,36517.16
041601,3774.0,773443.95
041602,1374287.26,5325478.72
041603,0.0,1584.0
041604,871393.51,3937612.16
041605,9090486.0,484743.49
041701,14774143.47,44615.15
041702,165393.38,795309.56
041703,0.0,7001139.0
041704,577283.37,7908214.71
041801,280279.6,44722.91
041803,108859.09,0.0
041804,162554.45,0.0
041805,1900.93,49970.36
041806,283007.02,12791545.5
041901,1235412.55,15413975.06
041902,142829.07,1356358.58
041903,0.0,40586.11
041904,17001.78,8904684.17
041905,1123099.79,11569961.89
042001,1103.62,254029.67
042002,407611.7,618713.68
042003,0.0,399685.22
042004,52102.67,2038839.6
042005,255711.01,1647921.78
042006,5383.87,181691.84
042007,32905.96,1462944.84
042008,365519.95,1073158.99
042009,817873.69,11605850.07
042101,120634.0,482292.82
042102,56587.24,513901.85
042103,10372475.68,4958007.85
042104,1234028.84,2672818.74
042105,0.0,408859.16
042106,1915164.46,34581320.8
042201,67352.11,300056.78
042202,1048255.96,4722059.65
042203,449043.72,4967273.64
042204,529592.31,7046522.07
042205,7042.07,392068.21
042206,21160.36,422183.51
042207,3665644.84,18900331.9
042208,12985219.82,63700801.85
042209,170804.59,62198.05
042301,10053035.82,769335.37
042302,63207.15,0.0
042304,21632.85,176081.7
042306,643994.3,9452.11
042307,0.0,1820.0
042308,32196.73,222182.8
042309,3932463.64,18303931.8
042401,246781.5,397024.0
042402,4248753.45,17219387.91
042403,4062050.61,25409.5
052501,56776.24,217710.07
052503,111911.92,2865.77
052505,15975.36,70011.66
052507,33169.22,46483.33
052508,22822.72,22932.5
052509,5626.82,19169.57
052510,0.0,30600.0
052511,3015.71,30000.0
052512,12860.68,68951.01
052513,9948.71,0.0
052515,14539.11,467780.81
052516,11784.01,61727.95
052517,0.0,6508.35
052518,0.0,19256.27
052519,6135.27,21387.29
052520,62172.99,359194.26
052521,0.0,133164.0
052522,0.0,376447.44
052523,1327599.47,9158476.9
052524,7287.17,328173.0
052525,2470.87,0.0
052526,17394.92,17766.78
052528,0.0,2470.0
052530,56525.16,109683.05
052601,0.0,3640.0
052602,1730.5,0.0
052603,0.0,343628.0
052606,0.0,6117.0
052607,0.0,581381.0
052608,921162.03,2995122.2
052618,82668.7,72422.46
052620,0.0,193704.0
052621,0.0,124515.0
052701,0.0,2601.29
052703,0.0,67271.51
052704,0.0,5593.0
052707,11028349.94,7177157.72
052709,0.0,169810335.34
052710,155214035.24,489599821.98
052711,10295361.15,6274360.46
052712,126408.72,865030.81
052713,1864623.77,2890265.33
052714,1712950.54,28669.1
052715,1154746.97,116179.35
062801,41751.03,828992.39
062803,249548.11,75427.77
062804,27892.99,286313.55
062806,0.0,89527.7
062807,2180.32,100601.93
062808,5105.72,20479.29
062809,1091.29,1114461.48
062810,35040.06,3065.35
062811,35479.67,172969.65
062812,0.0,4841.0
062814,28699.65,54969.32
062815,569472.84,485854.7
062816,0.0,2318.0
062817,28723.73,25328.0
062818,16243.94,281210.24
062819,20714.0,0.0
062820,1048.74,0.0
062821,10577.96,118421.94
062823,26152.75,165967.58
062824,1617100.44,0.0
062825,28030.02,13993.76
062826,291107.91,20950981.32
062827,2666.14,89617.34
062828,31391.22,494811.9
062829,22133.0,133122.12
062830,0.0,78941.58
062831,0.0,3637.21
062832,1636.95,33026.89
062833,718240.14,876058.69
062834,3360.01,29150.22
062835,32953.66,892551.46
062836,4446.37,384990.05
062839,11986.22,50299.52
062840,0.0,64005.04
062841,19050.0,4736.52
062842,0.0,67193.19
062843,0.0,9186.0
062844,0.0,37137.34
062847,0.0,47666.97
062849,0.0,308739.57
062850,1855.0,0.0
062851,0.0,10662.0
062901,307675.46,79714.0
062902,1774241.91,263395.71
062903,109082.43,1621405.91
062904,6134.34,0.0
062905,971248.3,254034.64
062906,11461.0,89345.12
062907,298740.73,227433.96
062908,5984.64,29041.07
062909,733901.04,2899897.88
062910,4626.0,5137.97
062912,1088.25,62557.38
062914,888626.79,219640.85
062915,117725.79,339692.4
062916,19369.0,396798.79
062917,10881.0,256910.05
062918,813643.86,713397.34
062919,50290.0,0.0
062920,114912.0,70483.0
062921,2070102.37,214068.47
062922,1047919.97,3983563.05
062923,48919.16,130623.26
062924,204554.67,611837.77
062925,0.0,158500.0
062926,0.0,9016.07
062927,0.0,39397.0
062929,732195.56,173597.36
062930,4115.0,558491.25
062931,0.0,16332.8
062932,34442.0,72988.0
062933,2073978.0,6423771.82
062934,572932.77,249165.6
062935,25074.0,112895.51
062936,720021.83,1158515.91
062937,5962.0,65949.0
062939,299444.0,243783.55
062941,3856478.0,4203668.19
062942,35894.6,121116.88
063001,2693585.0,233419.26
063002,3682521.76,4839634.71
063003,12446236.41,8898313.82
063004,177637108.99,241334812.77
063005,427812.01,3114794.9
063006,7250862.0,13824755.62
063101,0.0,96677.36
063102,822281.72,2903494.78
063103,0.0,342678.18
063104,1544626.59,152624.25
063105,465993.88,9633143.27
063201,66825.36,72447.46
063202,179251.09,140569.92
063203,3871.0,405030.53
063204,10371904.41,28725081.67
063205,28550.0,194368.0
063206,2319313.76,2162023.8
063207,19547.9,201348.5
063208,250480.42,17422838.52
063209,82979.67,2306836.27
063210,57354.39,22651.45
063211,24275.36,229135.54
063212,191843.32,555024.69
063213,109953.0,343049.43
063214,72771.38,1420082.38
063215,1410981.41,5684516.38
063301,329622.73,2304351.5
063302,276152.99,3065030.76
063303,11615089.87,73470099.28
063304,5382516.47,10045340.9
063305,824868.78,12376579.18
063306,1380279.22,4875406.39
063307,704375.17,8086277.36
063401,716615.31,6494073.46
063402,720325.88,19670806.08
063403,495688.19,433222.11
063404,143668.18,151213.96
063405,62909.0,2021742.03
063406,243438.14,768087.71
063407,27673.0,47157.18
063501,0.0,636969.11
063502,0.0,5902.82
063503,0.0,162259.49
063504,86467.69,824270.91
063505,9972.74,575444.57
063506,1289424.52,2228282.47
063507,56367.0,321740.04
063602,0.0,649952.55
063603,0.0,531872.29
063604,314092.28,258881.11
063605,165517.87,155454.6
063606,0.0,91356.0
063701,100619.0,2417215.54
063702,309769.0,4391962.26
063703,138150.13,211576.64
063705,11531.0,79526.12
063706,268737.0,1661737.25
063707,558890.19,1031735.37
063801,52040.58,14644.0
063802,42610.96,758796.8
063803,14705.3,0.0
063804,0.0,103396.0
063805,33360.84,8082.84
063806,31320.57,39011.0
063807,0.0,1047.0
063808,10100024.65,43915311.14
063809,605555.43,1093427.79
063810,8837.64,15877.25
063811,606470.36,1004175.49
063812,16253.0,71444.78
063813,0.0,3779.0
063814,99473.0,707903.05
063815,242631.0,2143091.8
063816,255858.86,143855.34
063817,1618602.96,0.0
063818,88062.0,0.0
063819,5094.18,30213.37
063820,7284.87,12828.37
063821,35453.0,32245.29
063822,375339.67,3882263.19
063823,1160722.24,3141636.94
073901,292877.35,1717346.67
073902,322724.93,548299.52
073903,97122.64,2489349.73
073904,6100868.26,6449275.45
073905,22366.3,178820.61
073906,116501.99,643447.38
073907,1484895.85,2901279.65
073908,0.0,48025.89
073909,51284.44,627478.89
073910,145405.91,149634.22
073911,32102.58,156243.13
073912,64552.14,266666.02
073913,21029.0,32101.78
073914,98992.0,31369.3
073915,368750.58,392629.04
073916,85466.11,656640.44
073917,2274084.57,8181009.18
073918,40303.98,811547.57
073919,712156.39,3580604.27
073920,1037160.77,10025614.2
073921,268023.54,3986532.41
073922,340952.21,1491572.76
073923,4128900.02,26954771.39
073924,6608382.03,12982670.79
073925,432428.5,2616354.5
073926,8648801.7,19625420.19
074001,172961.99,248256.55
074002,512226.78,25534.42
074005,7249.83,261063.37
074006,21969.0,98642.01
074007,0.0,8094.0
074008,331835.25,1375575.28
074009,158054.14,2200538.6
074010,413652.4,1910562.02
074011,3570166.89,36135351.97
074012,574285.61,2699373.55
074013,800086.77,1802350.04
074014,162828.0,760669.56
074015,360599.37,1137976.48
074016,806843.78,3558463.65
074017,20996.0,88083.34
084101,260747.5,0.0
084102,0.0,1869.0
084103,0.0,352877.01
084104,15027607.29,984485.73
084106,2729.0,0.0
084107,2066956.0,205218.59
084108,3519.0,147438.0
084109,0.0,26304.0
084110,1031.0,21043.0
084201,16260.0,313275.55
084202,19952099.59,29109062.8
084203,1434591.0,2746325.96
084204,5295.0,20132.0
084205,46240.0,99490.76
084303,21384.0,0.0
084304,6353.0,0.0
094401,43115.24,51998.94
094402,19177.94,119627.83
094403,2957661.21,1172497.56
094404,9000.0,82389.0
094405,0.0,27799.0
094406,0.0,698261.0
094407,1809338.18,1954365.13
094408,7665.67,179435.66
094409,472014.53,408516.24
094410,9435.97,518044.23
094411,112722.82,3775595.73
094412,24844.62,3149153.2
094413,78173.63,509058.52
094414,121661.25,470544.01
094415,279940.16,142736.03
094416,1723.0,2583.0
094417,651391.96,514232.16
094418,1975079.14,1699528.31
094419,141227.99,175941.48
094420,390572.48,958689.58
094421,259147.79,1719332.89
094501,6888.59,0.0
094502,0.0,4215.0
094503,17687.0,26493.68
094504,1799.09,1482.4
094601,5970.06,149446.15
094602,211651.92,492435.45
104703,725939.9,0.0
104704,21300.93,3640.0
104707,1564394.56,3290857.09
104801,3478592.09,7764358.06
104802,682738.13,7468801.19
104803,1632954.88,1517420.99
104804,2976089.81,405725.92
104805,3379086.98,3375006.07
104806,280383.74,666558.3
104807,3579.0,59203.5
104808,168694.49,327191.99
104809,210100.94,611603.46
104810,977728.76,2500988.38
104811,2608862.6,3299160.73
104812,0.0,30136.17
104813,0.0,184709.59
104814,33550.0,48388.95
104816,140378.77,685380.26
104817,137269.88,311758.58
104818,2134190.02,20222328.76
104819,4873416.22,16811839.69
104820,1479679.47,5178512.29
104821,140194.26,1387885.33
104822,0.0,41071.4
104823,4983550.37,4357987.81
104901,9989956.61,15442786.6
104902,440023.93,6639666.49
104903,244515.08,79546.29
104904,10524.0,24537.0
104905,102536.3,170839.19
104906,8866.0,17805.0
104907,20429.46,21833.07
104908,52661.0,150918.57
104909,161864.58,1049168.97
104910,29904.0,173318.11
104911,1592866.23,3932236.61
115004,0.0,1377.0
115007,8031.0,14883.34
115102,0.0,1923.0
115106,0.0,2233.0
115109,6347.0,17237.0
115111,0.0,56688.0
115112,8129.0,316368.65
115201,727023.81,16250.0
115202,20416.95,217774.99
115203,0.0,8781.0
115204,14486.0,346279.96
115205,146284.0,47840.15
115206,0.0,41681.01
115207,7373.0,164790.5
115208,958439.74,3076609.27
115209,497283.01,10442657.17
115210,793192.0,488564.01
115211,254764.78,1309890.8
115212,143612.0,1145097.36
115304,0.0,218367.16
115305,0.0,18949.0
115308,5600.0,4267.0
115309,35998.0,133574.2
115310,0.0,88687.0
115311,69799.0,984617.0
115401,15865.0,262325.89
115402,243264.94,387977.47
115403,13009.0,109321.0
115404,8955.0,29790.72
115405,0.0,5469.0
115406,14912.0,19264.0
115407,8939736.92,47525283.64
115408,281448.0,94497.0
115503,17178.0,3900.0
115504,0.0,7280.0
115505,5678.44,17193.17
115506,2041.9,0.0
115507,10321.0,9843.0
115508,10221.42,730781.15
115509,2206.0,526731.11
115510,0.0,55238.9
115511,0.0,5692.0
115512,1424081.0,2264989.44
115513,1407582.96,10465731.0
115514,1443712.74,2082550.36
115515,1349772.23,3283249.56
115516,1177980.0,2481933.32
115601,129906.0,362294.94
115602,42527.0,194592.89
115603,560699.31,289267.38
115604,14229.32,41291.0
115605,0.0,4232.0
115606,1023.0,91063.74
115607,336024.89,1912344.87
115608,311125.1,1997532.9
115609,140063.0,80094.72
115701,93834.0,211198.3
115702,179955.07,1040368.23
115703,160286.86,371823.17
115704,11443.0,59076.89
115705,335941.46,740205.37
115801,276821.0,2269940.94
115802,21979.65,190635.0
115803,10546.0,24742.0
115804,233493.0,1105355.13
115805,55041.0,62112.0
115806,257157.0,503788.93
115807,16774.0,135210.48
115808,87686.0,384752.03
115809,39414.0,38800.0
115810,93572.0,1710525.68
115811,0.0,90127.01
115901,0.0,4795.63
115903,515779.02,471540.2
115904,28775.13,0.0
115905,0.0,13335.0
115906,23225.0,38558.06
115907,41114.0,514254.0
115908,2383.0,34028.64
115909,6972.0,18568.61
115910,5510.0,21790.0
115911,55919.0,403034.67
116001,320019.0,581437.67
116002,646443.0,8825320.52
116101,5926699.87,620278.54
116102,574639.0,1315899.0
116103,4942373.51,20985971.99
116104,4762175.3,49498103.43
116105,3797806.0,9055325.76
116106,2824756.0,14428546.16
116107,1414260.95,4656326.54
116108,2042541.7,33862418.46
116109,11243333.45,33998028.32
116110,10518079.9,24733197.53
116111,1149712.38,11442802.61
116112,910223.0,4804550.09
116113,13152.0,217944.0
116114,123985.0,3914621.14
116115,6724619.01,11354929.06
116116,66130.33,1861844.13
116117,150723.0,100008.78
116201,1190983.63,6252556.75
116202,865809.0,6178547.84
116203,34609545.02,76359617.41
116204,37299836.19,122085609.72
116205,15872835.76,25557787.18
116206,12073185.81,20083931.44
116207,2688419.37,4333868.16
116208,4021452.39,5401998.07
116209,3994440.86,7663301.07
116210,164523.0,1762095.0
116211,2465252.87,15740150.6
116212,6456616.63,8767506.31
116213,291560.0,469139.09
116214,76650.0,125389.0
116215,314828.0,707782.94
116216,21484.0,669589.34
116217,246576.32,1053584.13
116301,342220.18,1739470.36
116302,11662172.08,43556689.14
116303,1141316.0,5373605.02
116304,500024.0,16072320.92
116305,83897.0,742501.48
116306,114280.0,847154.55
116307,509705.86,2103422.28
116308,22672.0,1027674.0
116309,109908.72,71107.35
116310,30243.24,17562.09
126401,2502708.0,2076291.0
126402,21618480.27,98462726.24
126403,10768573.58,91937638.65
126404,21802860.0,20375096.68
126405,8103307.0,2257082.82
126406,317077.0,980724.01
126501,83091.0,3375.0
126502,0.0,41948.0
126503,12374.0,25832.44
126504,127446.81,103324.64
126505,627775.37,2156444.75
126506,613280.0,551361.33
126507,28237.0,23378.34
126601,1606990.21,2697702.48
126602,1817.0,1593.78
126603,0.0,11493.0
126701,19653.0,22850.14
126702,967663.21,1081574.62
126703,0.0,8380.0
126704,0.0,4972.0
136801,6872.06,66593.49
136802,143191.07,2688177.01
136803,0.0,63287.07
136804,66236.63,312878.64
136805,108534.79,979677.11
136806,114156.32,375502.28
136807,23685.93,151368.28
136808,19889.76,119187.34
136809,312703.62,1340524.04
136810,36205.67,343901.23
136811,1642856.32,865025.93
136812,69946.28,602429.88
136813,964293.79,1043380.11
136814,1432.0,41152.0
136815,23866.35,207329.0
136901,86074.93,5554.0
136902,394522.74,696310.8
136903,10994.0,44607.36
136904,104235.3,210446.23
136905,8442.79,331046.36
136906,0.0,14511.0
136907,68197.2,2374191.08
136908,134102.21,11596768.03
136909,4918.0,53560.95
136910,195776.14,3436952.72
136911,2572907.76,6932875.75
136912,1000653.53,748942.97
136913,872660.22,2460653.39
136914,293039.82,178212.69
137001,83659.63,27422.0
137002,1977.52,70452.16
137003,43844.58,482406.13
137004,8896.91,140118.26
137005,441304.08,934601.08
137006,132064.66,74363.27
137007,165204.51,1191956.23
137008,0.0,5983.28
137009,326583.05,1025985.92
137010,7071890.52,2172152.5
137011,128010.81,9228.1
137012,1055.0,18173.04
137013,4400310.57,5636004.68
137014,4739.0,0.0
137015,14181.0,4543.0
137016,5992.02,181337.15
137017,49193.0,116823.84
137018,42311.64,277386.62
137019,220496.71,2366985.04
137020,198349.0,211509.8
147101,21759.0,195285.0
147102,13854612.0,796502.49
147103,583743.0,206282.93
147104,16067.0,7280.0
147105,35773.57,0.0
147106,133275.0,142658.0
147107,1298.0,0.0
147108,6331783.95,551262.0
147111,0.0,72962.0
147112,6799965.28,0.0
147113,3521051.3,99366374.15
147114,799647.0,335610.46
147115,64492.0,77994.34
147116,847679.0,1003831.7
147117,416830.15,2097049.24
147118,20231.0,7353.06
157202,43032.96,0.0
157204,1332275.98,1257141.39
157205,0.0,4054.0
157207,0.0,176532.21
157208,157399.12,2029986.17
157209,292378.79,354398.46
157210,557908.17,29680653.73
157211,37996.3,152367.1
157212,26953.59,3074680.19
157213,41235.0,437669.72
157214,239610.48,8495907.14
157215,29253.73,92092.9
157216,1074562.1,10082260.85
157217,346954.35,3520915.33
157218,0.0,25481.0
157219,31783.0,186649.19
157220,6376.0,191962.12
157221,2009.85,313812.75
157222,14678.0,50729.0
157223,1600.0,195160.55
157224,0.0,2445.0
157225,380774.08,6210.0
157226,48065.31,381042.0
157228,33846.25,32089.65
157229,34814.58,11928.66
157301,0.0,363672.92
157302,20487.2,24816.0
157303,2860.0,3332337.48
157304,97284.35,3798666.48
157305,36693.29,213438.37
157306,285700.21,9169359.57
157307,49948.0,1864123.22
157308,891998.64,20547645.62
157309,287918.86,270566.69
157310,214749.22,255415.87
157311,227639.22,919065.23
157312,84366.55,2369073.65
157313,54339.78,322470.22
157314,77148.73,1907063.95
157315,249923.03,3387397.52
157316,50196.59,80413.6
157317,213292.22,1088133.85
157318,373225.4,6535681.71
157319,124355.0,421264.57
157320,18234.0,575761.1
157321,488423.76,7046350.56
157322,31428.1,103335.0
157323,3417084.56,4358183.29
157324,100072.84,888938.29
157325,73404.97,444538.41
157326,949832.9,9844520.87
157402,3149.0,4520.0
157403,2190815.74,737552.0
157404,1395376.1,192023.0
157406,19027.0,7457.0
157407,1694.0,52307.8
157408,25480.58,438509.67
157409,0.0,88671.02
157411,80041.0,949838.9
157412,35083.0,141468.72
157413,1049.0,280739.84
157414,1459.0,0.0
157415,79320.0,40832.93
157416,18985.0,0.0
157417,0.0,11973.0
157418,196295.0,78211.54
157419,12607.0,161100.16
157505,0.0,1820.0
157508,1100.0,8756.0
157601,18199.0,1474893.34
157602,5447363.38,307557.0
157603,4240.0,26677.0
157604,3368506.04,4046039.82
157605,0.0,107360.75
157606,599788.39,4190066.52
157607,64687.98,2657541.87
157608,6503.0,103687.08
157609,3315.0,16222.0
157610,60743.0,1152631.15
157611,1086.0,5460.0
157612,6935102.17,564559.92
157614,1076.0,945228.64
157615,1091453.03,2251007.78
157616,190341.63,843980.54
157801,759061.47,303967.82
157802,0.0,146399.0
157803,0.0,84859.0
157804,0.0,18362.1
157806,10311.0,36182.0
157901,224813.82,979455.0
157902,4602.4,0.0
157903,4549.0,0.0
157905,0.0,57828.0
157906,11162.0,16560.0
157907,287879.34,360567.2
158002,0.0,54824.0
158003,69228.0,2193.0
158007,0.0,9808.15
158103,8427.0,0.0
158104,2258.89,4690.0
158105,0.0,7662.0
158108,0.0,51028.0
158112,0.0,22280.72
158113,0.0,2229.0
158201,245934.78,1233618.03
158202,201144.0,1531023.66
158203,571188.51,589835.03
158204,341154.6,313743.71
158205,1055132.54,2472840.1
158206,686169.52,467028.98
158207,243416.07,1315222.6
158208,46339.0,354462.92
158209,0.0,2200.0
158210,438084.0,364481.41
158211,900464.0,1540713.59
158212,2253575.0,5413178.33
158213,465547.33,481863.57
158214,1491939.22,2544146.06
158215,999067.0,1619314.63
158301,1521328.28,5554612.37
158302,666970.72,4426391.46
158303,245096.0,223148.94
158304,39911.0,154849.79
158305,200703.97,431626.78
158306,393186.0,700670.02
158307,117724.0,138971.0
158308,76580.0,203761.69
158309,183593.0,1364558.72
158310,7402.0,84561.53
158311,166771.77,850695.97
168402,128548.0,592844.28
168403,24402.35,2353.0
168404,461053.0,139796.0
168405,149815.0,96642.34
168406,39808.0,306226.0
168407,558644.39,13859701.36
168408,478158.28,10588422.47
168409,5426802.38,42530868.66
168410,102674.0,4012132.13
168411,82288.0,1500914.04
168412,79657.0,5506206.59
168413,2215236.67,14334707.96
168414,8438607.41,15072808.07
168415,16766868.29,41105342.06
168416,4079.0,367883.0
168417,128363.08,891024.82
168418,9052261.0,37753625.67
168419,438773.25,2355546.71
168420,1776.0,16142.0
168421,632910.64,12443567.93
168422,2360039.09,3175360.65
168423,295967.0,1107872.21
168424,636040.06,6398794.71
168425,277357.2,1320310.51
168426,367522.06,1264714.35
168427,101081.0,1429085.64
168428,306854.11,2598147.6
168429,1161416.7,4870718.37
168430,43588.0,1495973.79
168431,2289940.7,4037085.31
168432,394914.57,1104854.43
168433,142122.0,2486459.45
168434,47309.0,131524.89
168435,280000.0,30453.0
168436,1905.0,1423943.33
168437,61922.0,605830.1
168438,1132553.22,1921141.68
168439,15350.0,25023.0
168440,117779.12,21186.78
168441,129407.77,3047550.57
168442,9337.0,109262.38
168443,258282.0,3004874.4
168444,0.0,17500.0
168445,2490.0,21726.0
168446,0.0,271193.0
168447,20139.0,114899.87
168448,1079.0,74625.0
168450,10876485.67,17693712.03
168451,173667.0,69206.39
168452,436873.18,1806510.24
168453,46202.05,161137.26
168454,0.0,25375.0
168455,12100.0,1742.0
168456,2563.0,0.0
168457,13805.0,4155.0
168458,0.0,263441.77
168459,6941.0,29838.0
168460,13643.0,342304.89
168461,26234.0,107041.2
168462,63994.72,134657.45
168463,67470.63,121439.6
168464,22221.0,104606.75
168465,140664.0,239330.07
168466,137808.0,817811.92
168467,65807.0,1252942.54
168468,92293.0,128256.17
168469,634021.0,460006.18
168470,3218970.2,2827488.95
168471,18302181.59,66626170.53
168472,567412.35,1485454.49
168473,4230815.99,42078516.08
168474,702232.67,3871214.25
168475,8059.0,246524.0
168476,0.0,101314.27
168477,1100462.96,1541126.8
168478,78453.0,31116.0
168479,1166158.39,9181972.48
168480,557829.4,702968.25
168481,2633569.0,9840099.16
168482,9448166.46,17237306.39
168483,1292816.59,10993036.91
168484,437691.18,2103608.93
168485,76131.0,2662788.18
168501,1144647.61,5587986.03
168502,335145.0,6666530.72
168503,76835.0,10626261.48
168504,1256124.9,12056796.6
168505,131918.0,227033.68
168506,1422659.34,6109276.62
168507,1655862.82,5233227.7
168508,1018246.0,1803739.07
168509,3599111.05,5196014.25
168510,258618.0,703816.74
168511,863554.0,7563199.07
168512,608303.91,2221399.7
168513,1006211.92,2015646.04
168514,38459.0,161022.63
168515,345098.0,615625.59
168516,14416540.93,24421680.97
168517,14581022.16,92360306.8
168518,9327812.89,20379289.28
168519,7953579.0,7071932.14
168520,2491387.59,9972346.91
168521,17824984.87,56128569.73
168522,510468.0,2443654.24
168523,9331998.1,18800654.66
168524,3319255.66,14039785.03
168525,6871307.5,31900920.57
168526,234847.0,1824855.45
168527,97532712.68,125208892.98
168528,95661599.71,87547575.38
168529,2570353.21,6624963.53
168530,58003.0,166627.0
168531,436257.87,2454575.7
168532,121326.0,441361.99
168533,11946.0,42711.0
168534,2513.0,21009.59
168535,362028.0,1088216.35
168536,2130977.5,9889556.54
168537,48572.0,3074412.74
168538,992902.72,1587585.12
168539,2826967.72,9546674.59
168540,68359.0,131491.0
168541,915659.0,458087.1
168542,1468392.49,3526714.37
168543,398689.0,2317860.49
168544,4006981.75,21634422.19
168545,12296.97,150964.86
168546,91448.69,620053.33
168547,21086.4,160056.38
168548,0.0,76861.0
178601,3025.0,19596208.0
178607,153214.0,78993.88
178608,9636.02,0.0
178609,929447.11,22767184.87
178701,16766.56,2621775.47
178702,395509.54,13248045.1
178703,5148017.2,164411782.25
178704,2151314.78,25669077.92
178705,402749.95,1164169.5
178706,22367.0,639924.0
178707,139314.14,77183.68
178708,10692462.58,48472840.84
178709,83948.0,77749.09
178710,6727.0,0.0
178711,1592846.72,5921662.92
178712,2108227.07,4260572.27
178713,9404.0,55012.53
178714,1513708.0,1632395.99
178715,1271297.46,1225366.93
178716,427560.82,1675188.68
178801,2358.0,96069.54
178802,20374500.0,3528738.0
178803,131388.0,3616559.43
178804,1886.0,8875.0
178805,73465.0,43522.0
178901,479966699.83,5877455158.67
178902,17564155.22,1469894.0
178903,4484394.0,17141480.32
178904,10606306.13,12491365.0
178905,57397017.93,30051998.0
178906,666595.0,396352.0
178907,129489.0,971037.28
178908,2349766.75,212400.29
189001,373742.0,1229010.69
189002,547777.0,366597.29
189003,790458.97,1901492.45
189004,2015734.39,5342796.69
189005,232816.0,499664.0
189006,2729839.0,13979001.06
189007,537573.0,110100.0
189008,63132.0,188615.0
189009,4919795.0,9582917.34
189010,27063.0,14789.0
189011,105067.0,253799.73
189012,2991.0,9688.0
189013,602489.0,600165.0
189014,237534.0,647562.98
189015,29424.0,13602657.21
189016,37412.0,48843.96
189017,942108.0,2441820.26
189018,4557151.16,22169728.59
189019,213704.49,638691.92
189020,10486.0,512588.62
189021,722959.0,3871918.61
189022,91916.0,3145738.07
189023,39059.0,969021.82
189024,1199.0,25497.92
189025,103233.0,1747820.44
189026,144754.0,1181779.41
189027,489373.7,3272932.81
189028,29362.36,2468262.69
189029,5951.0,170603.77
189030,755876.94,2998698.75
189031,338646.32,2496279.38
189032,146089.0,998751.03
189033,103517.0,257733.15
189101,5642157.0,10095504.66
189102,7044417.0,120981769.22
189103,934944.0,455618.2
189104,6772.0,1560.0
189105,1245225.0,4455245.65
189106,22525.0,86050.12
189107,44669.0,24747.0
189108,3992.0,124427.0
189109,9241.0,132899.0
189110,5903.0,41800.0
189111,3500.0,425443.0
189112,1167.0,0.0
189113,173270.0,1451533.72
189114,78226.0,642745.0
189201,248494.0,372175.0
189202,210853.0,278125.6
189203,116763.0,97389.0
189204,105422.0,109767.94
189205,516746.0,247192.34
189206,240101.0,271236.89
189207,1395573.0,2110794.95
189208,286753.0,195523.29
189209,63795.0,195645.48
199302,0.0,38852.0
199303,0.0,26348.73
199304,1065.0,3127.0
199305,0.0,2427.0
199306,3947.0,0.0
199307,1121.0,0.0
209401,1484297.24,7634801.43
209402,77832.0,559118.63
209403,7770649.51,33730147.5
209404,767262.99,3151085.3
209405,9376094.23,15305243.6
209406,324393.21,1434230.07
209501,1028050.0,629704.22
209502,1307318.0,1124263.58
209503,7081708.53,18676781.82
209504,1837425.34,5450286.11
209505,2835471.61,3037503.94
209506,3832144.17,6776393.66
209507,240089.0,236326.64
209508,49880.0,381695.05
209601,5392.0,24755.0
209602,150066.68,79502.8
209603,6297626.94,4883984.88
209604,2934.0,0.0
209605,62033.0,287729.98
209606,65961.0,89609.22
209607,21117.0,269447.69
209608,3141283.2,7246173.04
209609,1123127.63,1713028.02
209610,68349.0,52410.83
209611,17113.0,80750.22
209612,329760.0,1068277.14
209613,541456.0,2859322.63
209614,0.0,6245.0
209615,454155.0,437386.49
209616,39904.0,78893.19
209617,564782.0,393615.72
209618,173988.0,557740.17
219701,6043333.42,1753686.62
219702,18286.0,11022.0
219703,61981.0,315205.06
219704,48410.0,75626.0
219705,0.0,67343.0
219706,418499.0,12652.26
